Outcome	Var1_ID	Var1_Pos	Var1_MAF	Var2_ID	Var2_Pos	Var2_MAF	Num_Missing	Num_Cases	Converged	Red_Var1_Pval	Red_Var1_beta	Red_Var1_SE	Red_Var2_Pval	Red_Var2_beta	Red_Var2_SE	Full_Var1_Pval	Full_Var1_beta	Full_Var1_SE	Full_Var2_Pval	Full_Var2_beta	Full_Var2_SE	Full_Var1_Var2_Pval	Full_Var1_Var2_beta	Full_Var1_Var2_SE	Red_Model_Pval	Full_Model_Pval	Overall_Pval_(LRT)
1	rs1	1:1	2:0.5215	rs2	1:2	2:0.28025	0	1000	0	1.88227e-29	5.20148	0.461604	3.75418e-07	3.11201	0.612478	0.0773866	1.31425	0.744171	0.999742	-78.5433	243082	0.999667	55.5765	133233	0	0	1
2	rs1	1:1	2:0.5195	rs2	1:2	2:0.2805	0	1000	1	2.84272e-24	5.36909	0.528197	1.82583e-05	2.44996	0.571728	0.00197245	2.2131	0.715207	0.0307702	-3.25071	1.50494	2.08808e-05	5.27304	1.23918	0	0	4.88009e-06
3	rs1	1:1	2:0.52975	rs2	1:2	2:0.28175	0	1000	0	1.9922e-25	5.62941	0.540208	7.29314e-06	3.17778	0.708544	0.625466	0.520741	1.06683	0.999736	-78.9958	238804	0.999656	56.5991	131230	0	0	1
4	rs1	1:1	2:0.5225	rs2	1:2	2:0.281	0	1000	0	9.68529e-38	4.47162	0.348235	1.84276e-12	3.62242	0.514118	0.999866	-24.3318	144893	0.0186613	-4.50425	1.91489	0.999821	32.4751	144893	0	0	1
5	rs1	1:1	2:0.52225	rs2	1:2	2:0.28175	0	1000	0	2.76204e-28	5.29577	0.480157	4.73545e-11	3.8787	0.589555	0.999874	-23.7838	151177	0.630268	-0.914278	1.8994	0.999839	30.5567	151177	0	0	1
6	rs1	1:1	2:0.52625	rs2	1:2	2:0.27775	0	1000	0	4.52839e-31	4.76978	0.411474	1.06767e-07	2.73542	0.514679	0.936969	0.0812507	1.02745	0.999748	-79.3624	251635	0.999669	56.9638	137233	0	0	1
7	rs1	1:1	2:0.5255	rs2	1:2	2:0.282	0	1000	1	7.42897e-23	5.65681	0.574768	0.000124797	2.30044	0.599618	0.0568828	1.47137	0.772693	0.00104749	-5.90529	1.80179	5.31515e-07	7.55455	1.50652	0	0	7.3436e-10
8	rs1	1:1	2:0.5185	rs2	1:2	2:0.27675	0	1000	0	4.46338e-26	4.92645	0.466425	8.47191e-07	2.914	0.591775	0.0911412	1.30317	0.771376	0.999757	-77.9797	255968	0.999684	55.2275	139303	0	0	1
9	rs1	1:1	2:0.5215	rs2	1:2	2:0.28125	0	1000	0	1.94824e-19	5.75695	0.638515	0.000327744	2.58361	0.719204	0.433889	0.852438	1.0893	0.999747	-78.1951	246176	0.999669	55.8846	134543	0	0	1
10	rs1	1:1	2:0.52	rs2	1:2	2:0.27775	0	1000	0	8.30916e-17	6.10095	0.732692	0.00364197	2.18263	0.75066	0.389169	0.96809	1.12422	0.999759	-78.2167	258793	0.999683	55.8041	140557	0	0	1
11	rs1	1:1	2:0.522	rs2	1:2	2:0.2795	0	1000	0	3.55376e-29	5.04216	0.449705	7.21605e-08	2.9213	0.542416	0.999876	-24.5399	158176	0.99974	-77.857	238890	0.999686	80.9111	205575	0	0	1
12	rs1	1:1	2:0.5205	rs2	1:2	2:0.2765	0	1000	0	2.13381e-37	4.3645	0.341523	2.74415e-11	3.29669	0.495022	0.999873	-24.474	154175	0.00447932	-5.3314	1.87575	0.999829	32.9665	154175	0	0	1
13	rs1	1:1	2:0.525	rs2	1:2	2:0.2785	0	1000	0	1.31605e-23	5.344	0.533626	5.06719e-08	3.95336	0.725528	0.40033	0.899477	1.06949	0.999755	-77.4105	251869	0.999677	55.5869	137286	0	0	1
14	rs1	1:1	2:0.518	rs2	1:2	2:0.28075	0	1000	0	1.30315e-23	5.46541	0.545696	9.74939e-05	2.54002	0.65183	0.999884	-24.1588	165469	0.999738	-78.2764	238344	0.999694	80.8413	211078	0	0	1
15	rs1	1:1	2:0.523	rs2	1:2	2:0.277	0	1000	0	1.40603e-24	5.05479	0.493954	5.88247e-07	3.08704	0.618021	0.614883	0.532216	1.05784	0.999759	-78.4839	260202	0.999682	56.2522	141215	0	0	1
16	rs1	1:1	2:0.52525	rs2	1:2	2:0.278	0	1000	0	6.70396e-20	6.71499	0.735299	0.00193599	3.13884	1.01257	0.219695	1.36875	1.11522	0.999768	-78.706	271089	0.999695	55.9736	146265	0	0	1
17	rs1	1:1	2:0.52	rs2	1:2	2:0.2815	0	1000	0	3.94814e-27	4.84853	0.449462	1.64138e-07	2.94969	0.563353	0.999863	-24.2373	140949	0.0194689	-4.47639	1.91591	0.999817	32.3693	140949	0	0	1
18	rs1	1:1	2:0.522	rs2	1:2	2:0.28175	0	1000	0	2.2434e-13	9.1291	1.24486	2.09672e-06	9.35489	1.97199	0.999921	-15.3263	155126	0.901448	3.01375	24.3373	0.999876	24.1599	155126	0	0	1
19	rs1	1:1	2:0.52625	rs2	1:2	2:0.278	0	1000	0	4.24208e-31	5.22853	0.450832	3.42693e-10	3.96076	0.630883	0.551087	0.600032	1.00654	0.999749	-78.9533	250863	0.999671	56.521	136951	0	0	1
20	rs1	1:1	2:0.51975	rs2	1:2	2:0.2775	0	1000	0	9.93898e-38	4.45398	0.346915	9.87748e-11	2.83574	0.438371	0.999865	-24.7666	146717	0.999754	-77.9073	253131	0.999679	80.9636	201301	0	0	1
21	rs1	1:1	2:0.516	rs2	1:2	2:0.28075	0	1000	1	3.24085e-37	4.73255	0.371269	7.06777e-09	2.71309	0.468637	0.538642	0.633153	1.02974	0.0216082	-3.93163	1.7115	4.55181e-06	7.23677	1.57855	0	0	1.38037e-11
22	rs1	1:1	2:0.522	rs2	1:2	2:0.281	0	1000	0	1.65595e-26	5.26234	0.493894	2.45745e-07	3.47024	0.672408	0.999841	-23.472	117810	0.999719	-79.2835	224930	0.999672	80.7566	196516	0	0	1
23	rs1	1:1	2:0.521	rs2	1:2	2:0.28025	0	1000	0	3.62697e-32	4.85626	0.411332	6.17064e-07	2.46215	0.493832	0.999871	-24.699	152200	0.999738	-78.9674	240505	0.999677	81.4787	201459	0	0	1
24	rs1	1:1	2:0.5195	rs2	1:2	2:0.28225	0	1000	1	1.80085e-36	4.38428	0.347612	2.99766e-09	2.86157	0.482418	0.883102	0.152376	1.0363	0.00497747	-5.27538	1.87837	4.7684e-07	8.22728	1.63389	0	0	1.48144e-14
25	rs1	1:1	2:0.5255	rs2	1:2	2:0.27725	0	1000	0	5.35623e-17	5.59458	0.667723	6.79403e-06	4.44938	0.988742	0.999875	-23.3984	148910	0.124666	-3.10034	2.01913	0.999832	31.3971	148910	0	0	1
26	rs1	1:1	2:0.521	rs2	1:2	2:0.28075	0	1000	0	2.20708e-23	5.66058	0.568146	3.55901e-06	3.28544	0.70874	0.317351	1.07609	1.07618	0.999737	-77.0878	233783	0.999658	55.2508	128970	0	0	1
27	rs1	1:1	2:0.523	rs2	1:2	2:0.282	0	1000	0	8.0252e-34	5.04878	0.416479	1.41415e-09	3.47537	0.574075	0.999873	-24.2011	152122	0.999732	-78.1863	232519	0.999676	80.8202	198990	0	0	1
28	rs1	1:1	2:0.521	rs2	1:2	2:0.281	0	1000	0	3.85035e-22	5.4362	0.56188	3.3389e-07	4.02101	0.787933	0.999873	-23.5878	148484	0.99975	-76.6553	244337	0.999682	79.7036	199780	0	0	1
29	rs1	1:1	2:0.52025	rs2	1:2	2:0.27825	0	1000	0	7.46874e-29	4.73479	0.424787	1.8502e-08	3.25134	0.577969	0.99987	-24.2982	149388	0.999755	-78.1008	254448	0.999683	80.8005	203687	0	0	1
30	rs1	1:1	2:0.52175	rs2	1:2	2:0.2805	0	1000	0	4.36749e-35	4.63724	0.375219	1.89656e-09	2.94076	0.489602	0.746125	0.325808	1.00635	0.999741	-76.8481	236387	0.999659	55.523	129897	0	0	1
31	rs1	1:1	2:0.5235	rs2	1:2	2:0.2795	0	1000	0	3.37821e-20	6.97866	0.758037	0.00442986	2.35279	0.826756	0.201134	1.41516	1.10704	0.999757	-78.0275	255822	0.999681	55.5813	139067	0	0	1
32	rs1	1:1	2:0.52775	rs2	1:2	2:0.28075	0	1000	0	8.06048e-27	5.15075	0.480409	1.24938e-10	4.43836	0.689913	0.482369	0.749146	1.0664	0.999738	-76.5405	233479	0.999657	55.2821	128763	0	0	1
33	rs1	1:1	2:0.523	rs2	1:2	2:0.28125	0	1000	0	3.00106e-17	6.63435	0.785453	0.000396944	3.53257	0.997309	0.999885	-23.4429	162042	0.999739	-76.6747	234356	0.999693	79.7725	207231	0	0	1
34	rs1	1:1	2:0.52225	rs2	1:2	2:0.27875	0	1000	0	1.37806e-24	5.30434	0.518241	1.35599e-06	2.93881	0.608278	0.999864	-24.0862	141296	0.999761	-78.2463	260765	0.999678	80.7471	199824	0	0	1
35	rs1	1:1	2:0.5225	rs2	1:2	2:0.27875	0	1000	0	1.38557e-25	5.7876	0.553556	7.36067e-09	4.50421	0.77894	0.999876	-23.2176	149996	0.127282	-3.0805	2.02012	0.999834	31.2141	149996	0	0	1
36	rs1	1:1	2:0.52575	rs2	1:2	2:0.278	0	1000	1	1.39642e-32	4.3234	0.363733	4.77206e-11	3.57694	0.543783	0.0606111	1.22765	0.654285	0.0196082	-3.51957	1.50811	1.9484e-07	6.13688	1.17922	0	0	7.07236e-11
37	rs1	1:1	2:0.5225	rs2	1:2	2:0.28075	0	1000	0	3.07693e-29	4.90109	0.436626	8.15247e-07	2.54409	0.515867	0.290147	0.833035	0.787517	0.999734	-78.3941	234985	0.999657	55.7141	129466	0	0	1
38	rs1	1:1	2:0.5235	rs2	1:2	2:0.28	0	1000	0	2.26178e-27	5.1133	0.471772	3.93616e-08	2.95368	0.537649	0.999864	-24.4525	143461	0.999749	-77.3822	245521	0.999673	80.5745	196450	0	0	1
39	rs1	1:1	2:0.52475	rs2	1:2	2:0.2805	0	1000	0	2.30709e-23	5.33685	0.535891	4.41656e-07	4.36274	0.863898	0.999875	-23.72	151006	0.0106979	-4.87534	1.91009	0.999829	32.3966	151006	0	0	1
40	rs1	1:1	2:0.52375	rs2	1:2	2:0.2765	0	1000	1	7.14857e-24	5.68519	0.564304	7.86732e-08	4.09597	0.762731	0.44779	0.9515	1.25345	0.0118539	-5.3007	2.10641	4.71395e-05	8.14071	2.00048	0	0	1.79534e-08
41	rs1	1:1	2:0.52375	rs2	1:2	2:0.2785	0	1000	0	1.10159e-20	5.5615	0.596357	3.68552e-05	3.26721	0.79179	0.999871	-23.9349	147618	0.999759	-78.78	260548	0.999684	80.9801	204358	0	0	1
42	rs1	1:1	2:0.52425	rs2	1:2	2:0.2815	0	1000	0	8.19109e-10	8.66146	1.41039	3.59083e-05	6.81953	1.65028	0.0430597	3.06813	1.51653	0.999763	-74.1853	249982	0.999689	53.0891	136194	0	0	1
43	rs1	1:1	2:0.52075	rs2	1:2	2:0.28225	0	1000	0	1.20048e-16	5.89443	0.711625	0.000170495	3.00585	0.799611	0.999831	-23.0535	108745	0.999738	-78.6896	239463	0.999677	80.1699	197814	0	0	1
44	rs1	1:1	2:0.5205	rs2	1:2	2:0.279	0	1000	0	1.55225e-28	4.86894	0.439398	9.51363e-07	2.59774	0.529996	0.785424	0.287806	1.05711	0.999749	-78.6281	249901	0.99967	56.3933	136343	0	0	1
45	rs1	1:1	2:0.523	rs2	1:2	2:0.28075	0	1000	0	5.30032e-23	5.3661	0.543358	9.34939e-05	2.3574	0.603396	0.999838	-24.0478	118232	0.999718	-79.8799	225902	0.99967	81.4207	196915	0	0	1
46	rs1	1:1	2:0.519	rs2	1:2	2:0.2835	0	1000	0	6.60798e-22	5.57876	0.579936	6.02671e-05	2.70486	0.674231	0.999879	-23.946	158370	0.0164819	-4.58347	1.91132	0.999837	32.3362	158370	0	0	1
47	rs1	1:1	2:0.52325	rs2	1:2	2:0.27725	0	1000	1	3.36878e-34	4.47307	0.366842	1.62783e-13	4.43523	0.601283	0.545004	0.617938	1.02094	0.207188	-2.54565	2.01822	3.91086e-05	6.75931	1.64353	0	0	1.96958e-10
48	rs1	1:1	2:0.51875	rs2	1:2	2:0.2765	0	1000	0	3.601e-39	4.04218	0.308723	3.21277e-14	3.90331	0.514308	0.99987	-24.564	151276	0.601234	0.48771	0.93319	0.999843	29.838	151276	0	0	1
49	rs1	1:1	2:0.5225	rs2	1:2	2:0.2785	0	1000	0	2.94715e-33	4.73246	0.393864	1.26485e-09	2.84147	0.467979	0.999867	-24.807	148333	0.999748	-77.6809	245584	0.999677	80.9401	200120	0	0	1
50	rs1	1:1	2:0.5225	rs2	1:2	2:0.28025	0	1000	0	1.0372e-38	4.17509	0.320849	6.62748e-12	3.39238	0.494122	0.999859	-24.4825	138287	0.0016587	-5.83485	1.85505	0.999809	33.1453	138287	0	0	1
51	rs1	1:1	2:0.52	rs2	1:2	2:0.2825	0	1000	0	2.57085e-26	5.00751	0.471793	1.35044e-05	2.66363	0.61208	0.999884	-24.5184	168738	0.00203637	-5.73548	1.85922	0.999843	33.277	168738	0	0	1
52	rs1	1:1	2:0.52175	rs2	1:2	2:0.27825	0	1000	0	3.29364e-38	4.22759	0.32711	4.85445e-11	3.12364	0.475054	0.361082	0.659561	0.722169	0.999748	-78.9837	249979	0.999672	56.1214	136426	0	0	1
53	rs1	1:1	2:0.52425	rs2	1:2	2:0.27625	0	1000	0	4.14005e-22	6.17598	0.638833	3.1264e-07	4.24158	0.829135	0.0128801	2.19422	0.88225	0.999657	-27.4753	63828.9	0.999628	29.7585	63828.9	0	0	1
54	rs1	1:1	2:0.5215	rs2	1:2	2:0.28375	0	1000	0	4.79516e-20	6.0397	0.658742	0.0029535	1.9438	0.65392	0.0801589	1.4467	0.826796	0.999721	-77.3789	221680	0.999645	54.8603	123267	0	0	1
55	rs1	1:1	2:0.52375	rs2	1:2	2:0.28025	0	1000	0	2.7168e-19	5.95241	0.662879	0.000688726	2.29503	0.676196	0.501833	0.735597	1.09528	0.999746	-77.5044	243259	0.999666	55.6518	133136	0	0	1
56	rs1	1:1	2:0.52275	rs2	1:2	2:0.2765	0	1000	1	7.1564e-30	4.48365	0.394927	1.1238e-09	3.59748	0.590645	0.280978	0.892103	0.827458	0.004021	-5.5757	1.93835	1.18213e-06	7.87256	1.62033	0	0	1.35542e-11
57	rs1	1:1	2:0.5205	rs2	1:2	2:0.2795	0	1000	0	2.56298e-26	5.12255	0.482618	4.44601e-05	2.25181	0.55151	0.999843	-24.1768	122533	0.999719	-80.0241	226879	0.999677	81.5562	201474	0	0	1
58	rs1	1:1	2:0.52075	rs2	1:2	2:0.2805	0	1000	1	5.63874e-38	4.56525	0.354372	1.41738e-11	3.39664	0.50275	0.643865	0.478091	1.03415	0.0350608	-3.42434	1.62472	3.48511e-06	6.87145	1.48094	0	0	8.49453e-12
59	rs1	1:1	2:0.52025	rs2	1:2	2:0.28	0	1000	0	9.4107e-16	6.50362	0.80948	0.000960702	4.97847	1.50781	0.999891	-22.6051	165321	0.160611	-2.9595	2.10938	0.999851	30.8878	165321	0	0	1
60	rs1	1:1	2:0.5205	rs2	1:2	2:0.28	0	1000	0	4.98228e-16	6.43995	0.793887	0.000373362	3.62912	1.01992	0.999883	-23.2607	157975	0.999751	-76.5905	245813	0.999694	79.5583	207446	0	0	1
61	rs1	1:1	2:0.525	rs2	1:2	2:0.2815	0	1000	0	1.01222e-28	5.0772	0.456617	1.78997e-10	3.97244	0.6228	0.999859	-23.891	135431	0.99975	-76.9746	246016	0.999665	80.0059	190744	0	0	1
62	rs1	1:1	2:0.52475	rs2	1:2	2:0.27525	0	1000	0	2.06223e-31	4.9593	0.425359	6.91263e-12	3.80867	0.555244	0.551935	0.618584	1.03988	0.999766	-77.3082	263368	0.999689	55.689	142723	0	0	1
63	rs1	1:1	2:0.523	rs2	1:2	2:0.27725	0	1000	0	4.26202e-29	4.82949	0.431356	4.58182e-10	4.04624	0.649186	0.999879	-24.1006	158970	0.0345756	-4.09572	1.93807	0.999838	32.2527	158970	0	0	1
64	rs1	1:1	2:0.52675	rs2	1:2	2:0.279	0	1000	0	5.12062e-29	5.31854	0.475728	2.25444e-10	4.18247	0.659391	0.999872	-23.837	148777	0.0510595	-3.82309	1.95957	0.999828	31.9869	148777	0	0	1
65	rs1	1:1	2:0.519	rs2	1:2	2:0.27725	0	1000	1	7.96688e-29	4.75478	0.426801	2.39938e-11	4.15263	0.621708	0.201794	1.54506	1.21043	0.0273084	2.00764	0.909637	0.00662274	3.49724	1.288	0	0	0.003623
66	rs1	1:1	2:0.52025	rs2	1:2	2:0.28275	0	1000	0	3.86155e-28	4.69439	0.4268	1.54782e-07	3.33779	0.63616	0.999865	-24.1577	142888	0.99974	-78.4877	240726	0.999668	80.8331	194474	0	0	1
67	rs1	1:1	2:0.52525	rs2	1:2	2:0.2785	0	1000	1	8.26521e-32	4.9659	0.423109	1.96327e-12	3.80878	0.541245	0.425706	0.875702	1.09935	0.710206	-0.54569	1.46857	0.000148465	5.32583	1.40389	0	0	4.56297e-07
68	rs1	1:1	2:0.52125	rs2	1:2	2:0.276	0	1000	0	6.14116e-20	5.58209	0.610611	2.04287e-07	4.18323	0.805181	0.204105	1.40781	1.10856	0.999769	-75.7844	261503	0.999694	54.4803	141850	0	0	1
69	rs1	1:1	2:0.518	rs2	1:2	2:0.2795	0	1000	0	2.06235e-36	4.61869	0.366509	5.26363e-08	2.47502	0.454787	0.836735	0.212963	1.03344	0.999743	-77.5721	241056	0.999663	55.8689	132149	0	0	1
70	rs1	1:1	2:0.5225	rs2	1:2	2:0.2815	0	1000	0	4.58766e-30	5.4181	0.475609	1.18984e-06	2.83657	0.583979	0.999883	-24.3931	166456	0.999726	-78.2867	227948	0.99969	81.0691	208941	0	0	1
71	rs1	1:1	2:0.52225	rs2	1:2	2:0.2805	0	1000	0	3.50403e-17	6.40241	0.759623	0.000284646	3.14626	0.867004	0.999878	-23.2932	152352	0.0664379	-3.64973	1.98846	0.999835	31.5675	152352	0	0	1
72	rs1	1:1	2:0.52075	rs2	1:2	2:0.2775	0	1000	0	8.10871e-32	4.7022	0.400586	7.67434e-10	3.17177	0.515607	0.999872	-24.4053	151803	0.0306091	-4.18299	1.93467	0.99983	32.399	151803	0	0	1
73	rs1	1:1	2:0.52325	rs2	1:2	2:0.27875	0	1000	0	3.7911e-22	5.63402	0.582231	0.000519372	2.09091	0.602471	0.621058	0.523111	1.05818	0.999747	-78.0476	246599	0.999668	56.0345	134854	0	0	1
74	rs1	1:1	2:0.522	rs2	1:2	2:0.27675	0	1000	0	1.40207e-31	4.57858	0.391603	1.62866e-09	3.22363	0.534503	0.999875	-24.6811	157733	0.999751	-78.2232	250676	0.99969	81.1696	208830	0	0	1
75	rs1	1:1	2:0.52325	rs2	1:2	2:0.28375	0	1000	0	2.31726e-22	5.78254	0.594495	4.34564e-06	3.82068	0.831644	0.999841	-23.1849	116187	0.999713	-79.0331	219436	0.999664	80.4755	191353	0	0	1
76	rs1	1:1	2:0.52225	rs2	1:2	2:0.2835	0	1000	0	7.17015e-20	6.83543	0.749084	0.00708425	2.04735	0.760288	0.999847	-23.297	121653	0.999711	-79.1398	218410	0.999672	80.6466	196284	0	0	1
77	rs1	1:1	2:0.5195	rs2	1:2	2:0.2785	0	1000	1	3.69584e-35	4.45406	0.360005	2.82625e-12	3.70185	0.529887	0.434326	0.809783	1.03578	0.725886	-0.473683	1.35105	0.000107195	5.01328	1.29418	0	0	6.0247e-08
78	rs1	1:1	2:0.5185	rs2	1:2	2:0.27725	0	1000	0	2.45706e-24	5.0646	0.497547	0.0003277	2.01971	0.562224	0.999847	-24.3164	127116	0.999731	-80.3092	238180	0.999688	81.7851	208870	0	0	1
79	rs1	1:1	2:0.51925	rs2	1:2	2:0.2785	0	1000	0	1.49471e-18	5.82537	0.662722	0.000134151	3.05176	0.799159	0.999848	-23.1354	121546	0.999733	-78.9047	235618	0.999689	80.3928	206543	0	0	1
80	rs1	1:1	2:0.5195	rs2	1:2	2:0.27675	0	1000	1	9.04811e-33	4.59028	0.385014	5.30904e-09	2.83935	0.486425	0.185076	1.06129	0.800797	0.0436577	-3.19967	1.58606	2.83889e-06	6.09274	1.30127	0	0	2.70985e-09
81	rs1	1:1	2:0.5275	rs2	1:2	2:0.27775	0	1000	0	4.28336e-27	4.80635	0.445862	2.32926e-13	4.79883	0.654826	0.999859	-23.9231	135776	0.999763	-77.5511	260722	0.999673	80.3419	195976	0	0	1
82	rs1	1:1	2:0.5205	rs2	1:2	2:0.2765	0	1000	0	3.98042e-16	6.06946	0.745711	0.00211778	2.44454	0.795437	0.999877	-23.9536	155897	0.999767	-78.3768	268634	0.999697	80.8119	213022	0	0	1
83	rs1	1:1	2:0.5185	rs2	1:2	2:0.2825	0	1000	0	3.24753e-26	5.05566	0.477311	1.67456e-05	2.52298	0.586144	0.999837	-23.7584	116277	0.999717	-79.5706	224085	0.999667	80.9776	194137	0	0	1
84	rs1	1:1	2:0.51925	rs2	1:2	2:0.27525	0	1000	0	1.37139e-25	4.89029	0.467689	9.46447e-07	2.96863	0.60554	0.519313	0.659976	1.02416	0.999759	-77.7221	257488	0.999682	55.7564	140032	0	0	1
85	rs1	1:1	2:0.526	rs2	1:2	2:0.2765	0	1000	0	1.27495e-24	5.12782	0.500627	4.03692e-08	3.60283	0.656345	0.554289	0.625735	1.05815	0.999769	-78.4383	271076	0.999693	56.2412	146226	0	0	1
86	rs1	1:1	2:0.5165	rs2	1:2	2:0.2845	0	1000	1	4.66018e-46	4.29193	0.301245	2.36494e-11	2.54119	0.380332	0.124482	0.993458	0.646685	0.0797615	-3.44692	1.96734	8.98066e-06	6.36737	1.43398	0	0	1.64002e-12
87	rs1	1:1	2:0.52275	rs2	1:2	2:0.28225	0	1000	0	1.81081e-20	5.79211	0.624625	0.000143358	2.86514	0.753528	0.999879	-24.0957	159053	0.999623	-29.8159	63089	0.999736	56.6475	171108	0	0	1
88	rs1	1:1	2:0.51825	rs2	1:2	2:0.27975	0	1000	0	4.21461e-20	5.86798	0.639044	0.000824508	2.53751	0.758727	0.999882	-23.844	161265	0.999749	-78.407	249007	0.999695	80.7107	210940	0	0	1
89	rs1	1:1	2:0.52425	rs2	1:2	2:0.28	0	1000	0	1.88097e-17	7.4386	0.875034	0.00879604	2.30226	0.878764	0.999849	-22.961	121515	0.999728	-78.872	231743	0.999682	80.3915	201734	0	0	1
90	rs1	1:1	2:0.522	rs2	1:2	2:0.278	0	1000	0	6.04108e-32	4.71913	0.401178	3.04698e-12	4.14416	0.594098	0.999874	-23.702	149541	0.63705	0.541042	1.1467	0.999844	29.2236	149541	0	0	1
91	rs1	1:1	2:0.5235	rs2	1:2	2:0.27775	0	1000	0	1.22039e-32	5.06406	0.425643	5.65009e-11	3.6421	0.555816	0.521296	0.662592	1.03312	0.999751	-77.3646	248379	0.999673	55.6649	135712	0	0	1
92	rs1	1:1	2:0.52175	rs2	1:2	2:0.27975	0	1000	1	1.5005e-22	5.03301	0.5151	3.85529e-07	3.55327	0.700019	0.0475291	1.61642	0.815736	0.0489344	-3.84335	1.95177	1.59786e-05	6.52028	1.51116	0	0	9.08442e-08
93	rs1	1:1	2:0.52025	rs2	1:2	2:0.282	0	1000	0	1.86519e-30	4.9499	0.43155	1.44255e-08	3.41388	0.602279	0.999872	-24.064	149450	0.999739	-77.8566	237577	0.999676	80.5211	198433	0	0	1
94	rs1	1:1	2:0.52525	rs2	1:2	2:0.278	0	1000	1	7.38525e-29	4.82836	0.433144	5.18462e-10	3.77543	0.607626	0.5552	0.624056	1.05775	0.0231424	-4.36793	1.92329	3.61663e-06	7.64906	1.65125	0	0	1.04394e-10
95	rs1	1:1	2:0.52075	rs2	1:2	2:0.28025	0	1000	0	1.01293e-35	4.68502	0.375531	9.39815e-09	2.98078	0.519187	0.999872	-24.4219	152345	0.99974	-79.1749	242539	0.999679	81.3794	202205	0	0	1
96	rs1	1:1	2:0.52075	rs2	1:2	2:0.28075	0	1000	0	4.32237e-17	5.80926	0.691265	0.000814455	2.54001	0.758702	0.999842	-23.5164	118620	0.999722	-79.2212	227395	0.999679	80.7697	200476	0	0	1
97	rs1	1:1	2:0.5205	rs2	1:2	2:0.28275	0	1000	0	2.07139e-25	5.0244	0.482322	4.79142e-05	2.27395	0.559319	0.795881	0.273517	1.05735	0.999731	-78.0838	231769	0.99965	56.1136	127786	0	0	1
98	rs1	1:1	2:0.523	rs2	1:2	2:0.27975	0	1000	0	8.10058e-28	4.91632	0.449717	8.66725e-07	2.61682	0.531906	0.863539	0.182137	1.05973	0.999749	-78.8321	250554	0.999669	56.591	136576	0	0	1
99	rs1	1:1	2:0.519	rs2	1:2	2:0.28475	0	1000	0	7.69462e-15	7.32974	0.943034	0.0122936	2.40159	0.959254	0.999875	-23.0169	146938	0.999633	-28.7208	62417.4	0.999723	55.3669	159646	0	0	1
100	rs1	1:1	2:0.5215	rs2	1:2	2:0.27975	0	1000	0	4.58126e-20	5.59907	0.610356	0.000388702	2.37696	0.670011	0.999843	-23.8181	120887	0.999723	-79.6541	229628	0.999678	81.1798	201407	0	0	1
101	rs1	1:1	2:0.516	rs2	1:2	2:0.28225	0	1000	0	3.29661e-33	4.89046	0.407328	2.05596e-08	2.83321	0.505278	0.999885	-24.4548	170311	0.0792352	-3.45095	1.96619	0.99985	32.0886	170311	0	0	1
102	rs1	1:1	2:0.519	rs2	1:2	2:0.278	0	1000	0	1.36341e-20	5.37413	0.577668	5.54107e-05	2.6401	0.65486	0.513245	0.720276	1.10169	0.999748	-77.5142	245236	0.99967	55.5857	134332	0	0	1
103	rs1	1:1	2:0.5275	rs2	1:2	2:0.2835	0	1000	0	1.11615e-16	7.04139	0.849207	0.0145835	1.99662	0.81743	0.426775	0.921406	1.15941	0.99973	-77.9889	230123	0.99965	55.8385	127146	0	0	1
104	rs1	1:1	2:0.52675	rs2	1:2	2:0.28025	0	1000	0	4.93034e-22	6.35494	0.658564	8.05315e-05	3.58909	0.910286	0.999877	-23.4437	152258	0.0220002	-4.4748	1.95375	0.999832	32.1217	152258	0	0	1
105	rs1	1:1	2:0.52375	rs2	1:2	2:0.28725	0	1000	0	6.2646e-24	6.07825	0.602544	0.00219423	1.91947	0.626746	0.999839	-23.8766	118529	0.999692	-79.6651	206359	0.999655	81.2086	188029	0	0	1
106	rs1	1:1	2:0.52	rs2	1:2	2:0.28225	0	1000	0	2.99928e-44	4.46751	0.320174	1.56362e-12	2.85364	0.4037	0.999876	-24.863	159801	0.164293	-1.95426	1.40516	0.999844	31.2699	159801	0	0	1
107	rs1	1:1	2:0.52225	rs2	1:2	2:0.27875	0	1000	0	1.03599e-20	5.3783	0.576311	5.02397e-08	4.82416	0.885092	0.999878	-23.6276	154676	0.999753	-77.8149	251201	0.99969	80.338	206638	0	0	1
108	rs1	1:1	2:0.52	rs2	1:2	2:0.27825	0	1000	0	5.86835e-41	4.38143	0.326918	4.52416e-11	2.77082	0.420725	0.999874	-25.0819	158703	0.999739	-77.7721	237698	0.999685	81.1534	205651	0	0	1
109	rs1	1:1	2:0.5205	rs2	1:2	2:0.27875	0	1000	0	7.81209e-32	4.81276	0.409895	2.40073e-10	3.61933	0.571482	0.999875	-24.1647	153658	0.99975	-77.2121	246318	0.999686	80.3125	204344	0	0	1
110	rs1	1:1	2:0.524	rs2	1:2	2:0.2775	0	1000	0	7.7414e-21	5.60761	0.598904	8.97356e-06	3.13555	0.706121	0.999871	-24.0208	148097	0.999761	-78.04	260143	0.999685	80.696	204581	0	0	1
111	rs1	1:1	2:0.523	rs2	1:2	2:0.2815	0	1000	0	1.48858e-18	5.80253	0.660088	0.00199063	2.02282	0.654289	0.155684	1.1977	0.843608	0.999734	-77.2812	231945	0.999657	54.9597	127985	0	0	1
112	rs1	1:1	2:0.5235	rs2	1:2	2:0.28075	0	1000	1	2.4211e-33	4.83755	0.402067	1.55921e-12	4.02672	0.569622	0.0730742	1.39659	0.779186	0.24378	-2.35238	2.01818	6.4175e-05	5.99186	1.49912	0	0	9.97913e-09
113	rs1	1:1	2:0.52025	rs2	1:2	2:0.28025	0	1000	0	1.9506e-26	5.63736	0.529849	1.1209e-07	3.95026	0.744497	0.999886	-23.7152	165867	0.99974	-77.1073	236445	0.999697	80.0692	210861	0	0	1
114	rs1	1:1	2:0.52375	rs2	1:2	2:0.28575	0	1000	0	1.50692e-32	5.04738	0.42487	3.5617e-09	3.51919	0.596133	0.999859	-24.0109	136180	0.999729	-78.2907	230230	0.999654	80.6593	186168	0	0	1
115	rs1	1:1	2:0.518	rs2	1:2	2:0.28175	0	1000	0	3.09729e-42	4.30393	0.316029	7.78091e-10	2.61231	0.424811	0.999873	-25.0835	156965	0.999622	-29.8489	62990.9	0.99973	57.1396	169133	0	0	1
116	rs1	1:1	2:0.52125	rs2	1:2	2:0.278	0	1000	0	8.94901e-21	5.20911	0.557255	3.73596e-06	3.61181	0.780837	0.999877	-23.9661	155839	0.999756	-77.9448	254471	0.999692	80.5991	208519	0	0	1
117	rs1	1:1	2:0.518	rs2	1:2	2:0.27825	0	1000	0	1.02566e-31	4.75452	0.40573	4.52154e-08	2.84841	0.520812	0.999882	-24.6226	166530	0.999744	-77.7935	242305	0.999697	80.8981	213090	0	0	1
118	rs1	1:1	2:0.5215	rs2	1:2	2:0.28075	0	1000	0	3.71139e-26	5.12581	0.484507	2.38797e-05	2.56917	0.608068	0.999844	-23.9469	122870	0.999725	-80.1243	232611	0.999673	81.4526	198529	0	0	1
119	rs1	1:1	2:0.52125	rs2	1:2	2:0.28	0	1000	0	3.94778e-27	4.96783	0.460522	3.63338e-09	3.68251	0.624147	0.999873	-23.9917	150449	0.131924	-2.6752	1.7757	0.999833	31.4404	150449	0	0	1
120	rs1	1:1	2:0.52325	rs2	1:2	2:0.2785	0	1000	0	2.25363e-31	4.40302	0.377892	1.38167e-10	3.79084	0.590666	0.743033	0.325579	0.993104	0.999757	-79.1866	260487	0.99968	56.7083	141248	0	0	1
121	rs1	1:1	2:0.518	rs2	1:2	2:0.279	0	1000	0	1.14862e-29	4.93084	0.435907	1.14227e-10	4.20768	0.652676	0.999882	-23.7748	160554	0.999748	-77.2579	244644	0.999694	80.0679	209110	0	0	1
122	rs1	1:1	2:0.5225	rs2	1:2	2:0.28	0	1000	1	8.42127e-29	5.20523	0.467442	7.62954e-09	3.9381	0.681751	0.338811	0.983128	1.02782	0.0136808	-4.71552	1.91257	2.8703e-06	7.60292	1.62459	0	0	1.42186e-10
123	rs1	1:1	2:0.52125	rs2	1:2	2:0.27825	0	1000	0	1.11749e-29	4.96101	0.438481	6.59326e-11	3.99213	0.611387	0.999873	-23.9409	150899	0.999756	-76.2348	249697	0.999687	79.7121	203305	0	0	1
124	rs1	1:1	2:0.52425	rs2	1:2	2:0.2755	0	1000	0	1.35101e-24	5.2512	0.512954	3.8625e-11	4.61762	0.698659	0.999867	-23.5939	141359	0.999777	-76.7924	274435	0.999689	79.7971	204508	0	0	1
125	rs1	1:1	2:0.5195	rs2	1:2	2:0.28	0	1000	0	8.01189e-36	4.75536	0.3806	9.52903e-14	4.00313	0.53753	0.999875	-23.6065	150107	0.352694	0.906364	0.975239	0.999846	29.0296	150107	0	0	1
126	rs1	1:1	2:0.524	rs2	1:2	2:0.27825	0	1000	0	9.75303e-22	5.12216	0.534701	3.70992e-07	3.83494	0.754424	0.999868	-23.9766	145289	0.999635	-29.0696	63489.7	0.999717	56.1671	158555	0	0	1
127	rs1	1:1	2:0.52275	rs2	1:2	2:0.276	0	1000	0	2.28599e-26	5.30303	0.49912	5.90827e-10	4.02069	0.649246	0.999837	-23.1234	113174	0.999766	-79.0971	269997	0.999697	80.4753	211615	0	0	1
128	rs1	1:1	2:0.52325	rs2	1:2	2:0.282	0	1000	0	2.84746e-18	5.84688	0.670716	0.000324372	2.60018	0.723275	0.999833	-23.5274	112624	0.999721	-79.2203	226471	0.999668	80.7661	194010	0	0	1
129	rs1	1:1	2:0.52325	rs2	1:2	2:0.2775	0	1000	1	4.58953e-28	5.38245	0.49005	4.32323e-11	4.15725	0.630597	0.23939	1.28033	1.08824	0.381455	-1.82677	2.08721	0.000331556	6.07414	1.69229	0	0	4.29164e-07
130	rs1	1:1	2:0.5195	rs2	1:2	2:0.2805	0	1000	0	3.06476e-15	6.51231	0.825572	0.00188232	2.8925	0.930604	0.165133	1.58724	1.14354	0.999749	-76.8482	243983	0.999673	54.825	133602	0	0	1
131	rs1	1:1	2:0.52325	rs2	1:2	2:0.284	0	1000	0	2.56106e-27	5.31873	0.491242	1.47974e-06	2.99436	0.622016	0.999869	-24.1896	147185	0.999729	-78.3137	230406	0.999668	80.8605	194526	0	0	1
132	rs1	1:1	2:0.5215	rs2	1:2	2:0.28025	0	1000	0	1.12129e-27	5.26148	0.482594	3.02628e-07	2.82849	0.552245	0.0136415	1.68883	0.684688	0.99974	-77.2001	236833	0.999666	54.5214	130321	0	0	1
133	rs1	1:1	2:0.52325	rs2	1:2	2:0.2785	0	1000	0	4.37216e-21	5.52531	0.586347	0.000142162	2.37192	0.623472	0.623626	0.529395	1.07882	0.999754	-77.8834	252490	0.999675	55.9441	137469	0	0	1
134	rs1	1:1	2:0.52575	rs2	1:2	2:0.2805	0	1000	0	6.69824e-25	5.7331	0.556348	3.35361e-06	3.35206	0.721202	0.406847	0.869075	1.04777	0.999734	-77.7298	232882	0.999654	55.7671	128530	0	0	1
135	rs1	1:1	2:0.523	rs2	1:2	2:0.27875	0	1000	0	1.73159e-15	6.50136	0.816836	0.00144561	2.69764	0.846879	0.999877	-23.7823	154290	0.999753	-77.3486	250177	0.999689	80.2543	206004	0	0	1
136	rs1	1:1	2:0.5195	rs2	1:2	2:0.28475	0	1000	0	1.72887e-30	4.83509	0.421299	2.05662e-07	2.92613	0.563351	0.99988	-24.2741	161223	0.16047	-1.68961	1.20386	0.999849	30.5655	161223	0	0	1
137	rs1	1:1	2:0.5195	rs2	1:2	2:0.2765	0	1000	0	1.76912e-32	5.01223	0.422388	1.35824e-08	2.72362	0.479631	0.656944	0.472503	1.06387	0.999755	-77.5042	252859	0.999677	55.7388	137810	0	0	1
138	rs1	1:1	2:0.5225	rs2	1:2	2:0.28225	0	1000	0	3.00296e-38	4.57707	0.353957	2.54597e-13	3.65032	0.498919	0.999864	-24.1428	141791	0.316532	-1.44349	1.44116	0.999828	30.529	141791	0	0	1
139	rs1	1:1	2:0.52575	rs2	1:2	2:0.279	0	1000	0	1.35915e-38	4.39194	0.338051	6.03878e-10	2.65789	0.429424	0.999831	-24.6859	116245	0.999715	-80.5486	225489	0.999663	82.1311	194458	0	0	1
140	rs1	1:1	2:0.52125	rs2	1:2	2:0.2845	0	1000	1	8.66889e-21	6.32129	0.67599	0.0003093	3.35509	0.930062	0.00758993	2.40721	0.901648	0.0430869	-4.03961	1.99697	5.14674e-05	6.25814	1.54565	0	0	1.06798e-05
141	rs1	1:1	2:0.52125	rs2	1:2	2:0.279	0	1000	0	2.51107e-21	5.90677	0.622991	0.000260697	2.65143	0.726117	0.99988	-24.0089	160310	0.999748	-78.406	247917	0.999693	80.8721	209910	0	0	1
142	rs1	1:1	2:0.5225	rs2	1:2	2:0.275	0	1000	0	3.7673e-15	6.1439	0.781425	0.000797332	2.78531	0.830514	0.999849	-23.3498	123097	0.999746	-79.1897	249134	0.999699	80.757	213799	0	0	1
143	rs1	1:1	2:0.52275	rs2	1:2	2:0.27775	0	1000	1	1.1524e-30	4.65646	0.4045	8.75998e-10	3.5052	0.571764	0.934584	0.0991066	1.20745	0.00259381	-6.17626	2.05043	6.46045e-06	8.97378	1.98943	0	0	9.7885e-13
144	rs1	1:1	2:0.52125	rs2	1:2	2:0.27775	0	1000	0	1.69881e-21	5.60203	0.588325	1.642e-07	3.6798	0.702805	0.0228152	1.93309	0.849145	0.999767	-75.7964	259219	0.999694	53.9152	140656	0	0	1
145	rs1	1:1	2:0.5235	rs2	1:2	2:0.28125	0	1000	0	3.7197e-24	5.80564	0.572621	1.85512e-05	3.40487	0.795225	0.341884	1.00114	1.05334	0.999743	-78.3721	243115	0.999665	55.9612	133198	0	0	1
146	rs1	1:1	2:0.524	rs2	1:2	2:0.27775	0	1000	0	3.21159e-17	6.50841	0.771266	0.00039557	3.10853	0.877367	0.999884	-23.4871	161935	0.0490737	-3.89237	1.97788	0.999843	31.8843	161935	0	0	1
147	rs1	1:1	2:0.527	rs2	1:2	2:0.2815	0	1000	1	5.94253e-35	4.89945	0.397231	1.03949e-10	3.26334	0.505076	0.740633	0.348826	1.05381	0.00768234	-5.03691	1.88951	7.34665e-07	8.13715	1.64322	0	0	5.4107e-13
148	rs1	1:1	2:0.524	rs2	1:2	2:0.27925	0	1000	0	2.57261e-15	6.05386	0.765337	2.16151e-05	4.2637	1.00381	0.999841	-22.8079	114656	0.999736	-78.5993	237498	0.999681	80.0998	200107	0	0	1
149	rs1	1:1	2:0.51525	rs2	1:2	2:0.28075	0	1000	0	1.98277e-40	4.48156	0.336667	3.90722e-10	2.66169	0.425347	0.999872	-24.5249	152995	0.19058	-1.8624	1.42291	0.999839	30.8971	152995	0	0	1
150	rs1	1:1	2:0.522	rs2	1:2	2:0.28025	0	1000	0	2.65227e-19	5.57398	0.620553	8.59666e-05	2.83682	0.722366	0.999875	-24.0165	153209	0.0118439	-4.78945	1.90302	0.999831	32.5091	153209	0	0	1
151	rs1	1:1	2:0.52275	rs2	1:2	2:0.2795	0	1000	0	6.93915e-13	7.86086	1.09473	0.00221763	3.89877	1.27435	0.00437918	2.90588	1.0198	0.999757	-75.2863	247296	0.999685	53.4016	135105	0	0	1
152	rs1	1:1	2:0.52475	rs2	1:2	2:0.2845	0	1000	0	3.20969e-36	5.08968	0.405006	6.18556e-12	3.76288	0.547303	0.999862	-23.9025	138449	0.0338829	-4.10803	1.93641	0.999815	32.0438	138449	0	0	1
153	rs1	1:1	2:0.52175	rs2	1:2	2:0.28025	0	1000	0	1.59236e-28	4.84837	0.437632	1.79782e-07	3.14501	0.602596	0.999866	-24.2187	144024	0.999749	-79.0181	251491	0.999674	81.1711	198788	0	0	1
154	rs1	1:1	2:0.519	rs2	1:2	2:0.2845	0	1000	1	5.45197e-40	4.43222	0.334866	1.29825e-13	3.70813	0.500669	0.591195	0.555417	1.03409	0.971456	-0.0415676	1.16167	2.98639e-05	5.28339	1.26563	0	0	1.43391e-09
155	rs1	1:1	2:0.5205	rs2	1:2	2:0.28175	0	1000	0	1.57334e-31	4.78699	0.409771	5.11703e-07	2.56063	0.509895	0.239893	0.897475	0.763643	0.999731	-78.548	233417	0.999655	55.7243	128702	0	0	1
156	rs1	1:1	2:0.52125	rs2	1:2	2:0.2845	0	1000	1	2.14665e-34	4.67961	0.382631	8.45264e-09	3.02948	0.526027	0.612838	0.536314	1.05985	0.0539171	-2.52223	1.30855	4.68694e-06	6.1543	1.34422	0	0	1.0429e-09
157	rs1	1:1	2:0.52425	rs2	1:2	2:0.281	0	1000	0	1.15313e-24	5.6154	0.54771	9.13811e-09	4.51247	0.785324	0.999875	-23.7016	151364	0.999741	-77.6139	239326	0.99968	80.2953	200471	0	0	1
158	rs1	1:1	2:0.51775	rs2	1:2	2:0.28	0	1000	1	8.80143e-31	4.73535	0.410524	5.64253e-07	2.55494	0.510675	0.187836	1.06717	0.810299	0.014742	-4.6522	1.90769	2.64434e-06	7.07806	1.50704	0	0	3.63736e-10
159	rs1	1:1	2:0.523	rs2	1:2	2:0.27625	0	1000	0	4.57323e-19	6.22094	0.697247	0.00182973	2.17288	0.697205	0.456414	0.83681	1.12359	0.999629	-29.823	64091	0.999605	31.7467	64091	0	0	1
160	rs1	1:1	2:0.5185	rs2	1:2	2:0.27975	0	1000	0	2.01568e-32	4.87739	0.411404	1.53049e-06	2.44784	0.509201	0.703238	0.393642	1.03331	0.999736	-78.8005	238439	0.999657	56.3788	131136	0	0	1
161	rs1	1:1	2:0.52625	rs2	1:2	2:0.27625	0	1000	0	4.78054e-18	6.17727	0.713435	2.19335e-10	5.84545	0.920956	0.999874	-23.2889	147741	0.999767	-77.4452	265425	0.99969	80.0213	206077	0	0	1
162	rs1	1:1	2:0.5225	rs2	1:2	2:0.27975	0	1000	0	3.9169e-29	4.60384	0.410927	2.58603e-10	4.57391	0.723519	0.999869	-23.8694	145074	0.0349245	-4.08631	1.93735	0.999824	32.013	145074	0	0	1
163	rs1	1:1	2:0.522	rs2	1:2	2:0.2805	0	1000	0	3.14809e-15	8.07132	1.02364	0.012702	4.11118	1.64974	0.00377276	3.15043	1.08764	0.99975	-76.2148	243259	0.999679	53.6704	133341	0	0	1
164	rs1	1:1	2:0.52425	rs2	1:2	2:0.28075	0	1000	0	1.56477e-29	5.16388	0.457607	7.82726e-08	3.04559	0.567037	0.999834	-23.8135	114722	0.999716	-79.5276	223806	0.999668	81.0994	194690	0	0	1
165	rs1	1:1	2:0.5205	rs2	1:2	2:0.28425	0	1000	0	8.78888e-38	4.68364	0.364533	3.71119e-11	3.23619	0.489208	0.999872	-24.4175	152031	0.045934	-3.88225	1.94501	0.999831	32.2491	152031	0	0	1
166	rs1	1:1	2:0.5245	rs2	1:2	2:0.2765	0	1000	0	4.55868e-23	5.74495	0.580831	1.31829e-07	4.44736	0.842895	0.999883	-23.4523	159242	0.0896862	-3.39893	2.00284	0.999842	31.6052	159242	0	0	1
167	rs1	1:1	2:0.52625	rs2	1:2	2:0.27675	0	1000	0	7.82819e-26	5.0106	0.476778	9.85733e-11	4.20482	0.649982	0.99984	-23.5991	117335	0.999741	-79.659	245067	0.999679	81.0826	201753	0	0	1
168	rs1	1:1	2:0.52025	rs2	1:2	2:0.2795	0	1000	0	7.05957e-26	4.68127	0.445029	2.67897e-07	3.13443	0.609249	0.999864	-24.2111	142220	0.00871694	-4.96099	1.89137	0.999817	32.5891	142220	0	0	1
169	rs1	1:1	2:0.52425	rs2	1:2	2:0.27975	0	1000	0	1.35056e-37	4.64437	0.362416	2.79947e-09	2.60987	0.439154	0.969733	-0.0392406	1.0342	0.999735	-78.3169	235732	0.999653	56.4804	129731	0	0	1
170	rs1	1:1	2:0.52225	rs2	1:2	2:0.276	0	1000	0	3.08657e-38	4.36416	0.337547	7.03068e-12	3.13319	0.456931	0.98551	0.018727	1.03117	0.99975	-78.078	249518	0.99967	56.327	136350	0	0	1
171	rs1	1:1	2:0.52475	rs2	1:2	2:0.28425	0	1000	0	5.79665e-19	7.04671	0.792133	0.00251143	2.98588	0.988061	0.999846	-22.9365	119164	0.999709	-78.7395	215914	0.999669	80.2805	193402	0	0	1
172	rs1	1:1	2:0.52325	rs2	1:2	2:0.28125	0	1000	1	1.61632e-26	5.26063	0.493629	5.08825e-10	4.44775	0.715492	0.265908	1.19561	1.07467	0.134173	-2.56495	1.71242	4.18575e-05	6.16084	1.50375	0	0	1.83594e-07
173	rs1	1:1	2:0.52375	rs2	1:2	2:0.28425	0	1000	0	1.37866e-19	6.08124	0.671666	1.90382e-05	3.72346	0.870804	0.234364	1.3316	1.11975	0.999742	-76.7242	236973	0.999663	54.983	130100	0	0	1
174	rs1	1:1	2:0.521	rs2	1:2	2:0.28075	0	1000	1	4.7863e-23	5.70885	0.577466	3.91096e-06	3.68184	0.797616	0.185551	1.4547	1.09884	0.0468931	-3.9121	1.96859	3.50433e-05	6.93073	1.67492	0	0	4.04346e-07
175	rs1	1:1	2:0.52575	rs2	1:2	2:0.27975	0	1000	0	1.25956e-22	5.24118	0.535434	2.22339e-11	5.02941	0.751719	0.999858	-23.4926	131783	0.999764	-77.2336	260593	0.99967	79.8916	193086	0	0	1
176	rs1	1:1	2:0.52325	rs2	1:2	2:0.27425	0	1000	1	2.6363e-22	5.40896	0.556839	1.91495e-06	2.92671	0.614572	0.00814592	1.9965	0.754544	0.0486354	-3.85289	1.95402	3.22586e-05	6.15263	1.4801	0	0	9.78547e-07
177	rs1	1:1	2:0.52	rs2	1:2	2:0.28325	0	1000	0	4.19178e-18	5.78855	0.667387	0.000279527	2.58465	0.711325	0.418084	0.910174	1.12402	0.999741	-77.1186	237539	0.999662	55.2806	130424	0	0	1
178	rs1	1:1	2:0.5255	rs2	1:2	2:0.28275	0	1000	0	1.20156e-35	4.83518	0.387991	3.33312e-10	3.00167	0.477787	0.876592	0.162583	1.04695	0.999743	-76.9327	239257	0.999661	55.7093	131099	0	0	1
179	rs1	1:1	2:0.5245	rs2	1:2	2:0.282	0	1000	0	1.8622e-21	5.6493	0.593885	8.98588e-05	2.85627	0.729299	0.503494	0.716015	1.07027	0.99974	-78.6247	241723	0.999661	56.2263	132503	0	0	1
180	rs1	1:1	2:0.5245	rs2	1:2	2:0.282	0	1000	0	4.36504e-29	5.35458	0.478346	2.60722e-07	3.07875	0.597836	0.525462	0.656243	1.03354	0.999737	-77.8355	236242	0.999657	55.8835	129845	0	0	1
181	rs1	1:1	2:0.51875	rs2	1:2	2:0.2775	0	1000	1	2.71562e-37	4.67151	0.366085	5.44574e-13	2.97144	0.411917	0.800133	0.272071	1.07464	0.615973	-0.802487	1.59996	4.1825e-05	6.12958	1.49606	0	0	4.99143e-10
182	rs1	1:1	2:0.5175	rs2	1:2	2:0.276	0	1000	0	4.66029e-21	5.30306	0.563162	0.000608487	2.12475	0.619857	0.10538	1.33666	0.825447	0.999768	-78.8044	271194	0.999697	55.5345	146360	0	0	1
183	rs1	1:1	2:0.525	rs2	1:2	2:0.2805	0	1000	0	2.66018e-23	5.65135	0.568278	5.92969e-11	5.70516	0.871616	0.999878	-22.5792	147833	0.812061	0.354863	1.49247	0.999845	28.6653	147833	0	0	1
184	rs1	1:1	2:0.5215	rs2	1:2	2:0.28275	0	1000	0	2.48912e-35	4.8913	0.394336	3.03771e-11	3.68752	0.554954	0.999866	-23.9895	142875	0.999736	-77.8117	235457	0.999667	80.418	192821	0	0	1
185	rs1	1:1	2:0.5195	rs2	1:2	2:0.28075	0	1000	0	1.68294e-17	6.03228	0.708528	0.000401341	3.08744	0.872354	0.999885	-23.707	165189	0.999742	-77.3921	239359	0.999697	80.2016	211149	0	0	1
186	rs1	1:1	2:0.52475	rs2	1:2	2:0.2785	0	1000	0	3.43569e-22	5.90344	0.60944	0.00222643	1.84355	0.602816	0.153701	1.1588	0.812292	0.999753	-78.9258	255134	0.999679	55.8345	138810	0	0	1
187	rs1	1:1	2:0.51975	rs2	1:2	2:0.2785	0	1000	0	1.00484e-27	5.07638	0.465191	1.07676e-09	3.68444	0.604245	0.0412505	1.59073	0.779384	0.999764	-76.1366	257659	0.999691	54.2345	139864	0	0	1
188	rs1	1:1	2:0.5265	rs2	1:2	2:0.28675	0	1000	0	2.20752e-25	6.26726	0.601981	7.00014e-05	3.28992	0.827387	0.0360246	1.73798	0.828934	0.999619	-29.7844	62401.4	0.999603	31.0597	62401.4	0	0	1
189	rs1	1:1	2:0.529	rs2	1:2	2:0.2805	0	1000	0	3.11761e-15	6.63391	0.841215	0.000713001	3.16322	0.934612	0.305724	1.2102	1.18157	0.999752	-77.1842	248537	0.999674	55.3509	135625	0	0	1
190	rs1	1:1	2:0.51975	rs2	1:2	2:0.28025	0	1000	0	1.72698e-24	5.37746	0.52651	0.00174979	1.68983	0.539933	0.0425998	1.41813	0.699411	0.999739	-78.4479	240238	0.999666	55.1676	131844	0	0	1
191	rs1	1:1	2:0.52075	rs2	1:2	2:0.2785	0	1000	1	1.49525e-40	4.24739	0.318571	1.91851e-13	3.40802	0.463401	0.842439	0.202179	1.01713	0.0399401	-4.00028	1.94721	3.27447e-06	7.61657	1.63698	0	0	4.72824e-14
192	rs1	1:1	2:0.521	rs2	1:2	2:0.28075	0	1000	0	1.4727e-27	4.87879	0.448514	7.09861e-08	3.12394	0.579724	0.999869	-24.3827	148990	0.999744	-77.616	241465	0.999677	80.6262	199291	0	0	1
193	rs1	1:1	2:0.5205	rs2	1:2	2:0.27475	0	1000	1	9.40093e-32	4.21819	0.359736	2.25148e-10	3.32155	0.523646	0.807718	0.257507	1.05808	0.106486	-2.3364	1.44741	4.89939e-06	6.39966	1.40065	0	0	4.10957e-10
194	rs1	1:1	2:0.5225	rs2	1:2	2:0.28175	0	1000	0	2.13147e-28	5.20072	0.470546	5.36623e-10	4.07677	0.656696	0.999879	-23.8821	157435	0.167163	-2.77663	2.01004	0.99984	31.5172	157435	0	0	1
195	rs1	1:1	2:0.52325	rs2	1:2	2:0.2765	0	1000	0	5.95002e-32	4.36304	0.370866	1.12336e-09	3.42949	0.563059	0.999876	-24.7055	159369	0.00296023	-5.54806	1.86688	0.999833	33.2978	159369	0	0	1
196	rs1	1:1	2:0.52575	rs2	1:2	2:0.27925	0	1000	0	1.68699e-24	4.97502	0.486998	2.08242e-06	2.9461	0.620851	0.999839	-24.1284	119544	0.999726	-80.1593	233074	0.999672	81.6451	198382	0	0	1
197	rs1	1:1	2:0.52175	rs2	1:2	2:0.28125	0	1000	0	2.42643e-21	5.63731	0.594346	2.2711e-05	3.02311	0.7136	0.999881	-24.1033	161198	0.999736	-77.6065	234595	0.999689	80.5503	206643	0	0	1
198	rs1	1:1	2:0.52825	rs2	1:2	2:0.2775	0	1000	0	4.80415e-28	5.20644	0.474203	3.86921e-13	4.72719	0.651123	0.999869	-23.4552	142517	0.646	0.618016	1.34548	0.999836	29.3485	142517	0	0	1
199	rs1	1:1	2:0.51725	rs2	1:2	2:0.27975	0	1000	0	9.38281e-42	4.1719	0.308172	1.76238e-12	3.5373	0.501596	0.999878	-24.5033	159628	0.308584	-1.41995	1.39458	0.999846	30.739	159628	0	0	1
200	rs1	1:1	2:0.52925	rs2	1:2	2:0.28175	0	1000	0	2.50303e-21	6.11921	0.645374	2.93116e-05	4.48843	1.07411	0.999863	-23.273	135166	0.0139364	-4.77727	1.94285	0.999811	32.0927	135166	0	0	1
201	rs1	1:1	2:0.517	rs2	1:2	2:0.28	0	1000	0	8.88144e-31	4.62962	0.401385	1.09208e-07	3.07022	0.578119	0.999887	-24.6883	174584	0.999734	-77.3069	232029	0.999703	80.7132	216603	0	0	1
202	rs1	1:1	2:0.5245	rs2	1:2	2:0.2775	0	1000	0	1.70521e-17	5.88006	0.690773	0.000112494	2.8582	0.740096	0.99987	-24.0779	148084	0.999761	-77.7963	259397	0.999685	80.6282	204328	0	0	1
203	rs1	1:1	2:0.51775	rs2	1:2	2:0.27675	0	1000	0	5.16516e-27	4.65269	0.432299	5.9455e-07	2.96434	0.593701	0.99988	-24.5546	163883	0.999754	-78.2569	253907	0.999698	81.0702	214480	0	0	1
204	rs1	1:1	2:0.525	rs2	1:2	2:0.2825	0	1000	0	1.47145e-27	4.99581	0.459269	3.30298e-10	4.26632	0.678935	0.999859	-23.8471	135172	0.999746	-77.4975	242993	0.999662	80.221	189569	0	0	1
205	rs1	1:1	2:0.519	rs2	1:2	2:0.2795	0	1000	1	9.56761e-26	4.85296	0.462611	1.28151e-07	3.96046	0.749879	0.000904232	2.46539	0.742868	0.890753	-0.187347	1.36399	0.000737917	3.5035	1.03805	0	0	0.000634411
206	rs1	1:1	2:0.52125	rs2	1:2	2:0.2825	0	1000	1	2.2476e-34	4.99529	0.408567	4.15998e-10	3.38438	0.541682	0.469878	0.752783	1.04166	0.0331699	-4.11932	1.93394	6.77241e-06	7.39532	1.64314	0	0	9.86378e-11
207	rs1	1:1	2:0.52225	rs2	1:2	2:0.2815	0	1000	0	9.2911e-24	5.24837	0.522283	1.13583e-06	3.37524	0.693564	0.999837	-23.4862	115023	0.999719	-79.1755	224855	0.999671	80.7098	195946	0	0	1
208	rs1	1:1	2:0.5265	rs2	1:2	2:0.28025	0	1000	0	7.61425e-32	5.30283	0.451549	1.36975e-08	3.55988	0.627057	0.999876	-24.1662	155543	0.00458254	-5.33678	1.88246	0.999831	32.9259	155543	0	0	1
209	rs1	1:1	2:0.5225	rs2	1:2	2:0.2805	0	1000	0	7.58246e-23	5.50471	0.55943	7.28396e-05	2.39725	0.604325	0.625123	0.526978	1.07854	0.999735	-77.3062	233077	0.999655	55.6504	128544	0	0	1
210	rs1	1:1	2:0.51825	rs2	1:2	2:0.28325	0	1000	1	7.03509e-32	4.68559	0.398762	8.32185e-07	2.59235	0.526081	0.109476	1.30063	0.812613	0.081324	-2.07192	1.18867	5.90625e-06	5.02611	1.10959	0	0	1.71967e-07
211	rs1	1:1	2:0.5195	rs2	1:2	2:0.27675	0	1000	1	1.74889e-19	5.30728	0.587871	0.000183605	2.47102	0.660599	0.870979	0.209165	1.28784	0.00151144	-6.32316	1.99313	1.17105e-05	8.94914	2.04183	0	0	4.33655e-10
212	rs1	1:1	2:0.5215	rs2	1:2	2:0.27825	0	1000	0	1.44676e-17	6.23226	0.730515	0.000865088	2.94358	0.883669	0.99988	-23.6767	157065	0.999757	-78.0934	256804	0.999694	80.5307	210154	0	0	1
213	rs1	1:1	2:0.52675	rs2	1:2	2:0.28375	0	1000	0	2.49349e-18	6.40258	0.7332	0.000326828	3.53189	0.982977	0.265852	1.25865	1.1312	0.999743	-77.6272	241327	0.999665	55.5081	132164	0	0	1
214	rs1	1:1	2:0.52675	rs2	1:2	2:0.2785	0	1000	0	4.09299e-25	5.51217	0.532467	5.87221e-08	3.81841	0.704159	0.435629	0.839704	1.0771	0.999746	-77.5245	243445	0.999667	55.7033	133488	0	0	1
215	rs1	1:1	2:0.522	rs2	1:2	2:0.28125	0	1000	0	7.8651e-30	5.0179	0.442306	1.08445e-09	3.62647	0.594849	0.492162	0.718708	1.04634	0.999743	-76.8587	238138	0.999662	55.34	130811	0	0	1
216	rs1	1:1	2:0.52225	rs2	1:2	2:0.2815	0	1000	0	4.52387e-44	4.29089	0.308164	6.3926e-13	2.94403	0.409357	0.999857	-24.716	138402	0.00620964	-5.1646	1.8873	0.99981	32.9797	138402	0	0	1
217	rs1	1:1	2:0.5205	rs2	1:2	2:0.28	0	1000	1	5.26626e-29	5.14871	0.46064	4.78896e-09	3.35207	0.572579	0.312419	1.12407	1.11277	0.408049	-1.23977	1.49852	0.000162357	5.41036	1.43459	0	0	3.5457e-06
218	rs1	1:1	2:0.52	rs2	1:2	2:0.28	0	1000	1	8.81569e-45	4.18332	0.297948	9.70583e-15	3.25913	0.42091	0.947769	0.066582	1.01638	0.104788	-3.21844	1.98416	8.34911e-06	7.30214	1.63871	0	0	8.52573e-15
219	rs1	1:1	2:0.52175	rs2	1:2	2:0.28275	0	1000	0	3.94605e-24	5.51867	0.544627	6.87368e-06	3.22918	0.717983	0.999876	-23.9661	154321	0.999734	-77.9741	233440	0.99968	80.5911	200926	0	0	1
220	rs1	1:1	2:0.52225	rs2	1:2	2:0.28425	0	1000	0	1.81457e-21	5.72458	0.601628	9.71473e-05	2.65894	0.682198	0.999871	-23.9581	147880	0.00848042	-4.9869	1.89449	0.999824	32.541	147880	0	0	1
221	rs1	1:1	2:0.52525	rs2	1:2	2:0.27925	0	1000	0	1.08037e-18	5.96279	0.675558	2.35269e-05	3.41331	0.807217	0.999869	-23.7302	144092	0.999757	-77.4109	253818	0.999679	80.2235	199587	0	0	1
222	rs1	1:1	2:0.5175	rs2	1:2	2:0.27925	0	1000	0	5.08777e-42	4.09829	0.301734	2.48862e-11	2.98288	0.446938	0.999869	-24.8287	151051	0.0140665	-4.69964	1.91388	0.999827	32.8203	151051	0	0	1
223	rs1	1:1	2:0.52425	rs2	1:2	2:0.2795	0	1000	0	5.86107e-30	4.86963	0.428267	4.93364e-09	3.20648	0.548173	0.999865	-24.4151	143799	0.999748	-78.242	247940	0.999673	80.9722	197502	0	0	1
224	rs1	1:1	2:0.5235	rs2	1:2	2:0.28125	0	1000	1	2.17444e-33	4.79651	0.398362	3.53006e-08	2.77048	0.502546	0.460414	0.629864	0.853284	0.000317867	-6.51683	1.81009	9.46161e-08	8.50784	1.59419	0	0	6.12104e-15
225	rs1	1:1	2:0.52375	rs2	1:2	2:0.2815	0	1000	0	3.57738e-23	6.041	0.60927	3.11082e-05	3.44908	0.828071	0.999871	-23.6291	146700	0.999745	-78.0434	244098	0.999677	80.4372	198396	0	0	1
226	rs1	1:1	2:0.52325	rs2	1:2	2:0.28225	0	1000	0	4.53338e-28	5.02518	0.457475	9.33742e-09	3.77075	0.656656	0.505338	0.685241	1.02871	0.99974	-77.8921	238575	0.99966	55.8844	130986	0	0	1
227	rs1	1:1	2:0.5255	rs2	1:2	2:0.2775	0	1000	0	8.98946e-21	6.09944	0.652534	3.35082e-08	4.90539	0.888329	0.999878	-23.4056	152596	0.999758	-76.4208	252264	0.999691	79.6182	205415	0	0	1
228	rs1	1:1	2:0.52175	rs2	1:2	2:0.27675	0	1000	0	1.12521e-23	5.31979	0.530388	9.08596e-06	2.71898	0.612678	0.999884	-24.4252	167642	0.00800652	-5.01352	1.89061	0.999843	32.9253	167642	0	0	1
229	rs1	1:1	2:0.5215	rs2	1:2	2:0.28075	0	1000	0	5.27049e-23	5.67787	0.574894	0.000401297	2.13594	0.603504	0.578247	0.598139	1.07589	0.999729	-77.7148	228423	0.999648	55.7885	126458	0	0	1
230	rs1	1:1	2:0.522	rs2	1:2	2:0.2815	0	1000	0	3.37458e-20	5.91263	0.642235	1.44822e-05	3.34159	0.770587	0.999876	-23.714	152774	0.999743	-76.8681	238334	0.999683	79.9332	201192	0	0	1
231	rs1	1:1	2:0.513	rs2	1:2	2:0.279	0	1000	0	1.86519e-44	4.00125	0.286064	4.17339e-10	2.87598	0.460349	0.999882	-24.925	168504	0.0210408	-4.44822	1.92793	0.999845	32.7535	168504	0	0	1
232	rs1	1:1	2:0.523	rs2	1:2	2:0.28025	0	1000	0	5.31605e-45	4.17642	0.2967	8.17058e-15	3.31575	0.427018	0.999865	-24.7271	146371	0.0739472	-2.54486	1.42415	0.999829	31.4095	146371	0	0	1
233	rs1	1:1	2:0.52625	rs2	1:2	2:0.27525	0	1000	0	7.8754e-23	5.66914	0.576364	2.77445e-08	4.61921	0.831526	0.999879	-23.8311	157137	0.999764	-78.4407	265248	0.999697	80.8657	212950	0	0	1
234	rs1	1:1	2:0.5225	rs2	1:2	2:0.28125	0	1000	0	1.02522e-27	5.10661	0.468039	1.8141e-12	4.62798	0.656631	0.999868	-23.7182	143682	0.999744	-78.1366	243233	0.999672	80.4313	195906	0	0	1
235	rs1	1:1	2:0.52325	rs2	1:2	2:0.27725	0	1000	0	2.30716e-31	5.12604	0.440021	2.23509e-10	3.49488	0.550874	0.516289	0.68245	1.05142	0.999753	-77.0668	249044	0.999674	55.4999	136043	0	0	1
236	rs1	1:1	2:0.52225	rs2	1:2	2:0.2755	0	1000	0	3.74084e-28	5.0406	0.458157	4.19492e-10	3.91168	0.62621	0.999877	-24.0296	156344	0.999764	-77.2517	261133	0.999696	80.3241	211014	0	0	1
237	rs1	1:1	2:0.52225	rs2	1:2	2:0.27475	0	1000	0	4.57706e-28	5.00791	0.45594	2.60026e-07	2.89292	0.561696	0.999868	-24.2928	146575	0.999774	-79.3276	280580	0.999691	81.4259	210265	0	0	1
238	rs1	1:1	2:0.5235	rs2	1:2	2:0.283	0	1000	0	8.75806e-22	5.98182	0.623718	0.00053923	2.48506	0.718127	0.999843	-23.6007	119882	0.999715	-79.5649	222865	0.999668	81.0161	194597	0	0	1
239	rs1	1:1	2:0.524	rs2	1:2	2:0.28025	0	1000	0	4.41279e-28	5.56247	0.506277	3.16422e-10	4.29926	0.683452	0.999876	-23.7589	153184	0.999742	-76.548	236889	0.999683	79.8207	201114	0	0	1
240	rs1	1:1	2:0.5195	rs2	1:2	2:0.27725	0	1000	0	5.96954e-18	5.92915	0.68679	0.000250637	2.84912	0.778105	0.274464	1.20892	1.10622	0.999752	-77.3492	249000	0.999676	55.2738	136132	0	0	1
241	rs1	1:1	2:0.52525	rs2	1:2	2:0.279	0	1000	0	6.82843e-27	5.11359	0.476262	1.75202e-07	3.42274	0.655208	0.999875	-24.3449	155068	0.999744	-78.7753	245371	0.999684	81.2694	205181	0	0	1
242	rs1	1:1	2:0.52025	rs2	1:2	2:0.27725	0	1000	0	6.4285e-19	7.11787	0.801168	0.00327325	2.32	0.78889	0.999852	-22.7203	122309	0.999742	-79.2337	245191	0.999696	80.3552	211261	0	0	1
243	rs1	1:1	2:0.52325	rs2	1:2	2:0.2815	0	1000	0	2.53038e-11	7.0048	1.04994	4.43344e-07	6.97159	1.38069	0.999879	-22.5307	148196	0.999751	-75.5367	242510	0.999685	78.6339	199002	0	0	1
244	rs1	1:1	2:0.518	rs2	1:2	2:0.28175	0	1000	0	2.61719e-18	6.55908	0.751592	3.76078e-06	5.36012	1.15915	0.999884	-22.2812	152624	0.208215	-2.67124	2.12257	0.999841	30.4241	152624	0	0	1
245	rs1	1:1	2:0.516	rs2	1:2	2:0.279	0	1000	0	5.7113e-41	4.3373	0.323577	1.52732e-10	2.90934	0.454398	0.999879	-24.7927	164128	0.999739	-77.2577	236459	0.999693	80.6683	209498	0	0	1
246	rs1	1:1	2:0.518	rs2	1:2	2:0.27525	0	1000	0	3.49228e-36	4.61364	0.367321	8.50748e-10	2.76243	0.450263	0.999875	-24.6703	157837	0.999761	-77.8993	259590	0.999695	80.9426	211631	0	0	1
247	rs1	1:1	2:0.525	rs2	1:2	2:0.2835	0	1000	0	4.24605e-31	4.83291	0.416722	3.50292e-09	3.59623	0.608901	0.999867	-24.2494	145851	0.00540663	-5.23225	1.88092	0.99982	32.8368	145851	0	0	1
248	rs1	1:1	2:0.52025	rs2	1:2	2:0.27825	0	1000	0	4.95278e-32	4.88683	0.414843	8.10848e-09	3.02935	0.525365	0.119154	1.17829	0.75612	0.999747	-77.8185	245801	0.999672	55.2575	134539	0	0	1
249	rs1	1:1	2:0.52075	rs2	1:2	2:0.2775	0	1000	0	2.27798e-31	4.59192	0.394135	2.42442e-10	3.75144	0.592483	0.999872	-24.119	150739	0.0257532	-4.29479	1.92599	0.999829	32.2621	150739	0	0	1
250	rs1	1:1	2:0.52325	rs2	1:2	2:0.2815	0	1000	0	1.84808e-21	5.54703	0.583085	9.52151e-05	2.66699	0.68341	0.999863	-24.086	140254	0.99975	-78.8319	251423	0.99967	81.0272	195994	0	0	1
251	rs1	1:1	2:0.52375	rs2	1:2	2:0.27925	0	1000	0	4.43993e-30	5.30186	0.465289	3.02566e-09	3.27897	0.552928	0.999878	-24.1829	157622	0.0514614	-3.80717	1.95479	0.999837	32.1859	157622	0	0	1
252	rs1	1:1	2:0.51525	rs2	1:2	2:0.27825	0	1000	0	8.84806e-45	4.23409	0.301569	6.56877e-12	2.89355	0.421386	0.99987	-24.4767	150220	0.99975	-77.8053	248666	0.999682	80.6323	202465	0	0	1
253	rs1	1:1	2:0.524	rs2	1:2	2:0.2765	0	1000	1	6.22227e-26	5.08991	0.48333	1.00355e-06	2.88483	0.58983	0.968575	-0.0509005	1.29203	0.000529331	-6.75349	1.9488	3.45625e-06	9.41711	2.02883	0	0	2.70064e-13
254	rs1	1:1	2:0.52175	rs2	1:2	2:0.28325	0	1000	0	6.51186e-21	5.94584	0.633792	1.31155e-05	3.28337	0.753383	0.999871	-23.6168	146394	0.99974	-76.8022	235581	0.999674	79.7942	195466	0	0	1
255	rs1	1:1	2:0.51975	rs2	1:2	2:0.28075	0	1000	0	7.40586e-28	5.26399	0.481161	3.23973e-07	2.93367	0.574223	0.999881	-24.2931	163145	0.999736	-77.3001	233701	0.999691	80.4786	207909	0	0	1
256	rs1	1:1	2:0.5205	rs2	1:2	2:0.283	0	1000	0	3.54985e-23	5.26395	0.530859	3.03334e-05	2.95034	0.707355	0.999875	-24.1098	153458	0.999734	-78.5635	235535	0.999679	80.9186	200886	0	0	1
257	rs1	1:1	2:0.521	rs2	1:2	2:0.27675	0	1000	0	3.02768e-31	4.55658	0.391918	4.38845e-09	3.06111	0.521587	0.818441	0.239397	1.04289	0.999757	-78.3175	257240	0.999679	56.2939	139836	0	0	1
258	rs1	1:1	2:0.5225	rs2	1:2	2:0.2825	0	1000	0	1.73144e-16	6.96586	0.845437	0.00739554	2.52413	0.942372	0.197494	1.48835	1.1549	0.999739	-77.5475	237234	0.999662	55.2622	130441	0	0	1
259	rs1	1:1	2:0.5185	rs2	1:2	2:0.27925	0	1000	0	1.36599e-36	4.84045	0.38312	5.86783e-09	2.81171	0.483071	0.999877	-24.2918	157411	0.00868144	-4.9647	1.89178	0.999834	32.6798	157411	0	0	1
260	rs1	1:1	2:0.517	rs2	1:2	2:0.28275	0	1000	0	3.08453e-39	4.55017	0.34721	2.4808e-12	3.49299	0.498686	0.999883	-24.4768	166456	0.43564	-1.23332	1.58203	0.999851	31.1253	166456	0	0	1
261	rs1	1:1	2:0.5225	rs2	1:2	2:0.2795	0	1000	0	9.58757e-36	4.52253	0.36238	2.54316e-12	3.39645	0.485144	0.99986	-24.5146	140094	0.999752	-76.7428	246917	0.999671	80.24	194431	0	0	1
262	rs1	1:1	2:0.519	rs2	1:2	2:0.282	0	1000	0	2.28834e-39	4.39033	0.334435	6.05114e-09	2.55552	0.439445	0.99986	-24.6981	140466	0.999738	-78.9805	240151	0.999663	81.3604	192508	0	0	1
263	rs1	1:1	2:0.522	rs2	1:2	2:0.2845	0	1000	0	3.25713e-24	5.52844	0.544583	7.32406e-06	2.93326	0.654154	0.857148	-0.300728	1.67065	0.999602	-31.0044	62131.3	0.999571	33.4281	62131.3	0	0	1
264	rs1	1:1	2:0.52	rs2	1:2	2:0.2835	0	1000	0	6.69402e-23	5.94053	0.602953	0.00283972	1.90354	0.637793	0.999849	-23.8055	125549	0.999705	-79.6469	215076	0.999674	81.1559	198551	0	0	1
265	rs1	1:1	2:0.52375	rs2	1:2	2:0.28525	0	1000	1	1.49848e-24	5.63265	0.550754	2.29046e-07	3.89495	0.752782	0.243661	1.30848	1.1223	0.0815111	-3.46678	1.99013	5.40051e-05	6.84164	1.69449	0	0	6.50892e-07
266	rs1	1:1	2:0.526	rs2	1:2	2:0.279	0	1000	0	1.42593e-17	6.81375	0.798517	2.14452e-08	5.64382	1.00784	0.13594	1.67287	1.12192	0.999757	-76.4119	250816	0.99968	54.8039	136772	0	0	1
267	rs1	1:1	2:0.5215	rs2	1:2	2:0.27725	0	1000	0	8.86762e-27	4.90075	0.457468	7.59757e-07	2.86542	0.579408	0.693755	0.412138	1.04666	0.999751	-78.7379	252741	0.999673	56.4112	137818	0	0	1
268	rs1	1:1	2:0.5185	rs2	1:2	2:0.2785	0	1000	0	6.71368e-34	4.78628	0.39435	2.19181e-10	3.32899	0.524477	0.999878	-24.1472	158058	0.0630778	-3.64829	1.96288	0.999839	31.9726	158058	0	0	1
269	rs1	1:1	2:0.52225	rs2	1:2	2:0.2805	0	1000	0	9.75954e-26	5.75069	0.548287	3.49803e-07	3.94718	0.774805	0.999872	-23.5491	147003	0.999749	-77.7308	247563	0.99968	80.2079	199714	0	0	1
270	rs1	1:1	2:0.5185	rs2	1:2	2:0.28475	0	1000	1	2.16302e-23	6.30349	0.632546	0.00848794	1.54151	0.585675	0.621207	0.621749	1.25824	0.000207235	-7.02335	1.89307	9.49002e-06	8.98682	2.02932	0	0	1.98244e-09
271	rs1	1:1	2:0.52725	rs2	1:2	2:0.281	0	1000	0	8.10031e-21	5.90926	0.631443	5.83253e-11	5.3499	0.817033	0.291697	1.09247	1.0361	0.99975	-77.6024	247375	0.999671	55.658	135075	0	0	1
272	rs1	1:1	2:0.51925	rs2	1:2	2:0.283	0	1000	0	2.84471e-18	6.41289	0.735636	0.0104578	1.96796	0.768641	0.999876	-23.8365	153871	0.999739	-78.4027	240019	0.999682	80.6819	202514	0	0	1
273	rs1	1:1	2:0.52175	rs2	1:2	2:0.2845	0	1000	0	1.14976e-23	5.15663	0.514231	4.64469e-06	2.93113	0.639953	0.999827	-23.6256	109167	0.999713	-79.2592	220419	0.999658	80.7602	188387	0	0	1
274	rs1	1:1	2:0.524	rs2	1:2	2:0.278	0	1000	0	9.38911e-29	4.81127	0.43244	3.02517e-10	3.7649	0.597843	0.99987	-24.3083	148650	0.999754	-76.9268	249844	0.999682	80.3057	201705	0	0	1
275	rs1	1:1	2:0.5235	rs2	1:2	2:0.285	0	1000	0	5.99494e-32	5.17852	0.440207	9.07866e-08	2.96239	0.554313	0.635773	0.492952	1.04082	0.999727	-78.2741	228445	0.999645	56.146	126200	0	0	1
276	rs1	1:1	2:0.52025	rs2	1:2	2:0.27875	0	1000	0	2.45486e-29	4.93927	0.439247	1.10653e-10	4.07896	0.632237	0.99987	-23.7507	145216	0.999759	-77.1192	255238	0.999682	79.966	200854	0	0	1
277	rs1	1:1	2:0.52275	rs2	1:2	2:0.27875	0	1000	0	2.2347e-26	5.14777	0.48441	7.66214e-07	2.80469	0.567317	0.635122	0.502809	1.05959	0.999748	-77.1984	244790	0.999669	55.6252	133924	0	0	1
278	rs1	1:1	2:0.52025	rs2	1:2	2:0.2795	0	1000	0	1.61963e-31	4.81143	0.41195	4.18623e-14	4.79565	0.634759	0.999877	-23.3342	151722	0.0413895	1.71981	0.843209	0.999849	28.7885	151722	0	0	1
279	rs1	1:1	2:0.52225	rs2	1:2	2:0.2765	0	1000	0	2.38471e-30	4.9892	0.435784	3.6995e-08	2.73992	0.497748	0.99988	-24.8336	164524	0.999747	-77.8822	245944	0.999695	81.1517	212632	0	0	1
280	rs1	1:1	2:0.52	rs2	1:2	2:0.2845	0	1000	0	1.47797e-28	5.35853	0.483389	3.11055e-07	3.02049	0.590329	0.999868	-23.7875	143732	0.0240824	-4.33891	1.92344	0.999822	32.0536	143732	0	0	1
281	rs1	1:1	2:0.5215	rs2	1:2	2:0.28025	0	1000	0	9.89034e-40	4.46437	0.338441	4.17698e-12	3.21409	0.463722	0.999869	-24.5438	149322	0.014725	-4.65636	1.90907	0.999825	32.6878	149322	0	0	1
282	rs1	1:1	2:0.5215	rs2	1:2	2:0.2805	0	1000	0	5.77911e-17	6.10021	0.728849	0.00150256	2.46319	0.776005	0.999876	-24.0016	154058	0.999747	-77.9981	245565	0.999685	80.648	204390	0	0	1
283	rs1	1:1	2:0.524	rs2	1:2	2:0.27775	0	1000	0	1.54081e-30	5.05388	0.439981	1.91949e-10	3.63315	0.570564	0.999872	-24.0621	149926	0.0526606	-3.79092	1.95641	0.999829	32.0596	149926	0	0	1
284	rs1	1:1	2:0.52075	rs2	1:2	2:0.28125	0	1000	0	2.57803e-25	5.399	0.51932	1.63987e-07	3.70226	0.707062	0.31386	1.0525	1.04502	0.999746	-77.2285	242684	0.999668	55.3363	132914	0	0	1
285	rs1	1:1	2:0.52075	rs2	1:2	2:0.28425	0	1000	0	6.57661e-13	7.48498	1.04132	0.0441146	1.97039	0.978831	0.183392	1.63691	1.2304	0.999736	-76.8455	232432	0.999659	54.7658	128117	0	0	1
286	rs1	1:1	2:0.52025	rs2	1:2	2:0.2785	0	1000	0	1.55124e-17	6.56767	0.770558	0.00487091	2.21483	0.78667	0.999847	-23.1424	120652	0.999747	-79.2785	250320	0.999687	80.5861	205519	0	0	1
287	rs1	1:1	2:0.52225	rs2	1:2	2:0.283	0	1000	0	1.99532e-14	6.45287	0.84341	0.00220027	2.71063	0.885314	0.999869	-23.6174	143802	0.999745	-77.1836	241912	0.999674	79.9846	195498	0	0	1
288	rs1	1:1	2:0.522	rs2	1:2	2:0.2775	0	1000	0	2.52334e-33	4.73066	0.393294	9.81787e-11	3.61539	0.558817	0.599581	0.5263	1.00247	0.999628	-29.708	63657.1	0.999601	31.8724	63657.1	0	0	1
289	rs1	1:1	2:0.51775	rs2	1:2	2:0.27675	0	1000	0	1.73308e-29	4.86033	0.431051	4.49097e-06	2.43916	0.531725	0.999849	-24.0696	127241	0.999731	-80.0238	237194	0.99969	81.4699	209398	0	0	1
290	rs1	1:1	2:0.51925	rs2	1:2	2:0.28275	0	1000	0	1.19842e-39	4.60144	0.349216	3.54148e-12	3.2488	0.46716	0.680688	0.415877	1.01058	0.99974	-76.823	236115	0.999659	55.4165	129709	0	0	1
291	rs1	1:1	2:0.5155	rs2	1:2	2:0.28	0	1000	0	1.39036e-32	4.9274	0.414536	7.27433e-08	2.70252	0.50193	0.535134	0.654989	1.05611	0.999743	-76.8744	238621	0.999664	55.2316	131109	0	0	1
292	rs1	1:1	2:0.518	rs2	1:2	2:0.28	0	1000	0	4.70462e-24	5.35021	0.5289	0.000556349	2.10123	0.60869	0.54283	0.643059	1.05673	0.999748	-79.1441	250521	0.999671	56.3814	136646	0	0	1
293	rs1	1:1	2:0.518	rs2	1:2	2:0.27675	0	1000	0	1.26134e-25	4.78158	0.456946	1.2638e-07	3.29895	0.624326	0.999878	-24.4225	160347	0.99976	-76.7298	254973	0.999698	80.2479	212068	0	0	1
294	rs1	1:1	2:0.526	rs2	1:2	2:0.28	0	1000	0	1.77478e-31	4.75407	0.40731	3.1001e-09	3.25877	0.549892	0.046127	1.25244	0.628034	0.999741	-78.7972	242885	0.999667	55.6336	133128	0	0	1
295	rs1	1:1	2:0.523	rs2	1:2	2:0.28375	0	1000	0	6.48523e-28	5.04104	0.460277	2.48195e-08	3.68088	0.660304	0.999872	-24.0132	149522	0.0227336	-4.37709	1.92156	0.999828	32.2904	149522	0	0	1
296	rs1	1:1	2:0.52675	rs2	1:2	2:0.27875	0	1000	1	5.64906e-22	6.54896	0.679653	8.18435e-05	3.19039	0.809962	0.0432695	1.98884	0.984037	0.00494198	-4.27212	1.5199	6.54807e-06	6.4918	1.4401	0	0	4.25617e-07
297	rs1	1:1	2:0.5205	rs2	1:2	2:0.2785	0	1000	0	5.22854e-25	5.23383	0.506728	1.67106e-08	3.51487	0.622871	0.999871	-23.902	147554	0.999761	-76.3082	254871	0.999686	79.7087	202428	0	0	1
298	rs1	1:1	2:0.52	rs2	1:2	2:0.275	0	1000	0	2.33337e-29	4.8219	0.428639	1.66402e-07	2.79169	0.533436	0.999886	-24.7797	173715	0.999753	-78.5106	253459	0.999707	81.4287	222045	0	0	1
299	rs1	1:1	2:0.5175	rs2	1:2	2:0.2785	0	1000	0	1.06556e-24	5.1099	0.498034	5.00115e-06	2.66915	0.584733	0.0779136	1.41014	0.799888	0.999762	-77.7341	260081	0.999689	54.994	141024	0	0	1
300	rs1	1:1	2:0.52225	rs2	1:2	2:0.28275	0	1000	1	3.92795e-21	5.68034	0.60208	4.83694e-08	4.97715	0.912033	0.121941	1.7741	1.14704	0.34763	-1.72608	1.83783	0.000424811	5.47137	1.55253	0	0	6.58057e-05
301	rs1	1:1	2:0.52	rs2	1:2	2:0.27825	0	1000	0	2.12138e-27	4.92498	0.454152	7.22843e-09	3.49162	0.603509	0.999878	-24.2895	159323	0.999752	-76.3934	245401	0.999694	80.0288	208389	0	0	1
302	rs1	1:1	2:0.52225	rs2	1:2	2:0.28	0	1000	0	2.34202e-31	4.57505	0.392767	5.47837e-11	4.29513	0.655013	0.999863	-24.1598	141123	0.999758	-75.0227	247109	0.999676	79.1942	195225	0	0	1
303	rs1	1:1	2:0.52075	rs2	1:2	2:0.27575	0	1000	0	1.5246e-18	5.50625	0.626576	3.12607e-05	2.85217	0.684944	0.0773383	1.54247	0.873258	0.99976	-76.7981	255372	0.999687	54.5223	139077	0	0	1
304	rs1	1:1	2:0.52375	rs2	1:2	2:0.28375	0	1000	0	4.02194e-15	6.72143	0.85577	0.00293893	2.84386	0.956222	0.220763	1.42347	1.16249	0.999753	-77.3623	249556	0.999676	55.2199	135879	0	0	1
305	rs1	1:1	2:0.52525	rs2	1:2	2:0.2845	0	1000	0	8.12696e-14	7.53885	1.00945	1.08305e-08	7.12989	1.2471	0.999872	-22.4797	140060	0.999741	-75.9604	234324	0.99967	78.7766	190346	0	0	1
306	rs1	1:1	2:0.52075	rs2	1:2	2:0.27975	0	1000	0	7.24071e-32	4.95389	0.421683	1.81751e-09	3.40766	0.566684	0.999873	-24.1185	151101	0.999746	-77.7495	244496	0.999682	80.5317	201840	0	0	1
307	rs1	1:1	2:0.52575	rs2	1:2	2:0.27775	0	1000	0	3.8379e-23	5.30186	0.535102	4.78006e-14	5.24637	0.696009	0.999867	-23.6128	142196	0.99976	-76.8651	255343	0.99968	79.8405	198758	0	0	1
308	rs1	1:1	2:0.52275	rs2	1:2	2:0.2805	0	1000	0	5.1206e-27	5.7491	0.534131	0.000116386	2.73808	0.710523	0.423761	0.825969	1.03257	0.999745	-79.3421	248008	0.999667	56.4917	135530	0	0	1
309	rs1	1:1	2:0.52075	rs2	1:2	2:0.277	0	1000	0	8.15163e-25	5.45987	0.530807	2.49366e-07	3.18875	0.618194	0.999874	-23.9436	152109	0.999763	-77.2045	259684	0.999691	80.2093	207354	0	0	1
310	rs1	1:1	2:0.52225	rs2	1:2	2:0.2795	0	1000	0	1.55465e-18	6.14708	0.699672	0.001189	2.47869	0.764672	0.318825	1.07434	1.0777	0.999757	-77.8831	255799	0.999681	55.6518	139008	0	0	1
311	rs1	1:1	2:0.52	rs2	1:2	2:0.2755	0	1000	0	3.35559e-24	4.8228	0.47521	1.39119e-05	2.50462	0.576405	0.208949	0.983739	0.782945	0.999766	-79.1535	269650	0.999693	55.9756	145678	0	0	1
312	rs1	1:1	2:0.52175	rs2	1:2	2:0.2805	0	1000	1	2.6091e-31	4.82623	0.414659	1.32516e-07	2.80822	0.532331	0.701965	0.400673	1.04705	0.00284101	-5.5674	1.86548	4.19658e-07	8.27182	1.63481	0	0	2.11333e-13
313	rs1	1:1	2:0.52025	rs2	1:2	2:0.28	0	1000	0	7.3728e-31	4.81047	0.416487	2.34212e-08	2.97541	0.532786	0.680321	0.430699	1.04532	0.999745	-77.9249	243814	0.999665	55.9708	133490	0	0	1
314	rs1	1:1	2:0.52225	rs2	1:2	2:0.28325	0	1000	0	8.58515e-27	5.73636	0.53532	1.40476e-07	3.91541	0.743721	0.999868	-23.495	141579	0.999741	-77.3437	238215	0.999669	79.9447	192694	0	0	1
315	rs1	1:1	2:0.52175	rs2	1:2	2:0.28	0	1000	0	8.44714e-25	5.39312	0.524493	2.7863e-06	3.55758	0.759198	0.999877	-23.9162	155568	0.999746	-78.544	246545	0.999687	80.8428	205869	0	0	1
316	rs1	1:1	2:0.52425	rs2	1:2	2:0.27925	0	1000	0	3.01902e-23	5.26597	0.530198	4.00518e-11	5.0183	0.759901	0.999873	-23.6791	149165	0.99975	-77.0237	246294	0.999682	79.9831	200970	0	0	1
317	rs1	1:1	2:0.5195	rs2	1:2	2:0.27525	0	1000	1	5.96968e-28	4.85911	0.443362	1.49269e-08	3.0308	0.535251	0.0195747	1.72479	0.738856	0.174474	-2.73122	2.01126	0.000144529	5.64869	1.48639	0	0	9.7987e-07
318	rs1	1:1	2:0.5205	rs2	1:2	2:0.2785	0	1000	0	3.80076e-38	4.32497	0.334931	5.66095e-09	2.65463	0.455614	0.999872	-24.7988	154934	0.00212495	-4.19755	1.36631	0.999834	32.2447	154934	0	0	1
319	rs1	1:1	2:0.52875	rs2	1:2	2:0.283	0	1000	1	3.34612e-30	5.04837	0.442088	2.51887e-11	4.02673	0.603503	0.208441	1.07005	0.850691	0.00371069	-5.55609	1.91473	8.91283e-07	7.902	1.60798	0	0	1.96831e-11
320	rs1	1:1	2:0.5265	rs2	1:2	2:0.28425	0	1000	0	1.70671e-21	6.62013	0.695281	4.97674e-05	4.20306	1.03607	0.999873	-23.3652	146920	0.999731	-77.2113	229144	0.999671	79.9412	193945	0	0	1
321	rs1	1:1	2:0.52475	rs2	1:2	2:0.28075	0	1000	0	1.32225e-20	5.92441	0.636594	8.17539e-05	3.14818	0.799192	0.378454	0.959917	1.08989	0.999736	-77.9522	235694	0.999657	55.7952	129884	0	0	1
322	rs1	1:1	2:0.51775	rs2	1:2	2:0.2805	0	1000	0	8.26649e-31	4.96687	0.430395	3.67429e-05	2.06822	0.501136	0.172815	1.02887	0.754741	0.999732	-78.3382	233240	0.999656	55.4999	128658	0	0	1
323	rs1	1:1	2:0.51925	rs2	1:2	2:0.28275	0	1000	1	1.08212e-35	4.67197	0.374643	1.0736e-07	2.52384	0.47496	0.211362	0.949937	0.760053	0.00288643	-5.55652	1.86487	2.05709e-07	7.63199	1.46936	0	0	1.66227e-13
324	rs1	1:1	2:0.52075	rs2	1:2	2:0.28275	0	1000	0	2.04027e-22	5.33156	0.547401	1.13497e-06	3.39349	0.697292	0.999872	-23.9359	149327	0.99974	-76.785	235333	0.999677	79.9614	197628	0	0	1
325	rs1	1:1	2:0.5245	rs2	1:2	2:0.27725	0	1000	0	6.78525e-30	4.57482	0.402792	3.84119e-09	3.00164	0.50954	0.336232	0.743689	0.773358	0.999763	-78.6832	265173	0.999689	55.9547	143404	0	0	1
326	rs1	1:1	2:0.52075	rs2	1:2	2:0.2805	0	1000	0	3.10301e-40	4.52848	0.34105	2.60981e-14	3.66621	0.481362	0.999869	-24.1034	146699	0.457111	-1.05513	1.41893	0.999835	30.3191	146699	0	0	1
327	rs1	1:1	2:0.5215	rs2	1:2	2:0.28525	0	1000	0	1.40783e-15	6.65676	0.833682	0.00162636	3.44869	1.09443	0.999872	-23.1283	144637	0.999738	-76.8605	233751	0.999672	79.5319	193547	0	0	1
328	rs1	1:1	2:0.52175	rs2	1:2	2:0.279	0	1000	1	3.84541e-29	4.81384	0.429608	2.88473e-06	2.35322	0.502948	0.699413	-0.49258	1.27574	0.000250175	-7.13379	1.94802	1.34373e-06	9.80519	2.02873	0	0	1.02165e-14
329	rs1	1:1	2:0.52325	rs2	1:2	2:0.27875	0	1000	0	5.5602e-31	4.8468	0.418754	5.4272e-13	4.43799	0.615178	0.999874	-24.0139	151750	0.999749	-76.1268	242478	0.999685	79.7251	201737	0	0	1
330	rs1	1:1	2:0.5165	rs2	1:2	2:0.2775	0	1000	1	1.942e-33	4.71556	0.391336	1.32851e-08	2.74752	0.483517	0.200486	1.06794	0.834214	0.0106942	-5.1431	2.0149	7.85354e-06	7.40619	1.65718	0	0	5.26431e-10
331	rs1	1:1	2:0.51825	rs2	1:2	2:0.2815	0	1000	0	4.87954e-41	4.39575	0.327652	4.05095e-13	3.41511	0.470799	0.999868	-24.2039	146653	0.377222	-1.24103	1.40542	0.999834	30.4232	146653	0	0	1
332	rs1	1:1	2:0.52225	rs2	1:2	2:0.276	0	1000	0	1.7095e-39	4.85819	0.369453	9.69648e-12	2.97792	0.437225	0.756171	0.32189	1.03664	0.999747	-77.3904	244392	0.999668	55.8292	133991	0	0	1
333	rs1	1:1	2:0.51825	rs2	1:2	2:0.27925	0	1000	0	0.999222	66.7768	68463.7	0.999495	-18.7273	29577	0.999734	26.009	77995.7	0.999843	-51.3097	261574	0.999849	29.7684	157016	1	0	1
334	rs1	1:1	2:0.52125	rs2	1:2	2:0.2775	0	1000	1	6.00526e-45	4.14905	0.294936	1.20777e-13	3.04332	0.410376	0.94249	-0.073385	1.01726	0.00980308	-4.91057	1.90133	4.52139e-07	8.21761	1.62867	0	0	4.9121e-17
