Outcome	Var1_ID	Var1_Pos	Var1_MAF	Var2_ID	Var2_Pos	Var2_MAF	Num_Missing	Num_Cases	Converged	Red_Var1_Pval	Red_Var1_beta	Red_Var1_SE	Red_Var2_Pval	Red_Var2_beta	Red_Var2_SE	Full_Var1_Pval	Full_Var1_beta	Full_Var1_SE	Full_Var2_Pval	Full_Var2_beta	Full_Var2_SE	Full_Var1_Var2_Pval	Full_Var1_Var2_beta	Full_Var1_Var2_SE	Red_Model_Pval	Full_Model_Pval	Overall_Pval_(LRT)
1	rs1	1:1	2:0.5215	rs2	1:2	2:0.28025	0	1000	0	1.73979e-60	10.6175	0.647181	0.807072	0.853077	3.49328	2.59722e-60	10.6	0.647074	0.999984	-25.0939	1.26697e+06	0.99997	49.8058	1.34384e+06	0	0	1
2	rs1	1:1	2:0.5195	rs2	1:2	2:0.2805	0	1000	0	2.731e-28	11.867	1.07586	0.95511	-0.219632	3.90176	2.09207e-28	11.828	1.07	0.999978	-25.2481	895885	0.999961	48.5778	990458	0	0	1
3	rs1	1:1	2:0.52975	rs2	1:2	2:0.28175	0	1000	0	7.72669e-52	11.0858	0.731801	0.804188	1.30934	5.28106	9.12946e-52	11.0761	0.731686	0.999991	-24.9086	2.19446e+06	0.999982	49.3297	2.24379e+06	0	0	1
4	rs1	1:1	2:0.5225	rs2	1:2	2:0.281	0	1000	0	3.64914e-62	10.4589	0.628585	0.779152	1.02329	3.64906	5.04909e-62	10.4437	0.628409	0.999987	-25.2471	1.55172e+06	0.999975	49.9621	1.61031e+06	0	0	1
5	rs1	1:1	2:0.52225	rs2	1:2	2:0.28175	0	1000	0	1.62495e-28	12.4183	1.1211	0.948183	0.35481	5.45958	1.58568e-28	12.3968	1.11894	0.999984	-24.6854	1.26697e+06	0.999972	48.009	1.34384e+06	0	0	1
6	rs1	1:1	2:0.52625	rs2	1:2	2:0.27775	0	1000	0	1.98429e-63	10.3284	0.61434	0.827308	0.709939	3.25428	2.84409e-63	10.3102	0.614036	0.999984	-25.3816	1.26697e+06	0.99997	50.0956	1.34384e+06	0	0	1
7	rs1	1:1	2:0.5255	rs2	1:2	2:0.282	0	1000	0	2.66406e-28	11.8605	1.07505	0.992136	0.0413583	4.19618	2.11628e-28	11.8269	1.07	0.999982	-25.2461	1.09723e+06	0.999967	48.5789	1.16811e+06	0	0	1
8	rs1	1:1	2:0.5185	rs2	1:2	2:0.27675	0	1000	0	8.63821e-44	11.1546	0.803776	0.856588	0.960541	5.31511	8.8777e-44	11.143	0.803051	0.999991	-25.2441	2.19446e+06	0.999982	49.2628	2.24167e+06	0	0	1
9	rs1	1:1	2:0.5215	rs2	1:2	2:0.28125	0	1000	0	1.34229e-28	12.1833	1.09819	0.886784	0.913719	6.41772	1.27145e-28	12.1684	1.09638	0.999991	-24.9066	2.19446e+06	0.999983	48.2373	2.23074e+06	0	0	1
10	rs1	1:1	2:0.52	rs2	1:2	2:0.27775	0	1000	0	0.99953	49.2058	83575	0.999762	-17.6789	59166.8	0.999598	35.5002	70503.8	0.999991	-24.9056	2.19446e+06	0.999991	24.9056	2.23738e+06	1	0	1
11	rs1	1:1	2:0.522	rs2	1:2	2:0.2795	0	1000	0	1.5135e-28	12.0158	1.08414	0.990965	0.0585496	5.17069	1.34033e-28	11.9934	1.08106	0.999984	-25.0909	1.26697e+06	0.999972	48.4124	1.3587e+06	0	0	1
12	rs1	1:1	2:0.5205	rs2	1:2	2:0.2765	0	1000	0	1.97398e-63	10.3275	0.614273	0.812968	0.870854	3.68071	2.61114e-63	10.3133	0.614033	0.999987	-25.3806	1.55172e+06	0.999975	50.0925	1.62073e+06	0	0	1
13	rs1	1:1	2:0.525	rs2	1:2	2:0.2785	0	1000	0	1.99147e-49	11.3082	0.765135	0.788452	1.46489	5.45947	2.38756e-49	11.2982	0.765092	0.999991	-24.6854	2.19446e+06	0.999982	49.1076	2.23972e+06	0	0	1
14	rs1	1:1	2:0.518	rs2	1:2	2:0.28075	0	1000	0	1.29009e-28	12.1967	1.09905	0.970025	0.198449	5.28115	1.19248e-28	12.1747	1.09637	0.999984	-24.9086	1.26697e+06	0.999972	48.2311	1.35062e+06	0	0	1
15	rs1	1:1	2:0.523	rs2	1:2	2:0.277	0	1000	0	1.9881e-43	11.3078	0.818342	0.841693	1.07987	5.40672	2.10478e-43	11.2961	0.817742	0.999991	-25.0899	2.19446e+06	0.999982	49.1097	2.23793e+06	0	0	1
16	rs1	1:1	2:0.52525	rs2	1:2	2:0.278	0	1000	0	2.61308e-39	11.9892	0.913985	0.999953	24.0208	407545	2.61308e-39	11.9892	0.913985	0.999953	24.0208	407545	nan	nan	nan	1	0	1
17	rs1	1:1	2:0.52	rs2	1:2	2:0.2815	0	1000	0	0.999529	49.5477	83919.5	0.999758	-18.025	59452.1	0.999605	35.1637	70944.4	0.999991	-25.2421	2.19446e+06	0.999991	25.2421	2.22587e+06	1	0	1
18	rs1	1:1	2:0.522	rs2	1:2	2:0.28175	0	1000	0	4.73796e-28	12.702	1.15677	0.7754	1.82981	6.41319	4.8954e-28	12.6855	1.15558	0.999988	-23.3002	1.55172e+06	0.999976	47.7202	1.61261e+06	0	0	1
19	rs1	1:1	2:0.52625	rs2	1:2	2:0.278	0	1000	0	1.03192e-65	10.3963	0.607219	0.769101	1.02825	3.5028	1.5819e-65	10.381	0.607207	0.999984	-24.9136	1.26697e+06	0.999971	50.0248	1.36335e+06	0	0	1
20	rs1	1:1	2:0.51975	rs2	1:2	2:0.2775	0	1000	0	6.82569e-28	11.6076	1.06029	0.995049	0.0267302	4.30783	5.18625e-28	11.5766	1.05506	0.999984	-25.4964	1.26697e+06	0.999971	48.8292	1.33313e+06	0	0	1
21	rs1	1:1	2:0.516	rs2	1:2	2:0.28075	0	1000	0	7.44692e-44	10.9106	0.78559	0.960742	0.154301	3.13473	7.04782e-44	10.8783	0.783045	0.999979	-25.4994	981393	0.999963	49.5275	1.06004e+06	0	0	1
22	rs1	1:1	2:0.522	rs2	1:2	2:0.281	0	1000	0	1.34746e-54	11.0253	0.708539	0.791163	1.03347	3.90283	1.95429e-54	11.0085	0.708544	0.999984	-24.6885	1.26697e+06	0.999971	49.3973	1.34709e+06	0	0	1
23	rs1	1:1	2:0.521	rs2	1:2	2:0.28025	0	1000	0	4.02205e-28	11.7298	1.06679	0.977706	-0.118742	4.24912	3.11106e-28	11.6975	1.06162	0.999982	-25.3796	1.09723e+06	0.999967	48.7083	1.18177e+06	0	0	1
24	rs1	1:1	2:0.5195	rs2	1:2	2:0.28225	0	1000	0	8.06888e-44	10.79	0.777229	0.835559	0.938906	4.52315	7.62753e-44	10.7749	0.775916	0.999991	-25.6007	2.19446e+06	0.999982	49.6309	2.22958e+06	0	0	1
25	rs1	1:1	2:0.5255	rs2	1:2	2:0.27725	0	1000	0	4.75682e-28	12.6885	1.15558	0.999958	23.3225	447990	4.75682e-28	12.6885	1.15558	0.999958	23.3225	447990	nan	nan	nan	1	0	1
26	rs1	1:1	2:0.521	rs2	1:2	2:0.28075	0	1000	0	1.28871e-41	11.7245	0.867569	0.909848	0.558203	4.92978	1.52327e-41	11.7088	0.867195	0.999984	-24.6864	1.26697e+06	0.999972	48.697	1.36851e+06	0	0	1
27	rs1	1:1	2:0.523	rs2	1:2	2:0.282	0	1000	0	4.2893e-58	10.8035	0.672367	0.828343	0.753736	3.4762	6.69875e-58	10.7844	0.672336	0.999982	-24.9126	1.09723e+06	0.999967	49.6214	1.19284e+06	0	0	1
28	rs1	1:1	2:0.521	rs2	1:2	2:0.281	0	1000	0	2.27567e-39	12.0002	0.914089	0.811967	1.48284	6.23334	2.61194e-39	11.9893	0.913985	0.999991	-24.3968	2.19446e+06	0.999983	48.4165	2.23331e+06	0	0	1
29	rs1	1:1	2:0.52025	rs2	1:2	2:0.27825	0	1000	0	2.05543e-43	11.3062	0.818368	0.832814	1.11963	5.30396	2.1806e-43	11.294	0.817743	0.999991	-25.0899	2.19446e+06	0.999982	49.1117	2.23474e+06	0	0	1
30	rs1	1:1	2:0.52175	rs2	1:2	2:0.2805	0	1000	0	4.57141e-68	10.24	0.587365	0.806905	0.671395	2.74689	8.79971e-68	10.2166	0.587283	0.999979	-25.2511	981393	0.999963	50.1892	1.07163e+06	0	0	1
31	rs1	1:1	2:0.5235	rs2	1:2	2:0.2795	0	1000	0	2.12833e-39	12.0062	0.914194	0.84597	0.836085	4.30389	2.85472e-39	11.9831	0.913988	0.999982	-24.3998	1.09723e+06	0.999967	48.4226	1.16589e+06	0	0	1
32	rs1	1:1	2:0.52775	rs2	1:2	2:0.28075	0	1000	0	1.3817e-54	11.0242	0.70854	0.789012	1.46189	5.4631	1.66707e-54	11.0157	0.708539	0.999991	-24.6864	2.19446e+06	0.999983	49.3901	2.25461e+06	0	0	1
33	rs1	1:1	2:0.523	rs2	1:2	2:0.28125	0	1000	0	1.06909e-26	13.1148	1.2262	0.945331	0.438708	6.39786	1.18714e-26	13.0961	1.22557	0.999983	-23.9933	1.09723e+06	0.999969	47.3097	1.20724e+06	0	0	1
34	rs1	1:1	2:0.52225	rs2	1:2	2:0.27875	0	1000	0	1.47642e-28	12.1904	1.09968	0.93223	0.405938	4.77352	1.33999e-28	12.1633	1.09638	0.999984	-24.9086	1.26697e+06	0.999971	48.2425	1.32332e+06	0	0	1
35	rs1	1:1	2:0.5225	rs2	1:2	2:0.27875	0	1000	0	1.04135e-45	11.6045	0.817734	0.833319	0.817604	3.88509	1.54789e-45	11.5819	0.817743	0.99998	-24.4018	981393	0.999964	48.8239	1.07508e+06	0	0	1
36	rs1	1:1	2:0.52575	rs2	1:2	2:0.278	0	1000	0	3.04304e-64	10.2025	0.602875	0.75953	1.25168	4.08916	3.6889e-64	10.1914	0.602621	0.999991	-25.4974	2.19446e+06	0.999982	50.2144	2.23627e+06	0	0	1
37	rs1	1:1	2:0.5225	rs2	1:2	2:0.28075	0	1000	0	5.95646e-28	11.6056	1.05892	0.978794	0.13284	4.99751	4.859e-28	11.5828	1.05506	0.999987	-25.4954	1.55172e+06	0.999976	48.823	1.61779e+06	0	0	1
38	rs1	1:1	2:0.5235	rs2	1:2	2:0.28	0	1000	0	0.999519	50.4188	83683.8	0.999745	-18.9648	59253.6	0.999601	35.3159	70649.7	0.999984	-25.0899	1.26697e+06	0.999985	25.0899	1.33278e+06	1	0	1
39	rs1	1:1	2:0.52475	rs2	1:2	2:0.2805	0	1000	0	2.29442e-49	11.3002	0.765091	0.999957	24.4211	457625	2.29442e-49	11.3002	0.765091	0.999957	24.4211	457625	nan	nan	nan	1	0	1
40	rs1	1:1	2:0.52375	rs2	1:2	2:0.2765	0	1000	0	1.02289e-45	11.6055	0.817732	0.844591	0.840548	4.28797	1.41491e-45	11.587	0.81774	0.999982	-24.4008	1.09723e+06	0.999967	48.8188	1.1972e+06	0	0	1
41	rs1	1:1	2:0.52375	rs2	1:2	2:0.2785	0	1000	0	1.68073e-41	11.7026	0.867199	0.999955	24.0198	422369	1.68073e-41	11.7026	0.867199	0.999955	24.0198	422369	nan	nan	nan	1	0	1
42	rs1	1:1	2:0.52425	rs2	1:2	2:0.2815	0	1000	0	1.20112e-26	13.1012	1.22617	0.788998	1.76919	6.61104	1.32408e-26	13.0838	1.22558	0.999988	-23.2991	1.55172e+06	0.999976	47.322	1.59806e+06	0	0	1
43	rs1	1:1	2:0.52075	rs2	1:2	2:0.28225	0	1000	0	4.45977e-28	12.7088	1.15681	0.955339	0.35267	6.29735	4.61516e-28	12.6917	1.15558	0.999985	-24.3978	1.26697e+06	0.999972	47.7141	1.36851e+06	0	0	1
44	rs1	1:1	2:0.5205	rs2	1:2	2:0.279	0	1000	0	3.81895e-28	11.7205	1.0655	0.952435	0.292198	4.8986	3.14726e-28	11.6964	1.06162	0.999987	-25.3776	1.55172e+06	0.999976	48.7094	1.60619e+06	0	0	1
45	rs1	1:1	2:0.523	rs2	1:2	2:0.28075	0	1000	0	1.66446e-28	12.0122	1.08466	0.964854	0.21147	4.79932	1.4447e-28	11.9862	1.08107	0.999984	-25.0909	1.26697e+06	0.999971	48.4196	1.33552e+06	0	0	1
46	rs1	1:1	2:0.519	rs2	1:2	2:0.2835	0	1000	0	0.999524	49.8987	83569.4	0.999752	-18.3729	59161.7	0.999598	35.4992	70503.8	0.999987	-24.9066	1.55172e+06	0.999988	24.9066	1.61185e+06	1	0	1
47	rs1	1:1	2:0.52325	rs2	1:2	2:0.27725	0	1000	0	1.22815e-65	10.3902	0.607222	0.747024	1.45345	4.5059	1.58448e-65	10.3809	0.607207	0.999991	-25.0929	2.19446e+06	0.999982	50.0249	2.24611e+06	0	0	1
48	rs1	1:1	2:0.51875	rs2	1:2	2:0.2765	0	1000	0	8.09516e-28	11.4763	1.04978	0.999958	23.3308	438939	8.09516e-28	11.4763	1.04978	0.999958	23.3308	438939	nan	nan	nan	1	0	1
49	rs1	1:1	2:0.5225	rs2	1:2	2:0.2785	0	1000	0	0.999521	50.2695	83664.9	0.999741	-19.2515	59225.3	0.999604	35.0282	70576.6	0.999984	-25.3776	1.26697e+06	0.999985	25.3776	1.34271e+06	1	0	1
50	rs1	1:1	2:0.5225	rs2	1:2	2:0.28025	0	1000	0	5.10554e-71	9.97372	0.559749	0.694403	1.45723	3.70903	6.84015e-71	9.96201	0.559606	0.999991	-25.4984	2.19446e+06	0.999982	50.4438	2.22958e+06	0	0	1
51	rs1	1:1	2:0.52	rs2	1:2	2:0.2825	0	1000	0	1.78229e-28	11.8433	1.06999	0.999964	23.3205	517294	1.78229e-28	11.8433	1.06999	0.999964	23.3205	517294	nan	nan	nan	1	0	1
52	rs1	1:1	2:0.52175	rs2	1:2	2:0.27825	0	1000	0	4.27205e-72	9.87169	0.549757	0.727872	1.3136	3.77517	5.51416e-72	9.86081	0.549585	0.999991	-25.6037	2.19446e+06	0.999982	50.545	2.23627e+06	0	0	1
53	rs1	1:1	2:0.52425	rs2	1:2	2:0.27625	0	1000	0	1.79739e-49	11.314	0.76517	0.831374	0.806053	3.78537	2.63701e-49	11.2931	0.765096	0.999982	-24.6885	1.09723e+06	0.999967	49.1127	1.17863e+06	0	0	1
54	rs1	1:1	2:0.5215	rs2	1:2	2:0.28375	0	1000	0	1.558e-28	12.0182	1.08462	0.985501	-0.0875405	4.81727	1.3544e-28	11.9924	1.08106	0.999982	-25.0919	1.09723e+06	0.999968	48.4134	1.20198e+06	0	0	1
55	rs1	1:1	2:0.52375	rs2	1:2	2:0.28025	0	1000	0	1.49174e-28	12.1978	1.10043	0.982039	0.097108	4.31337	1.3249e-28	12.1644	1.09638	0.99998	-24.9106	981393	0.999964	48.2414	1.06004e+06	0	0	1
56	rs1	1:1	2:0.52275	rs2	1:2	2:0.2765	0	1000	0	1.91483e-54	10.7494	0.69181	0.826107	1.09378	4.97857	2.17121e-54	10.7396	0.691536	0.999991	-25.2451	2.19446e+06	0.999982	49.6662	2.24867e+06	0	0	1
57	rs1	1:1	2:0.5205	rs2	1:2	2:0.2795	0	1000	0	2.39881e-28	11.8635	1.07441	0.983259	-0.0940325	4.48122	1.96169e-28	11.8341	1.07	0.999982	-25.2461	1.09723e+06	0.999967	48.5717	1.18884e+06	0	0	1
58	rs1	1:1	2:0.52075	rs2	1:2	2:0.2805	0	1000	0	3.22874e-62	10.4644	0.628639	0.840395	0.630441	3.13047	5.042e-62	10.4438	0.628408	0.999982	-25.2491	1.09723e+06	0.999966	49.962	1.18516e+06	0	0	1
59	rs1	1:1	2:0.52025	rs2	1:2	2:0.28	0	1000	0	1.16671e-26	13.0981	1.22557	0.999961	23.3184	478922	1.16671e-26	13.0981	1.22557	0.999961	23.3184	478922	nan	nan	nan	1	0	1
60	rs1	1:1	2:0.5205	rs2	1:2	2:0.28	0	1000	0	1.12295e-26	13.1079	1.22608	0.899206	0.907332	7.16327	1.22023e-26	13.093	1.22557	0.999988	-23.9913	1.55172e+06	0.999977	47.3128	1.61509e+06	0	0	1
61	rs1	1:1	2:0.525	rs2	1:2	2:0.2815	0	1000	0	2.15681e-49	11.3045	0.765166	0.762623	1.27969	4.23686	2.9212e-49	11.2879	0.765099	0.999987	-24.6864	1.55172e+06	0.999976	49.1179	1.59806e+06	0	0	1
62	rs1	1:1	2:0.52475	rs2	1:2	2:0.27525	0	1000	0	4.44768e-58	10.8019	0.672364	0.809712	0.899175	3.73416	6.53709e-58	10.7854	0.672335	0.999984	-24.9116	1.26697e+06	0.999971	49.6204	1.35062e+06	0	0	1
63	rs1	1:1	2:0.523	rs2	1:2	2:0.27725	0	1000	0	7.2002e-52	11.089	0.731786	0.827994	1.20613	5.55117	8.37579e-52	11.0802	0.731684	0.999991	-24.9086	2.19446e+06	0.999983	49.3256	2.25461e+06	0	0	1
64	rs1	1:1	2:0.52675	rs2	1:2	2:0.279	0	1000	0	1.73598e-49	11.3155	0.765149	0.844405	0.841564	4.28795	2.33794e-49	11.2993	0.765091	0.999984	-24.6875	1.26697e+06	0.999971	49.1065	1.35447e+06	0	0	1
65	rs1	1:1	2:0.519	rs2	1:2	2:0.27725	0	1000	0	0.999525	49.681	83482.6	0.999749	-18.5525	59082.5	0.9996	35.3169	70358.7	0.999987	-25.0889	1.55172e+06	0.999988	25.0889	1.62547e+06	1	0	1
66	rs1	1:1	2:0.52025	rs2	1:2	2:0.28275	0	1000	0	3.03098e-53	10.8834	0.70855	0.99995	24.4325	387971	3.03098e-53	10.8834	0.70855	0.99995	24.4325	387971	nan	nan	nan	1	0	1
67	rs1	1:1	2:0.52525	rs2	1:2	2:0.2785	0	1000	0	1.9982e-43	11.3137	0.818794	0.893744	0.543574	4.06962	2.21728e-43	11.2931	0.817744	0.999984	-25.0919	1.26697e+06	0.999971	49.1127	1.33809e+06	0	0	1
68	rs1	1:1	2:0.52125	rs2	1:2	2:0.276	0	1000	0	2.11287e-39	12.0051	0.914072	0.837453	1.35851	6.62196	2.38764e-39	11.9954	0.913981	0.999991	-24.3968	2.19446e+06	0.999983	48.4104	2.24379e+06	0	0	1
69	rs1	1:1	2:0.518	rs2	1:2	2:0.2795	0	1000	0	6.8817e-44	10.9125	0.785406	0.980109	0.0809705	3.24762	6.54011e-44	10.8825	0.783042	0.999979	-25.4994	981393	0.999963	49.5233	1.07163e+06	0	0	1
70	rs1	1:1	2:0.5225	rs2	1:2	2:0.2815	0	1000	0	7.91297e-43	11.5063	0.83877	0.991306	-0.0424445	3.89509	9.53664e-43	11.4827	0.837873	0.999976	-24.9136	829429	0.999961	48.9231	994482	0	0	1
71	rs1	1:1	2:0.52225	rs2	1:2	2:0.2805	0	1000	0	0.999519	50.3387	83503	0.999753	-18.267	59116.7	0.999592	36.009	70467.4	0.999985	-24.3968	1.26697e+06	0.999985	24.3968	1.33738e+06	1	0	1
72	rs1	1:1	2:0.52075	rs2	1:2	2:0.2775	0	1000	0	2.27864e-28	11.8557	1.07325	0.953913	0.300881	5.20608	1.96286e-28	11.8341	1.07	0.999987	-25.2441	1.55172e+06	0.999976	48.5717	1.61261e+06	0	0	1
73	rs1	1:1	2:0.52325	rs2	1:2	2:0.27875	0	1000	0	1.87714e-43	11.3162	0.818705	0.914042	0.457938	4.24245	2.06608e-43	11.2972	0.817741	0.999984	-25.0919	1.26697e+06	0.999971	49.1086	1.35062e+06	0	0	1
74	rs1	1:1	2:0.522	rs2	1:2	2:0.27675	0	1000	0	8.05444e-44	11.1577	0.803705	0.877035	0.862376	5.57345	8.26e-44	11.1471	0.803048	0.999991	-25.2441	2.19446e+06	0.999983	49.2587	2.25148e+06	0	0	1
75	rs1	1:1	2:0.52325	rs2	1:2	2:0.28375	0	1000	0	1.96493e-49	11.3091	0.765153	0.742383	1.46443	4.45524	2.58553e-49	11.2941	0.765095	0.999987	-24.3998	1.55172e+06	0.999976	49.1117	1.60818e+06	0	0	1
76	rs1	1:1	2:0.52225	rs2	1:2	2:0.2835	0	1000	0	4.76588e-28	12.7068	1.15726	0.944731	0.37465	5.40429	4.99321e-28	12.6835	1.15558	0.999982	-24.3988	1.09723e+06	0.999968	47.7223	1.18177e+06	0	0	1
77	rs1	1:1	2:0.5195	rs2	1:2	2:0.2785	0	1000	0	2.2794e-54	10.7469	0.692143	0.816725	0.779318	3.36263	3.01613e-54	10.7252	0.691547	0.999984	-25.2471	1.26697e+06	0.99997	49.6806	1.32504e+06	0	0	1
78	rs1	1:1	2:0.5185	rs2	1:2	2:0.27725	0	1000	0	0.999524	49.8643	83671.5	0.999746	-18.8452	59231.3	0.999604	35.0292	70576.6	0.999987	-25.3766	1.55172e+06	0.999987	25.3766	1.61415e+06	1	0	1
79	rs1	1:1	2:0.51925	rs2	1:2	2:0.2785	0	1000	0	1.92759e-39	12.012	0.914118	0.888874	0.729851	5.22333	2.35095e-39	11.9965	0.913981	0.999985	-24.3988	1.26697e+06	0.999972	48.4093	1.36335e+06	0	0	1
80	rs1	1:1	2:0.5195	rs2	1:2	2:0.27675	0	1000	0	6.50501e-28	11.6089	1.05999	0.994403	-0.0310752	4.43021	5.019e-28	11.5797	1.05506	0.999984	-25.4964	1.26697e+06	0.999971	48.8261	1.34085e+06	0	0	1
81	rs1	1:1	2:0.5275	rs2	1:2	2:0.27775	0	1000	0	2.14404e-60	10.6088	0.647152	0.668894	1.89535	4.43184	2.73888e-60	10.5979	0.647076	0.999991	-24.6885	2.19446e+06	0.999982	49.8079	2.23331e+06	0	0	1
82	rs1	1:1	2:0.5205	rs2	1:2	2:0.2765	0	1000	0	0.999596	35.7244	70467.4	1	2.75691e-11	436145	0.999596	35.7244	70467.4	1	2.75691e-11	436145	nan	nan	nan	1	0	1
83	rs1	1:1	2:0.5185	rs2	1:2	2:0.2825	0	1000	0	2.23377e-43	11.3091	0.818938	0.86202	0.666466	3.8346	2.5106e-43	11.2858	0.817748	0.999984	-25.0919	1.26697e+06	0.99997	49.12	1.32332e+06	0	0	1
84	rs1	1:1	2:0.51925	rs2	1:2	2:0.27525	0	1000	0	1.96063e-53	10.9073	0.708805	0.850423	0.819221	4.34418	2.4111e-53	10.8938	0.708542	0.999987	-25.0919	1.55172e+06	0.999976	49.512	1.62747e+06	0	0	1
85	rs1	1:1	2:0.526	rs2	1:2	2:0.2765	0	1000	0	8.77687e-52	11.0801	0.731826	0.768302	1.45233	4.9299	1.06236e-51	11.0689	0.731692	0.999991	-24.9086	2.19446e+06	0.999982	49.3369	2.23198e+06	0	0	1
86	rs1	1:1	2:0.5165	rs2	1:2	2:0.2845	0	1000	0	1.35742e-26	11.1674	1.04629	0.964213	-0.147471	3.28686	7.54832e-27	11.1149	1.03609	0.999981	-25.9392	1.09723e+06	0.999966	49.2909	1.14952e+06	0	0	1
87	rs1	1:1	2:0.52275	rs2	1:2	2:0.28225	0	1000	0	1.1441e-28	12.1787	1.09637	0.999961	23.3215	478922	1.1441e-28	12.1787	1.09637	0.999961	23.3215	478922	nan	nan	nan	1	0	1
88	rs1	1:1	2:0.51825	rs2	1:2	2:0.27975	0	1000	0	1.61919e-28	12.4147	1.12074	0.922544	0.580836	5.97383	1.58609e-28	12.3968	1.11894	0.999987	-24.6844	1.55172e+06	0.999976	48.009	1.61261e+06	0	0	1
89	rs1	1:1	2:0.52425	rs2	1:2	2:0.28	0	1000	0	1.11956e-26	13.1096	1.2262	0.910124	0.723944	6.41331	1.24231e-26	13.091	1.22557	0.999985	-23.9923	1.26697e+06	0.999972	47.3148	1.34085e+06	0	0	1
90	rs1	1:1	2:0.522	rs2	1:2	2:0.278	0	1000	0	1.97154e-43	11.3116	0.818585	0.872604	0.728859	4.54536	2.14126e-43	11.2951	0.817742	0.999987	-25.0909	1.55172e+06	0.999976	49.1107	1.61261e+06	0	0	1
91	rs1	1:1	2:0.5235	rs2	1:2	2:0.27775	0	1000	0	4.22685e-58	10.804	0.672365	0.835588	0.729842	3.51664	6.53401e-58	10.7854	0.672335	0.999982	-24.9126	1.09723e+06	0.999967	49.6204	1.1972e+06	0	0	1
92	rs1	1:1	2:0.52175	rs2	1:2	2:0.27975	0	1000	0	2.34247e-43	11.2899	0.817746	0.999951	24.027	387971	2.34247e-43	11.2899	0.817746	0.999951	24.027	387971	nan	nan	nan	1	0	1
93	rs1	1:1	2:0.52025	rs2	1:2	2:0.282	0	1000	0	7.97938e-52	11.0853	0.731866	0.800702	1.06443	4.21659	1.03889e-51	11.0699	0.731691	0.999987	-24.9096	1.55172e+06	0.999976	49.3359	1.60818e+06	0	0	1
94	rs1	1:1	2:0.52525	rs2	1:2	2:0.278	0	1000	0	2.24873e-53	10.9003	0.70876	0.792778	1.28514	4.89192	2.64144e-53	10.8896	0.708545	0.999991	-25.0909	2.19446e+06	0.999982	49.5161	2.23793e+06	0	0	1
95	rs1	1:1	2:0.52075	rs2	1:2	2:0.28025	0	1000	0	3.34005e-62	10.4626	0.62861	0.817437	0.77633	3.36302	4.90713e-62	10.4448	0.628408	0.999984	-25.2481	1.26697e+06	0.99997	49.961	1.34384e+06	0	0	1
96	rs1	1:1	2:0.52075	rs2	1:2	2:0.28075	0	1000	0	1.5604e-28	12.4119	1.12016	0.902447	0.88828	7.24711	1.53813e-28	12.3998	1.11894	0.999991	-24.6834	2.19446e+06	0.999983	48.0059	2.24167e+06	0	0	1
97	rs1	1:1	2:0.5205	rs2	1:2	2:0.28275	0	1000	0	3.98721e-28	11.7187	1.06571	0.942508	0.344446	4.77614	3.25215e-28	11.6933	1.06162	0.999987	-25.3776	1.55172e+06	0.999976	48.7125	1.601e+06	0	0	1
98	rs1	1:1	2:0.523	rs2	1:2	2:0.27975	0	1000	0	3.98721e-28	11.7187	1.06571	0.942508	0.344446	4.77614	3.25215e-28	11.6933	1.06162	0.999987	-25.3776	1.55172e+06	0.999976	48.7125	1.601e+06	0	0	1
99	rs1	1:1	2:0.519	rs2	1:2	2:0.28475	0	1000	0	0.999515	50.9249	83730.4	0.99975	-18.5623	59313	0.999594	36.008	70796.6	0.999982	-24.3978	1.09723e+06	0.999983	24.3978	1.15876e+06	1	0	1
100	rs1	1:1	2:0.5215	rs2	1:2	2:0.27975	0	1000	0	1.30517e-28	12.1918	1.09871	0.933879	0.469132	5.65452	1.21825e-28	12.1726	1.09637	0.999987	-24.9076	1.55172e+06	0.999976	48.2332	1.61261e+06	0	0	1
101	rs1	1:1	2:0.516	rs2	1:2	2:0.28225	0	1000	0	0.999522	50.0381	83491.9	0.999742	-19.1132	59084.4	0.999601	35.1617	70358.7	0.999984	-25.2441	1.26697e+06	0.999985	25.2441	1.36052e+06	1	0	1
102	rs1	1:1	2:0.519	rs2	1:2	2:0.278	0	1000	0	0.999533	48.8856	83437.3	0.999759	-17.8571	59044.6	0.999599	35.3179	70286.5	0.999991	-25.0879	2.19446e+06	0.999991	25.0879	2.25258e+06	1	0	1
103	rs1	1:1	2:0.5275	rs2	1:2	2:0.2835	0	1000	0	0.99952	50.1754	83442.1	0.999749	-18.5527	59059	0.999595	35.7214	70358.7	0.999984	-24.6844	1.26697e+06	0.999985	24.6844	1.34892e+06	1	0	1
104	rs1	1:1	2:0.52675	rs2	1:2	2:0.28025	0	1000	0	4.63984e-28	12.7085	1.15716	0.955776	0.309404	5.57935	4.84734e-28	12.6866	1.15558	0.999982	-24.3988	1.09723e+06	0.999968	47.7192	1.19284e+06	0	0	1
105	rs1	1:1	2:0.52375	rs2	1:2	2:0.28725	0	1000	0	1.41785e-28	12.1996	1.10014	0.995706	0.0240532	4.46915	1.26987e-28	12.1686	1.09637	0.99998	-24.9106	981393	0.999964	48.2372	1.07163e+06	0	0	1
106	rs1	1:1	2:0.52	rs2	1:2	2:0.28225	0	1000	0	1.10909e-27	11.5118	1.05579	0.905523	-0.483877	4.07689	7.99476e-28	11.4775	1.04978	0.999979	-25.6037	981393	0.999965	48.9283	1.10302e+06	0	0	1
107	rs1	1:1	2:0.52225	rs2	1:2	2:0.27875	0	1000	0	2.24772e-49	11.3013	0.76509	0.999958	24.7068	467910	2.24772e-49	11.3013	0.76509	0.999958	24.7068	467910	nan	nan	nan	1	0	1
108	rs1	1:1	2:0.52	rs2	1:2	2:0.27825	0	1000	0	1.00942e-27	11.5061	1.05444	0.961472	-0.223181	4.62008	7.82691e-28	11.4795	1.04978	0.999984	-25.6017	1.26697e+06	0.999971	48.9263	1.36335e+06	0	0	1
109	rs1	1:1	2:0.5205	rs2	1:2	2:0.27875	0	1000	0	7.46662e-52	11.0882	0.731848	0.822992	0.98174	4.38868	9.52758e-52	11.074	0.731688	0.999987	-24.9096	1.55172e+06	0.999976	49.3317	1.61779e+06	0	0	1
110	rs1	1:1	2:0.524	rs2	1:2	2:0.2775	0	1000	0	1.63674e-28	12.414	1.12078	0.919085	0.60093	5.91548	1.60257e-28	12.3958	1.11894	0.999987	-24.6844	1.55172e+06	0.999976	48.01	1.61031e+06	0	0	1
111	rs1	1:1	2:0.523	rs2	1:2	2:0.2815	0	1000	0	0.999525	49.7307	83550.9	0.999748	-18.7084	59134.5	0.999602	35.1627	70431.1	0.999987	-25.2431	1.55172e+06	0.999988	25.2431	1.62226e+06	1	0	1
112	rs1	1:1	2:0.5235	rs2	1:2	2:0.28075	0	1000	0	1.72343e-60	10.6174	0.647155	0.804444	0.989551	3.99658	2.33734e-60	10.6041	0.647071	0.999987	-25.0929	1.55172e+06	0.999976	49.8017	1.62394e+06	0	0	1
113	rs1	1:1	2:0.52025	rs2	1:2	2:0.28025	0	1000	0	9.92816e-46	11.6072	0.81773	0.864281	0.761627	4.45585	1.34063e-45	11.59	0.817738	0.999982	-24.4008	1.09723e+06	0.999968	48.8158	1.21306e+06	0	0	1
114	rs1	1:1	2:0.52375	rs2	1:2	2:0.28575	0	1000	0	5.47299e-58	10.7936	0.672385	0.737126	1.12449	3.35007	8.83049e-58	10.773	0.672345	0.999984	-24.9116	1.26697e+06	0.99997	49.6328	1.3217e+06	0	0	1
115	rs1	1:1	2:0.518	rs2	1:2	2:0.28175	0	1000	0	2.91623e-27	11.3182	1.04651	0.994388	-0.0331215	4.70919	2.23011e-27	11.293	1.04181	0.999987	-25.7831	1.55172e+06	0.999976	49.1128	1.62073e+06	0	0	1
116	rs1	1:1	2:0.52125	rs2	1:2	2:0.278	0	1000	0	1.57499e-41	11.7067	0.867197	0.999958	24.0157	457625	1.57499e-41	11.7067	0.867197	0.999958	24.0157	457625	nan	nan	nan	1	0	1
117	rs1	1:1	2:0.518	rs2	1:2	2:0.27825	0	1000	0	2.09459e-28	11.8591	1.07282	0.97696	0.160967	5.57348	1.8398e-28	11.8403	1.06999	0.999987	-25.2441	1.55172e+06	0.999976	48.5655	1.63136e+06	0	0	1
118	rs1	1:1	2:0.5215	rs2	1:2	2:0.28075	0	1000	0	2.30766e-53	10.9008	0.708871	0.798562	1.0107	3.96028	2.95807e-53	10.8845	0.708549	0.999987	-25.0919	1.55172e+06	0.999975	49.5213	1.60435e+06	0	0	1
119	rs1	1:1	2:0.52125	rs2	1:2	2:0.28	0	1000	0	1.51812e-28	12.004	1.0831	0.906231	0.749233	6.36052	1.39977e-28	11.9892	1.08107	0.999991	-25.0889	2.19446e+06	0.999983	48.4166	2.23627e+06	0	0	1
120	rs1	1:1	2:0.52325	rs2	1:2	2:0.2785	0	1000	0	2.98241e-72	10.0341	0.558183	0.99995	25.1246	400695	2.98241e-72	10.0341	0.558183	0.99995	25.1246	400695	nan	nan	nan	1	0	1
121	rs1	1:1	2:0.518	rs2	1:2	2:0.279	0	1000	0	4.58023e-58	10.8006	0.672359	0.755138	1.30375	4.18042	6.21963e-58	10.7874	0.672334	0.999987	-24.6885	1.55172e+06	0.999976	49.6184	1.62394e+06	0	0	1
122	rs1	1:1	2:0.5225	rs2	1:2	2:0.28	0	1000	0	5.01733e-58	10.7969	0.672367	0.763955	1.19035	3.96399	7.0495e-58	10.7823	0.672338	0.999987	-24.9106	1.55172e+06	0.999975	49.6235	1.61031e+06	0	0	1
123	rs1	1:1	2:0.52125	rs2	1:2	2:0.27825	0	1000	0	1.87963e-49	11.3113	0.765147	0.808027	1.11485	4.58838	2.43497e-49	11.2972	0.765093	0.999987	-24.6864	1.55172e+06	0.999976	49.1086	1.61509e+06	0	0	1
124	rs1	1:1	2:0.52425	rs2	1:2	2:0.2755	0	1000	0	1.99496e-49	11.3084	0.765155	0.736891	1.48328	4.41489	2.63828e-49	11.2931	0.765096	0.999987	-24.3998	1.55172e+06	0.999976	49.1127	1.60619e+06	0	0	1
125	rs1	1:1	2:0.5195	rs2	1:2	2:0.28	0	1000	0	1.01064e-51	11.0696	0.731579	0.000695407	4.19555	1.23712	1.06105e-51	11.0689	0.731691	0.000710235	4.19369	1.23868	0.999963	20.2326	430415	0	0	1
126	rs1	1:1	2:0.524	rs2	1:2	2:0.27825	0	1000	0	1.02348e-42	11.4784	0.837875	0.999955	24.0208	422369	1.02348e-42	11.4784	0.837875	0.999955	24.0208	422369	nan	nan	nan	1	0	1
127	rs1	1:1	2:0.52275	rs2	1:2	2:0.276	0	1000	0	1.68914e-49	11.317	0.765157	0.804994	0.985658	3.99231	2.38365e-49	11.2983	0.765092	0.999982	-24.4018	1.09723e+06	0.999967	49.1075	1.1972e+06	0	0	1
128	rs1	1:1	2:0.52325	rs2	1:2	2:0.282	0	1000	0	1.7534e-28	12.414	1.12141	0.924409	0.485924	5.12141	1.70488e-28	12.3896	1.11895	0.999984	-24.6854	1.26697e+06	0.999971	48.0162	1.32688e+06	0	0	1
129	rs1	1:1	2:0.52325	rs2	1:2	2:0.2775	0	1000	0	1.91955e-49	11.3108	0.765182	0.804457	0.896915	3.62267	2.91761e-49	11.288	0.765099	0.999982	-24.6885	1.09723e+06	0.999966	49.1178	1.16589e+06	0	0	1
130	rs1	1:1	2:0.5195	rs2	1:2	2:0.2805	0	1000	0	4.74021e-28	12.702	1.15677	0.909998	0.72496	6.41327	4.89768e-28	12.6855	1.15558	0.999987	-24.3968	1.55172e+06	0.999976	47.7203	1.61261e+06	0	0	1
131	rs1	1:1	2:0.52325	rs2	1:2	2:0.284	0	1000	0	9.19059e-43	11.4956	0.838649	0.876715	0.654148	4.21664	1.07584e-42	11.4754	0.837877	0.999984	-24.9096	1.26697e+06	0.999971	48.9304	1.33552e+06	0	0	1
132	rs1	1:1	2:0.5215	rs2	1:2	2:0.28025	0	1000	0	8.82221e-44	11.1633	0.804491	0.94539	0.257677	3.76189	9.35882e-44	11.14	0.803053	0.999982	-25.2471	1.09723e+06	0.999967	49.2658	1.18884e+06	0	0	1
133	rs1	1:1	2:0.52325	rs2	1:2	2:0.2785	0	1000	0	1.81567e-28	12.0133	1.08552	0.974944	0.135731	4.32151	1.52411e-28	11.981	1.08107	0.999982	-25.0919	1.09723e+06	0.999967	48.4248	1.16589e+06	0	0	1
134	rs1	1:1	2:0.52575	rs2	1:2	2:0.2805	0	1000	0	1.20392e-54	11.0303	0.708532	0.851519	0.733228	3.91722	1.74293e-54	11.0137	0.70854	0.999982	-24.6895	1.09723e+06	0.999968	49.3921	1.21953e+06	0	0	1
135	rs1	1:1	2:0.523	rs2	1:2	2:0.27875	0	1000	0	0.999517	50.5045	83417.6	0.999749	-18.5532	59043.6	0.999592	36.008	70358.7	0.999982	-24.3978	1.09723e+06	0.999984	24.3978	1.18725e+06	1	0	1
136	rs1	1:1	2:0.5195	rs2	1:2	2:0.28475	0	1000	0	0.999532	49.0856	83624.3	0.999755	-18.1497	59191.4	0.999604	35.0302	70503.8	0.999991	-25.3756	2.19446e+06	0.999991	25.3756	2.24278e+06	1	0	1
137	rs1	1:1	2:0.5195	rs2	1:2	2:0.2765	0	1000	0	2.56169e-28	11.8681	1.0754	0.940885	-0.300982	4.05866	2.00347e-28	11.8321	1.07	0.999978	-25.2481	895885	0.999961	48.5737	1.006e+06	0	0	1
138	rs1	1:1	2:0.5225	rs2	1:2	2:0.28225	0	1000	0	2.15144e-54	10.7489	0.69211	0.832612	0.728347	3.44612	2.80938e-54	10.7283	0.691545	0.999984	-25.2471	1.26697e+06	0.99997	49.6775	1.33091e+06	0	0	1
139	rs1	1:1	2:0.52575	rs2	1:2	2:0.279	0	1000	0	9.30227e-56	10.3968	0.66092	0.927024	0.285145	3.11328	1.07156e-55	10.3737	0.659829	0.999981	-25.6047	1.09723e+06	0.999966	50.0321	1.18884e+06	0	0	1
140	rs1	1:1	2:0.52125	rs2	1:2	2:0.2845	0	1000	0	1.61356e-41	11.7111	0.867634	0.814688	1.09	4.6505	1.94477e-41	11.6933	0.867204	0.999987	-24.6854	1.55172e+06	0.999976	48.7125	1.59671e+06	0	0	1
141	rs1	1:1	2:0.52125	rs2	1:2	2:0.279	0	1000	0	1.61171e-28	12.4216	1.12132	0.974722	0.164692	5.19747	1.56905e-28	12.3979	1.11894	0.999982	-24.6864	1.09723e+06	0.999968	48.0079	1.19284e+06	0	0	1
142	rs1	1:1	2:0.5225	rs2	1:2	2:0.275	0	1000	0	4.45977e-28	12.7088	1.15681	0.955339	0.35267	6.29735	4.61516e-28	12.6917	1.15558	0.999985	-24.3978	1.26697e+06	0.999972	47.7141	1.36851e+06	0	0	1
143	rs1	1:1	2:0.52275	rs2	1:2	2:0.27775	0	1000	0	1.96063e-53	10.9073	0.708805	0.850423	0.819221	4.34418	2.4111e-53	10.8938	0.708542	0.999987	-25.0919	1.55172e+06	0.999976	49.512	1.62747e+06	0	0	1
144	rs1	1:1	2:0.52125	rs2	1:2	2:0.27775	0	1000	0	1.50823e-41	11.7149	0.867596	0.835084	1.00761	4.83999	1.79217e-41	11.6985	0.867201	0.999987	-24.6854	1.55172e+06	0.999976	48.7073	1.60435e+06	0	0	1
145	rs1	1:1	2:0.5235	rs2	1:2	2:0.28125	0	1000	0	1.90773e-49	11.3106	0.765149	0.802513	1.13589	4.54182	2.48455e-49	11.2962	0.765094	0.999987	-24.6864	1.55172e+06	0.999976	49.1096	1.61261e+06	0	0	1
146	rs1	1:1	2:0.524	rs2	1:2	2:0.27775	0	1000	0	0.999521	49.9773	83295.3	0.999753	-18.2611	58941.2	0.999591	36.009	70178.6	0.999985	-24.3968	1.26697e+06	0.999986	24.3968	1.36516e+06	1	0	1
147	rs1	1:1	2:0.527	rs2	1:2	2:0.2815	0	1000	0	2.14889e-54	10.7505	0.692209	0.850473	0.599781	3.18161	2.94336e-54	10.7263	0.691546	0.999982	-25.2481	1.09723e+06	0.999966	49.6795	1.16811e+06	0	0	1
148	rs1	1:1	2:0.524	rs2	1:2	2:0.27925	0	1000	0	2.21865e-39	12.0019	0.914084	0.770673	1.8511	6.35037	2.53383e-39	11.9913	0.913984	0.999991	-23.9923	2.19446e+06	0.999983	48.4144	2.23627e+06	0	0	1
149	rs1	1:1	2:0.51525	rs2	1:2	2:0.28075	0	1000	0	0.999517	50.7495	83873.5	0.999734	-19.769	59391.7	0.999608	34.8041	70833.5	0.999981	-25.6017	1.09723e+06	0.999983	25.6017	1.17025e+06	1	0	1
150	rs1	1:1	2:0.522	rs2	1:2	2:0.28025	0	1000	0	0.999598	35.5012	70503.8	1	-4.13852e-10	436151	0.999598	35.5012	70503.8	1	-4.13852e-10	436151	nan	nan	nan	1	0	1
151	rs1	1:1	2:0.52275	rs2	1:2	2:0.2795	0	1000	0	1.11932e-26	13.1096	1.2262	0.824492	1.42228	6.41327	1.24206e-26	13.091	1.22557	0.999985	-23.3002	1.26697e+06	0.999972	47.3148	1.34085e+06	0	0	1
152	rs1	1:1	2:0.52475	rs2	1:2	2:0.2845	0	1000	0	4.53236e-58	10.8015	0.672387	0.807704	0.708446	2.91076	8.59223e-58	10.7741	0.672344	0.999978	-24.9146	895885	0.99996	49.6317	981410	0	0	1
153	rs1	1:1	2:0.52175	rs2	1:2	2:0.28025	0	1000	0	2.48295e-53	10.8962	0.708787	0.767886	1.3798	4.67503	2.96021e-53	10.8845	0.708549	0.999991	-25.0909	2.19446e+06	0.999982	49.5213	2.23074e+06	0	0	1
154	rs1	1:1	2:0.519	rs2	1:2	2:0.2845	0	1000	0	5.2558e-55	10.6091	0.679164	0.793601	0.934972	3.57354	6.37233e-55	10.5906	0.678514	0.999987	-25.3796	1.55172e+06	0.999975	49.8152	1.59806e+06	0	0	1
155	rs1	1:1	2:0.5205	rs2	1:2	2:0.28175	0	1000	0	6.28648e-44	10.9051	0.784508	0.898043	0.527188	4.11436	6.07997e-44	10.8865	0.783039	0.999987	-25.4964	1.55172e+06	0.999976	49.5192	1.61261e+06	0	0	1
156	rs1	1:1	2:0.52125	rs2	1:2	2:0.2845	0	1000	0	7.21857e-44	11.0232	0.793572	0.897038	0.473536	3.65937	7.25618e-44	10.9992	0.791861	0.999984	-25.3796	1.26697e+06	0.99997	49.4066	1.32883e+06	0	0	1
157	rs1	1:1	2:0.52425	rs2	1:2	2:0.281	0	1000	0	1.82465e-49	11.3128	0.765143	0.772007	1.35867	4.68912	2.33794e-49	11.2993	0.765091	0.999987	-24.3998	1.55172e+06	0.999976	49.1065	1.62073e+06	0	0	1
158	rs1	1:1	2:0.51775	rs2	1:2	2:0.28	0	1000	0	0.999532	49.044	83684.5	0.999752	-18.3742	59230.8	0.999606	34.8071	70540.2	0.999991	-25.5987	2.19446e+06	0.999991	25.5987	2.2449e+06	1	0	1
159	rs1	1:1	2:0.523	rs2	1:2	2:0.27625	0	1000	0	0.999526	49.5784	83430.5	0.999749	-18.5511	59038.8	0.999599	35.3169	70286.5	0.999987	-25.0889	1.55172e+06	0.999988	25.0889	1.63288e+06	1	0	1
160	rs1	1:1	2:0.5185	rs2	1:2	2:0.27975	0	1000	0	6.21878e-44	11.0307	0.793497	0.969055	0.144446	3.72342	6.25896e-44	11.0075	0.791856	0.999982	-25.3806	1.09723e+06	0.999967	49.3983	1.1972e+06	0	0	1
161	rs1	1:1	2:0.52625	rs2	1:2	2:0.27625	0	1000	0	8.80427e-43	11.4931	0.838278	0.729038	2.02219	5.83765	9.54404e-43	11.4826	0.837873	0.999991	-23.9943	2.19446e+06	0.999983	48.9232	2.24379e+06	0	0	1
162	rs1	1:1	2:0.5225	rs2	1:2	2:0.27975	0	1000	0	6.88452e-58	10.7832	0.672337	0.999953	24.714	422369	6.88452e-58	10.7832	0.672337	0.999953	24.714	422369	nan	nan	nan	1	0	1
163	rs1	1:1	2:0.522	rs2	1:2	2:0.2805	0	1000	0	2.44493e-35	12.4178	1.00101	0.867781	0.863441	5.18651	3.09883e-35	12.3989	1.00101	0.999983	-23.9943	1.09723e+06	0.999968	48.0069	1.19284e+06	0	0	1
164	rs1	1:1	2:0.52425	rs2	1:2	2:0.28075	0	1000	0	6.79368e-52	11.094	0.731929	0.888481	0.495476	3.53341	9.93406e-52	11.0721	0.731689	0.99998	-24.9126	981393	0.999964	49.3337	1.08723e+06	0	0	1
165	rs1	1:1	2:0.5205	rs2	1:2	2:0.28425	0	1000	0	8.89172e-44	11.1606	0.804327	0.915221	0.425506	3.99702	9.36317e-44	11.1399	0.803053	0.999984	-25.2461	1.26697e+06	0.999971	49.2658	1.34384e+06	0	0	1
166	rs1	1:1	2:0.5245	rs2	1:2	2:0.2765	0	1000	0	1.95017e-39	12.0109	0.91409	0.876972	0.906539	5.85586	2.28264e-39	11.9985	0.91398	0.999987	-24.3978	1.55172e+06	0.999976	48.4073	1.63567e+06	0	0	1
167	rs1	1:1	2:0.52625	rs2	1:2	2:0.27675	0	1000	0	1.86225e-60	10.6146	0.647167	0.697841	1.48581	3.82707	2.59565e-60	10.6	0.647074	0.999987	-24.6895	1.55172e+06	0.999975	49.8058	1.61261e+06	0	0	1
168	rs1	1:1	2:0.52025	rs2	1:2	2:0.2795	0	1000	0	2.11963e-28	11.8267	1.07	0.999951	23.337	376387	2.11963e-28	11.8267	1.07	0.999951	23.337	376387	nan	nan	nan	1	0	1
169	rs1	1:1	2:0.52425	rs2	1:2	2:0.27975	0	1000	0	1.64888e-55	10.5052	0.669353	0.957337	0.152993	2.8599	2.08518e-55	10.4771	0.668197	0.999977	-25.5014	895885	0.99996	49.9287	1.00165e+06	0	0	1
170	rs1	1:1	2:0.52225	rs2	1:2	2:0.276	0	1000	0	1.45616e-55	10.5013	0.668769	0.888846	0.563987	4.03525	1.63429e-55	10.4873	0.66819	0.999987	-25.4974	1.55172e+06	0.999976	49.9185	1.63567e+06	0	0	1
171	rs1	1:1	2:0.52475	rs2	1:2	2:0.28425	0	1000	0	2.58015e-35	12.4136	1.00101	0.839326	1.23495	6.09083	3.06083e-35	12.3999	1.00101	0.999988	-23.9923	1.55172e+06	0.999976	48.0059	1.61779e+06	0	0	1
172	rs1	1:1	2:0.52325	rs2	1:2	2:0.28125	0	1000	0	1.52533e-54	11.0198	0.708547	0.742987	1.18786	3.62263	2.34855e-54	11.0003	0.70855	0.999984	-24.6885	1.26697e+06	0.99997	49.4055	1.32688e+06	0	0	1
173	rs1	1:1	2:0.52375	rs2	1:2	2:0.28425	0	1000	0	2.33627e-39	11.9991	0.914147	0.804812	1.23382	4.99272	2.90076e-39	11.982	0.913989	0.999987	-24.3978	1.55172e+06	0.999976	48.4237	1.59671e+06	0	0	1
174	rs1	1:1	2:0.521	rs2	1:2	2:0.28075	0	1000	0	1.52855e-41	11.7141	0.867604	0.830848	1.02514	4.79901	1.82164e-41	11.6975	0.867202	0.999987	-24.6854	1.55172e+06	0.999976	48.7083	1.60262e+06	0	0	1
175	rs1	1:1	2:0.52575	rs2	1:2	2:0.27975	0	1000	0	9.80552e-52	11.0751	0.731846	0.661058	2.0623	4.70359	1.20891e-51	11.0627	0.731696	0.999991	-24.3998	2.19446e+06	0.999982	49.3431	2.2256e+06	0	0	1
176	rs1	1:1	2:0.52325	rs2	1:2	2:0.27425	0	1000	0	2.0355e-28	11.8601	1.07267	0.985453	0.104468	5.72948	1.80068e-28	11.8423	1.06999	0.999987	-25.2441	1.55172e+06	0.999976	48.5635	1.64048e+06	0	0	1
177	rs1	1:1	2:0.52	rs2	1:2	2:0.28325	0	1000	0	0.999522	50.1458	83750.8	0.999753	-18.3782	59318.4	0.9996	35.4992	70759.8	0.999987	-24.9066	1.55172e+06	0.999988	24.9066	1.59962e+06	1	0	1
178	rs1	1:1	2:0.5255	rs2	1:2	2:0.28275	0	1000	0	1.78362e-54	10.7577	0.692137	0.933405	0.278211	3.32942	2.37984e-54	10.7356	0.691539	0.999979	-25.2491	981393	0.999964	49.6702	1.09725e+06	0	0	1
179	rs1	1:1	2:0.5245	rs2	1:2	2:0.282	0	1000	0	1.02348e-42	11.4784	0.837875	0.999955	24.0208	422369	1.02348e-42	11.4784	0.837875	0.999955	24.0208	422369	nan	nan	nan	1	0	1
180	rs1	1:1	2:0.5245	rs2	1:2	2:0.282	0	1000	0	4.53236e-58	10.8015	0.672387	0.807704	0.708446	2.91076	8.59223e-58	10.7741	0.672344	0.999978	-24.9146	895885	0.99996	49.6317	981410	0	0	1
181	rs1	1:1	2:0.51875	rs2	1:2	2:0.2775	0	1000	0	0.999515	51.0042	83848.4	0.999733	-19.8872	59376	0.999607	34.9084	70833.5	0.999979	-25.4974	981393	0.999981	25.4974	1.05997e+06	1	0	1
182	rs1	1:1	2:0.5175	rs2	1:2	2:0.276	0	1000	0	0.99953	49.3599	83805.6	0.999756	-18.155	59346.9	0.999605	35.0302	70759.8	0.999991	-25.3756	2.19446e+06	0.999991	25.3756	2.23187e+06	1	0	1
183	rs1	1:1	2:0.525	rs2	1:2	2:0.2805	0	1000	0	1.43574e-54	11.0225	0.708543	0.768073	1.26006	4.27288	1.95527e-54	11.0085	0.708544	0.999987	-24.6875	1.55172e+06	0.999976	49.3973	1.61509e+06	0	0	1
184	rs1	1:1	2:0.5215	rs2	1:2	2:0.28275	0	1000	0	1.89634e-62	10.5748	0.634061	0.742424	1.00914	3.07062	3.38516e-62	10.553	0.63407	0.999982	-24.9136	1.09723e+06	0.999966	49.8528	1.17047e+06	0	0	1
185	rs1	1:1	2:0.5195	rs2	1:2	2:0.28075	0	1000	0	4.56601e-28	12.7013	1.15635	0.901498	0.98524	7.96029	4.66264e-28	12.6906	1.15558	0.999991	-24.3958	2.19446e+06	0.999983	47.7152	2.24611e+06	0	0	1
186	rs1	1:1	2:0.52475	rs2	1:2	2:0.2785	0	1000	0	2.52105e-28	11.8575	1.0743	0.970014	0.17068	4.54044	2.07152e-28	11.8289	1.07	0.999984	-25.2451	1.26697e+06	0.999971	48.5769	1.33091e+06	0	0	1
187	rs1	1:1	2:0.51975	rs2	1:2	2:0.2785	0	1000	0	8.69141e-52	11.0815	0.731887	0.775506	1.15249	4.04126	1.15816e-51	11.0647	0.731694	0.999987	-24.9096	1.55172e+06	0.999975	49.341	1.59949e+06	0	0	1
188	rs1	1:1	2:0.5265	rs2	1:2	2:0.28675	0	1000	0	6.83247e-52	11.0932	0.731898	0.87702	0.584585	3.77765	9.51881e-52	11.0741	0.731688	0.999982	-24.9116	1.09723e+06	0.999967	49.3317	1.1972e+06	0	0	1
189	rs1	1:1	2:0.529	rs2	1:2	2:0.2805	0	1000	0	4.87884e-28	12.6958	1.15648	0.878408	1.13291	7.40527	4.99713e-28	12.6834	1.15558	0.999991	-24.3958	2.19446e+06	0.999983	47.7224	2.23331e+06	0	0	1
190	rs1	1:1	2:0.51975	rs2	1:2	2:0.28025	0	1000	0	0.999515	50.9722	83865.1	0.999731	-19.9928	59384	0.999608	34.8031	70833.5	0.999979	-25.6027	981393	0.999981	25.6027	1.06241e+06	1	0	1
191	rs1	1:1	2:0.52075	rs2	1:2	2:0.2785	0	1000	0	2.94647e-64	10.2054	0.602981	0.786999	0.918454	3.39905	3.91048e-64	10.1893	0.602623	0.999987	-25.4984	1.55172e+06	0.999975	50.2165	1.60818e+06	0	0	1
192	rs1	1:1	2:0.521	rs2	1:2	2:0.28075	0	1000	0	1.53698e-28	12.0032	1.08314	0.902906	0.768645	6.30081	1.41489e-28	11.9882	1.08107	0.999991	-25.0889	2.19446e+06	0.999983	48.4176	2.23474e+06	0	0	1
193	rs1	1:1	2:0.5205	rs2	1:2	2:0.27475	0	1000	0	8.36563e-28	11.4732	1.04978	0.999955	23.3339	414758	8.36563e-28	11.4732	1.04978	0.999955	23.3339	414758	nan	nan	nan	1	0	1
194	rs1	1:1	2:0.5225	rs2	1:2	2:0.28175	0	1000	0	1.52809e-41	11.708	0.86715	0.000264886	4.82485	1.32281	1.54855e-41	11.7078	0.867196	0.000266575	4.82431	1.32326	0.99997	19.1883	503497	0	0	1
195	rs1	1:1	2:0.52325	rs2	1:2	2:0.2765	0	1000	0	4.12861e-55	10.6091	0.6785	0.999963	24.4191	532292	4.12861e-55	10.6091	0.6785	0.999963	24.4191	532292	nan	nan	nan	1	0	1
196	rs1	1:1	2:0.52575	rs2	1:2	2:0.27925	0	1000	0	2.24873e-53	10.9003	0.70876	0.792778	1.28514	4.89192	2.64144e-53	10.8896	0.708545	0.999991	-25.0909	2.19446e+06	0.999982	49.5161	2.23793e+06	0	0	1
197	rs1	1:1	2:0.52175	rs2	1:2	2:0.28125	0	1000	0	1.53426e-28	12.4179	1.12055	0.94108	0.46686	6.31642	1.50642e-28	12.4019	1.11894	0.999987	-24.6844	1.55172e+06	0.999976	48.0039	1.62747e+06	0	0	1
198	rs1	1:1	2:0.52825	rs2	1:2	2:0.2775	0	1000	0	1.41383e-45	11.5862	0.817682	0.000159358	5.11177	1.35375	1.44168e-45	11.5859	0.81774	0.000160859	5.11098	1.35438	0.999966	19.3101	457625	0	0	1
199	rs1	1:1	2:0.51725	rs2	1:2	2:0.27975	0	1000	0	1.57681e-55	10.4959	0.668639	0.829666	0.994997	4.6251	1.71761e-55	10.4852	0.668191	0.999991	-25.4964	2.19446e+06	0.999982	49.9206	2.24611e+06	0	0	1
200	rs1	1:1	2:0.52925	rs2	1:2	2:0.28175	0	1000	0	2.77521e-39	11.9851	0.913987	0.99995	24.025	382047	2.77521e-39	11.9851	0.913987	0.99995	24.025	382047	nan	nan	nan	1	0	1
201	rs1	1:1	2:0.517	rs2	1:2	2:0.28	0	1000	0	1.74442e-28	11.8453	1.06999	0.999966	23.3184	548674	1.74442e-28	11.8453	1.06999	0.999966	23.3184	548674	nan	nan	nan	1	0	1
202	rs1	1:1	2:0.5245	rs2	1:2	2:0.2775	0	1000	0	0.999523	49.8966	83526.2	0.999755	-18.1487	59130.9	0.999596	35.7224	70467.4	0.999987	-24.6834	1.55172e+06	0.999988	24.6834	1.61185e+06	1	0	1
203	rs1	1:1	2:0.51775	rs2	1:2	2:0.27675	0	1000	0	1.84079e-28	11.8402	1.06999	0.999961	23.3235	478922	1.84079e-28	11.8402	1.06999	0.999961	23.3235	478922	nan	nan	nan	1	0	1
204	rs1	1:1	2:0.525	rs2	1:2	2:0.2825	0	1000	0	1.82642e-54	11.0118	0.708558	0.705411	1.77591	4.69785	2.35183e-54	11.0002	0.70855	0.999991	-24.6864	2.19446e+06	0.999982	49.4056	2.22747e+06	0	0	1
205	rs1	1:1	2:0.519	rs2	1:2	2:0.2795	0	1000	0	1.96063e-53	10.9073	0.708805	0.850423	0.819221	4.34418	2.4111e-53	10.8938	0.708542	0.999987	-25.0919	1.55172e+06	0.999976	49.512	1.62747e+06	0	0	1
206	rs1	1:1	2:0.52125	rs2	1:2	2:0.2825	0	1000	0	1.96698e-53	10.9093	0.708942	0.878427	0.540031	3.53046	2.69754e-53	10.8887	0.708546	0.999982	-25.0939	1.09723e+06	0.999967	49.5171	1.18884e+06	0	0	1
207	rs1	1:1	2:0.52225	rs2	1:2	2:0.2815	0	1000	0	1.79916e-49	11.3135	0.76514	0.825457	1.04618	4.74389	2.29236e-49	11.3003	0.765091	0.999987	-24.6864	1.55172e+06	0.999976	49.1055	1.62394e+06	0	0	1
208	rs1	1:1	2:0.5265	rs2	1:2	2:0.28025	0	1000	0	6.56431e-52	11.0949	0.731879	0.89748	0.50575	3.92524	8.92358e-52	11.0772	0.731686	0.999982	-24.9116	1.09723e+06	0.999968	49.3286	1.21306e+06	0	0	1
209	rs1	1:1	2:0.5225	rs2	1:2	2:0.2805	0	1000	0	1.53095e-28	12.0211	1.08472	0.952416	-0.283291	4.74733	1.32557e-28	11.9945	1.08106	0.99998	-25.0929	981393	0.999965	48.4113	1.11645e+06	0	0	1
210	rs1	1:1	2:0.51825	rs2	1:2	2:0.28325	0	1000	0	6.40037e-28	11.6094	1.05989	0.990754	-0.0518612	4.47511	4.96449e-28	11.5807	1.05506	0.999984	-25.4964	1.26697e+06	0.999971	48.8251	1.34384e+06	0	0	1
211	rs1	1:1	2:0.5195	rs2	1:2	2:0.27675	0	1000	0	0.99953	49.3207	83694.1	0.999759	-17.8645	59262.8	0.999601	35.3179	70649.7	0.999991	-25.0879	2.19446e+06	0.999991	25.0879	2.2331e+06	1	0	1
212	rs1	1:1	2:0.5215	rs2	1:2	2:0.27825	0	1000	0	4.6972e-28	12.6989	1.15641	0.891131	1.05365	7.69797	4.80286e-28	12.6875	1.15558	0.999991	-24.3958	2.19446e+06	0.999983	47.7183	2.23972e+06	0	0	1
213	rs1	1:1	2:0.52675	rs2	1:2	2:0.28375	0	1000	0	2.77521e-39	11.9851	0.913987	0.99995	24.025	382047	2.77521e-39	11.9851	0.913987	0.99995	24.025	382047	nan	nan	nan	1	0	1
214	rs1	1:1	2:0.52675	rs2	1:2	2:0.2785	0	1000	0	1.70112e-49	11.3162	0.765131	0.851213	0.937937	5.00044	2.1157e-49	11.3044	0.765088	0.999987	-24.6864	1.55172e+06	0.999976	49.1014	1.64048e+06	0	0	1
215	rs1	1:1	2:0.522	rs2	1:2	2:0.28125	0	1000	0	7.84656e-52	11.086	0.731861	0.806076	1.04493	4.25651	1.01663e-51	11.071	0.73169	0.999987	-24.9096	1.55172e+06	0.999976	49.3348	1.61031e+06	0	0	1
216	rs1	1:1	2:0.52225	rs2	1:2	2:0.2815	0	1000	0	1.11305e-55	10.3923	0.66111	0.879391	0.438764	2.89154	1.31028e-55	10.3654	0.659836	0.999981	-25.6047	1.09723e+06	0.999966	50.0404	1.16589e+06	0	0	1
217	rs1	1:1	2:0.5205	rs2	1:2	2:0.28	0	1000	0	1.64223e-28	12.0128	1.08459	0.968356	0.192184	4.84456	1.42926e-28	11.9872	1.08107	0.999984	-25.0909	1.26697e+06	0.999971	48.4186	1.33809e+06	0	0	1
218	rs1	1:1	2:0.52	rs2	1:2	2:0.28	0	1000	0	7.22426e-65	10.1008	0.5939	0.812573	0.697024	2.93968	1.00095e-64	10.0798	0.593336	0.999984	-25.6047	1.26697e+06	0.99997	50.326	1.33091e+06	0	0	1
219	rs1	1:1	2:0.52175	rs2	1:2	2:0.28275	0	1000	0	1.41212e-41	11.7185	0.867555	0.85767	0.910129	5.07487	1.6522e-41	11.7037	0.867198	0.999987	-24.6854	1.55172e+06	0.999976	48.7021	1.61509e+06	0	0	1
220	rs1	1:1	2:0.52225	rs2	1:2	2:0.28425	0	1000	0	0.999523	50.0467	83672.7	0.999753	-18.3759	59250.4	0.999599	35.4992	70649.7	0.999987	-24.9066	1.55172e+06	0.999988	24.9066	1.60418e+06	1	0	1
221	rs1	1:1	2:0.52525	rs2	1:2	2:0.27925	0	1000	0	4.87425e-28	12.6999	1.15685	0.900023	0.78312	6.23342	5.04552e-28	12.6824	1.15558	0.999987	-24.3968	1.55172e+06	0.999976	47.7234	1.60619e+06	0	0	1
222	rs1	1:1	2:0.5175	rs2	1:2	2:0.27925	0	1000	0	9.74934e-44	10.698	0.771357	0.86228	0.800743	4.61596	9.05175e-44	10.6838	0.770033	0.999991	-25.696	2.19446e+06	0.999982	49.722	2.23627e+06	0	0	1
223	rs1	1:1	2:0.52425	rs2	1:2	2:0.2795	0	1000	0	2.03622e-43	11.3102	0.818621	0.863166	0.768472	4.45892	2.21838e-43	11.293	0.817744	0.999987	-25.0909	1.55172e+06	0.999976	49.1128	1.60818e+06	0	0	1
224	rs1	1:1	2:0.5235	rs2	1:2	2:0.28125	0	1000	0	4.15607e-55	10.6207	0.679261	0.904075	0.396355	3.28883	5.2406e-55	10.5989	0.678507	0.999982	-25.3816	1.09723e+06	0.999967	49.8068	1.18884e+06	0	0	1
225	rs1	1:1	2:0.52375	rs2	1:2	2:0.2815	0	1000	0	2.06463e-39	12.0081	0.914181	0.859133	0.783565	4.415	2.72889e-39	11.9862	0.913987	0.999982	-24.3998	1.09723e+06	0.999967	48.4195	1.173e+06	0	0	1
226	rs1	1:1	2:0.52325	rs2	1:2	2:0.28225	0	1000	0	5.6532e-58	10.792	0.672367	0.733168	1.57978	4.63393	7.23313e-58	10.7812	0.672339	0.999991	-24.9096	2.19446e+06	0.999982	49.6246	2.23331e+06	0	0	1
227	rs1	1:1	2:0.5255	rs2	1:2	2:0.2775	0	1000	0	1.94591e-39	12.0114	0.914123	0.821464	1.16371	5.15684	2.38559e-39	11.9955	0.913981	0.999985	-23.9943	1.26697e+06	0.999972	48.4103	1.3587e+06	0	0	1
228	rs1	1:1	2:0.52175	rs2	1:2	2:0.27675	0	1000	0	0.999527	49.4647	83379.3	0.999749	-18.5496	58995.9	0.999599	35.3169	70214.5	0.999987	-25.0889	1.55172e+06	0.999988	25.0889	1.64198e+06	1	0	1
229	rs1	1:1	2:0.5215	rs2	1:2	2:0.28075	0	1000	0	1.60484e-28	12.024	1.08539	0.917151	-0.454766	4.37176	1.35362e-28	11.9925	1.08106	0.999976	-25.0949	829429	0.999961	48.4133	985538	0	0	1
230	rs1	1:1	2:0.522	rs2	1:2	2:0.2815	0	1000	0	4.75011e-28	12.7047	1.15704	0.928555	0.520167	5.80137	4.94517e-28	12.6845	1.15558	0.999985	-24.3978	1.26697e+06	0.999972	47.7213	1.34085e+06	0	0	1
231	rs1	1:1	2:0.513	rs2	1:2	2:0.279	0	1000	0	1.13259e-43	10.6029	0.765094	0.999961	24.0208	490749	1.13259e-43	10.6029	0.765094	0.999961	24.0208	490749	nan	nan	nan	1	0	1
232	rs1	1:1	2:0.523	rs2	1:2	2:0.28025	0	1000	0	6.23803e-65	10.1047	0.593829	0.852895	0.577278	3.11326	8.34764e-65	10.0861	0.593331	0.999984	-25.6047	1.26697e+06	0.99997	50.3197	1.34709e+06	0	0	1
233	rs1	1:1	2:0.52625	rs2	1:2	2:0.27525	0	1000	0	1.77948e-49	11.3138	0.765121	0.791153	1.57542	5.94916	2.07382e-49	11.3054	0.765087	0.999991	-24.3988	2.19446e+06	0.999983	49.1004	2.2581e+06	0	0	1
234	rs1	1:1	2:0.5225	rs2	1:2	2:0.28125	0	1000	0	3.72153e-62	10.4582	0.628589	0.657331	1.6036	3.61494	5.18055e-62	10.4428	0.628409	0.999987	-24.6905	1.55172e+06	0.999975	49.963	1.60818e+06	0	0	1
235	rs1	1:1	2:0.52325	rs2	1:2	2:0.27725	0	1000	0	6.74029e-52	11.0938	0.731892	0.883646	0.559606	3.82377	9.31593e-52	11.0751	0.731687	0.999982	-24.9116	1.09723e+06	0.999967	49.3307	1.20198e+06	0	0	1
236	rs1	1:1	2:0.52225	rs2	1:2	2:0.2755	0	1000	0	1.77369e-49	11.3142	0.765138	0.8316	1.02114	4.80197	2.24682e-49	11.3013	0.76509	0.999987	-24.6864	1.55172e+06	0.999976	49.1045	1.62747e+06	0	0	1
237	rs1	1:1	2:0.52225	rs2	1:2	2:0.27475	0	1000	0	2.06233e-43	11.3124	0.818837	0.884239	0.581681	3.99514	2.29721e-43	11.291	0.817745	0.999984	-25.0919	1.26697e+06	0.999971	49.1148	1.33313e+06	0	0	1
238	rs1	1:1	2:0.5235	rs2	1:2	2:0.283	0	1000	0	1.48829e-41	11.7156	0.867588	0.839407	0.989497	4.88275	1.76321e-41	11.6995	0.867201	0.999987	-24.6854	1.55172e+06	0.999976	48.7063	1.60619e+06	0	0	1
239	rs1	1:1	2:0.524	rs2	1:2	2:0.28025	0	1000	0	1.63575e-49	11.3187	0.765162	0.824457	0.848176	3.82377	2.38294e-49	11.2983	0.765092	0.99998	-24.4028	981393	0.999964	49.1075	1.09725e+06	0	0	1
240	rs1	1:1	2:0.5195	rs2	1:2	2:0.27725	0	1000	0	1.48546e-28	12.4197	1.12042	0.953427	0.384168	6.57777	1.46074e-28	12.405	1.11894	0.999987	-24.6844	1.55172e+06	0.999977	48.0008	1.64048e+06	0	0	1
241	rs1	1:1	2:0.52525	rs2	1:2	2:0.279	0	1000	0	7.32705e-52	11.0882	0.73179	0.82176	1.23389	5.4771	8.55791e-52	11.0792	0.731684	0.999991	-24.9086	2.19446e+06	0.999983	49.3266	2.25148e+06	0	0	1
242	rs1	1:1	2:0.52025	rs2	1:2	2:0.27725	0	1000	0	2.39111e-35	12.4196	1.00101	0.883564	0.727233	4.96565	3.09816e-35	12.3989	1.00101	0.999981	-23.9953	981393	0.999965	48.0069	1.09202e+06	0	0	1
243	rs1	1:1	2:0.52325	rs2	1:2	2:0.2815	0	1000	0	4.84944e-28	12.6865	1.15558	0.999955	24.4211	430415	4.84944e-28	12.6865	1.15558	0.999955	24.4211	430415	nan	nan	nan	1	0	1
244	rs1	1:1	2:0.518	rs2	1:2	2:0.28175	0	1000	0	2.66937e-35	12.4109	1.00102	0.820681	1.16792	5.15254	3.39242e-35	12.3917	1.00102	0.999985	-23.9933	1.26697e+06	0.999971	48.0141	1.32883e+06	0	0	1
245	rs1	1:1	2:0.516	rs2	1:2	2:0.279	0	1000	0	5.70509e-44	10.9083	0.784345	0.924374	0.412786	4.3485	5.54004e-44	10.8917	0.783036	0.999987	-25.4964	1.55172e+06	0.999976	49.5141	1.62747e+06	0	0	1
246	rs1	1:1	2:0.518	rs2	1:2	2:0.27525	0	1000	0	3.8941e-28	11.7305	1.06657	0.97037	-0.161112	4.33743	3.04419e-28	11.6996	1.06162	0.999982	-25.3796	1.09723e+06	0.999967	48.7062	1.18884e+06	0	0	1
247	rs1	1:1	2:0.525	rs2	1:2	2:0.2835	0	1000	0	2.24873e-53	10.9003	0.70876	0.792778	1.28514	4.89192	2.64144e-53	10.8896	0.708545	0.999991	-25.0909	2.19446e+06	0.999982	49.5161	2.23793e+06	0	0	1
248	rs1	1:1	2:0.52025	rs2	1:2	2:0.27825	0	1000	0	1.88729e-54	10.7535	0.692028	0.87384	0.586094	3.69116	2.38223e-54	10.7355	0.691539	0.999984	-25.2471	1.26697e+06	0.999971	49.6702	1.35062e+06	0	0	1
249	rs1	1:1	2:0.52075	rs2	1:2	2:0.2775	0	1000	0	2.24873e-53	10.9003	0.70876	0.792778	1.28514	4.89192	2.64144e-53	10.8896	0.708545	0.999991	-25.0909	2.19446e+06	0.999982	49.5161	2.23793e+06	0	0	1
250	rs1	1:1	2:0.52325	rs2	1:2	2:0.2815	0	1000	0	1.4059e-28	12.1802	1.09832	0.874982	0.978471	6.21909	1.32678e-28	12.1643	1.09638	0.999991	-24.9066	2.19446e+06	0.999983	48.2415	2.22651e+06	0	0	1
251	rs1	1:1	2:0.52375	rs2	1:2	2:0.27925	0	1000	0	1.29563e-28	12.2022	1.09958	0.977652	-0.135299	4.82998	1.17946e-28	12.1758	1.09637	0.99998	-24.9106	981393	0.999965	48.23	1.10302e+06	0	0	1
252	rs1	1:1	2:0.51525	rs2	1:2	2:0.27825	0	1000	0	2.82276e-64	10.2095	0.603133	0.836442	0.584734	2.83237	4.26663e-64	10.1863	0.602626	0.999981	-25.5004	1.09723e+06	0.999966	50.2195	1.173e+06	0	0	1
253	rs1	1:1	2:0.524	rs2	1:2	2:0.2765	0	1000	0	2.09534e-43	11.3118	0.818858	0.879628	0.599753	3.96033	2.33831e-43	11.29	0.817746	0.999984	-25.0919	1.26697e+06	0.999971	49.1158	1.33091e+06	0	0	1
254	rs1	1:1	2:0.52175	rs2	1:2	2:0.28325	0	1000	0	4.98637e-28	12.704	1.15743	0.927775	0.468056	5.16364	5.24719e-28	12.6783	1.15558	0.999982	-24.3988	1.09723e+06	0.999967	47.7275	1.16811e+06	0	0	1
255	rs1	1:1	2:0.51975	rs2	1:2	2:0.28075	0	1000	0	1.28609e-28	12.2	1.09932	0.999357	0.0040609	5.03779	1.17971e-28	12.1757	1.09637	0.999982	-24.9096	1.09723e+06	0.999968	48.23	1.20198e+06	0	0	1
256	rs1	1:1	2:0.5205	rs2	1:2	2:0.283	0	1000	0	1.00612e-42	11.4794	0.837875	0.999955	24.0198	430415	1.00612e-42	11.4794	0.837875	0.999955	24.0198	430415	nan	nan	nan	1	0	1
257	rs1	1:1	2:0.521	rs2	1:2	2:0.27675	0	1000	0	6.3798e-44	11.019	0.792761	0.85239	0.937503	5.03844	6.38446e-44	11.0064	0.791857	0.999991	-25.3776	2.19446e+06	0.999982	49.3994	2.23793e+06	0	0	1
258	rs1	1:1	2:0.5225	rs2	1:2	2:0.2825	0	1000	0	4.74021e-28	12.702	1.15677	0.909998	0.72496	6.41327	4.89768e-28	12.6855	1.15558	0.999987	-24.3968	1.55172e+06	0.999976	47.7203	1.61261e+06	0	0	1
259	rs1	1:1	2:0.5185	rs2	1:2	2:0.27925	0	1000	0	9.16264e-44	11.1662	0.804853	0.982669	0.073176	3.36858	9.87163e-44	11.1369	0.803055	0.999978	-25.2491	895885	0.999961	49.2689	1.00165e+06	0	0	1
260	rs1	1:1	2:0.517	rs2	1:2	2:0.28275	0	1000	0	5.69656e-44	11.0277	0.792927	0.927609	0.417469	4.59494	5.71612e-44	11.0126	0.791853	0.999987	-25.3786	1.55172e+06	0.999976	49.3932	1.63567e+06	0	0	1
261	rs1	1:1	2:0.5225	rs2	1:2	2:0.2795	0	1000	0	9.79833e-44	11.1536	0.804227	0.8584	0.746087	4.18185	1.02572e-43	11.1347	0.803056	0.999987	-25.2451	1.55172e+06	0.999975	49.271	1.60262e+06	0	0	1
262	rs1	1:1	2:0.519	rs2	1:2	2:0.282	0	1000	0	9.2212e-44	10.7973	0.778292	0.898868	0.426903	3.35901	8.37353e-44	10.7698	0.775919	0.999984	-25.6027	1.26697e+06	0.99997	49.636	1.3217e+06	0	0	1
263	rs1	1:1	2:0.522	rs2	1:2	2:0.2845	0	1000	0	9.1148e-43	11.4977	0.838768	0.89699	0.508403	3.92696	1.0939e-42	11.4744	0.837878	0.999982	-24.9106	1.09723e+06	0.999967	48.9314	1.17572e+06	0	0	1
264	rs1	1:1	2:0.52	rs2	1:2	2:0.2835	0	1000	0	1.30254e-28	12.1996	1.09939	0.995377	0.0288397	4.9772	1.1922e-28	12.1747	1.09637	0.999982	-24.9096	1.09723e+06	0.999968	48.2311	1.1972e+06	0	0	1
265	rs1	1:1	2:0.52375	rs2	1:2	2:0.28525	0	1000	0	1.43064e-41	11.7178	0.867563	0.852947	0.931115	5.02331	1.67924e-41	11.7026	0.867199	0.999987	-24.6854	1.55172e+06	0.999976	48.7032	1.61261e+06	0	0	1
266	rs1	1:1	2:0.526	rs2	1:2	2:0.279	0	1000	0	1.383e-41	11.7209	0.867633	0.759858	1.40252	4.58838	1.6774e-41	11.7027	0.867199	0.999985	-23.9953	1.26697e+06	0.999971	48.7031	1.34384e+06	0	0	1
267	rs1	1:1	2:0.5215	rs2	1:2	2:0.27725	0	1000	0	8.34068e-44	11.1562	0.803741	0.866527	0.913743	5.43663	8.56299e-44	11.145	0.80305	0.999991	-25.2441	2.19446e+06	0.999982	49.2607	2.24611e+06	0	0	1
268	rs1	1:1	2:0.5185	rs2	1:2	2:0.2785	0	1000	0	1.90652e-43	11.3156	0.818728	0.908789	0.480692	4.19578	2.10283e-43	11.2962	0.817742	0.999984	-25.0919	1.26697e+06	0.999971	49.1096	1.34709e+06	0	0	1
269	rs1	1:1	2:0.52225	rs2	1:2	2:0.2805	0	1000	0	1.10365e-45	11.6012	0.817738	0.804349	0.988619	3.99084	1.60557e-45	11.5798	0.817744	0.999982	-24.4008	1.09723e+06	0.999967	48.826	1.173e+06	0	0	1
270	rs1	1:1	2:0.5185	rs2	1:2	2:0.28475	0	1000	0	0.99952	50.3038	83562.7	0.999747	-18.7792	59155.7	0.999598	35.4982	70503.8	0.999984	-24.9076	1.26697e+06	0.999985	24.9076	1.33994e+06	1	0	1
271	rs1	1:1	2:0.52725	rs2	1:2	2:0.281	0	1000	0	2.38145e-53	10.898	0.708776	0.668308	2.03777	4.7559	2.82283e-53	10.8866	0.708547	0.999991	-24.4008	2.19446e+06	0.999982	49.5192	2.23331e+06	0	0	1
272	rs1	1:1	2:0.51925	rs2	1:2	2:0.283	0	1000	0	0.999523	50.0446	83629.5	0.999755	-18.1517	59219.6	0.999596	35.7224	70613.1	0.999987	-24.6834	1.55172e+06	0.999988	24.6834	1.60417e+06	1	0	1
273	rs1	1:1	2:0.52175	rs2	1:2	2:0.2845	0	1000	0	1.03405e-42	11.4876	0.838596	0.824075	0.978591	4.40198	1.19326e-42	11.4691	0.837881	0.999987	-24.9086	1.55172e+06	0.999976	48.9367	1.59671e+06	0	0	1
274	rs1	1:1	2:0.524	rs2	1:2	2:0.278	0	1000	0	8.94971e-43	11.4922	0.838289	0.845186	1.12734	5.77337	9.71871e-43	11.4815	0.837873	0.999991	-24.9076	2.19446e+06	0.999983	48.9243	2.24167e+06	0	0	1
275	rs1	1:1	2:0.5235	rs2	1:2	2:0.285	0	1000	0	2.19481e-53	10.9062	0.709069	0.851534	0.580532	3.10177	3.30897e-53	10.8794	0.708552	0.99998	-25.0949	981393	0.999963	49.5264	1.0576e+06	0	0	1
276	rs1	1:1	2:0.52025	rs2	1:2	2:0.27875	0	1000	0	1.56211e-54	11.0188	0.708548	0.738985	1.35802	4.07571	2.19315e-54	11.0033	0.708548	0.999987	-24.6875	1.55172e+06	0.999975	49.4024	1.60435e+06	0	0	1
277	rs1	1:1	2:0.52275	rs2	1:2	2:0.27875	0	1000	0	1.88069e-43	11.3181	0.818853	0.93703	0.312119	3.95073	2.10195e-43	11.2962	0.817742	0.999982	-25.0929	1.09723e+06	0.999967	49.1096	1.19284e+06	0	0	1
278	rs1	1:1	2:0.52025	rs2	1:2	2:0.2795	0	1000	0	1.89426e-54	11.0089	0.708476	0.000264042	4.82363	1.32218	1.95527e-54	11.0085	0.708544	0.000268157	4.8223	1.32326	0.999965	19.8875	457625	0	0	1
279	rs1	1:1	2:0.52225	rs2	1:2	2:0.2765	0	1000	0	0.999521	50.0972	83379	0.999738	-19.3987	58989.6	0.9996	35.1607	70214.5	0.999982	-25.2451	1.09723e+06	0.999984	25.2451	1.22878e+06	1	0	1
280	rs1	1:1	2:0.52	rs2	1:2	2:0.2845	0	1000	0	1.56893e-28	12.1958	1.10071	0.969242	0.161231	4.1814	1.38255e-28	12.1603	1.09638	0.99998	-24.9106	981393	0.999963	48.2455	1.05109e+06	0	0	1
281	rs1	1:1	2:0.5215	rs2	1:2	2:0.28025	0	1000	0	4.27574e-55	10.6182	0.679176	0.871748	0.564299	3.49545	5.24386e-55	10.5989	0.678508	0.999984	-25.3806	1.26697e+06	0.99997	49.8069	1.34384e+06	0	0	1
282	rs1	1:1	2:0.5215	rs2	1:2	2:0.2805	0	1000	0	0.99953	49.2037	83532.3	0.999765	-17.4547	59136.1	0.999596	35.7234	70467.4	0.999991	-24.6824	2.19446e+06	0.999991	24.6824	2.23738e+06	1	0	1
283	rs1	1:1	2:0.524	rs2	1:2	2:0.27775	0	1000	0	8.68718e-43	11.4981	0.838585	0.896331	0.571837	4.38872	1.00476e-42	11.4795	0.837875	0.999984	-24.9096	1.26697e+06	0.999971	48.9263	1.34709e+06	0	0	1
284	rs1	1:1	2:0.52075	rs2	1:2	2:0.28125	0	1000	0	1.99603e-49	11.3084	0.765155	0.786741	1.19443	4.41492	2.63971e-49	11.2931	0.765096	0.999987	-24.6864	1.55172e+06	0.999976	49.1127	1.60619e+06	0	0	1
285	rs1	1:1	2:0.52075	rs2	1:2	2:0.28425	0	1000	0	0.999523	50.0075	83560.9	0.999759	-17.8622	59166.6	0.999593	36.01	70540.2	0.999987	-24.3958	1.55172e+06	0.999988	24.3958	1.6059e+06	1	0	1
286	rs1	1:1	2:0.52025	rs2	1:2	2:0.2785	0	1000	0	5.30729e-28	12.6968	1.15737	0.890798	0.721876	5.25787	5.57284e-28	12.6721	1.15559	0.999985	-24.3978	1.26697e+06	0.999971	47.7337	1.31735e+06	0	0	1
287	rs1	1:1	2:0.52225	rs2	1:2	2:0.283	0	1000	0	0.999528	49.4487	83670	0.999769	-17.1713	59261.1	0.999593	36.011	70686.4	0.999991	-24.3948	2.19446e+06	0.999991	24.3948	2.22859e+06	1	0	1
288	rs1	1:1	2:0.522	rs2	1:2	2:0.2775	0	1000	0	4.97648e-68	10.2366	0.587332	0.763177	1.07277	3.56032	7.3151e-68	10.2227	0.587278	0.999987	-25.2481	1.55172e+06	0.999975	50.1831	1.61779e+06	0	0	1
289	rs1	1:1	2:0.51775	rs2	1:2	2:0.27675	0	1000	0	8.53086e-44	11.1643	0.804424	0.956223	0.211216	3.84774	9.02715e-44	11.142	0.803052	0.999982	-25.2471	1.09723e+06	0.999967	49.2638	1.1972e+06	0	0	1
290	rs1	1:1	2:0.51925	rs2	1:2	2:0.28275	0	1000	0	3.92301e-62	10.458	0.628697	0.77765	0.810673	2.87082	6.66421e-62	10.4334	0.628417	0.999982	-25.2491	1.09723e+06	0.999966	49.9724	1.15999e+06	0	0	1
291	rs1	1:1	2:0.5155	rs2	1:2	2:0.28	0	1000	0	2.47262e-28	11.8627	1.0746	0.990616	-0.0516306	4.3898	2.00458e-28	11.8321	1.07	0.999982	-25.2461	1.09723e+06	0.999967	48.5737	1.18177e+06	0	0	1
292	rs1	1:1	2:0.518	rs2	1:2	2:0.28	0	1000	0	2.4078e-28	11.8533	1.07351	0.940116	0.376916	5.01724	2.04987e-28	11.8299	1.07	0.999987	-25.2441	1.55172e+06	0.999976	48.5759	1.60435e+06	0	0	1
293	rs1	1:1	2:0.518	rs2	1:2	2:0.27675	0	1000	0	0.9996	35.3189	70431.1	1	1.84444e-09	463014	0.9996	35.3189	70431.1	1	1.84444e-09	463014	nan	nan	nan	1	0	1
294	rs1	1:1	2:0.526	rs2	1:2	2:0.28	0	1000	0	3.73976e-62	10.4571	0.62853	0.763595	1.33365	4.43422	4.6486e-62	10.4468	0.628406	0.999991	-25.2461	2.19446e+06	0.999982	49.959	2.23972e+06	0	0	1
295	rs1	1:1	2:0.523	rs2	1:2	2:0.28375	0	1000	0	9.22921e-43	11.4906	0.838309	0.836034	1.1703	5.65446	1.00563e-42	11.4795	0.837875	0.999991	-24.9076	2.19446e+06	0.999983	48.9263	2.23793e+06	0	0	1
296	rs1	1:1	2:0.52675	rs2	1:2	2:0.27875	0	1000	0	1.01256e-45	11.6061	0.817732	0.85096	0.81554	4.34043	1.38969e-45	11.588	0.817739	0.999982	-24.4008	1.09723e+06	0.999968	48.8178	1.20198e+06	0	0	1
297	rs1	1:1	2:0.5205	rs2	1:2	2:0.2785	0	1000	0	1.69057e-28	12.4119	1.12089	0.909125	0.656986	5.75583	1.65314e-28	12.3927	1.11894	0.999987	-24.6844	1.55172e+06	0.999976	48.0131	1.60435e+06	0	0	1
298	rs1	1:1	2:0.52	rs2	1:2	2:0.275	0	1000	0	1.94851e-28	11.8615	1.07241	0.999194	0.00607292	6.01217	1.74365e-28	11.8454	1.06999	0.999987	-25.2441	1.55172e+06	0.999977	48.5604	1.65888e+06	0	0	1
299	rs1	1:1	2:0.5175	rs2	1:2	2:0.2785	0	1000	0	2.57755e-28	11.8501	1.07382	0.924206	0.458758	4.82208	2.16456e-28	11.8247	1.07	0.999987	-25.2441	1.55172e+06	0.999976	48.5811	1.59671e+06	0	0	1
300	rs1	1:1	2:0.52225	rs2	1:2	2:0.28275	0	1000	0	1.12942e-45	11.5999	0.817739	0.798405	1.25844	4.9271	1.44168e-45	11.5859	0.81774	0.999987	-24.3988	1.55172e+06	0.999976	48.8199	1.61509e+06	0	0	1
301	rs1	1:1	2:0.52	rs2	1:2	2:0.27825	0	1000	0	1.20911e-28	12.1901	1.09788	0.917086	0.730497	7.01696	1.15592e-28	12.1777	1.09637	0.999991	-24.9066	2.19446e+06	0.999983	48.2281	2.24611e+06	0	0	1
302	rs1	1:1	2:0.52225	rs2	1:2	2:0.28	0	1000	0	1.0775e-42	11.4753	0.837877	0.999952	24.0239	400695	1.0775e-42	11.4753	0.837877	0.999952	24.0239	400695	nan	nan	nan	1	0	1
303	rs1	1:1	2:0.52075	rs2	1:2	2:0.27575	0	1000	0	0.999533	48.8856	83437.3	0.999759	-17.8571	59044.6	0.999599	35.3179	70286.5	0.999991	-25.0879	2.19446e+06	0.999991	25.0879	2.25258e+06	1	0	1
304	rs1	1:1	2:0.52375	rs2	1:2	2:0.28375	0	1000	0	5.6358e-28	12.6709	1.15559	0.999946	23.3401	342754	5.6358e-28	12.6709	1.15559	0.999946	23.3401	342754	nan	nan	nan	1	0	1
305	rs1	1:1	2:0.52525	rs2	1:2	2:0.2845	0	1000	0	1.68004e-28	12.4066	1.12035	0.721509	2.4165	6.7795	1.65218e-28	12.3927	1.11894	0.999992	-23.3002	2.19446e+06	0.999983	48.0131	2.23074e+06	0	0	1
306	rs1	1:1	2:0.52075	rs2	1:2	2:0.27975	0	1000	0	7.43374e-52	11.0891	0.731892	0.832908	0.819641	3.88504	1.01608e-51	11.071	0.73169	0.999984	-24.9106	1.26697e+06	0.999971	49.3348	1.34085e+06	0	0	1
307	rs1	1:1	2:0.52575	rs2	1:2	2:0.27775	0	1000	0	1.99945e-54	10.7499	0.69196	0.673211	1.68567	3.9969	2.43522e-54	10.7346	0.69154	0.999987	-24.4028	1.55172e+06	0.999975	49.6712	1.61509e+06	0	0	1
308	rs1	1:1	2:0.52275	rs2	1:2	2:0.2805	0	1000	0	7.22762e-52	11.0909	0.731922	0.852169	0.674079	3.61724	1.03776e-51	11.07	0.731691	0.999982	-24.9116	1.09723e+06	0.999967	49.3358	1.18177e+06	0	0	1
309	rs1	1:1	2:0.52075	rs2	1:2	2:0.277	0	1000	0	1.68379e-28	12.4196	1.12154	0.960028	0.249883	4.98585	1.63517e-28	12.3937	1.11894	0.999982	-24.6864	1.09723e+06	0.999968	48.012	1.17863e+06	0	0	1
310	rs1	1:1	2:0.52225	rs2	1:2	2:0.2795	0	1000	0	1.6559e-41	11.7077	0.867508	0.798156	1.42496	5.57206	1.88318e-41	11.6954	0.867203	0.999991	-24.6844	2.19446e+06	0.999983	48.7104	2.22747e+06	0	0	1
311	rs1	1:1	2:0.52	rs2	1:2	2:0.2755	0	1000	0	4.96975e-28	11.5806	1.05506	0.999956	23.3318	422369	4.96975e-28	11.5806	1.05506	0.999956	23.3318	422369	nan	nan	nan	1	0	1
312	rs1	1:1	2:0.52175	rs2	1:2	2:0.2805	0	1000	0	6.24374e-44	11.0246	0.793075	0.900081	0.542878	4.32368	6.26478e-44	11.0074	0.791856	0.999987	-25.3786	1.55172e+06	0.999976	49.3984	1.61779e+06	0	0	1
313	rs1	1:1	2:0.52025	rs2	1:2	2:0.28	0	1000	0	9.29858e-44	11.1557	0.804163	0.871998	0.691717	4.29316	9.71341e-44	11.1379	0.803054	0.999987	-25.2451	1.55172e+06	0.999976	49.2679	1.60818e+06	0	0	1
314	rs1	1:1	2:0.52225	rs2	1:2	2:0.28325	0	1000	0	1.12176e-45	11.6003	0.817739	0.795828	0.945177	3.65285	1.75731e-45	11.5746	0.817748	0.99998	-24.4018	981393	0.999963	48.8312	1.0553e+06	0	0	1
315	rs1	1:1	2:0.52175	rs2	1:2	2:0.28	0	1000	0	1.9591e-49	11.309	0.765133	0.793702	1.44292	5.51774	2.33995e-49	11.2992	0.765092	0.999991	-24.6854	2.19446e+06	0.999983	49.1066	2.24167e+06	0	0	1
316	rs1	1:1	2:0.52425	rs2	1:2	2:0.27925	0	1000	0	7.71962e-52	11.0859	0.731801	0.730291	1.82057	5.281	9.12107e-52	11.0761	0.731686	0.999991	-24.3998	2.19446e+06	0.999982	49.3297	2.24379e+06	0	0	1
317	rs1	1:1	2:0.5195	rs2	1:2	2:0.27525	0	1000	0	0.999533	48.8916	83564	0.999754	-18.2656	59135	0.999604	34.9124	70394.9	0.999991	-25.4934	2.19446e+06	0.999991	25.4934	2.25258e+06	1	0	1
318	rs1	1:1	2:0.5205	rs2	1:2	2:0.2785	0	1000	0	9.58376e-44	10.7049	0.771783	0.923325	0.384848	3.99859	8.70971e-44	10.6859	0.770031	0.999987	-25.697	1.55172e+06	0.999976	49.7199	1.61779e+06	0	0	1
319	rs1	1:1	2:0.52875	rs2	1:2	2:0.283	0	1000	0	1.99818e-62	10.5729	0.634064	0.726306	1.15467	3.29866	3.2952e-62	10.554	0.634069	0.999984	-24.9126	1.26697e+06	0.99997	49.8518	1.33091e+06	0	0	1
320	rs1	1:1	2:0.5265	rs2	1:2	2:0.28425	0	1000	0	2.45806e-35	12.4174	1.00101	0.863609	0.816691	4.75424	3.26155e-35	12.3948	1.00102	0.999981	-23.9953	981393	0.999964	48.011	1.07508e+06	0	0	1
321	rs1	1:1	2:0.52475	rs2	1:2	2:0.28075	0	1000	0	1.32342e-41	11.7206	0.867406	0.869197	1.08321	6.57773	1.45217e-41	11.7118	0.867193	0.999991	-24.6844	2.19446e+06	0.999983	48.6939	2.2581e+06	0	0	1
322	rs1	1:1	2:0.51775	rs2	1:2	2:0.2805	0	1000	0	6.76545e-44	10.9151	0.785526	0.986654	-0.0529851	3.16743	6.41613e-44	10.8835	0.783041	0.999977	-25.5004	895885	0.999961	49.5222	1.00165e+06	0	0	1
323	rs1	1:1	2:0.51925	rs2	1:2	2:0.28275	0	1000	0	7.82439e-44	10.8021	0.777978	0.935902	0.288717	3.59003	7.19783e-44	10.7781	0.775914	0.999984	-25.6027	1.26697e+06	0.99997	49.6277	1.33809e+06	0	0	1
324	rs1	1:1	2:0.52075	rs2	1:2	2:0.28275	0	1000	0	1.64589e-28	12.4081	1.1203	0.885957	0.989357	6.89823	1.61972e-28	12.3947	1.11894	0.999991	-24.6834	2.19446e+06	0.999983	48.0111	2.23331e+06	0	0	1
325	rs1	1:1	2:0.5245	rs2	1:2	2:0.27725	0	1000	0	7.14764e-44	10.8943	0.78425	0.82278	1.02338	4.56924	6.93559e-44	10.8792	0.783044	0.999991	-25.4954	2.19446e+06	0.999982	49.5266	2.22747e+06	0	0	1
326	rs1	1:1	2:0.52075	rs2	1:2	2:0.2805	0	1000	0	3.35221e-62	10.4632	0.628652	0.826749	0.671692	3.06887	5.33011e-62	10.4417	0.62841	0.999982	-25.2491	1.09723e+06	0.999966	49.9641	1.17863e+06	0	0	1
327	rs1	1:1	2:0.5215	rs2	1:2	2:0.28525	0	1000	0	1.22585e-26	13.0971	1.226	0.856463	1.42042	7.85291	1.31279e-26	13.0847	1.22558	0.999991	-23.9903	2.19446e+06	0.999983	47.3211	2.22747e+06	0	0	1
328	rs1	1:1	2:0.52175	rs2	1:2	2:0.279	0	1000	0	0.999521	50.2295	83681.7	0.999739	-19.3696	59233.6	0.999605	34.9104	70576.6	0.999984	-25.4954	1.26697e+06	0.999985	25.4954	1.3457e+06	1	0	1
329	rs1	1:1	2:0.52325	rs2	1:2	2:0.27875	0	1000	0	4.50051e-58	10.8013	0.672357	0.762519	1.27863	4.23145	6.06693e-58	10.7885	0.672333	0.999987	-24.6885	1.55172e+06	0.999976	49.6173	1.62747e+06	0	0	1
330	rs1	1:1	2:0.5165	rs2	1:2	2:0.2775	0	1000	0	4.0871e-28	11.7294	1.0669	0.981271	-0.0987871	4.20819	3.14514e-28	11.6965	1.06162	0.999982	-25.3796	1.09723e+06	0.999967	48.7093	1.17863e+06	0	0	1
331	rs1	1:1	2:0.51825	rs2	1:2	2:0.2815	0	1000	0	2.68862e-54	10.7289	0.691456	0.00086383	4.26577	1.28044	2.81149e-54	10.7283	0.691545	0.00088271	4.26369	1.28213	0.999961	20.1678	407545	0	0	1
332	rs1	1:1	2:0.52225	rs2	1:2	2:0.276	0	1000	0	1.6524e-54	10.7618	0.692188	0.973154	-0.107119	3.18309	2.26873e-54	10.7377	0.691537	0.999974	-25.2521	775859	0.999959	49.6681	960765	0	0	1
333	rs1	1:1	2:0.51825	rs2	1:2	2:0.27925	0	1000	0	0.999579	37.1106	70286.5	1	-6.19735e-11	453470	0.999579	37.1106	70286.5	1	-6.19735e-11	453470	nan	nan	nan	1	0	1
334	rs1	1:1	2:0.52125	rs2	1:2	2:0.2775	0	1000	0	2.17243e-65	10.0105	0.586173	0.884273	0.458222	3.1481	2.76471e-65	9.99281	0.585618	0.999984	-25.7001	1.26697e+06	0.99997	50.413	1.3587e+06	0	0	1
