Outcome	Var1_ID	Var1_Pos	Var1_MAF	Var2_ID	Var2_Pos	Var2_MAF	Num_Missing	Num_Cases	Converged	Red_Var1_Pval	Red_Var1_beta	Red_Var1_SE	Red_Var2_Pval	Red_Var2_beta	Red_Var2_SE	Full_Var1_Pval	Full_Var1_beta	Full_Var1_SE	Full_Var2_Pval	Full_Var2_beta	Full_Var2_SE	Full_Var1_Var2_Pval	Full_Var1_Var2_beta	Full_Var1_Var2_SE	Red_Model_Pval	Full_Model_Pval	Overall_Pval_(LRT)
1	rs1	1:1	2:0.5215	rs2	1:2	2:0.28025	0	1000	0	4.42522e-34	9.11132	0.735164	0.00373297	2.60754	0.77981	0.646496	2.13347	2.2842	1	-32.0424	216771	1	64.1947	230342	0	0	1
2	rs1	1:1	2:0.5195	rs2	1:2	2:0.2805	0	1000	1	1.02425e-17	10.5541	1.19318	0.0333101	1.7871	0.685132	0.41523	3.62063	2.73082	0.37529	1.08235	0.773083	0.10507	8.88921	4.18751	0	0	0.0017564
3	rs1	1:1	2:0.52975	rs2	1:2	2:0.28175	0	1000	0	5.31976e-30	9.52211	0.820103	0.0217094	2.72571	0.984837	0.999415	0.230895	6.75131	1	-29.712	237280	1	69.0863	250700	0	0	1
4	rs1	1:1	2:0.5225	rs2	1:2	2:0.281	0	1000	0	2.58545e-36	8.51678	0.665279	0.00054094	3.05814	0.788441	0.811458	1.16021	1.79485	0.937669	0.405069	1.12905	1	34.8318	69565.2	0	0	1
5	rs1	1:1	2:0.52225	rs2	1:2	2:0.28175	0	1000	0	1.25201e-17	10.8162	1.22597	0.113769	2.03861	0.977757	0.910839	1.74073	4.02779	0.690779	0.973383	1.13163	1	32.2539	66848.9	0	0	1
6	rs1	1:1	2:0.52625	rs2	1:2	2:0.27775	0	1000	0	1.07443e-33	8.69065	0.705306	0.00500959	2.16096	0.66396	0.991464	-2.915	22.262	1	-24.5882	219786	1	60.8826	229774	0	0	1
7	rs1	1:1	2:0.5255	rs2	1:2	2:0.282	0	1000	1	1.77455e-17	11.0308	1.25593	0.32737	1.21433	0.81257	0.639574	2.9801	3.152	0.990099	0.152044	1.07782	0.144282	11.6457	5.91831	0	0	0.000462022
8	rs1	1:1	2:0.5185	rs2	1:2	2:0.27675	0	1000	0	4.41057e-22	10.2466	1.03324	0.257997	1.53075	0.929932	0.620663	2.49447	2.55399	1	-34.5278	257742	1	70.4707	271981	0	0	1
9	rs1	1:1	2:0.5215	rs2	1:2	2:0.28125	0	1000	0	5.79067e-15	11.6249	1.43567	0.77114	0.928325	1.28764	0.938142	1.89757	5.30993	1	-31.3357	255069	1	69.7935	268752	0	0	1
10	rs1	1:1	2:0.52	rs2	1:2	2:0.27775	0	1000	0	0.689281	36.7175	42.5622	0.999496	-13.1936	415.643	0.690204	36.7111	42.6315	1	-28.0577	259396	1	26.6979	270243	0	0	1
11	rs1	1:1	2:0.522	rs2	1:2	2:0.2795	0	1000	0	7.7454e-15	11.4251	1.41729	0.877217	0.533283	1.04185	0.842666	1.6978	2.90161	1	-23.2199	143948	1	54.8385	157497	0	0	1
12	rs1	1:1	2:0.5205	rs2	1:2	2:0.2765	0	1000	0	2.12312e-34	8.30457	0.666888	0.000255513	2.81068	0.69101	0.806641	1.1202	1.70877	0.915941	0.449876	1.07355	1	33.2725	66502.7	0	0	1
13	rs1	1:1	2:0.525	rs2	1:2	2:0.2785	0	1000	0	1.86639e-29	9.46285	0.822695	0.0063937	3.51659	1.10626	0.951031	1.38985	4.38594	1	-31.1268	253301	1	68.9586	266747	0	0	1
14	rs1	1:1	2:0.518	rs2	1:2	2:0.28075	0	1000	0	7.99225e-15	11.4165	1.41691	0.76614	0.789331	1.0814	0.887614	1.62875	3.33556	1	-23.3132	140592	1	55.7087	154732	0	0	1
15	rs1	1:1	2:0.523	rs2	1:2	2:0.277	0	1000	0	2.7801e-22	10.062	1.0099	0.167093	1.82051	0.962382	0.997516	0.476953	6.76312	1	-29.2947	260628	1	67.791	272586	0	0	1
16	rs1	1:1	2:0.52525	rs2	1:2	2:0.278	0	1000	0	2.74023e-22	10.3375	1.0374	0.0524907	12.4976	5.14771	1	-2565.19	2.25898e+15	1	-1254.89	1.19776e+15	1	12000.8	9.96882e+15	0	1	1
17	rs1	1:1	2:0.52	rs2	1:2	2:0.2815	0	1000	0	1	34.6154	65960.7	0.914061	0.538805	1.27098	1	35.0143	329488	0.914061	0.538805	1.27098	1	-0.426456	391916	1	0	1
18	rs1	1:1	2:0.522	rs2	1:2	2:0.28175	0	1000	0	0.961834	19.8768	71.2495	0.969282	25.2549	101.102	0.999994	1.31026	387.181	0.989332	11.0188	75.2349	1	33.4748	67259.3	0	0	1
19	rs1	1:1	2:0.52625	rs2	1:2	2:0.278	0	1000	0	1.20393e-39	8.53739	0.637704	1.74757e-06	4.05691	0.787867	0.999572	0.147442	5.03582	1	-25.906	212509	1	58.9009	223586	0	0	1
20	rs1	1:1	2:0.51975	rs2	1:2	2:0.2775	0	1000	0	1.67889e-14	11.2945	1.41807	0.975446	0.231547	1.03842	0.79102	1.65731	2.42036	1	-24.2415	159243	1	56.3862	172393	0	0	1
21	rs1	1:1	2:0.516	rs2	1:2	2:0.28075	0	1000	1	7.5703e-26	9.55799	0.888641	0.0139523	1.83242	0.626886	0.96564	1.16173	4.39318	0.919533	0.402693	0.983119	0.402322	16.5048	12.2308	0	0	1.53855e-06
22	rs1	1:1	2:0.522	rs2	1:2	2:0.281	0	1000	0	2.10269e-34	8.93981	0.717856	0.000580666	3.82561	0.990988	0.875079	1.16488	2.25486	1	-23.1979	140221	1	56.4346	154476	0	0	1
23	rs1	1:1	2:0.521	rs2	1:2	2:0.28025	0	1000	0	1.12124e-14	11.3656	1.41801	0.96418	0.271217	1.00414	0.810712	1.6569	2.55761	1	-23.0878	135038	1	54.1024	148845	0	0	1
24	rs1	1:1	2:0.5195	rs2	1:2	2:0.28225	0	1000	1	2.48541e-25	9.76308	0.917183	0.175575	1.52719	0.818735	0.994951	-2.71403	26.9753	0.996832	-0.0994845	1.24879	0.888078	25.1737	51.667	0	0	3.51729e-07
25	rs1	1:1	2:0.5255	rs2	1:2	2:0.27725	0	1000	0	5.77532e-17	10.5735	1.22271	0.0447251	12.8026	5.13568	0.935168	1.78768	4.88253	0.406783	7.02056	5.23434	1	137.738	244173	0	0	1
26	rs1	1:1	2:0.521	rs2	1:2	2:0.28075	0	1000	0	4.17169e-23	10.3454	1.01905	0.0976624	2.0103	0.932007	0.888698	1.97387	4.06318	1	-27.027	202175	1	58.7663	214674	0	0	1
27	rs1	1:1	2:0.523	rs2	1:2	2:0.282	0	1000	0	3.11302e-35	8.82071	0.699726	0.00178064	2.96377	0.832916	0.840569	1.16934	1.98407	1	-22.5493	130139	1	54.3066	144178	0	0	1
28	rs1	1:1	2:0.521	rs2	1:2	2:0.281	0	1000	0	4.18415e-23	10.0766	0.992608	0.0533204	3.16948	1.30898	0.908132	1.44891	3.30039	1	-26.9419	182238	1	65.65	197531	0	0	1
29	rs1	1:1	2:0.52025	rs2	1:2	2:0.27825	0	1000	0	4.82822e-22	9.92493	1.00173	0.176683	1.81615	0.97541	0.837343	1.39927	2.34834	1	-27.4123	174647	1	65.2483	190278	0	0	1
30	rs1	1:1	2:0.52175	rs2	1:2	2:0.2805	0	1000	0	1.29828e-39	8.41544	0.62886	0.00029442	2.66033	0.659723	0.994672	-0.734647	7.10746	1	-24.5458	205174	1	57.3779	215539	0	0	1
31	rs1	1:1	2:0.5235	rs2	1:2	2:0.2795	0	1000	0	2.47408e-22	10.3558	1.03817	0.0503974	2.71272	1.10972	0.760952	2.62701	3.55401	1	-29.4103	229776	1	61.1651	241596	0	0	1
32	rs1	1:1	2:0.52775	rs2	1:2	2:0.28075	0	1000	0	2.81659e-35	9.18935	0.728511	0.000641314	4.2911	1.11906	0.98066	0.926322	4.68704	1	-29.7658	230937	1	67.5197	244938	0	0	1
33	rs1	1:1	2:0.523	rs2	1:2	2:0.28125	0	1000	0	4.82246e-15	11.4712	1.41274	0.31787	1.9514	1.2889	0.937339	1.78382	4.95849	1	-21.6464	143880	1	53.3108	156747	0	0	1
34	rs1	1:1	2:0.52225	rs2	1:2	2:0.27875	0	1000	0	2.59069e-14	11.2113	1.41735	0.659586	1.01538	1.11299	0.86822	1.70708	3.21108	1	-23.9507	159742	1	57.1826	173168	0	0	1
35	rs1	1:1	2:0.5225	rs2	1:2	2:0.27875	0	1000	0	9.44446e-25	9.53618	0.906612	4.59321e-05	5.16639	1.15591	0.933979	1.30215	3.52316	0.390435	1.52344	1.11079	1	30.354	61440.9	0	0	1
36	rs1	1:1	2:0.52575	rs2	1:2	2:0.278	0	1000	1	7.38776e-37	8.41559	0.652408	8.19688e-05	3.24142	0.747214	0.941088	1.14559	3.28741	0.58039	0.967217	0.92723	0.079346	14.4055	6.39905	0	0	4.54738e-09
37	rs1	1:1	2:0.5225	rs2	1:2	2:0.28075	0	1000	0	2.64097e-15	11.69	1.42672	0.99803	0.0686978	1.094	0.868073	2.02974	3.81575	1	-28.8637	220448	1	62.6974	233454	0	0	1
38	rs1	1:1	2:0.5235	rs2	1:2	2:0.28	0	1000	0	1	59.1982	151039	1	-23.9286	134559	1	35.3517	306594	1	-24.7612	205066	1	24.5066	372099	1	0	1
39	rs1	1:1	2:0.52475	rs2	1:2	2:0.2805	0	1000	0	7.62408e-31	9.13637	0.775781	0.00103815	19.2474	5.1924	0.89865	1.30006	2.81214	0.618097	5.13447	5.2343	1	148.531	252312	0	0	1
40	rs1	1:1	2:0.52375	rs2	1:2	2:0.2765	0	1000	0	1.53967e-24	9.49257	0.906479	4.26647e-05	5.17421	1.15341	0.930779	1.32073	3.48688	0.370522	1.56584	1.1112	1	30.2607	61466.2	0	0	1
41	rs1	1:1	2:0.52375	rs2	1:2	2:0.2785	0	1000	0	5.85648e-22	9.86084	0.997222	0.0603423	10.7025	4.51642	0.877335	1.44894	2.83219	1	-109.181	693416	1	262.922	738658	0	0	1
42	rs1	1:1	2:0.52425	rs2	1:2	2:0.2815	0	1000	0	4.42062e-08	28.9255	4.97028	0.000221964	7.27558	1.77369	0.392509	6.9522	5.08341	1	-156.78	431913	1	190.696	454606	0	0	1
43	rs1	1:1	2:0.52075	rs2	1:2	2:0.28225	0	1000	0	2.97058e-15	11.5749	1.41516	0.555735	1.26136	1.16368	0.913876	1.73542	4.08906	1	-22.9136	159504	1	55.2443	172166	0	0	1
44	rs1	1:1	2:0.5205	rs2	1:2	2:0.279	0	1000	0	7.36429e-15	11.4702	1.42179	0.955245	0.33813	1.11737	0.999711	-0.288115	11.9866	1	-26.8508	236080	1	63.4871	247133	0	0	1
45	rs1	1:1	2:0.523	rs2	1:2	2:0.28075	0	1000	0	1.05411e-14	11.3705	1.41726	0.853626	0.61002	1.08428	0.841825	1.70092	2.8985	1	-23.9989	145061	1	56.8452	159402	0	0	1
46	rs1	1:1	2:0.519	rs2	1:2	2:0.2835	0	1000	0	1	34.7704	66295.9	0.814117	0.754814	1.17695	1	35.2591	358934	0.814117	0.754814	1.17695	1	-0.478961	382821	1	0	1
47	rs1	1:1	2:0.52325	rs2	1:2	2:0.27725	0	1000	1	4.38128e-40	8.3975	0.623747	8.66322e-06	4.39401	0.910047	0.999709	0.134535	5.57305	0.863995	0.653382	1.20836	0.414593	17.5817	13.2492	0	0	7.67416e-10
48	rs1	1:1	2:0.51875	rs2	1:2	2:0.2765	0	1000	0	1.27195e-17	9.90018	1.12236	0.0149476	9.16469	3.16092	0.835697	1.63898	2.73551	0.114854	7.02411	3.37628	1	151.626	270265	0	0	1
49	rs1	1:1	2:0.5225	rs2	1:2	2:0.2785	0	1000	0	1	59.202	150141	1	-23.6935	130675	1	35.0609	300582	1	-24.5201	200262	1	24.2733	359168	1	0	1
50	rs1	1:1	2:0.5225	rs2	1:2	2:0.28025	0	1000	0	4.08631e-39	7.99341	0.601185	6.09653e-05	3.3061	0.750411	0.764447	1.05874	1.4445	0.977987	0.260965	1.23684	1	38.7915	76354.1	0	0	1
51	rs1	1:1	2:0.52	rs2	1:2	2:0.2825	0	1000	0	1.38435e-17	10.8179	1.22774	0.394572	5.68708	4.17007	0.859525	1.63232	2.96662	0.969051	1.34821	5.37664	1	162.36	280026	0	0	1
52	rs1	1:1	2:0.52175	rs2	1:2	2:0.27825	0	1000	0	5.97034e-38	8.38242	0.640229	0.00186638	2.49321	0.703289	0.988962	0.493828	3.31444	1	-32.853	256992	1	71.7462	270858	0	0	1
53	rs1	1:1	2:0.52425	rs2	1:2	2:0.27625	0	1000	0	9.09181e-26	9.94958	0.926516	0.000423378	4.10267	1.04092	0.100354	4.03673	1.88252	1	-18.4374	28883	1	80.0603	109107	0	0	1
54	rs1	1:1	2:0.5215	rs2	1:2	2:0.28375	0	1000	0	1.71614e-15	11.9366	1.44755	0.920864	0.410797	1.01166	0.480715	3.333	2.75373	1	-28.9044	191149	1	58.5504	204525	0	0	1
55	rs1	1:1	2:0.52375	rs2	1:2	2:0.28025	0	1000	0	9.22434e-15	11.5098	1.43165	0.710397	0.854993	1.0339	0.960774	1.6706	5.90529	1	-24.9384	214961	1	56.2282	225399	0	0	1
56	rs1	1:1	2:0.52275	rs2	1:2	2:0.2765	0	1000	1	9.48503e-31	8.99157	0.764691	0.00271864	2.77463	0.807203	0.999597	-0.221853	7.81208	0.921044	0.479123	1.18132	0.552284	18.292	16.7867	0	0	3.21797e-08
57	rs1	1:1	2:0.5205	rs2	1:2	2:0.2795	0	1000	0	1.16491e-14	11.3561	1.41767	0.913715	0.424674	0.999654	0.83343	1.65792	2.74643	1	-22.6704	136186	1	53.4423	149636	0	0	1
58	rs1	1:1	2:0.52075	rs2	1:2	2:0.2805	0	1000	0	1.51898e-37	8.36898	0.642713	5.86847e-05	3.34932	0.758731	0.852568	1.13142	2.00321	0.29062	1.23469	0.785381	1	30.6457	62378.2	0	0	1
59	rs1	1:1	2:0.52025	rs2	1:2	2:0.28	0	1000	0	1.97274e-17	10.8667	1.23895	0.0783639	20.3604	9.02214	0.972181	1.72471	7.26063	0.291581	9.07393	5.7796	1	132.918	239678	0	0	1
60	rs1	1:1	2:0.5205	rs2	1:2	2:0.28	0	1000	0	7.08073e-15	11.4004	1.41228	0.286853	2.25987	1.42996	0.943191	1.74576	5.10437	1	-23.871	166897	1	58.9018	180598	0	0	1
61	rs1	1:1	2:0.525	rs2	1:2	2:0.2815	0	1000	0	2.04242e-29	9.28264	0.807578	0.00858852	3.29265	1.06745	0.857455	1.33218	2.40209	1	-25.5526	169024	1	61.7097	183560	0	0	1
62	rs1	1:1	2:0.52475	rs2	1:2	2:0.27525	0	1000	0	5.73319e-34	8.76161	0.708142	0.000400902	3.20653	0.810713	0.995786	0.482837	5.254	1	-25.1642	228825	1	57.8716	239023	0	0	1
63	rs1	1:1	2:0.523	rs2	1:2	2:0.27725	0	1000	0	3.41629e-31	8.96574	0.756924	0.00147534	3.64533	1.00957	0.871307	1.28464	2.44739	0.729345	0.954048	1.20083	1	35.5736	71725.5	0	0	1
64	rs1	1:1	2:0.52675	rs2	1:2	2:0.279	0	1000	0	8.14177e-31	9.13372	0.775924	0.000978398	4.07276	1.09401	0.887165	1.34294	2.74442	0.607951	1.0991	1.10168	1	31.6164	63861.3	0	0	1
65	rs1	1:1	2:0.519	rs2	1:2	2:0.27725	0	1000	0	1	33.282	66511.2	0.00295443	2.9545	0.865649	1	33.8278	335259	0.00295443	2.9545	0.865649	1	-0.509331	339378	1	0	1
66	rs1	1:1	2:0.52025	rs2	1:2	2:0.28275	0	1000	0	1.17281e-28	9.23186	0.814001	0.0285568	10.4625	3.92328	0.833647	1.23251	2.04318	1	-118.908	707952	1	281.647	755930	0	0	1
67	rs1	1:1	2:0.52525	rs2	1:2	2:0.2785	0	1000	1	4.65852e-26	9.38926	0.869312	0.00179137	2.90378	0.816443	0.98793	1.01103	6.48754	0.198919	1.52869	0.850626	0.442347	13.6982	10.7249	0	0	1.28067e-05
68	rs1	1:1	2:0.52125	rs2	1:2	2:0.276	0	1000	0	2.94533e-22	10.1853	1.02287	0.0279655	3.30618	1.23613	0.741178	2.68427	3.46818	1	-32.3169	259307	1	68.1363	272878	0	0	1
69	rs1	1:1	2:0.518	rs2	1:2	2:0.2795	0	1000	0	1.4908e-22	10.0838	1.00579	0.456412	0.911503	0.727755	0.995648	-1.12143	12.0068	1	-23.7335	204744	1	56.5737	214521	0	0	1
70	rs1	1:1	2:0.5225	rs2	1:2	2:0.2815	0	1000	0	1.17561e-22	10.0598	1.00103	0.160474	1.41742	0.740971	0.852831	1.42437	2.52431	1	-21.3395	119311	1	50.7498	132038	0	0	1
71	rs1	1:1	2:0.52225	rs2	1:2	2:0.2805	0	1000	0	1	34.6513	66371	0.434661	1.55683	1.20602	1	35.4597	348931	0.434661	1.55683	1.20602	1	-0.775247	348793	1	0	1
72	rs1	1:1	2:0.52075	rs2	1:2	2:0.2775	0	1000	0	7.08781e-17	10.595	1.22857	0.246535	1.43402	0.856914	0.851323	1.67088	2.94488	0.885667	0.543534	1.103	1	33.3662	68579.7	0	0	1
73	rs1	1:1	2:0.52325	rs2	1:2	2:0.27875	0	1000	0	1.1361e-22	10.1496	1.00963	0.204893	1.47579	0.828818	0.997959	0.438583	6.86056	1	-25.3609	215478	1	58.5477	226233	0	0	1
74	rs1	1:1	2:0.522	rs2	1:2	2:0.27675	0	1000	0	3.79428e-22	9.95778	1.00258	0.277879	1.45663	0.910193	0.800929	1.41899	2.12963	1	-26.5718	165138	1	62.8015	180471	0	0	1
75	rs1	1:1	2:0.52325	rs2	1:2	2:0.28375	0	1000	0	6.62659e-30	9.36266	0.807688	5.04942e-05	5.22245	1.17403	0.900527	1.18645	2.59183	1	-24.8299	146371	1	61.0981	162213	0	0	1
76	rs1	1:1	2:0.52225	rs2	1:2	2:0.2835	0	1000	0	5.94777e-15	11.4552	1.41528	0.49405	1.385	1.16628	0.916696	1.72212	4.12898	1	-22.5433	135857	1	54.9299	150037	0	0	1
77	rs1	1:1	2:0.5195	rs2	1:2	2:0.2785	0	1000	0	5.00618e-32	8.47158	0.705612	3.91729e-05	3.82767	0.84965	0.887319	1.22649	2.50827	0.0216093	2.10906	0.761574	1	31.6564	66425.9	0	0	1
78	rs1	1:1	2:0.5185	rs2	1:2	2:0.27725	0	1000	0	1	59.1851	155985	1	-24.8815	143888	1	35.0619	338709	1	-25.5815	202935	1	25.3455	406115	1	0	1
79	rs1	1:1	2:0.51925	rs2	1:2	2:0.2785	0	1000	0	5.92307e-23	10.0389	0.992249	0.047296	2.6847	1.08677	0.916036	1.41476	3.37807	1	-22.345	150095	1	54.6356	162972	0	0	1
80	rs1	1:1	2:0.5195	rs2	1:2	2:0.27675	0	1000	1	1.02418e-17	10.2663	1.16065	0.0635619	1.60473	0.683547	0.999833	-0.233542	12.7676	0.409997	1.03514	0.775172	0.710024	15.6306	18.8868	0	0	0.000344012
81	rs1	1:1	2:0.5275	rs2	1:2	2:0.27775	0	1000	0	2.68445e-33	8.5764	0.70027	9.27503e-08	5.63594	0.990336	0.844004	1.09429	1.87892	1	-26.7134	177226	1	64.9953	192390	0	0	1
82	rs1	1:1	2:0.5205	rs2	1:2	2:0.2765	0	1000	0	0.999999	122.218	118986	1	-91.1615	109893	1	35.4253	150296	1	-110.646	947467	1	110.858	1.11888e+06	1	0	1
83	rs1	1:1	2:0.5185	rs2	1:2	2:0.2825	0	1000	0	2.05992e-22	10.0091	1.00157	0.210415	1.55619	0.881392	0.849836	1.36326	2.38976	1	-24.6882	148185	1	58.8597	163017	0	0	1
84	rs1	1:1	2:0.51925	rs2	1:2	2:0.27525	0	1000	0	3.24833e-28	9.25662	0.822726	0.0142715	2.293	0.786539	0.992872	0.619662	5.18057	1	-26.8242	234787	1	60.7168	245733	0	0	1
85	rs1	1:1	2:0.526	rs2	1:2	2:0.2765	0	1000	0	2.64943e-28	9.2429	0.820187	0.00670509	3.06069	0.967403	0.994307	0.609712	5.70576	1	-30.0353	273375	1	68.7636	285288	0	0	1
86	rs1	1:1	2:0.5165	rs2	1:2	2:0.2845	0	1000	1	6.50421e-18	10.9495	1.23077	0.861895	0.422893	0.775666	0.694662	2.41614	2.83048	0.885659	-0.529289	1.07405	0.281207	13.6365	8.5608	0	0	0.000198225
87	rs1	1:1	2:0.52275	rs2	1:2	2:0.28225	0	1000	0	7.6115e-18	11.0317	1.24248	0.201714	7.73111	4.3206	0.986715	-96.3625	589.209	0.935208	-19.5149	53.3161	0.949007	932.906	2883.43	0	1	1
88	rs1	1:1	2:0.51825	rs2	1:2	2:0.27975	0	1000	0	1.28851e-14	11.3283	1.41642	0.581018	1.23683	1.18688	0.909098	1.6381	3.75208	1	-24.4852	153022	1	59.1468	167741	0	0	1
89	rs1	1:1	2:0.52425	rs2	1:2	2:0.28	0	1000	0	1.04471e-14	11.3312	1.41216	0.268175	2.21505	1.36528	0.936937	1.79134	4.96299	1	-22.6396	150929	1	56.0439	164512	0	0	1
90	rs1	1:1	2:0.522	rs2	1:2	2:0.278	0	1000	0	2.07517e-26	9.06638	0.83366	0.000526992	3.83664	0.98744	0.908889	1.41994	3.24848	0.0176769	2.37165	0.834808	1	32.3924	68285.1	0	0	1
91	rs1	1:1	2:0.5235	rs2	1:2	2:0.27775	0	1000	0	9.22341e-35	8.87143	0.70861	0.000764013	3.01114	0.794779	0.992951	0.590757	4.96677	1	-24.6915	209308	1	56.4615	219949	0	0	1
92	rs1	1:1	2:0.52175	rs2	1:2	2:0.27975	0	1000	0	2.98841e-24	9.87551	0.948803	0.0206418	10.6739	3.83148	1	-2022.93	5.67098e+16	1	-996.272	3.60022e+16	1	10180.3	2.6593e+17	0	1	1
93	rs1	1:1	2:0.52025	rs2	1:2	2:0.282	0	1000	0	3.12322e-29	9.29543	0.811303	0.0169699	2.62206	0.918319	0.856777	1.24526	2.2396	1	-25.3431	152008	1	60.9267	167408	0	0	1
94	rs1	1:1	2:0.52525	rs2	1:2	2:0.278	0	1000	1	4.11165e-31	9.03771	0.76401	0.00175719	3.23275	0.907557	0.999037	0.292754	6.66797	0.869878	0.651452	1.23376	0.422942	17.5907	13.4088	0	0	7.25881e-08
95	rs1	1:1	2:0.52075	rs2	1:2	2:0.28025	0	1000	0	1.62507e-33	8.63464	0.702678	0.00331927	2.40776	0.712615	0.808058	1.11828	1.71287	1	-23.6727	134705	1	56.4773	149265	0	0	1
96	rs1	1:1	2:0.52075	rs2	1:2	2:0.28075	0	1000	0	6.75212e-15	11.4468	1.417	0.656617	1.18363	1.29044	0.894124	1.70087	3.59518	1	-26.8628	170011	1	64.4761	185832	0	0	1
97	rs1	1:1	2:0.5205	rs2	1:2	2:0.28275	0	1000	0	3.65137e-15	11.5872	1.42105	0.983544	0.209722	1.15126	0.999614	-0.338606	12.1882	1	-27.6706	229306	1	65.5184	241350	0	0	1
98	rs1	1:1	2:0.523	rs2	1:2	2:0.27975	0	1000	0	7.43145e-15	11.4577	1.42043	0.954753	0.344701	1.13273	0.998159	-1.07338	17.68	1	-27.0716	239196	1	65.0508	250305	0	0	1
99	rs1	1:1	2:0.519	rs2	1:2	2:0.28475	0	1000	0	0.418657	34.2149	25.9277	0.536341	1.36651	1.22422	1	-535.904	1.11956e+07	0.999997	-16.9221	6685.92	1	959.033	1.10672e+07	0	0	1
100	rs1	1:1	2:0.5215	rs2	1:2	2:0.27975	0	1000	0	1.10848e-14	11.3602	1.41708	0.743337	0.887862	1.15276	0.870837	1.6922	3.21754	1	-24.8516	154809	1	59.2882	169502	0	0	1
101	rs1	1:1	2:0.516	rs2	1:2	2:0.28225	0	1000	0	1	34.8172	66380.1	0.973666	0.24061	1.04149	1	35.0386	358163	0.973666	0.24061	1.04149	1	-0.170682	350223	1	0	1
102	rs1	1:1	2:0.519	rs2	1:2	2:0.278	0	1000	0	0.804613	34.4319	52.2182	0.998698	-11.9259	233.66	0.807572	34.4017	52.6187	1	-27.4495	241141	1	28.4102	252586	0	0	1
103	rs1	1:1	2:0.5275	rs2	1:2	2:0.2835	0	1000	0	0.727652	35.8555	44.9648	0.999241	-11.1278	285.482	0.729212	35.8435	45.102	1	-24.4972	203910	1	24.4223	215191	0	0	1
104	rs1	1:1	2:0.52675	rs2	1:2	2:0.28025	0	1000	0	3.64144e-17	10.6397	1.22285	0.0502355	2.73939	1.12003	0.935092	1.78366	4.86855	0.430732	1.4781	1.13884	1	30.4634	62130	0	0	1
105	rs1	1:1	2:0.52375	rs2	1:2	2:0.28725	0	1000	0	3.3222e-15	11.568	1.41668	0.858092	0.583001	1.05377	0.863637	1.70313	3.1453	1	-22.7528	122947	1	54.2735	137862	0	0	1
106	rs1	1:1	2:0.52	rs2	1:2	2:0.28225	0	1000	0	2.30076e-18	10.4392	1.15829	0.229911	1.05018	0.612467	0.807528	1.64772	2.51992	0.712185	0.576594	0.699822	1	29.0158	59967.8	0	0	1
107	rs1	1:1	2:0.52225	rs2	1:2	2:0.27875	0	1000	0	3.83779e-29	9.23451	0.807254	3.64181e-05	22.3153	4.93574	0.904144	1.17857	2.62533	1	-106.041	686944	1	259.206	732344	0	0	1
108	rs1	1:1	2:0.52	rs2	1:2	2:0.27825	0	1000	0	7.2555e-15	11.4411	1.41785	0.999001	-0.0443202	0.991361	0.766251	1.65819	2.27237	1	-23.5159	145465	1	54.3521	158705	0	0	1
109	rs1	1:1	2:0.5205	rs2	1:2	2:0.27875	0	1000	0	7.2166e-29	9.23323	0.811066	0.0133343	2.6057	0.886743	0.852174	1.26091	2.22925	1	-24.6139	160210	1	59.0413	174222	0	0	1
110	rs1	1:1	2:0.524	rs2	1:2	2:0.2775	0	1000	0	2.1299e-14	11.2407	1.41664	0.545614	1.29502	1.17647	0.884735	1.74566	3.52724	1	-24.3412	163341	1	58.5696	177130	0	0	1
111	rs1	1:1	2:0.523	rs2	1:2	2:0.2815	0	1000	0	0.363453	34.2674	24.0853	0.998437	-11.331	202.612	0.36501	34.2599	24.1311	1	-26.2136	216345	1	27.2492	228104	0	0	1
112	rs1	1:1	2:0.5235	rs2	1:2	2:0.28075	0	1000	1	6.00868e-37	8.88526	0.687964	0.000248188	3.50971	0.861355	0.634501	2.25791	2.36715	0.950667	0.36806	1.15708	0.0682182	12.9036	5.56829	0	0	1.32774e-08
113	rs1	1:1	2:0.52025	rs2	1:2	2:0.28025	0	1000	0	1.86076e-29	9.50116	0.826007	0.00443626	3.67866	1.11753	0.910257	1.26688	2.92142	1	-21.6761	137442	1	53.0979	150445	0	0	1
114	rs1	1:1	2:0.52375	rs2	1:2	2:0.28575	0	1000	0	1.79181e-35	8.85084	0.699688	0.00213751	3.25647	0.928669	0.836726	1.17634	1.97012	1	-24.92	140841	1	60.0452	156644	0	0	1
115	rs1	1:1	2:0.518	rs2	1:2	2:0.28175	0	1000	1	6.26262e-18	10.9227	1.22716	0.849055	0.463029	0.809392	0.999953	-0.0914771	9.45022	0.952585	-0.337261	1.08203	0.496786	16.8979	14.2855	0	0	9.48786e-05
116	rs1	1:1	2:0.52125	rs2	1:2	2:0.278	0	1000	0	2.75704e-22	9.93805	0.997375	0.0711996	10.4161	4.53109	0.88385	1.42659	2.87082	1	-110.189	727450	1	264.619	772453	0	0	1
117	rs1	1:1	2:0.518	rs2	1:2	2:0.27825	0	1000	0	8.29732e-15	11.4136	1.41737	0.931217	0.406687	1.07725	0.84179	1.63484	2.78556	1	-24.4628	153875	1	57.4954	167866	0	0	1
118	rs1	1:1	2:0.5215	rs2	1:2	2:0.28075	0	1000	0	4.29745e-28	9.13897	0.814071	0.0180215	2.39003	0.843299	0.833214	1.23625	2.04645	1	-25.3848	147222	1	60.8548	162796	0	0	1
119	rs1	1:1	2:0.52125	rs2	1:2	2:0.28	0	1000	0	4.14909e-18	10.4449	1.16743	0.0238604	2.51376	0.919671	1	-437.116	2.36385e+06	0.768712	0.913575	1.25956	1	543.531	2.65279e+06	0	0	1
120	rs1	1:1	2:0.52325	rs2	1:2	2:0.2785	0	1000	0	6.08384e-43	8.08655	0.579967	1.42859e-05	16.4154	3.47518	0.991673	-0.934231	7.22408	1	-128.464	1.12374e+06	1	300.954	1.15865e+06	0	0	1
121	rs1	1:1	2:0.518	rs2	1:2	2:0.279	0	1000	0	7.76019e-35	8.76996	0.699734	8.70542e-06	4.6261	0.958314	0.895256	1.02293	2.17453	1	-24.0817	153507	1	58.6614	167707	0	0	1
122	rs1	1:1	2:0.5225	rs2	1:2	2:0.28	0	1000	1	2.54317e-36	8.88767	0.694181	0.000137667	4.21689	1.00002	0.968441	1.10818	4.37583	0.868103	0.630711	1.18583	0.155229	14.5374	7.53152	0	0	2.20975e-08
123	rs1	1:1	2:0.52125	rs2	1:2	2:0.27825	0	1000	0	2.5721e-29	9.2645	0.80741	0.00744039	3.18476	1.01725	0.873917	1.28773	2.48036	1	-24.5228	174536	1	59.1451	187643	0	0	1
124	rs1	1:1	2:0.52425	rs2	1:2	2:0.2755	0	1000	0	4.14614e-28	9.06491	0.807245	1.86115e-05	5.087	1.08993	0.892692	1.22718	2.57555	1	-23.9357	179775	1	58.7302	192347	0	0	1
125	rs1	1:1	2:0.5195	rs2	1:2	2:0.28	0	1000	0	1.52389e-32	8.7884	0.726034	0.000413414	3.49681	0.885848	0.883667	1.23842	2.49007	0.209652	1.5154	0.857291	1	32.0201	66211.5	0	0	1
126	rs1	1:1	2:0.524	rs2	1:2	2:0.27825	0	1000	0	8.0827e-25	9.70888	0.921735	0.0112121	12.2639	4.09216	0.997607	-129.992	1877.84	0.899655	-8.89129	19.334	0.994132	930.709	8578.76	0	1	1
127	rs1	1:1	2:0.52275	rs2	1:2	2:0.276	0	1000	0	1.06286e-28	9.1626	0.807276	2.61132e-05	4.50917	0.981504	0.897069	1.20961	2.5952	1	-21.6967	163453	1	53.1298	174723	0	0	1
128	rs1	1:1	2:0.52325	rs2	1:2	2:0.282	0	1000	0	8.69506e-15	11.3974	1.41638	0.633686	1.10937	1.1614	0.885052	1.73883	3.51859	1	-24.1435	156122	1	57.9429	170168	0	0	1
129	rs1	1:1	2:0.52325	rs2	1:2	2:0.2775	0	1000	1	8.00991e-30	9.18495	0.793478	0.000322817	4.17698	1.04175	0.879292	1.98468	3.91283	0.580047	1.16347	1.11476	0.214751	12.3803	7.05828	0	0	2.33285e-06
130	rs1	1:1	2:0.5195	rs2	1:2	2:0.2805	0	1000	0	9.97388e-15	11.782	1.46728	0.465747	1.55933	1.26138	0.63135	3.40887	3.5544	1	-31.2964	229801	1	64.6952	243619	0	0	1
131	rs1	1:1	2:0.52325	rs2	1:2	2:0.284	0	1000	0	6.5419e-23	10.1109	1.00033	0.180558	1.68978	0.913275	0.848296	1.43521	2.50199	1	-24.1933	138426	1	57.9845	153658	0	0	1
132	rs1	1:1	2:0.5215	rs2	1:2	2:0.28025	0	1000	0	2.41893e-22	10.4877	1.05115	0.274073	1.24899	0.776277	0.213446	3.34825	1.90514	1	-31.4415	204324	1	60.9767	217969	0	0	1
133	rs1	1:1	2:0.52325	rs2	1:2	2:0.2785	0	1000	0	1.31711e-14	11.4078	1.42685	0.780868	0.731834	1.0405	0.991628	0.97456	7.51562	1	-24.844	226801	1	57.3015	236741	0	0	1
134	rs1	1:1	2:0.52575	rs2	1:2	2:0.2805	0	1000	0	4.77309e-35	9.21202	0.732742	0.000730302	3.51059	0.923708	0.965973	1.12784	4.28622	1	-26.116	196290	1	57.3292	207939	0	0	1
135	rs1	1:1	2:0.523	rs2	1:2	2:0.27875	0	1000	0	1	59.4095	157221	1	-21.8821	131778	1	36.0436	338090	1	-22.5986	193045	1	22.374	372647	1	0	1
136	rs1	1:1	2:0.5195	rs2	1:2	2:0.28475	0	1000	0	1	33.7852	66227.1	0.12018	1.73211	0.84143	1	34.4796	339959	0.12018	1.73211	0.84143	1	-0.769386	395113	1	0	1
137	rs1	1:1	2:0.5195	rs2	1:2	2:0.2765	0	1000	0	1.56428e-14	11.3612	1.42486	0.845841	0.531123	0.91785	0.99579	0.72169	7.85672	1	-22.8427	209407	1	53.3353	218189	0	0	1
138	rs1	1:1	2:0.5225	rs2	1:2	2:0.28225	0	1000	0	1.64705e-32	8.79056	0.726598	0.000750261	2.984	0.786622	0.841685	1.26949	2.16226	0.333898	1.24818	0.842702	1	32.6715	67088.1	0	0	1
139	rs1	1:1	2:0.52575	rs2	1:2	2:0.279	0	1000	0	8.26005e-28	9.15121	0.819422	0.137892	1.27217	0.639084	0.690155	1.28917	1.49694	1	-22.8949	130284	1	53.5774	144013	0	0	1
140	rs1	1:1	2:0.52125	rs2	1:2	2:0.2845	0	1000	1	1.45147e-24	10.39	0.991642	0.0227434	3.23268	1.17517	0.140425	4.13958	2.08916	0.963941	0.378672	1.39722	0.0213792	10.9493	3.94824	0	0	5.41412e-05
141	rs1	1:1	2:0.52125	rs2	1:2	2:0.279	0	1000	0	1.54793e-14	11.2999	1.41693	0.572777	1.12095	1.0618	0.897208	1.69216	3.63309	1	-22.0801	138628	1	53.205	151739	0	0	1
142	rs1	1:1	2:0.5225	rs2	1:2	2:0.275	0	1000	0	2.11893e-14	11.2313	1.41534	0.381647	1.55625	1.12123	0.912836	1.75449	4.10812	1	-21.8908	160816	1	53.1761	172510	0	0	1
143	rs1	1:1	2:0.52275	rs2	1:2	2:0.27775	0	1000	0	1.00773e-30	8.92132	0.759049	0.00219679	2.84912	0.814316	0.842071	1.27847	2.18046	0.837096	0.651751	1.0929	1	33.0604	66748.8	0	0	1
144	rs1	1:1	2:0.52125	rs2	1:2	2:0.27775	0	1000	0	3.21359e-21	10.3451	1.0649	0.0393019	2.57414	1.01177	0.226612	3.6862	2.1393	1	-35.4544	247994	1	68.3603	262345	0	0	1
145	rs1	1:1	2:0.5235	rs2	1:2	2:0.28125	0	1000	0	6.20767e-30	9.6058	0.82826	0.011713	3.13169	1.05009	0.933084	1.52811	4.10581	1	-30.0313	227239	1	65.2382	240522	0	0	1
146	rs1	1:1	2:0.524	rs2	1:2	2:0.27775	0	1000	0	1	34.609	66212.8	0.412966	1.53059	1.15086	1	35.4432	336673	0.412966	1.53059	1.15086	1	-0.766049	321409	1	0	1
147	rs1	1:1	2:0.527	rs2	1:2	2:0.2815	0	1000	1	2.92563e-31	9.05399	0.763531	0.00412535	2.37639	0.717122	0.996235	-0.993209	11.4343	0.942999	0.35777	1.04425	0.656096	17.3471	18.8946	0	0	2.28065e-08
148	rs1	1:1	2:0.524	rs2	1:2	2:0.27925	0	1000	0	8.9907e-23	9.99556	0.992013	0.000106365	6.23721	1.45813	0.927328	1.35051	3.47663	1	-25.844	178367	1	64.2947	193315	0	0	1
149	rs1	1:1	2:0.51525	rs2	1:2	2:0.28075	0	1000	0	1	33.9759	66451	0.56766	0.811908	0.762947	1	34.5584	347008	0.56766	0.811908	0.762947	1	-0.532156	338219	1	0	1
150	rs1	1:1	2:0.522	rs2	1:2	2:0.28025	0	1000	0	1	34.608	65455.4	0.750698	3.93696	5.19868	1	35.3352	159783	0.750698	3.93696	5.19868	1	-3.43284	659651	1	0	1
151	rs1	1:1	2:0.52275	rs2	1:2	2:0.2795	0	1000	0	6.67262e-15	11.3624	1.40629	0.00028294	6.06325	1.49993	-nan	2.15478e+06	0	0.999894	42.7587	2937.5	-nan	-2.08973e+06	0	0	1	1
152	rs1	1:1	2:0.52475	rs2	1:2	2:0.2845	0	1000	0	1.84997e-36	8.75429	0.68244	0.000207273	3.72013	0.903248	0.858731	1.19871	2.17195	0.799098	0.689692	1.0298	1	30.9839	61729.8	0	0	1
153	rs1	1:1	2:0.52175	rs2	1:2	2:0.28025	0	1000	0	4.37402e-28	9.13668	0.813981	0.0179435	2.60769	0.9196	0.828483	1.24775	2.03399	1	-27.8005	164799	1	66.5548	181499	0	0	1
154	rs1	1:1	2:0.519	rs2	1:2	2:0.2845	0	1000	1	3.65649e-33	8.93605	0.731144	0.00128272	2.81275	0.770761	0.9999	-0.10339	7.32726	0.501613	1.05085	0.894589	0.574766	17.6317	16.7535	0	0	5.77359e-08
155	rs1	1:1	2:0.5205	rs2	1:2	2:0.28175	0	1000	0	4.27779e-23	10.3447	1.01924	0.57474	0.890066	0.845699	0.883244	1.61867	3.24836	1	-30.3563	222070	1	65.1154	235815	0	0	1
156	rs1	1:1	2:0.52125	rs2	1:2	2:0.2845	0	1000	0	9.85208e-27	9.16625	0.837583	0.00132229	2.6794	0.735899	0.86232	1.37605	2.52813	0.084706	1.66308	0.748471	1	32.6205	67159.2	0	0	1
157	rs1	1:1	2:0.52425	rs2	1:2	2:0.281	0	1000	0	1.11522e-29	9.32592	0.807653	4.58245e-05	5.0642	1.13292	0.894672	1.20925	2.56304	1	-24.0692	147789	1	59.1644	162700	0	0	1
158	rs1	1:1	2:0.51775	rs2	1:2	2:0.28	0	1000	1	0.500616	34.9218	29.6862	0.99855	-0.0643248	1.19405	0.419382	39.5713	30.0166	0.999138	0.0503712	1.21261	0.8054	-24.7638	37.6406	0	0	0.686164
159	rs1	1:1	2:0.523	rs2	1:2	2:0.27625	0	1000	0	0.256455	34.7465	21.0619	0.868535	0.576131	1.08512	0.757799	20.1103	27.0022	0.999996	-17.1653	6273.29	0.999995	457.74	150760	0	0	1
160	rs1	1:1	2:0.5185	rs2	1:2	2:0.27975	0	1000	0	7.25695e-23	10.1799	1.00818	0.425737	0.980012	0.749902	0.999504	-0.263391	8.36307	1	-23.9819	199695	1	56.3122	210024	0	0	1
161	rs1	1:1	2:0.52625	rs2	1:2	2:0.27625	0	1000	0	1.00748e-21	9.83631	1.00031	3.84085e-08	7.12901	1.21993	0.922471	1.17104	2.91489	1	-24.9252	172039	1	62.4695	186558	0	0	1
162	rs1	1:1	2:0.5225	rs2	1:2	2:0.27975	0	1000	0	1.97198e-35	8.64217	0.683602	0.0001094	18.9397	4.43455	0.871602	1.16831	2.22852	0.738246	4.03321	5.17694	1	152.097	254798	0	0	1
163	rs1	1:1	2:0.522	rs2	1:2	2:0.2805	0	1000	0	9.53302e-14	29.4536	3.80363	0.0490815	3.8425	1.56498	0.164458	7.14244	3.75907	1	-153.447	319405	1	182.816	343691	0	0	1
164	rs1	1:1	2:0.52425	rs2	1:2	2:0.28075	0	1000	0	5.15101e-29	9.25996	0.811305	0.0158531	2.25194	0.782187	0.833771	1.30277	2.16052	1	-21.9074	132558	1	52.6076	145705	0	0	1
165	rs1	1:1	2:0.5205	rs2	1:2	2:0.28425	0	1000	0	1.18394e-25	9.79814	0.91451	0.0830222	1.69364	0.759143	0.829473	1.40075	2.29069	0.981038	0.210235	1.07441	1	33.1044	66665.2	0	0	1
166	rs1	1:1	2:0.5245	rs2	1:2	2:0.2765	0	1000	0	1.18765e-24	9.71731	0.925751	0.00638865	4.47238	1.40682	0.931409	1.48832	3.948	0.401325	1.61755	1.19705	1	32.138	65638.8	0	0	1
167	rs1	1:1	2:0.52625	rs2	1:2	2:0.27675	0	1000	0	7.08205e-33	8.51912	0.700136	6.9865e-08	5.12102	0.892085	0.855354	1.06939	1.91304	1	-24.0165	156070	1	58.6575	170028	0	0	1
168	rs1	1:1	2:0.52025	rs2	1:2	2:0.2795	0	1000	0	1.07601e-16	10.5349	1.22851	0.231339	6.88061	4.02125	0.857406	1.65207	2.97833	0.87332	2.69602	5.17981	1	154.501	261565	0	0	1
169	rs1	1:1	2:0.52425	rs2	1:2	2:0.27975	0	1000	0	1.29597e-28	9.27421	0.818371	0.0940292	1.33723	0.614969	0.998399	-5.83646	103.108	1	-23.0055	196906	1	59.8141	206320	0	0	1
170	rs1	1:1	2:0.52225	rs2	1:2	2:0.276	0	1000	0	2.30587e-28	9.23647	0.818722	0.0798252	1.5588	0.693259	0.993485	-3.29047	28.7793	1	-25.0466	222257	1	62.2321	232466	0	0	1
171	rs1	1:1	2:0.52475	rs2	1:2	2:0.28425	0	1000	0	1.33747e-23	10.3406	1.00752	0.0397831	4.34666	1.71168	0.929682	1.50317	3.93634	1	-24.0807	144155	1	59.8584	159823	0	0	1
172	rs1	1:1	2:0.52325	rs2	1:2	2:0.28125	0	1000	0	1.0297e-25	9.27273	0.864421	4.91236e-07	6.28922	1.16682	0.932297	1.18129	3.15479	0.0713305	2.30283	1.0021	1	32.5294	66737.1	0	0	1
173	rs1	1:1	2:0.52375	rs2	1:2	2:0.28425	0	1000	0	4.06184e-23	10.4183	1.02597	0.0538009	3.01698	1.24791	0.783416	2.5459	3.64376	1	-32.1023	233060	1	67.9388	247682	0	0	1
174	rs1	1:1	2:0.521	rs2	1:2	2:0.28075	0	1000	1	2.25235e-25	9.896	0.928863	0.0110088	3.36292	1.11985	0.8099	2.46774	3.80016	0.755768	0.93708	1.25218	0.142278	13.0208	6.59339	0	0	1.53265e-05
175	rs1	1:1	2:0.52575	rs2	1:2	2:0.27975	0	1000	0	3.66485e-28	9.11415	0.810837	3.25768e-07	6.28242	1.14942	0.887063	1.15364	2.35643	1	-26.9933	183896	1	66.3664	199168	0	0	1
176	rs1	1:1	2:0.52325	rs2	1:2	2:0.27425	0	1000	1	1.01499e-16	11.0805	1.29111	0.226106	1.39987	0.811809	0.139234	4.32271	2.17687	0.98035	0.221757	1.11309	0.0677424	9.56068	4.12034	0	0	0.00203009
177	rs1	1:1	2:0.52	rs2	1:2	2:0.28325	0	1000	0	0.717847	34.5343	42.4126	0.998736	-11.6371	231.38	0.720473	34.5148	42.6241	1	-26.9507	232334	1	28.0047	243904	0	0	1
178	rs1	1:1	2:0.5255	rs2	1:2	2:0.28275	0	1000	0	1.03203e-29	9.45131	0.818036	0.0623966	1.58964	0.674858	0.993839	-1.38072	12.4189	1	-23.2426	186435	1	56.1602	196869	0	0	1
179	rs1	1:1	2:0.5245	rs2	1:2	2:0.282	0	1000	0	4.84122e-23	10.2745	1.01353	0.176584	8.13527	4.36855	0	-10748.3	181.284	0	-1670.38	40.4608	0	52071.7	606.356	0	1	1
180	rs1	1:1	2:0.5245	rs2	1:2	2:0.282	0	1000	0	3.10662e-35	8.94081	0.709244	0.00119425	2.9472	0.803302	0.994677	0.527862	5.10911	1	-25.3004	205593	1	57.2594	216476	0	0	1
181	rs1	1:1	2:0.51875	rs2	1:2	2:0.2775	0	1000	1	0.975523	39.6521	178.11	0.944204	0.329031	0.970996	0.967999	45.5971	178.781	0.942235	0.336265	0.974778	0.991419	-23.1439	176.284	0	0	0.93057
182	rs1	1:1	2:0.5175	rs2	1:2	2:0.276	0	1000	0	0.26912	36.4909	22.5218	0.999385	-13.6641	389.565	0.269526	36.4888	22.5335	1	-29.199	275549	1	27.5905	285824	0	0	1
183	rs1	1:1	2:0.525	rs2	1:2	2:0.2805	0	1000	0	7.4857e-18	9.95028	1.12044	7.62357e-07	8.16214	1.53774	0.963804	1.19404	4.39724	0.0140107	3.44532	1.17925	1	32.7984	67741.7	0	0	1
184	rs1	1:1	2:0.5215	rs2	1:2	2:0.28275	0	1000	0	7.23683e-39	8.53459	0.643972	8.64478e-05	3.69231	0.853569	0.847754	1.07015	1.86196	1	-23.278	138531	1	56.1651	152739	0	0	1
185	rs1	1:1	2:0.5195	rs2	1:2	2:0.28075	0	1000	0	6.01029e-15	11.454	1.41536	0.487112	1.6163	1.34761	0.922748	1.69183	4.21908	1	-26.1613	166843	1	63.6197	182530	0	0	1
186	rs1	1:1	2:0.52475	rs2	1:2	2:0.2785	0	1000	0	9.25485e-15	11.6709	1.45177	0.915859	0.448357	1.06938	0.685141	2.77589	3.19203	1	-29.056	231439	1	60.7581	243259	0	0	1
187	rs1	1:1	2:0.51975	rs2	1:2	2:0.2785	0	1000	0	1.24966e-27	9.46413	0.850268	0.00560213	2.91788	0.90614	0.411718	2.86039	2.14707	1	-34.971	250006	1	68.9463	264254	0	0	1
188	rs1	1:1	2:0.5265	rs2	1:2	2:0.28675	0	1000	0	6.79077e-31	10.0433	0.852075	0.00919837	2.86628	0.935999	0.278353	3.25858	2.03751	1	-19.3244	23848.8	1	100.165	112468	0	0	1
189	rs1	1:1	2:0.529	rs2	1:2	2:0.2805	0	1000	0	9.08596e-15	11.6779	1.45222	0.427842	1.79345	1.37632	0.801409	2.9024	4.36184	1	-31.9276	254171	1	69.1018	268214	0	0	1
190	rs1	1:1	2:0.51975	rs2	1:2	2:0.28025	0	1000	0	0.127711	35.6427	17.5685	0.999016	-11.1047	250.321	0.128015	35.6406	17.5776	1	-24.395	208689	1	23.7638	218694	0	0	1
191	rs1	1:1	2:0.52075	rs2	1:2	2:0.2785	0	1000	1	1.33185e-35	8.4845	0.669488	0.000809844	2.54927	0.675617	0.990068	-1.87773	13.2894	0.988706	0.166489	1.1046	0.748203	20.1754	26.4878	0	0	2.52539e-10
192	rs1	1:1	2:0.521	rs2	1:2	2:0.28075	0	1000	0	7.46011e-15	11.4337	1.41754	0.879225	0.635348	1.25223	0.846432	1.68719	2.92178	1	-27.9753	176620	1	66.0169	192606	0	0	1
193	rs1	1:1	2:0.5205	rs2	1:2	2:0.27475	0	1000	0	2.54297e-17	10.1341	1.15925	0.0686434	7.806	3.37242	0.951695	379.832	1207.06	0.398898	5.29785	3.90765	0.954517	-1775.99	5820.58	0	1	1
194	rs1	1:1	2:0.5225	rs2	1:2	2:0.28175	0	1000	0	2.44328e-27	9.65039	0.871732	0.00385013	3.459	1.03732	0.997215	-18297.8	245015	0.634626	1.04239	1.09306	0.997211	18499.5	247539	0	1	1
195	rs1	1:1	2:0.52325	rs2	1:2	2:0.2765	0	1000	0	9.49141e-30	8.82792	0.763602	0.00525163	11.1159	3.4307	0.790667	1.2606	1.83925	0.947997	1.7161	5.25097	1	160.687	273099	0	0	1
196	rs1	1:1	2:0.52575	rs2	1:2	2:0.27925	0	1000	0	4.29415e-28	9.14377	0.814494	0.0200257	2.52619	0.903279	0.802334	1.30165	1.96128	1	-27.2543	160440	1	65.1223	176908	0	0	1
197	rs1	1:1	2:0.52175	rs2	1:2	2:0.28125	0	1000	0	5.29826e-15	11.483	1.41623	0.679384	1.02829	1.16946	0.890693	1.7127	3.55955	1	-24.3108	149991	1	58.3724	164669	0	0	1
198	rs1	1:1	2:0.52825	rs2	1:2	2:0.2775	0	1000	0	1.66552e-30	9.09255	0.776447	0.000814057	4.34227	1.15123	0.879162	1.37219	2.70374	0.580682	1.21452	1.16485	1	33.3723	68276.5	0	0	1
199	rs1	1:1	2:0.51725	rs2	1:2	2:0.27975	0	1000	0	4.35062e-32	8.77904	0.73051	0.00195197	2.61075	0.739087	0.819764	1.1957	1.89656	0.542031	0.995305	0.899316	1	36.4913	74681.4	0	0	1
200	rs1	1:1	2:0.52925	rs2	1:2	2:0.28175	0	1000	0	1.48566e-24	9.69646	0.925648	0.00697592	19.6612	6.23912	0.923349	1.52719	3.82399	0.418026	7.00768	5.30576	1	140.389	237058	0	0	1
201	rs1	1:1	2:0.517	rs2	1:2	2:0.28	0	1000	0	1.79758e-15	11.5152	1.39741	0.961195	1.44485	5.13546	0.844167	1.62263	2.78767	1	-123.924	784696	1	288.467	836005	0	0	1
202	rs1	1:1	2:0.5245	rs2	1:2	2:0.2775	0	1000	0	1	59.1329	154260	1	-24.0822	141763	1	35.7433	318378	1	-24.9215	214373	1	24.6845	393993	1	0	1
203	rs1	1:1	2:0.51775	rs2	1:2	2:0.27675	0	1000	0	9.40648e-15	11.304	1.40648	0.888389	2.4934	5.12508	0.845737	1.62636	2.80952	1	-119.793	782112	1	279.954	829524	0	0	1
204	rs1	1:1	2:0.525	rs2	1:2	2:0.2825	0	1000	0	2.4302e-34	8.93174	0.717878	0.00059645	4.55454	1.18194	0.85675	1.21482	2.18463	1	-27.8287	173254	1	67.4632	189773	0	0	1
205	rs1	1:1	2:0.519	rs2	1:2	2:0.2795	0	1000	1	8.58315e-28	9.18386	0.822598	1.22687e-05	5.80551	1.22074	0.859852	2.27954	4.14811	0.0069404	2.80404	0.889353	0.162063	10.5409	5.52528	0	0	0.000105107
206	rs1	1:1	2:0.52125	rs2	1:2	2:0.2825	0	1000	1	3.82722e-32	9.21208	0.765864	0.00392682	2.56914	0.771828	0.991407	0.709635	5.40137	0.94073	0.364165	1.04175	0.329522	14.38	9.65074	0	0	4.64615e-08
207	rs1	1:1	2:0.52225	rs2	1:2	2:0.2815	0	1000	0	5.04065e-30	9.38277	0.80778	0.0122015	3.06777	1.03342	0.871702	1.2875	2.45689	1	-24.4476	149224	1	59.1616	164100	0	0	1
208	rs1	1:1	2:0.5265	rs2	1:2	2:0.28025	0	1000	0	2.31049e-31	8.98996	0.756862	0.00181871	3.03877	0.855422	0.860714	1.31051	2.3927	0.753021	0.761796	1.0114	1	30.2378	60096.7	0	0	1
209	rs1	1:1	2:0.5225	rs2	1:2	2:0.2805	0	1000	0	3.81243e-15	11.6116	1.42496	0.880246	0.476934	0.944271	0.990706	1.00086	7.32408	1	-23.4698	189327	1	53.7513	199614	0	0	1
210	rs1	1:1	2:0.51825	rs2	1:2	2:0.28325	0	1000	0	3.67752e-18	9.84503	1.09873	0.00210744	2.34222	0.667178	0.890045	1.58845	3.29098	0.0173512	1.90461	0.668872	1	31.1976	65330.1	0	0	1
211	rs1	1:1	2:0.5195	rs2	1:2	2:0.27675	0	1000	0	1	34.4605	66265.1	0.745457	0.942525	1.22966	1	35.0916	343080	0.745457	0.942525	1.22966	1	-0.677489	388991	1	0	1
212	rs1	1:1	2:0.5215	rs2	1:2	2:0.27825	0	1000	0	1.60375e-14	11.2817	1.41544	0.403821	1.81217	1.34565	0.919072	1.71799	4.18177	1	-25.9741	170509	1	63.3511	185786	0	0	1
213	rs1	1:1	2:0.52675	rs2	1:2	2:0.28375	0	1000	0	4.2506e-23	10.4246	1.02704	0.0618517	12.4792	5.28949	1	-5321.54	3.98857e+14	1	-1682.64	3.45815e+15	1	24835.6	1.80907e+15	0	1	1
214	rs1	1:1	2:0.52675	rs2	1:2	2:0.2785	0	1000	0	7.55397e-30	9.51778	0.821871	0.00816608	3.05751	0.98601	0.963667	1.26182	4.63794	1	-27.1976	217385	1	60.8228	229525	0	0	1
215	rs1	1:1	2:0.522	rs2	1:2	2:0.28125	0	1000	0	1.54887e-29	9.45105	0.820514	0.0142445	2.65168	0.909371	0.983234	0.901614	4.90301	1	-28.2686	226788	1	64.1015	239616	0	0	1
216	rs1	1:1	2:0.52225	rs2	1:2	2:0.2815	0	1000	0	4.42705e-30	8.90633	0.766025	0.0214654	1.73638	0.626454	0.738703	1.25409	1.61136	0.999935	0.0116314	1.02173	1	32.1971	64450.3	0	0	1
217	rs1	1:1	2:0.5205	rs2	1:2	2:0.28	0	1000	1	4.45346e-18	10.4349	1.16735	0.0228731	2.20258	0.801305	0.929175	2.09627	5.46905	0.245134	1.44296	0.860508	0.349043	12.2891	8.46996	0	0	0.000804623
218	rs1	1:1	2:0.52	rs2	1:2	2:0.28	0	1000	1	1.16393e-35	8.50105	0.670232	0.00184223	2.20172	0.620423	0.991372	-3.22303	24.4826	0.999871	0.0168864	1.05183	0.897141	21.9478	47.1059	0	0	1.08652e-10
219	rs1	1:1	2:0.52175	rs2	1:2	2:0.28275	0	1000	0	5.08149e-23	10.1121	0.997988	0.105277	2.17686	1.02592	0.881775	1.42654	2.84378	1	-24.8476	146792	1	60.0959	162320	0	0	1
220	rs1	1:1	2:0.52225	rs2	1:2	2:0.28425	0	1000	0	1	34.7393	65909.3	0.805836	0.786558	1.19706	1	35.2437	334864	0.805836	0.786558	1.19706	1	-0.501881	363990	1	0	1
221	rs1	1:1	2:0.52525	rs2	1:2	2:0.27925	0	1000	0	1.38002e-14	11.308	1.41541	0.424848	1.65199	1.26255	0.905178	1.78673	4.0028	1	-24.4797	166961	1	59.4403	180893	0	0	1
222	rs1	1:1	2:0.5175	rs2	1:2	2:0.27925	0	1000	0	1.43587e-24	9.61175	0.917277	0.202769	1.39751	0.782288	0.761165	1.34789	1.82445	0.994924	-0.12169	1.20624	1	38.0923	76691	0	0	1
223	rs1	1:1	2:0.52425	rs2	1:2	2:0.2795	0	1000	0	3.293e-22	9.96318	1.00169	0.200963	1.61144	0.899518	0.814502	1.45074	2.2647	1	-25.235	155966	1	60.0045	170767	0	0	1
224	rs1	1:1	2:0.5235	rs2	1:2	2:0.28125	0	1000	1	1.85155e-31	9.10177	0.765076	0.00994914	1.9839	0.653344	0.994338	-1.32657	12.4482	0.9905	0.138371	1.00146	0.682335	17.3395	19.8315	0	0	9.64212e-09
225	rs1	1:1	2:0.52375	rs2	1:2	2:0.2815	0	1000	0	8.72446e-23	10.002	0.992362	0.0453831	2.74594	1.10411	0.903647	1.46789	3.2609	1	-22.5511	141068	1	55.2442	154830	0	0	1
226	rs1	1:1	2:0.52325	rs2	1:2	2:0.28225	0	1000	0	8.87214e-36	9.01093	0.709235	0.00171832	3.66158	1.02614	0.992003	0.617474	4.87275	1	-31.7121	247542	1	71.611	261848	0	0	1
227	rs1	1:1	2:0.5255	rs2	1:2	2:0.2775	0	1000	0	1.07974e-22	9.97979	0.992239	0.000105681	5.3076	1.24037	0.922515	1.37572	3.42538	1	-22.0814	157710	1	54.8429	170114	0	0	1
228	rs1	1:1	2:0.52175	rs2	1:2	2:0.27675	0	1000	0	1	34.5689	65911.2	0.8141	0.684955	1.06797	1	35.0911	328833	0.8141	0.684955	1.06797	1	-0.474873	325785	1	0	1
229	rs1	1:1	2:0.5215	rs2	1:2	2:0.28075	0	1000	0	4.41386e-15	11.615	1.42854	0.88094	0.44974	0.893193	0.985056	1.17415	6.76614	1	-23.42	184005	1	53.1298	193909	0	0	1
230	rs1	1:1	2:0.522	rs2	1:2	2:0.2815	0	1000	0	6.3234e-15	11.4448	1.41532	0.48792	1.43881	1.20101	0.913309	1.74297	4.09276	1	-23.3819	155454	1	56.6877	169003	0	0	1
231	rs1	1:1	2:0.513	rs2	1:2	2:0.279	0	1000	0	6.31198e-25	9.67559	0.916534	0.308818	5.40582	3.52636	0.776307	1.28174	1.80114	0.966355	-1.43984	5.50344	1	173.339	293722	0	0	1
232	rs1	1:1	2:0.523	rs2	1:2	2:0.28025	0	1000	0	1.22063e-36	8.28415	0.644164	0.000308851	2.44525	0.60818	0.750994	1.15704	1.5289	0.614582	0.761631	0.771878	1	31.7389	64523.9	0	0	1
233	rs1	1:1	2:0.52625	rs2	1:2	2:0.27525	0	1000	0	2.10694e-28	9.11452	0.80734	2.31025e-05	5.27393	1.14136	0.890406	1.23009	2.55298	1	-24.6583	160303	1	60.8154	174937	0	0	1
234	rs1	1:1	2:0.5225	rs2	1:2	2:0.28125	0	1000	0	1.05858e-33	8.65996	0.702747	3.1986e-09	5.58063	0.892232	0.878255	0.952694	1.86969	1	-24.8235	148530	1	60.7137	163879	0	0	1
235	rs1	1:1	2:0.52325	rs2	1:2	2:0.27725	0	1000	0	7.76058e-29	9.32641	0.81971	0.00882848	2.40091	0.780623	0.987719	0.810104	5.153	1	-24.2289	208682	1	55.6025	219082	0	0	1
236	rs1	1:1	2:0.52225	rs2	1:2	2:0.2755	0	1000	0	1.05038e-28	9.16338	0.807271	0.00493346	3.17687	0.974692	0.872447	1.29484	2.47861	1	-23.5401	163112	1	57.0152	176068	0	0	1
237	rs1	1:1	2:0.52225	rs2	1:2	2:0.27475	0	1000	0	8.58489e-21	9.63315	1.0021	0.0860032	1.83655	0.829096	0.834435	1.41336	2.34909	1	-23.0586	153870	1	55.1695	166611	0	0	1
238	rs1	1:1	2:0.5235	rs2	1:2	2:0.283	0	1000	0	9.79943e-23	10.0474	0.998007	0.0915943	2.2785	1.04208	0.877571	1.44158	2.82069	1	-25.1558	146758	1	60.9419	162610	0	0	1
239	rs1	1:1	2:0.524	rs2	1:2	2:0.28025	0	1000	0	1.23676e-29	9.31785	0.807581	4.43978e-05	4.40708	0.984356	0.891906	1.22026	2.55115	1	-21.5218	141561	1	52.6146	153985	0	0	1
240	rs1	1:1	2:0.5195	rs2	1:2	2:0.27725	0	1000	0	8.59646e-15	11.6347	1.44561	0.603897	1.13181	1.12691	0.80931	2.70239	4.15434	1	-27.9095	221766	1	59.937	233916	0	0	1
241	rs1	1:1	2:0.52525	rs2	1:2	2:0.279	0	1000	0	8.91785e-29	9.21981	0.811213	0.0137699	2.78998	0.95301	0.833841	1.30242	2.16044	1	-26.2331	153892	1	63.1449	170058	0	0	1
242	rs1	1:1	2:0.52025	rs2	1:2	2:0.27725	0	1000	0	2.11133e-22	10.088	1.00971	0.0193393	3.85193	1.37122	0.941484	1.44416	4.15861	1	-20.8128	146052	1	52.0414	158043	0	0	1
243	rs1	1:1	2:0.52325	rs2	1:2	2:0.2815	0	1000	0	6.78973e-15	11.4315	1.41522	9.28293e-06	30.9512	6.42941	0.961887	1.38142	4.95526	1	-93.5096	691483	1	237.015	730990	0	0	1
244	rs1	1:1	2:0.518	rs2	1:2	2:0.28175	0	1000	0	2.68414e-17	10.6827	1.22287	0.000210343	6.92307	1.68238	0.973186	1.39789	5.99564	0.27061	2.28132	1.41098	1	33.0195	67099.4	0	0	1
245	rs1	1:1	2:0.516	rs2	1:2	2:0.279	0	1000	0	1.13954e-22	10.0846	1.0032	0.544558	0.895662	0.812373	0.790486	1.3378	1.95093	1	-25.1171	157160	1	58.6406	171299	0	0	1
246	rs1	1:1	2:0.518	rs2	1:2	2:0.27525	0	1000	0	2.70331e-14	11.2153	1.41882	0.909023	0.421501	0.965037	0.823191	1.63483	2.62073	1	-22.5397	152793	1	52.6603	164683	0	0	1
247	rs1	1:1	2:0.525	rs2	1:2	2:0.2835	0	1000	0	1.27217e-31	9.06076	0.759617	0.00470384	3.08627	0.942673	0.833105	1.29114	2.13654	0.910769	0.544018	1.25827	1	38.2158	75665.4	0	0	1
248	rs1	1:1	2:0.52025	rs2	1:2	2:0.27825	0	1000	0	2.86655e-28	9.47009	0.840869	0.0360762	1.8679	0.724655	0.726281	2.03058	2.53894	1	-29.6238	216285	1	61.1034	228912	0	0	1
249	rs1	1:1	2:0.52075	rs2	1:2	2:0.2775	0	1000	0	2.87971e-30	8.85142	0.758892	0.00145151	3.26644	0.903509	0.855591	1.24682	2.23243	0.796537	0.822328	1.21915	1	36.8196	74228.9	0	0	1
250	rs1	1:1	2:0.52325	rs2	1:2	2:0.2815	0	1000	0	1.52233e-14	11.3082	1.4176	0.718666	1.05633	1.29955	0.866542	1.70678	3.18876	1	-27.9894	170721	1	66.8679	187399	0	0	1
251	rs1	1:1	2:0.52375	rs2	1:2	2:0.27925	0	1000	0	3.50343e-17	10.684	1.22731	0.140698	1.58472	0.800173	0.884884	1.72965	3.49731	0.756376	0.731442	0.9788	1	29.337	59882.8	0	0	1
252	rs1	1:1	2:0.51525	rs2	1:2	2:0.27825	0	1000	0	1.15924e-32	8.56501	0.706262	0.00758686	1.94553	0.622665	0.792467	1.06286	1.5583	1	-23.2976	146770	1	54.8667	159818	0	0	1
253	rs1	1:1	2:0.524	rs2	1:2	2:0.2765	0	1000	0	2.76758e-23	9.30816	0.913254	0.00799082	2.44326	0.786149	0.851403	1.4325	2.52546	0.697684	0.903343	1.06462	1	31.7779	64618.8	0	0	1
254	rs1	1:1	2:0.52175	rs2	1:2	2:0.28325	0	1000	0	5.97879e-15	11.4549	1.41536	0.492771	1.41136	1.1863	0.914003	1.73903	4.10072	1	-23.113	153068	1	56.0288	166489	0	0	1
255	rs1	1:1	2:0.51975	rs2	1:2	2:0.28075	0	1000	0	6.03113e-15	11.4675	1.41711	0.798185	0.688127	1.02486	0.87438	1.67693	3.23636	1	-22.416	141564	1	53.2543	154546	0	0	1
256	rs1	1:1	2:0.5205	rs2	1:2	2:0.283	0	1000	0	9.11661e-23	10.075	1.00003	0.17126	8.2514	4.39231	0.864759	1.38927	2.5771	1	-116.493	677595	1	277.532	728432	0	0	1
257	rs1	1:1	2:0.521	rs2	1:2	2:0.27675	0	1000	0	2.9315e-22	10.0177	1.00599	0.318047	1.38502	0.915026	0.996809	-0.931102	11.646	1	-28.7489	259796	1	68.7128	271300	0	0	1
258	rs1	1:1	2:0.5225	rs2	1:2	2:0.2825	0	1000	0	5.90649e-15	11.8872	1.4685	0.530684	1.43702	1.27657	0.686862	3.25773	3.75859	1	-31.1517	223740	1	65.0271	237862	0	0	1
259	rs1	1:1	2:0.5185	rs2	1:2	2:0.27925	0	1000	0	3.82452e-24	9.49978	0.914789	0.0278089	1.78012	0.665039	0.851968	1.35444	2.39279	0.878837	0.478224	0.940934	1	29.6381	59288.4	0	0	1
260	rs1	1:1	2:0.517	rs2	1:2	2:0.28275	0	1000	0	3.62731e-27	9.61466	0.871318	0.0152951	2.06411	0.713869	1	-530.702	3.35824e+06	0.988814	0.164032	1.09359	1	615.106	3.38588e+06	0	0	1
261	rs1	1:1	2:0.5225	rs2	1:2	2:0.2795	0	1000	0	2.66863e-22	9.99264	1.00252	0.300011	1.36743	0.88123	0.791475	1.43866	2.10363	1	-25.9828	177274	1	61.0555	191072	0	0	1
262	rs1	1:1	2:0.519	rs2	1:2	2:0.282	0	1000	0	2.91837e-22	9.99612	1.00378	0.576277	0.8552	0.814538	0.756554	1.35978	1.82039	1	-25.3482	145186	1	59.2343	160409	0	0	1
263	rs1	1:1	2:0.522	rs2	1:2	2:0.2845	0	1000	0	6.51645e-26	9.94041	0.923001	0.0229206	2.37962	0.86595	0.975567	-997.422	4484.31	0.919242	-3.59791	8.76728	0.971001	1046.49	4313.63	0	1	1
264	rs1	1:1	2:0.52	rs2	1:2	2:0.2835	0	1000	0	4.92008e-15	11.5001	1.41674	0.815767	0.666589	1.04454	0.8802	1.65117	3.26843	1	-22.5506	127466	1	53.8904	141809	0	0	1
265	rs1	1:1	2:0.52375	rs2	1:2	2:0.28525	0	1000	1	2.13482e-26	10.053	0.924601	0.0181503	3.21366	1.13492	0.862287	2.24995	4.13316	0.811082	0.805103	1.24412	0.214536	13.9639	7.95854	0	0	9.36064e-06
266	rs1	1:1	2:0.526	rs2	1:2	2:0.279	0	1000	0	2.38737e-21	10.471	1.07448	1.05095e-06	6.05966	1.15487	0.629849	2.82003	2.93284	1	-32.4368	224823	1	64.8193	238417	0	0	1
267	rs1	1:1	2:0.5215	rs2	1:2	2:0.27725	0	1000	0	1.53549e-22	10.1056	1.00827	0.276137	1.479	0.921911	0.999965	-0.067691	8.14148	1	-28.6634	249214	1	67.1677	261144	0	0	1
268	rs1	1:1	2:0.5185	rs2	1:2	2:0.2785	0	1000	0	1.42483e-24	9.56927	0.913158	0.0206505	2.16946	0.77879	0.869814	1.37451	2.60246	0.829502	0.643498	1.05243	1	31.7904	64586.6	0	0	1
269	rs1	1:1	2:0.52225	rs2	1:2	2:0.2805	0	1000	0	9.85888e-29	9.39242	0.827042	0.00294269	3.926	1.1499	0.904994	1.29163	2.89068	1	-22.4643	144432	1	55.1901	157848	0	0	1
270	rs1	1:1	2:0.5185	rs2	1:2	2:0.28475	0	1000	0	1	34.7826	66390.6	0.817488	0.712191	1.12182	1	35.2611	371655	0.817488	0.712191	1.12182	1	-0.447649	377610	1	0	1
271	rs1	1:1	2:0.52725	rs2	1:2	2:0.281	0	1000	0	2.16557e-28	9.5535	0.846406	1.01735e-08	6.62471	1.09195	0.90916	1.50526	3.44907	1	-34.7447	253459	1	73.5704	268481	0	0	1
272	rs1	1:1	2:0.51925	rs2	1:2	2:0.283	0	1000	0	1	59.3729	154998	1	-25.2886	147722	1	35.786	371637	1	-25.9067	197746	1	25.6172	446123	1	0	1
273	rs1	1:1	2:0.52175	rs2	1:2	2:0.2845	0	1000	0	7.00332e-23	10.1066	1.00057	0.176598	1.83913	0.987618	0.851579	1.42839	2.51985	1	-26.3148	159073	1	62.9066	174892	0	0	1
274	rs1	1:1	2:0.524	rs2	1:2	2:0.278	0	1000	0	2.17618e-22	9.99126	1.00033	0.137343	2.00216	1.00479	0.83824	1.46918	2.47314	1	-26.9119	182567	1	64.1447	197259	0	0	1
275	rs1	1:1	2:0.5235	rs2	1:2	2:0.285	0	1000	0	9.75525e-30	9.49118	0.821141	0.0373204	1.95821	0.763598	0.99989	0.0974218	6.56705	1	-25.1153	199505	1	58.4571	210949	0	0	1
276	rs1	1:1	2:0.52025	rs2	1:2	2:0.27875	0	1000	0	1.49917e-33	8.84003	0.719009	0.00031528	4.15268	1.03417	0.880995	1.15322	2.29088	1	-24.8119	167967	1	60.2581	181878	0	0	1
277	rs1	1:1	2:0.52275	rs2	1:2	2:0.27875	0	1000	0	1.32865e-22	10.1186	1.00811	0.188063	1.44852	0.792363	0.997899	0.442989	6.83032	1	-24.3279	208485	1	56.3057	218753	0	0	1
278	rs1	1:1	2:0.52025	rs2	1:2	2:0.2795	0	1000	0	8.23582e-33	8.83263	0.726642	6.90025e-06	5.21999	1.07072	0.905451	1.15675	2.59539	0.140762	1.84835	0.933392	1	33.3783	69417	0	0	1
279	rs1	1:1	2:0.52225	rs2	1:2	2:0.2765	0	1000	0	1	59.9411	153875	1	-21.6364	119974	1	35.1804	307353	1	-22.4106	181630	1	22.2034	326869	1	0	1
280	rs1	1:1	2:0.52	rs2	1:2	2:0.2845	0	1000	0	2.37538e-17	10.7365	1.22707	0.152678	1.69764	0.875626	0.899935	1.66638	3.62888	0.775414	0.764154	1.07138	1	31.5371	64179.1	0	0	1
281	rs1	1:1	2:0.5215	rs2	1:2	2:0.28025	0	1000	0	1.60933e-30	8.9454	0.76369	0.00843845	2.11017	0.682837	0.794768	1.25126	1.84606	0.973918	0.239882	1.04339	1	32.4412	65059.2	0	0	1
282	rs1	1:1	2:0.5215	rs2	1:2	2:0.2805	0	1000	0	1	59.4726	148832	1	-26.6574	144859	1	35.7789	343620	1	-27.5956	219796	1	27.2884	450252	1	0	1
283	rs1	1:1	2:0.524	rs2	1:2	2:0.27775	0	1000	0	1.76785e-24	9.52473	0.910699	0.0108738	2.56669	0.853536	0.871844	1.45761	2.78315	0.704775	0.894661	1.06951	1	31.5217	64226.3	0	0	1
284	rs1	1:1	2:0.52075	rs2	1:2	2:0.28125	0	1000	0	1.05636e-29	9.54577	0.826357	0.00858448	3.24841	1.05306	0.909506	1.67398	3.84334	1	-30.5601	232089	1	65.9904	245658	0	0	1
285	rs1	1:1	2:0.52075	rs2	1:2	2:0.28425	0	1000	0	0.411917	36.1472	27.1403	0.999328	-11.7518	320.443	0.412731	36.1432	27.1675	1	-26.436	223378	1	26.4869	235550	0	0	1
286	rs1	1:1	2:0.52025	rs2	1:2	2:0.2785	0	1000	0	4.26789e-14	11.1063	1.41542	0.321048	1.83948	1.22028	0.923478	1.70059	4.26191	1	-23.468	166342	1	57.3671	179397	0	0	1
287	rs1	1:1	2:0.52225	rs2	1:2	2:0.283	0	1000	0	1	59.7383	144534	1	-26.907	138227	1	36.0827	344108	1	-28.0688	228654	1	27.7286	463197	1	0	1
288	rs1	1:1	2:0.522	rs2	1:2	2:0.2775	0	1000	0	3.13038e-40	8.42618	0.62472	3.02985e-05	3.51013	0.769484	0.988763	0.59192	3.93727	0.999999	-19.8003	15738.7	0.999999	168.626	118618	0	0	1
289	rs1	1:1	2:0.51775	rs2	1:2	2:0.27675	0	1000	0	9.0262e-22	9.87084	1.00268	0.220838	1.31138	0.754534	0.833856	1.34748	2.2353	1	-22.1528	137936	1	52.6067	150703	0	0	1
290	rs1	1:1	2:0.51925	rs2	1:2	2:0.28275	0	1000	0	1.47569e-34	8.81814	0.706475	0.00386331	2.39201	0.717558	0.999131	-0.262423	6.29355	1	-25.7233	215305	1	60.2811	226548	0	0	1
291	rs1	1:1	2:0.5155	rs2	1:2	2:0.28	0	1000	0	5.49019e-15	11.5332	1.42319	0.913621	0.428988	1.00923	0.977365	1.28121	5.98731	1	-24.6961	207623	1	56.3179	218363	0	0	1
292	rs1	1:1	2:0.518	rs2	1:2	2:0.28	0	1000	0	6.50049e-15	11.5648	1.43077	0.931483	0.429583	1.14018	0.986665	1.08413	6.61624	1	-28.0011	236279	1	63.5941	248111	0	0	1
293	rs1	1:1	2:0.518	rs2	1:2	2:0.27675	0	1000	0	0.999999	128.741	119835	1	-98.2374	110975	1	35.0362	146511	1	-119.502	1.0359e+06	1	119.647	1.20146e+06	1	0	1
294	rs1	1:1	2:0.526	rs2	1:2	2:0.28	0	1000	0	3.5277e-35	8.85396	0.702917	0.00496178	2.68297	0.823603	0.0131085	3.48086	1.18223	1	-29.2243	245647	1	64.9763	258253	0	0	1
295	rs1	1:1	2:0.523	rs2	1:2	2:0.28375	0	1000	0	1.27416e-25	9.75851	0.911395	0.0254795	2.77285	1.0235	0.874872	1.43736	2.77985	0.835717	0.766178	1.27886	1	37.9563	76051.9	0	0	1
296	rs1	1:1	2:0.52675	rs2	1:2	2:0.27875	0	1000	0	1.80713e-17	10.1675	1.15791	6.34729e-06	6.98664	1.42808	0.962556	1.33624	4.8367	0.0442924	2.80918	1.12512	1	29.9065	61271.7	0	0	1
297	rs1	1:1	2:0.5205	rs2	1:2	2:0.2785	0	1000	0	1.38595e-14	11.316	1.41649	0.579643	1.24691	1.19395	0.893052	1.71303	3.60163	1	-25.0168	185764	1	59.8354	198633	0	0	1
298	rs1	1:1	2:0.52	rs2	1:2	2:0.275	0	1000	0	1.64164e-14	11.2967	1.41785	0.888053	0.496863	1.01966	0.83463	1.65803	2.75752	1	-23.0746	145544	1	54.343	158725	0	0	1
299	rs1	1:1	2:0.5175	rs2	1:2	2:0.2785	0	1000	0	1.02032e-14	11.5918	1.4441	0.864974	0.613308	1.13867	0.503911	3.20702	2.73923	1	-32.4464	252828	1	66.0152	265953	0	0	1
300	rs1	1:1	2:0.52225	rs2	1:2	2:0.28275	0	1000	0	2.96861e-18	10.3835	1.15574	6.86921e-06	7.83044	1.60586	0.966226	1.29299	4.93252	0.0699349	2.91201	1.26247	1	33.6031	68991.9	0	0	1
301	rs1	1:1	2:0.52	rs2	1:2	2:0.27825	0	1000	0	8.06405e-15	11.4157	1.417	0.770576	0.886495	1.22789	0.870875	1.69285	3.2193	1	-26.8609	189312	1	63.6135	203474	0	0	1
302	rs1	1:1	2:0.52225	rs2	1:2	2:0.28	0	1000	0	1.60287e-22	10.0186	1.00001	0.15421	8.3051	4.29511	0.842958	1.45656	2.49185	1	-116.7	912550	1	273.894	949634	0	0	1
303	rs1	1:1	2:0.52075	rs2	1:2	2:0.27575	0	1000	0	0.209455	34.6877	19.6177	0.998852	-11.6799	243.64	0.21014	34.684	19.6361	1	-27.2588	249961	1	28.1449	261068	0	0	1
304	rs1	1:1	2:0.52375	rs2	1:2	2:0.28375	0	1000	0	1.14982e-14	11.7186	1.46262	0.462727	6.84329	5.51227	1	-392479	3.21916e+19	1	-1886.57	8.94233e+19	1	1.76488e+06	1.44587e+20	0	1	1
305	rs1	1:1	2:0.52525	rs2	1:2	2:0.2845	0	1000	0	4.87674e-15	11.5026	1.41685	1.01582e-06	9.04854	1.72237	0.959059	1.28508	4.4444	1	-25.7916	173563	1	66.0596	189559	0	0	1
306	rs1	1:1	2:0.52075	rs2	1:2	2:0.27975	0	1000	0	8.45292e-29	9.22171	0.811044	0.0127981	2.51043	0.850289	0.853525	1.25697	2.23336	1	-23.5287	147369	1	56.5558	161197	0	0	1
307	rs1	1:1	2:0.52575	rs2	1:2	2:0.27775	0	1000	0	7.85844e-28	9.11858	0.816173	4.27893e-10	6.194	0.942995	0.887806	1.02611	2.10331	1	-23.926	163154	1	58.9316	176770	0	0	1
308	rs1	1:1	2:0.52275	rs2	1:2	2:0.2805	0	1000	0	2.56137e-29	9.49854	0.827781	0.0191687	2.31793	0.824214	0.979016	0.980977	4.76327	1	-26.3675	210341	1	58.6712	221699	0	0	1
309	rs1	1:1	2:0.52075	rs2	1:2	2:0.277	0	1000	0	2.37959e-14	11.2237	1.417	0.528377	1.20663	1.06824	0.894628	1.70885	3.62117	1	-22.3717	160024	1	53.6877	171917	0	0	1
310	rs1	1:1	2:0.52225	rs2	1:2	2:0.2795	0	1000	0	2.43422e-22	10.2049	1.02287	0.0721806	2.5791	1.12484	0.89638	1.94504	4.15838	1	-32.8406	269200	1	71.2028	282802	0	0	1
311	rs1	1:1	2:0.52	rs2	1:2	2:0.2755	0	1000	0	3.98274e-15	11.4671	1.40816	0.954235	1.48733	4.85912	1	-29952.6	8.30537e+16	1	-813.201	3.24977e+17	1	149614	4.09511e+17	0	1	1
312	rs1	1:1	2:0.52175	rs2	1:2	2:0.2805	0	1000	1	2.24947e-25	9.78205	0.918157	0.0826878	1.68438	0.754384	0.998415	-0.599356	10.6408	0.991256	0.146784	1.10752	0.623846	18.0393	18.5695	0	0	7.09819e-07
313	rs1	1:1	2:0.52025	rs2	1:2	2:0.28	0	1000	0	1.00653e-22	10.1415	1.00761	0.292559	1.37111	0.874509	0.999948	0.0767973	7.55198	1	-27.1931	231465	1	63.5869	243092	0	0	1
314	rs1	1:1	2:0.52225	rs2	1:2	2:0.28325	0	1000	0	3.31287e-29	9.46334	0.82633	0.00395124	3.86412	1.16152	0.903313	1.29571	2.87318	1	-22.4565	142278	1	55.0653	155814	0	0	1
315	rs1	1:1	2:0.52175	rs2	1:2	2:0.28	0	1000	0	2.64661e-29	9.26233	0.807396	0.00743799	3.48758	1.11394	0.881669	1.25995	2.51049	1	-26.4832	158478	1	64.4285	174820	0	0	1
316	rs1	1:1	2:0.52425	rs2	1:2	2:0.27925	0	1000	0	6.45433e-29	9.24324	0.811246	4.30548e-07	6.04418	1.1163	0.892296	1.13311	2.37349	1	-26.0472	169462	1	63.9919	184809	0	0	1
317	rs1	1:1	2:0.5195	rs2	1:2	2:0.27525	0	1000	1	0.0828665	35.6312	15.965	0.940048	0.405943	1.15444	0.0655813	38.3299	16.4204	0.880247	0.600316	1.18856	0.605435	-23.1356	23.0939	0	0	0.591705
318	rs1	1:1	2:0.5205	rs2	1:2	2:0.2785	0	1000	0	6.24876e-25	9.19035	0.87049	0.0195846	1.81599	0.647493	0.778639	1.35268	1.91218	0.574013	0.848466	0.805253	1	33.0268	67005.2	0	0	1
319	rs1	1:1	2:0.52875	rs2	1:2	2:0.283	0	1000	1	1.11959e-37	8.76508	0.671925	3.83383e-06	4.675	0.936062	0.997713	0.374055	5.52713	0.848598	0.652059	1.13795	0.327194	15.7016	10.5042	0	0	3.35935e-09
320	rs1	1:1	2:0.5265	rs2	1:2	2:0.28425	0	1000	0	1.87121e-23	10.3097	1.00772	0.0374734	3.91422	1.52728	0.92396	1.53633	3.86295	1	-21.7798	134787	1	54.0081	148523	0	0	1
321	rs1	1:1	2:0.52475	rs2	1:2	2:0.28075	0	1000	0	2.7941e-23	10.3806	1.01857	0.111503	2.24685	1.07268	0.928608	1.73771	4.51488	1	-30.5029	229603	1	67.1713	243689	0	0	1
322	rs1	1:1	2:0.51775	rs2	1:2	2:0.2805	0	1000	0	1.14608e-22	10.2981	1.02449	0.532226	0.791902	0.705098	0.818783	1.8606	2.94235	1	-26.9803	196727	1	56.4211	208177	0	0	1
323	rs1	1:1	2:0.51925	rs2	1:2	2:0.28275	0	1000	1	1.48104e-25	9.9465	0.930174	0.219551	1.2102	0.694975	0.891861	1.58417	3.31122	0.95442	-0.329844	1.07984	0.137057	13.7967	6.92027	0	0	6.47795e-07
324	rs1	1:1	2:0.52075	rs2	1:2	2:0.28275	0	1000	0	4.91106e-15	11.4992	1.41659	0.686628	1.14765	1.3235	0.891758	1.7091	3.57054	1	-27.7443	181263	1	66.3822	197079	0	0	1
325	rs1	1:1	2:0.5245	rs2	1:2	2:0.27725	0	1000	0	6.66172e-22	10.0471	1.0174	0.358773	1.32576	0.925923	0.94145	1.30937	3.76934	1	-32.1786	276788	1	70.639	289596	0	0	1
326	rs1	1:1	2:0.52075	rs2	1:2	2:0.2805	0	1000	0	1.26895e-37	8.37719	0.642662	6.29478e-05	3.3725	0.766746	0.84835	1.14233	1.99178	0.296799	1.23525	0.792513	1	30.8953	63325.2	0	0	1
327	rs1	1:1	2:0.5215	rs2	1:2	2:0.28525	0	1000	0	3.89008e-15	11.509	1.41281	0.330444	2.41659	1.62387	0.941137	1.75449	5.03689	1	-27.1274	175173	1	66.9057	191627	0	0	1
328	rs1	1:1	2:0.52175	rs2	1:2	2:0.279	0	1000	0	1	34.5854	65532.4	0.98649	0.169732	1.02907	1	34.7774	309176	0.98649	0.169732	1.02907	1	-0.135099	305743	1	0	1
329	rs1	1:1	2:0.52325	rs2	1:2	2:0.27875	0	1000	0	4.88279e-35	8.79619	0.699766	1.11725e-05	4.57893	0.958866	0.860811	1.11963	2.04498	1	-24.1549	165746	1	58.413	179044	0	0	1
330	rs1	1:1	2:0.5165	rs2	1:2	2:0.2775	0	1000	1	4.59928e-17	10.6991	1.23349	0.299318	1.17975	0.759549	0.993265	0.860842	7.40457	0.945269	0.33423	0.996164	0.619701	14.7096	15.0361	0	0	0.000215635
331	rs1	1:1	2:0.51825	rs2	1:2	2:0.2815	0	1000	0	8.62552e-31	8.95499	0.761057	0.00769423	2.31997	0.743573	0.816078	1.21232	1.90148	0.959102	0.320935	1.11053	1	35.4068	71274.9	0	0	1
332	rs1	1:1	2:0.52225	rs2	1:2	2:0.276	0	1000	0	4.91621e-28	9.19148	0.819624	0.0227921	1.57063	0.571133	0.997849	-0.55279	8.42412	1	-22.554	191163	1	53.5271	199020	0	0	1
333	rs1	1:1	2:0.51825	rs2	1:2	2:0.27925	0	1000	0	0.999999	177.621	147052	1	-72.2103	77098.2	1	60.5556	148998	1	-153.206	978413	1	152.138	1.10606e+06	1	0	1
334	rs1	1:1	2:0.52125	rs2	1:2	2:0.2775	0	1000	0	1.91239e-35	8.47672	0.670386	0.00319648	1.91925	0.566168	0.995637	-5.12836	54.8414	0.99964	0.0265529	0.989471	0.996821	707.188	8862.06	0	1	1
