Outcome	Var1_ID	Var1_Pos	Var1_MAF	Var2_ID	Var2_Pos	Var2_MAF	Num_Missing	Num_Cases	Converged	Red_Var1_Pval	Red_Var1_beta	Red_Var1_SE	Red_Var2_Pval	Red_Var2_beta	Red_Var2_SE	Full_Var1_Pval	Full_Var1_beta	Full_Var1_SE	Full_Var2_Pval	Full_Var2_beta	Full_Var2_SE	Full_Var1_Var2_Pval	Full_Var1_Var2_beta	Full_Var1_Var2_SE	Red_Model_Pval	Full_Model_Pval	Overall_Pval_(LRT)
1	rs1	1:1	2:0.543	rs2	1:2	2:0.55225	0	1000	0	2.37928e-14	4.57561	0.599822	2.66586e-15	3.62046	0.45796	0.762808	-0.438531	1.45308	0.999765	-48.8395	165960	0.99973	28.0462	82980	0	0	1
2	rs1	1:1	2:0.5485	rs2	1:2	2:0.552	0	1000	1	1.37426e-11	4.34902	0.64329	1.04686e-12	4.37285	0.613802	0.799811	-0.293137	1.15594	0.414853	-1.15563	1.41729	3.57551e-05	3.98496	0.964104	0	0	1.73181e-05
3	rs1	1:1	2:0.54975	rs2	1:2	2:0.541	0	1000	0	6.05469e-16	3.93751	0.486821	8.17463e-19	3.38933	0.382646	0.796324	0.240059	0.930074	0.999787	-50.9129	190726	0.999761	28.6001	95362.8	0	0	1
4	rs1	1:1	2:0.5445	rs2	1:2	2:0.544	0	1000	0	3.31892e-18	3.60495	0.414362	4.63532e-18	3.57921	0.413208	0.487099	-0.953617	1.37225	0.999796	-50.1301	195670	0.999765	28.8165	97834.8	0	0	1
5	rs1	1:1	2:0.546	rs2	1:2	2:0.55	0	1000	0	4.28335e-07	5.15403	1.01941	0.999403	28.3148	37849.7	0.999979	-5.52836	214186	0.999573	24.8259	46339.3	0.99996	5.34119	107093	1	0	1
6	rs1	1:1	2:0.549	rs2	1:2	2:0.55475	0	1000	0	4.64795e-11	5.38388	0.817995	4.35627e-14	4.04186	0.535353	0.940821	-0.112273	1.51233	0.999762	-48.6158	163144	0.999727	27.8948	81571.9	0	0	1
7	rs1	1:1	2:0.544	rs2	1:2	2:0.54525	0	1000	0	1.45796e-10	4.1732	0.651075	1.24826e-09	4.87349	0.802363	0.999796	-48.1707	188737	0.506688	-0.995813	1.49971	0.999763	28.0528	94368.5	0	0	1
8	rs1	1:1	2:0.548	rs2	1:2	2:0.5475	0	1000	0	3.25868e-15	4.40972	0.559568	2.22135e-16	3.82311	0.465694	0.724647	-0.504852	1.4332	0.999779	-49.197	177472	0.999746	28.2643	88735.8	0	0	1
9	rs1	1:1	2:0.54975	rs2	1:2	2:0.54475	0	1000	0	9.4859e-14	4.35429	0.584635	2.10748e-17	3.37578	0.397726	0.632253	0.463548	0.968633	0.999775	-49.5461	175949	0.999747	27.8775	87974.6	0	0	1
10	rs1	1:1	2:0.5475	rs2	1:2	2:0.5515	0	1000	0	8.50752e-21	3.79608	0.405861	3.19703e-18	3.37192	0.387388	0.943984	0.0651882	0.927772	0.999769	-51.4694	177806	0.999741	28.8944	88903.2	0	0	1
11	rs1	1:1	2:0.54825	rs2	1:2	2:0.54475	0	1000	0	7.86151e-06	4.71549	1.05517	5.40375e-09	6.16475	1.05665	0.999785	-37.7903	140307	0.999798	-37.1948	146974	0.999661	46.6256	109874	0	0	1
12	rs1	1:1	2:0.55525	rs2	1:2	2:0.54425	0	1000	0	2.84147e-14	3.72841	0.490236	4.32852e-14	4.3367	0.574342	0.999769	-38.2218	132162	0.999797	-37.7777	148743	0.999653	46.8487	107847	0	0	1
13	rs1	1:1	2:0.54475	rs2	1:2	2:0.5485	0	1000	0	2.55841e-15	4.08299	0.516132	8.5406e-15	4.01532	0.517486	0.99996	-34.9853	691259	0.999967	-27.3831	655858	0.999717	40.065	113025	0	0	1
14	rs1	1:1	2:0.54675	rs2	1:2	2:0.55	0	1000	0	6.88863e-12	3.77779	0.550703	2.16275e-12	4.36255	0.62113	0.999787	-49.7192	186531	0.70332	-0.551552	1.44824	0.999756	28.5475	93265.7	0	0	1
15	rs1	1:1	2:0.552	rs2	1:2	2:0.5455	0	1000	0	7.70626e-08	4.72223	0.878739	6.82187e-07	5.5714	1.12183	0.999784	-37.0547	136911	0.999802	-36.5111	146992	0.999663	45.9098	108745	0	0	1
16	rs1	1:1	2:0.55075	rs2	1:2	2:0.54325	0	1000	0	3.60549e-09	4.40124	0.745802	3.43034e-07	7.5253	1.47609	0.999724	-59.6524	172178	0.100765	2.37899	1.44958	0.999664	38.1401	90656.8	0	0	1
17	rs1	1:1	2:0.5485	rs2	1:2	2:0.5495	0	1000	0	2.10344e-07	5.51676	1.06297	7.90665e-08	5.32859	0.992427	0.653022	0.803279	1.78678	0.999794	-48.1537	186173	0.999764	27.4997	93086.6	0	0	1
18	rs1	1:1	2:0.55425	rs2	1:2	2:0.55375	0	1000	0	4.81084e-14	4.09348	0.543122	2.50024e-16	4.12055	0.502796	0.999899	-25.6013	201582	0.999837	-37.914	185342	0.999692	40.6165	105148	0	0	1
19	rs1	1:1	2:0.545	rs2	1:2	2:0.54625	0	1000	0	1.40776e-14	3.9798	0.517149	1.01311e-14	3.52467	0.455526	0.9998	-48.2477	192762	0.0751373	-2.38782	1.34176	0.999764	28.5514	96380.8	0	0	1
20	rs1	1:1	2:0.5465	rs2	1:2	2:0.54575	0	1000	1	1.85239e-17	3.7335	0.439096	2.32797e-16	3.80828	0.464206	0.206839	-1.88721	1.49505	0.999577	-0.00056928	1.07438	8.18148e-06	4.08995	0.916952	0	0	3.19623e-08
21	rs1	1:1	2:0.55175	rs2	1:2	2:0.5455	0	1000	0	1.83333e-15	3.95901	0.497855	5.65994e-15	4.18084	0.535229	0.999836	-37.7945	183556	0.999908	-25.6637	221717	0.999709	40.6033	111512	0	0	1
22	rs1	1:1	2:0.54825	rs2	1:2	2:0.5485	0	1000	0	0.999014	49.839	40313.1	0.998991	49.7638	39346	0.999862	-24.6443	142943	0.999862	-24.6447	142973	0.999707	39.6378	107777	1	0	1
23	rs1	1:1	2:0.54575	rs2	1:2	2:0.55	0	1000	0	4.87567e-13	4.64232	0.642206	1.27311e-15	4.12088	0.515292	0.999896	-24.728	189324	0.999808	-37.8982	157318	0.999708	40.2881	109992	0	0	1
24	rs1	1:1	2:0.55125	rs2	1:2	2:0.5455	0	1000	0	1.83399e-14	3.78788	0.494388	9.81499e-16	3.72602	0.464061	0.999781	-47.8083	174379	0.0735515	-2.40134	1.34198	0.999741	28.3312	87189.3	0	0	1
25	rs1	1:1	2:0.54175	rs2	1:2	2:0.552	0	1000	0	2.14916e-10	5.16124	0.812757	1.31203e-13	3.95702	0.534375	0.309583	1.14014	1.12208	0.999713	-60.085	166924	0.999651	38.5819	88148.6	0	0	1
26	rs1	1:1	2:0.54525	rs2	1:2	2:0.554	0	1000	0	3.84839e-17	3.5557	0.422421	5.18342e-16	3.62869	0.447593	0.1014	-2.21837	1.35423	0.999779	-48.8357	176342	0.99974	28.6958	88171	0	0	1
27	rs1	1:1	2:0.54425	rs2	1:2	2:0.5485	0	1000	0	1.37512e-11	3.65872	0.541191	1.41285e-12	3.84698	0.543145	0.273096	-1.54909	1.41346	0.999789	-49.2634	186734	0.999755	28.6621	93366.8	0	0	1
28	rs1	1:1	2:0.54625	rs2	1:2	2:0.5465	0	1000	0	1.16361e-08	4.65619	0.816164	8.44607e-08	5.49738	1.02614	0.99979	-37.1077	141200	0.999796	-36.4351	142587	0.999663	45.9028	108640	0	0	1
29	rs1	1:1	2:0.53925	rs2	1:2	2:0.55425	0	1000	0	2.70286e-14	4.33436	0.569425	1.15142e-11	3.5781	0.527263	0.99991	-25.7347	228611	0.999819	-37.5007	165339	0.999722	40.4894	116403	0	0	1
30	rs1	1:1	2:0.54825	rs2	1:2	2:0.545	0	1000	1	1.71486e-14	3.92565	0.511794	9.08415e-15	3.4574	0.446032	0.948073	0.0681743	1.04679	0.128285	-2.13661	1.40483	5.67108e-06	4.16956	0.918751	0	0	2.70836e-08
31	rs1	1:1	2:0.551	rs2	1:2	2:0.55225	0	1000	0	2.13103e-11	4.5478	0.679105	4.62755e-10	4.31494	0.69247	0.999785	-37.4431	139194	0.999782	-37.4101	137035	0.999651	46.3719	106116	0	0	1
32	rs1	1:1	2:0.54775	rs2	1:2	2:0.54725	0	1000	0	4.7028e-09	4.99192	0.852247	1.87493e-10	4.37158	0.686141	0.276778	-1.55609	1.43077	0.999791	-47.8876	182936	0.999754	28.17	91467.8	0	0	1
33	rs1	1:1	2:0.545	rs2	1:2	2:0.54875	0	1000	0	5.15786e-11	4.52014	0.688383	1.60014e-09	4.25259	0.70478	0.999797	-37.5519	147808	0.999789	-37.4607	141536	0.999665	46.4684	110559	0	0	1
34	rs1	1:1	2:0.548	rs2	1:2	2:0.5465	0	1000	0	2.37332e-11	3.99846	0.598483	4.61006e-12	4.12579	0.596463	0.718904	-0.521968	1.45022	0.999795	-49.8315	193985	0.999765	28.588	96992.3	0	0	1
35	rs1	1:1	2:0.54625	rs2	1:2	2:0.5535	0	1000	0	1.38959e-12	4.41059	0.622518	4.18911e-14	3.92186	0.519109	0.573784	0.607709	1.0804	0.999717	-61.7042	173842	0.999655	39.5013	91443.2	0	0	1
36	rs1	1:1	2:0.55	rs2	1:2	2:0.549	0	1000	0	4.08021e-12	4.81323	0.694112	4.39161e-10	3.84758	0.616655	0.99979	-36.756	139859	0.999785	-37.4301	138598	0.999656	46.0403	106838	0	0	1
37	rs1	1:1	2:0.5475	rs2	1:2	2:0.54825	0	1000	0	6.14936e-12	3.68149	0.535401	9.71561e-12	5.87734	0.862963	0.99973	-61.5289	182051	0.31316	1.1983	1.18807	0.999671	39.2926	95426.8	0	0	1
38	rs1	1:1	2:0.54925	rs2	1:2	2:0.5505	0	1000	0	0.999238	26.4419	27706	0.999136	50.5183	46639.5	0.999886	-25.3439	178088	0.999997	-0.846902	212242	0.999805	28.1406	115109	1	0	1
39	rs1	1:1	2:0.545	rs2	1:2	2:0.549	0	1000	0	1.37017e-14	4.09327	0.531655	1.10992e-11	4.6123	0.679131	0.99982	-38.0922	169308	0.999892	-24.7153	182769	0.999708	40.3832	110499	0	0	1
40	rs1	1:1	2:0.55025	rs2	1:2	2:0.55125	0	1000	0	1.7162e-11	4.19472	0.623441	1.12254e-10	4.60112	0.713413	0.999836	-37.6597	183687	0.9999	-25.1592	201515	0.999702	40.3776	108222	0	0	1
41	rs1	1:1	2:0.552	rs2	1:2	2:0.55375	0	1000	0	3.40631e-08	4.66695	0.845591	8.9562e-08	5.60295	1.04792	0.999781	-37.0382	134887	0.999784	-36.3363	134329	0.999648	45.7962	103739	0	0	1
42	rs1	1:1	2:0.555	rs2	1:2	2:0.55275	0	1000	0	2.10834e-08	5.1533	0.919762	9.88644e-08	4.97153	0.932956	0.999782	-36.3144	132650	0.999785	-36.3501	134903	0.999649	45.4378	103161	0	0	1
43	rs1	1:1	2:0.54625	rs2	1:2	2:0.548	0	1000	0	1.58735e-11	4.44278	0.659197	2.24593e-13	4.22187	0.575714	0.999796	-36.804	143759	0.999787	-37.4447	140225	0.999662	46.0797	108707	0	0	1
44	rs1	1:1	2:0.55075	rs2	1:2	2:0.55125	0	1000	0	4.07727e-20	3.49339	0.380295	2.36204e-20	3.68081	0.398159	0.999779	-37.8716	136991	0.999784	-37.188	137610	0.99965	46.2408	105536	0	0	1
45	rs1	1:1	2:0.54575	rs2	1:2	2:0.551	0	1000	1	9.91624e-12	4.21536	0.619203	3.01823e-11	4.14206	0.62327	0.128371	-2.94798	1.93875	0.125832	-2.95805	1.93242	0.000479728	6.54535	1.87448	0	0	1.29524e-09
46	rs1	1:1	2:0.5495	rs2	1:2	2:0.5515	0	1000	0	1.56218e-18	4.42466	0.503655	6.00112e-19	3.30902	0.372134	0.131224	1.11615	0.739515	0.999565	-21.6033	39582.8	0.999541	22.7739	39582.8	0	0	1
47	rs1	1:1	2:0.55275	rs2	1:2	2:0.54625	0	1000	0	1.55225e-19	3.70263	0.409537	1.31183e-18	3.21309	0.364929	0.296604	-1.06442	1.01981	0.999781	-49.4595	179838	0.999749	28.2753	89919.1	0	0	1
48	rs1	1:1	2:0.5475	rs2	1:2	2:0.54975	0	1000	0	5.99051e-07	4.85522	0.972694	3.62761e-10	6.46813	1.03172	0.999786	-38.0405	141949	0.999788	-37.0929	139854	0.999655	46.6956	108014	0	0	1
49	rs1	1:1	2:0.55225	rs2	1:2	2:0.54825	0	1000	0	1.4105e-11	4.19228	0.620452	1.58809e-14	3.88285	0.505565	0.999782	-37.6209	137784	0.999785	-38.3881	142708	0.999653	46.8524	107578	0	0	1
50	rs1	1:1	2:0.54975	rs2	1:2	2:0.551	0	1000	0	0.998999	50.9599	40637.8	0.998993	50.5085	40029.8	0.999855	-25.2793	138938	0.999851	-25.6553	137159	0.999691	40.4454	104320	1	0	1
51	rs1	1:1	2:0.547	rs2	1:2	2:0.551	0	1000	1	2.12332e-15	3.99576	0.50363	7.62922e-13	4.27099	0.59587	0.690072	-0.498186	1.24935	0.318384	1.08385	1.08626	0.000305957	3.05468	0.846125	0	0	0.000297782
52	rs1	1:1	2:0.548	rs2	1:2	2:0.55025	0	1000	0	1.44991e-14	3.99887	0.519882	2.28433e-14	3.47446	0.455158	0.99979	-37.8534	143785	0.999779	-38.4785	139211	0.999655	46.9438	108420	0	0	1
53	rs1	1:1	2:0.54675	rs2	1:2	2:0.54775	0	1000	0	2.48706e-13	4.09755	0.559804	5.5488e-14	3.85099	0.512215	0.999796	-37.0253	144775	0.999788	-37.6795	142117	0.999664	46.2068	109680	0	0	1
54	rs1	1:1	2:0.5465	rs2	1:2	2:0.55175	0	1000	1	3.02827e-13	3.70046	0.50739	2.39135e-13	4.05481	0.553567	0.0586418	-3.58531	1.89612	0.097215	-3.15311	1.90117	0.000228677	6.8621	1.86216	0	0	1.33819e-12
55	rs1	1:1	2:0.547	rs2	1:2	2:0.5495	0	1000	0	5.07422e-14	4.23458	0.562361	1.40089e-12	4.39751	0.62077	0.999574	-21.3255	39919.6	0.652814	-0.91933	2.0436	0.999522	23.9382	39919.6	0	0	1
56	rs1	1:1	2:0.545	rs2	1:2	2:0.5535	0	1000	0	0.999002	49.8019	39822.9	0.999013	49.8373	40282.8	0.999865	-24.6866	145419	0.999855	-24.5105	134598	0.999701	39.5836	105780	1	0	1
57	rs1	1:1	2:0.5475	rs2	1:2	2:0.553	0	1000	1	1.25303e-19	4.5018	0.496647	2.72749e-15	2.8115	0.355761	0.562863	0.502497	0.868477	0.00749083	-3.8096	1.42458	7.64878e-07	4.8548	0.981933	0	0	4.01054e-13
58	rs1	1:1	2:0.5495	rs2	1:2	2:0.555	0	1000	0	4.04784e-07	5.22079	1.03041	6.61113e-07	5.188	1.04335	0.999787	-37.0949	138725	0.999776	-36.986	131761	0.999647	46.1514	104207	0	0	1
59	rs1	1:1	2:0.5495	rs2	1:2	2:0.5505	0	1000	0	2.74175e-13	4.12656	0.564779	3.66144e-10	4.69673	0.749341	0.999783	-37.8471	139277	0.99979	-36.7508	139431	0.999655	46.2461	106937	0	0	1
60	rs1	1:1	2:0.5505	rs2	1:2	2:0.55	0	1000	0	1.12973e-15	3.51643	0.438903	6.89725e-16	4.03249	0.499545	0.99978	-38.1859	138599	0.99979	-37.1295	141404	0.999655	46.4313	107376	0	0	1
61	rs1	1:1	2:0.5515	rs2	1:2	2:0.54525	0	1000	0	6.56837e-08	4.57794	0.84736	1.31283e-07	5.55558	1.05278	0.999781	-37.0224	134932	0.9998	-36.4842	145224	0.999659	45.8771	107476	0	0	1
62	rs1	1:1	2:0.5515	rs2	1:2	2:0.5525	0	1000	0	1.53325e-13	4.1532	0.562442	8.59373e-11	3.40034	0.523949	0.999785	-37.8185	140652	0.999779	-38.1817	137860	0.999651	46.7703	106900	0	0	1
63	rs1	1:1	2:0.55375	rs2	1:2	2:0.551	0	1000	1	4.52413e-05	6.30487	1.54571	8.76278e-05	6.22859	1.58791	0.734031	-0.86625	2.54954	0.735836	-0.859786	2.54848	0.0163869	5.10544	2.1271	0	0	0.0250481
64	rs1	1:1	2:0.555	rs2	1:2	2:0.546	0	1000	0	9.44433e-15	3.54766	0.457968	3.88534e-18	3.79868	0.43753	0.999777	-49.7375	177810	0.427699	-0.841178	1.06057	0.999746	28.346	88905.2	0	0	1
65	rs1	1:1	2:0.55575	rs2	1:2	2:0.548	0	1000	0	1.21129e-12	4.38307	0.61698	1.80255e-13	3.83715	0.521163	0.999774	-37.9736	134255	0.999786	-38.6306	143889	0.999648	47.148	106846	0	0	1
66	rs1	1:1	2:0.54525	rs2	1:2	2:0.5495	0	1000	0	2.73079e-07	7.01307	1.36411	1.02244e-05	5.66931	1.28487	0.544165	-0.956149	1.57643	0.999786	-45.9644	171521	0.999747	27.1792	85760.4	0	0	1
67	rs1	1:1	2:0.547	rs2	1:2	2:0.54975	0	1000	0	1.75026e-12	3.72809	0.528578	3.16279e-13	4.69417	0.64416	0.999737	-62.2558	188656	0.578139	0.625175	1.1242	0.999678	39.7838	98586.5	0	0	1
68	rs1	1:1	2:0.5495	rs2	1:2	2:0.548	0	1000	1	6.03861e-18	3.92146	0.454303	1.71104e-14	3.97791	0.518587	0.421762	-0.904794	1.12625	0.958541	-0.0685609	1.31887	3.10804e-05	3.69175	0.886289	0	0	1.64236e-06
69	rs1	1:1	2:0.54625	rs2	1:2	2:0.546	0	1000	0	2.45912e-12	3.62638	0.517639	1.10445e-13	3.87161	0.521234	0.999797	-37.1931	146475	0.999798	-37.2039	147230	0.999672	45.986	111938	0	0	1
70	rs1	1:1	2:0.55775	rs2	1:2	2:0.55275	0	1000	0	5.8206e-14	3.8634	0.514293	1.66121e-13	4.67366	0.63384	0.999764	-50.4095	170540	0.710198	-0.535411	1.44086	0.99973	28.8706	85269.8	0	0	1
71	rs1	1:1	2:0.54525	rs2	1:2	2:0.54475	0	1000	0	4.12375e-12	4.70417	0.678531	7.11444e-12	3.46745	0.505803	0.54586	0.68365	1.13192	0.999735	-61.4626	184924	0.999676	39.3629	96806.6	0	0	1
72	rs1	1:1	2:0.542	rs2	1:2	2:0.54475	0	1000	0	0.999015	49.8282	40372.1	0.998998	49.7706	39613.1	0.999868	-24.7436	149472	0.999865	-24.6835	145522	0.999714	39.7113	110884	1	0	1
73	rs1	1:1	2:0.55	rs2	1:2	2:0.54375	0	1000	0	9.07892e-12	3.6338	0.532784	8.40866e-13	4.60963	0.644314	0.999723	-61.6134	177756	0.524017	0.716665	1.12477	0.999663	39.4138	93330.2	0	0	1
74	rs1	1:1	2:0.54325	rs2	1:2	2:0.5525	0	1000	0	2.39807e-13	4.27629	0.583834	1.67726e-13	3.63644	0.493258	0.999803	-37.1081	150372	0.999776	-37.9808	135063	0.999661	46.3952	109321	0	0	1
75	rs1	1:1	2:0.55375	rs2	1:2	2:0.551	0	1000	0	9.4496e-10	4.63721	0.757908	1.50427e-09	6.40958	1.0605	0.999777	-37.7209	134678	0.999792	-36.4147	139888	0.999651	46.1853	105581	0	0	1
76	rs1	1:1	2:0.547	rs2	1:2	2:0.5565	0	1000	0	1.69477e-09	6.59045	1.09391	3.3167e-12	4.43116	0.636332	0.999899	-24.0614	189866	0.999792	-38.0731	146113	0.999706	40.2042	108967	0	0	1
77	rs1	1:1	2:0.54825	rs2	1:2	2:0.55275	0	1000	0	2.96882e-08	5.32977	0.961485	2.59225e-07	5.18948	1.00749	0.999788	-37.0982	139947	0.999779	-36.9983	133479	0.99965	46.1689	105194	0	0	1
78	rs1	1:1	2:0.55475	rs2	1:2	2:0.545	0	1000	0	2.90362e-08	5.98928	1.0797	3.22067e-09	4.59027	0.775392	0.999782	-36.3033	133107	0.999792	-37.5723	144303	0.999655	46.0584	106570	0	0	1
79	rs1	1:1	2:0.5465	rs2	1:2	2:0.54825	0	1000	0	1.10249e-08	3.82888	0.67007	7.35046e-10	4.74791	0.77097	0.999791	-37.4987	143381	0.999794	-36.7967	142775	0.999664	46.1014	109431	0	0	1
80	rs1	1:1	2:0.54425	rs2	1:2	2:0.54425	0	1000	0	1.0903e-07	5.52696	1.04066	2.75035e-08	4.62186	0.831775	0.999801	-36.4858	146605	0.999795	-37.1535	144841	0.99967	45.9599	111226	0	0	1
81	rs1	1:1	2:0.54625	rs2	1:2	2:0.5405	0	1000	1	1.94703e-16	3.46326	0.42105	4.01979e-18	3.28983	0.37909	0.24224	-1.22298	1.04582	0.0349609	-2.70626	1.28331	6.24949e-07	5.02505	1.00837	0	0	2.53613e-13
82	rs1	1:1	2:0.548	rs2	1:2	2:0.55425	0	1000	0	1.82466e-12	4.2126	0.597763	2.11209e-10	5.14364	0.809644	0.999736	-61.5519	186165	0.392734	1.00352	1.17416	0.999677	39.3883	97378.7	0	0	1
83	rs1	1:1	2:0.55075	rs2	1:2	2:0.54525	0	1000	0	2.12545e-08	4.46198	0.796574	7.68103e-07	7.1301	1.44238	0.99973	-60.2978	178437	0.099875	2.46681	1.49916	0.999673	38.4329	93650.4	0	0	1
84	rs1	1:1	2:0.54425	rs2	1:2	2:0.5445	0	1000	0	2.62792e-11	4.39663	0.659557	2.39814e-10	4.1852	0.660814	0.999801	-36.8558	147766	0.9998	-36.8447	146984	0.999674	45.8155	112310	0	0	1
85	rs1	1:1	2:0.548	rs2	1:2	2:0.54525	0	1000	0	1.13551e-07	5.71764	1.07807	6.09456e-07	4.49445	0.901016	0.999797	-36.4435	143027	0.999796	-37.1703	145336	0.999667	45.9416	110200	0	0	1
86	rs1	1:1	2:0.55075	rs2	1:2	2:0.551	0	1000	0	0.999122	51.6404	46938.1	0.999241	26.6619	28044.6	0.999998	-0.590506	198177	0.999871	-26.1677	161972	0.999802	28.4233	114330	1	0	1
87	rs1	1:1	2:0.55375	rs2	1:2	2:0.55425	0	1000	0	1.13865e-11	4.37402	0.644396	4.26718e-10	6.70479	1.07381	0.999807	-38.3093	158426	0.999894	-24.1439	182213	0.999697	40.3638	106237	0	0	1
88	rs1	1:1	2:0.5485	rs2	1:2	2:0.5465	0	1000	0	1.51056e-09	6.60103	1.0923	5.23368e-11	4.21667	0.642381	0.999893	-23.9315	178587	0.999806	-38.2184	156996	0.99971	40.2258	110822	0	0	1
89	rs1	1:1	2:0.54875	rs2	1:2	2:0.553	0	1000	1	6.34015e-15	4.64324	0.595516	6.92695e-11	3.28609	0.503829	0.842555	-0.276762	1.39338	0.12029	-2.38407	1.53459	1.2276e-05	4.63119	1.05913	0	0	3.96616e-08
90	rs1	1:1	2:0.55125	rs2	1:2	2:0.547	0	1000	0	6.73739e-10	4.52259	0.732743	1.10978e-09	4.74479	0.778758	0.999785	-47.9651	178256	0.275342	-1.56164	1.43159	0.999747	28.2074	89128.1	0	0	1
91	rs1	1:1	2:0.5475	rs2	1:2	2:0.549	0	1000	0	1.03834e-10	4.43548	0.686473	1.64944e-12	4.27468	0.605367	0.999902	-25.0766	204822	0.999834	-37.5783	180253	0.999709	40.3018	110501	0	0	1
92	rs1	1:1	2:0.547	rs2	1:2	2:0.5535	0	1000	0	1.29212e-06	5.72192	1.18198	0.999358	29.2394	36332.4	0.999978	-5.80401	209539	0.999616	23.2315	48224.8	0.999956	5.76297	104769	1	0	1
93	rs1	1:1	2:0.55125	rs2	1:2	2:0.55	0	1000	0	1.36196e-09	6.81476	1.12456	9.79986e-06	5.51793	1.24797	0.999796	-46.3081	180989	0.28116	-1.61935	1.50258	0.999756	27.6705	90494.6	0	0	1
94	rs1	1:1	2:0.54275	rs2	1:2	2:0.54775	0	1000	0	4.59423e-14	3.55788	0.471682	2.42602e-13	4.18802	0.571905	0.999792	-50.2095	192852	0.965521	-0.0471644	1.09111	0.999766	28.324	96426.1	0	0	1
95	rs1	1:1	2:0.5455	rs2	1:2	2:0.55225	0	1000	0	1.405e-12	4.48815	0.633602	8.10539e-11	3.77808	0.581365	0.999807	-49.6951	205559	0.336847	-1.37432	1.43097	0.999776	28.8732	102779	0	0	1
96	rs1	1:1	2:0.54725	rs2	1:2	2:0.54875	0	1000	0	1.57515e-14	4.03736	0.52561	6.93196e-16	3.95195	0.489605	0.999899	-25.4308	200995	0.999831	-37.748	177731	0.999707	40.4617	110051	0	0	1
97	rs1	1:1	2:0.55075	rs2	1:2	2:0.5495	0	1000	0	3.29698e-11	5.19441	0.783156	4.118e-13	4.24645	0.585586	0.99979	-46.6423	177477	0.108245	-2.20295	1.37159	0.99975	27.8542	88738.3	0	0	1
98	rs1	1:1	2:0.54375	rs2	1:2	2:0.55225	0	1000	1	1.91892e-09	4.98973	0.830995	5.4273e-08	4.58923	0.844119	0.314856	-2.16586	2.1549	0.307658	-2.18516	2.142	0.00219875	6.00484	1.9611	0	0	7.5747e-06
99	rs1	1:1	2:0.55025	rs2	1:2	2:0.54975	0	1000	0	3.23374e-10	4.60869	0.733034	9.14468e-09	4.7195	0.821373	0.999783	-46.6132	171010	0.162139	-1.94617	1.3922	0.999741	27.7131	85505.1	0	0	1
100	rs1	1:1	2:0.54275	rs2	1:2	2:0.54525	0	1000	0	4.92591e-07	4.86791	0.967933	1.19641e-07	5.05263	0.954399	0.999804	-36.523	149032	0.9998	-36.4714	145410	0.999676	45.6381	112228	0	0	1
101	rs1	1:1	2:0.545	rs2	1:2	2:0.53975	0	1000	1	6.03606e-14	3.97832	0.529927	1.8313e-11	3.54579	0.527736	0.833765	-0.253904	1.20979	0.468092	0.740614	1.02071	0.000197108	2.99827	0.805402	0	0	9.45308e-05
102	rs1	1:1	2:0.5555	rs2	1:2	2:0.542	0	1000	0	2.90744e-08	5.95844	1.07419	1.47919e-08	5.97936	1.05569	0.999771	-37.6423	131085	0.9998	-37.9483	151580	0.999655	46.9268	108524	0	0	1
103	rs1	1:1	2:0.5465	rs2	1:2	2:0.55475	0	1000	0	4.70376e-15	4.08095	0.520889	1.14151e-11	3.91278	0.576474	0.999792	-37.7306	144736	0.999781	-36.8805	134354	0.999656	46.1485	107104	0	0	1
104	rs1	1:1	2:0.54275	rs2	1:2	2:0.54975	0	1000	0	1.02337e-15	3.98764	0.496962	5.16949e-13	3.57579	0.495209	0.139573	-2.02991	1.37399	0.999784	-48.6295	179459	0.999746	28.5699	89729.4	0	0	1
105	rs1	1:1	2:0.5475	rs2	1:2	2:0.5495	0	1000	0	2.30433e-14	4.28225	0.561063	5.28738e-16	3.40598	0.420248	0.588522	-0.75764	1.4005	0.999773	-49.9828	175871	0.99974	28.6977	87935.7	0	0	1
106	rs1	1:1	2:0.5505	rs2	1:2	2:0.552	0	1000	1	4.75216e-14	4.13128	0.54802	3.25203e-11	5.29433	0.797978	0.344811	-1.37815	1.45882	0.300713	1.33175	1.28683	0.000542759	3.66879	1.06074	0	0	0.000339332
107	rs1	1:1	2:0.5465	rs2	1:2	2:0.549	0	1000	0	2.65042e-13	4.47219	0.611701	1.1927e-13	3.52776	0.475594	0.999798	-37.0471	146233	0.999781	-38.3383	139770	0.999661	46.5461	109421	0	0	1
108	rs1	1:1	2:0.548	rs2	1:2	2:0.54675	0	1000	0	4.08888e-08	5.94849	1.08411	3.06826e-09	4.5685	0.770678	0.999794	-36.4163	141040	0.999788	-37.5121	140851	0.99966	46.0924	108011	0	0	1
109	rs1	1:1	2:0.5485	rs2	1:2	2:0.54975	0	1000	0	2.88964e-13	4.28557	0.58711	1.26198e-11	4.49435	0.663575	0.999835	-37.6285	182462	0.9999	-25.0444	199706	0.999705	40.3099	109175	0	0	1
110	rs1	1:1	2:0.5475	rs2	1:2	2:0.54525	0	1000	0	0.999335	30.2285	36256.4	1.16821e-05	5.47138	1.24819	0.999598	23.5761	46805.9	0.999977	-5.85798	202385	0.999955	5.66468	101193	1	0	1
111	rs1	1:1	2:0.5505	rs2	1:2	2:0.54775	0	1000	0	1.46562e-10	4.00853	0.625462	1.03424e-11	4.15445	0.610799	0.337137	-1.37561	1.43317	0.999794	-49.2519	190668	0.99976	28.6501	95334.1	0	0	1
112	rs1	1:1	2:0.543	rs2	1:2	2:0.54625	0	1000	1	5.00778e-10	4.59808	0.739377	5.38468e-08	3.65213	0.67158	0.355554	-1.28929	1.39553	0.188485	-1.78013	1.35363	9.58302e-06	4.80004	1.08442	0	0	1.94283e-07
113	rs1	1:1	2:0.54925	rs2	1:2	2:0.5455	0	1000	0	3.31846e-16	3.07536	0.376829	3.09214e-19	3.53558	0.39436	0.999777	-38.6654	138197	0.999788	-38.476	144801	0.999652	47.2455	108434	0	0	1
114	rs1	1:1	2:0.548	rs2	1:2	2:0.552	0	1000	0	5.39001e-15	4.57621	0.585384	2.29203e-17	3.65588	0.431222	0.999895	-25.1799	192146	0.999806	-38.8371	159389	0.999703	40.8811	109805	0	0	1
115	rs1	1:1	2:0.55225	rs2	1:2	2:0.549	0	1000	0	8.14453e-12	3.90465	0.571191	5.7413e-11	5.64079	0.861147	0.999775	-49.9099	177299	0.981493	-0.0358928	1.5473	0.999743	28.5041	88649.5	0	0	1
116	rs1	1:1	2:0.55175	rs2	1:2	2:0.5525	0	1000	0	8.23681e-07	5.52335	1.12043	3.48827e-08	4.76203	0.863472	0.999789	-36.3848	137451	0.999782	-37.0517	135753	0.999652	45.8306	105086	0	0	1
117	rs1	1:1	2:0.55075	rs2	1:2	2:0.541	0	1000	0	1.96033e-15	2.88408	0.363059	5.3314e-20	4.11576	0.449462	0.999788	-39.0697	147037	0.999894	-25.5845	192361	0.999711	41.074	113556	0	0	1
118	rs1	1:1	2:0.548	rs2	1:2	2:0.5495	0	1000	0	1.04202e-11	4.24806	0.624662	6.78521e-10	4.4918	0.727886	0.99979	-37.4828	142271	0.999792	-36.7721	141085	0.999661	46.0798	108496	0	0	1
119	rs1	1:1	2:0.54575	rs2	1:2	2:0.55425	0	1000	0	2.61834e-15	3.83003	0.484331	7.65461e-13	4.20435	0.58661	0.999788	-38.4183	144851	0.999777	-37.5666	134358	0.999651	46.839	107180	0	0	1
120	rs1	1:1	2:0.554	rs2	1:2	2:0.54475	0	1000	0	1.81142e-19	3.60146	0.399092	2.23313e-20	3.77267	0.407831	0.223069	-1.24625	1.02285	0.999795	-49.3447	192106	0.999765	28.3414	96052.9	0	0	1
121	rs1	1:1	2:0.5475	rs2	1:2	2:0.5475	0	1000	1	2.98418e-21	3.22029	0.340293	5.63453e-19	3.70252	0.41606	0.0185842	-3.23293	1.37351	0.675514	-0.483657	1.15544	1.07175e-06	5.01081	1.02723	0	0	7.51725e-14
122	rs1	1:1	2:0.54875	rs2	1:2	2:0.55275	0	1000	0	1.58703e-15	3.64607	0.457475	9.86913e-15	4.45822	0.575928	0.999778	-38.5509	138789	0.999779	-37.5909	135949	0.999646	46.9147	105622	0	0	1
123	rs1	1:1	2:0.54475	rs2	1:2	2:0.54875	0	1000	0	4.7109e-13	3.96882	0.548681	1.56879e-09	6.18841	1.02506	0.999782	-49.0901	179349	0.165258	1.59382	1.14861	0.999756	27.4168	89674.6	0	0	1
124	rs1	1:1	2:0.551	rs2	1:2	2:0.542	0	1000	0	2.67409e-13	3.6534	0.49979	1.01817e-11	4.05908	0.596581	0.999777	-38	136246	0.999804	-37.1184	151057	0.999663	46.4097	109933	0	0	1
125	rs1	1:1	2:0.54325	rs2	1:2	2:0.54925	0	1000	0	2.34927e-14	4.16664	0.546093	2.72858e-13	3.68186	0.503871	0.999802	-37.0889	149366	0.999784	-37.6283	138831	0.999665	46.2136	110176	0	0	1
126	rs1	1:1	2:0.55075	rs2	1:2	2:0.54675	0	1000	0	1.13686e-11	3.70133	0.545274	4.36123e-13	4.4297	0.611512	0.99978	-48.5956	176051	0.344353	-1.36061	1.43889	0.999743	28.3139	88025.4	0	0	1
127	rs1	1:1	2:0.54825	rs2	1:2	2:0.547	0	1000	0	7.18789e-09	4.55582	0.787322	3.57421e-08	6.00991	1.09059	0.999787	-37.5106	140582	0.999798	-36.4619	143956	0.999662	46.1159	108916	0	0	1
128	rs1	1:1	2:0.5485	rs2	1:2	2:0.551	0	1000	0	1.84142e-14	4.06053	0.53001	6.23482e-15	3.41664	0.43808	0.999786	-38.2408	142476	0.999775	-38.8645	137858	0.999649	47.328	107539	0	0	1
129	rs1	1:1	2:0.54025	rs2	1:2	2:0.545	0	1000	0	3.07583e-18	3.7957	0.435856	6.18976e-14	2.83671	0.378027	0.952348	0.0559798	0.936767	0.999775	-51.2327	181277	0.999747	28.7428	90638.3	0	0	1
130	rs1	1:1	2:0.54625	rs2	1:2	2:0.55075	0	1000	0	1.06949e-07	5.37552	1.01148	8.88894e-07	8.81836	1.79426	0.999634	-18.241	39727.6	0.383878	2.05349	2.35824	0.999589	20.4677	39727.6	0	0	1
