Outcome	Var1_ID	Var1_Pos	Var1_MAF	Var2_ID	Var2_Pos	Var2_MAF	Num_Missing	Num_Cases	Converged	Red_Var1_Het_Pval	Red_Var1_Het_beta	Red_Var1_Het_SE	Red_Var1_Hom_Pval	Red_Var1_Hom_beta	Red_Var1_Hom_SE	Red_Var2_Het_Pval	Red_Var2_Het_beta	Red_Var2_Het_SE	Red_Var2_Hom_Pval	Red_Var2_Hom_beta	Red_Var2_Hom_SE	Full_Var1_Het_Pval	Full_Var1_Het_beta	Full_Var1_Het_SE	Full_Var1_Hom_Pval	Full_Var1_Hom_beta	Full_Var1_Hom_SE	Full_Var2_Het_Pval	Full_Var2_Het_beta	Full_Var2_Het_SE	Full_Var2_Hom_Pval	Full_Var2_Hom_beta	Full_Var2_Hom_SE	Full_Var1_Het_Var2_Het_Pval	Full_Var1_Het_Var2_Het_beta	Full_Var1_Het_Var2_Het_SE	Full_Var1_Het_Var2_Hom_Pval	Full_Var1_Het_Var2_Hom_beta	Full_Var1_Het_Var2_Hom_SE	Full_Var1_Hom_Var2_Het_Pval	Full_Var1_Hom_Var2_Het_beta	Full_Var1_Hom_Var2_Het_SE	Full_Var1_Hom_Var2_Hom_Pval	Full_Var1_Hom_Var2_Hom_beta	Full_Var1_Hom_Var2_Hom_SE	Red_Model_Pval	Full_Model_Pval	Overall_Pval_(LRT)
1	rs1	1:1	2:0.543	rs2	1:2	2:0.55225	0	1000	0	0.523559	0.898782	1.40904	4.94706e-16	7.58341	0.934747	0.999864	-24.0074	140649	1.06689e-14	6.68764	0.865039	0.443067	0.942306	1.22852	0.999973	-24.4008	731487	0.999888	-24.4008	174032	0.999969	-24.4008	633487	0.999998	-0.942306	472137	0.999999	-0.942306	1.41652e+06	0.999992	24.4008	2.3197e+06	0.99993	84.8066	970160	1	0	1
2	rs1	1:1	2:0.5485	rs2	1:2	2:0.552	0	1000	0	0.999862	-24.2486	139900	6.59071e-13	7.45537	1.03724	0.57822	0.794049	1.42818	3.21593e-14	7.82639	1.03124	0.999898	-23.7305	185466	0.00402303	4.16976	1.44967	0.324118	1.39717	1.41697	0.999976	-23.7305	775859	0.999997	-1.39717	441497	0.999989	23.7305	1.74476e+06	0.999982	-29.2975	1.26697e+06	0.999942	56.236	778967	1	0	1
3	rs1	1:1	2:0.54975	rs2	1:2	2:0.541	0	1000	0	0.99985	-25.7954	137339	1.00029e-14	5.86705	0.758093	0.999875	-24.643	156801	1.98679e-19	6.40878	0.710981	0.999888	-25.0774	177994	0.015174	2.82287	1.16253	0.999898	-25.0774	196279	0.999978	-25.0774	895885	0.999958	25.0774	480343	0.999987	25.0774	1.56189e+06	0.999999	-2.82287	2.20322e+06	0.999949	57.5829	898583	1	0	1
4	rs1	1:1	2:0.5445	rs2	1:2	2:0.544	0	1000	0	0.182869	1.70098	1.27704	1.22668e-16	6.20497	0.749349	0.999871	-24.9055	153562	1.22668e-16	6.20497	0.749349	0.874853	0.176691	1.12186	0.999974	-25.0774	775859	0.999892	-25.0774	184807	0.999974	-25.0774	775859	1	-0.176691	454028	nan	nan	nan	0.999991	25.0774	2.3349e+06	0.999938	85.4832	1.09943e+06	1	0	1
5	rs1	1:1	2:0.546	rs2	1:2	2:0.55	0	1000	0	0.999859	-22.572	127891	0.999459	31.3345	46211.8	0.999879	26.2722	172724	0.999432	54.1993	76086.3	1	-6.56627e-09	208342	1	-6.91549e-09	899894	1	-6.73586e-09	201595	0.999734	28.257	84842.8	1	6.96858e-09	444117	0.99999	-28.257	2.20433e+06	nan	nan	nan	0.999972	32.1488	902569	1	0	1
6	rs1	1:1	2:0.549	rs2	1:2	2:0.55475	0	1000	0	0.226556	1.92243	1.58973	9.18414e-13	8.89458	1.24535	0.999862	-23.1134	133227	7.52682e-14	7.76876	1.03883	0.289814	1.50018	1.41723	0.999971	-23.7399	661655	0.999892	-23.7399	175137	0.999967	-23.7399	566608	0.999997	-1.50018	443543	0.999999	-1.50018	1.3879e+06	0.999992	23.7399	2.29872e+06	0.999923	84.1457	873875	1	0	1
7	rs1	1:1	2:0.544	rs2	1:2	2:0.54525	0	1000	0	0.999864	-24.4673	143804	3.13147e-12	7.30013	1.04711	0.271626	1.86129	1.69312	3.54203e-11	8.30198	1.25368	0.999902	-23.6691	193212	0.999976	-23.6691	775859	0.25056	1.62851	1.41734	0.999977	-23.6691	829429	0.999997	-1.62851	450986	0.999989	23.6691	1.77006e+06	0.999999	-1.62851	1.73487e+06	0.999941	84.0749	1.13786e+06	1	0	1
8	rs1	1:1	2:0.548	rs2	1:2	2:0.5475	0	1000	0	0.301438	1.54869	1.4987	3.98143e-16	7.64836	0.939703	0.999871	-23.8309	146884	2.94956e-16	6.96159	0.851532	0.496426	0.835322	1.22819	0.999971	-24.3978	661655	0.999896	-24.3978	186805	0.999968	-24.3978	608634	0.999999	-0.835322	461794	1	-0.835322	1.66681e+06	0.999992	24.3978	2.29964e+06	0.999925	84.8036	901695	1	0	1
9	rs1	1:1	2:0.54975	rs2	1:2	2:0.54475	0	1000	0	0.618647	0.608188	1.22183	1.00277e-12	6.52624	0.915305	0.999871	-24.3815	150625	4.58196e-18	6.40615	0.739456	0.159374	1.41267	1.0039	0.999972	-24.4145	693950	0.999892	-24.4145	180384	0.99998	-24.4145	981393	0.999998	-1.41267	522802	0.999999	-1.41267	1.47209e+06	0.999992	24.4145	2.30863e+06	0.999944	84.8203	1.20397e+06	1	0	1
10	rs1	1:1	2:0.5475	rs2	1:2	2:0.5515	0	1000	0	0.0145369	2.67592	1.09502	1.01689e-19	6.62213	0.728738	0.999859	-25.096	142277	2.8674e-15	5.99922	0.759727	0.347212	0.818725	0.870974	0.999974	-25.1215	775859	0.999887	-25.1215	177412	0.999968	-25.1215	633487	0.999998	-0.818725	389700	nan	nan	nan	0.999991	25.1215	2.33433e+06	0.999932	85.5273	1.00405e+06	1	0	1
11	rs1	1:1	2:0.54825	rs2	1:2	2:0.54475	0	1000	0	0.999859	-24.1949	136508	4.1637e-08	8.1172	1.48022	0.999854	-24.5716	134714	8.30073e-09	8.40099	1.45794	0.999896	-23.6897	181615	0.999981	-23.6897	981393	0.9999	-23.6897	188174	0.999983	-23.6897	1.09723e+06	0.999961	23.6897	484201	0.99999	23.6897	1.90912e+06	0.999987	23.6897	1.48407e+06	0.999954	84.0955	1.47373e+06	1	0	1
12	rs1	1:1	2:0.55525	rs2	1:2	2:0.54425	0	1000	0	0.999852	-24.5209	132580	3.20307e-15	6.74553	0.855735	0.999858	-25.1574	141815	4.20041e-16	6.89311	0.847585	0.999885	-24.8153	172413	0.999971	-24.8153	693950	0.9999	-24.8153	198677	0.999973	-24.8153	731487	0.999956	24.8153	454741	0.999988	24.8153	1.72413e+06	0.999985	24.8153	1.31338e+06	0.999933	85.2211	1.01068e+06	1	0	1
13	rs1	1:1	2:0.54475	rs2	1:2	2:0.5485	0	1000	0	0.999889	-22.3645	161203	9.26142e-16	6.81232	0.847697	0.999885	-22.3897	155907	9.4598e-15	6.64131	0.857352	0.999895	-24.8002	188869	0.999974	-24.8002	775859	0.99989	-24.8002	180384	0.999973	-24.8002	731487	0.999957	24.8002	458091	nan	nan	nan	nan	nan	nan	0.999936	85.206	1.06858e+06	1	0	1
14	rs1	1:1	2:0.54675	rs2	1:2	2:0.55	0	1000	0	0.999865	-24.7493	146116	2.6224e-12	6.31937	0.903205	0.308798	1.53821	1.51139	3.38989e-14	7.28494	0.960759	0.999893	-24.4191	182872	0.999977	-24.4191	829429	0.563862	0.708651	1.22792	0.99998	-24.4191	981393	0.999999	-0.708651	428872	0.999992	24.4191	2.41086e+06	1	-0.708651	2.34598e+06	0.999947	84.8249	1.28682e+06	1	0	1
15	rs1	1:1	2:0.552	rs2	1:2	2:0.5455	0	1000	0	0.999857	-22.7267	127038	8.83652e-10	8.80031	1.43582	0.999859	-24.6306	139487	4.12378e-07	7.71693	1.52414	0.999891	-23.7107	172948	0.999985	-23.7107	1.26697e+06	0.999902	-23.7107	193965	0.999977	-23.7107	829429	0.999957	23.7107	440751	0.999992	23.7107	2.35234e+06	0.999991	23.7107	2.01263e+06	0.999956	84.1164	1.51591e+06	1	0	1
16	rs1	1:1	2:0.55075	rs2	1:2	2:0.54325	0	1000	0	0.999886	-19.383	135393	4.67891e-09	8.56838	1.46263	0.999661	25.3574	59747.7	0.999568	32.3352	59747.7	1	-2.37948e-09	198195	1	-2.63491e-09	667056	0.999761	25.3277	84716.3	1	-3.38753e-09	899882	0.999955	-25.3277	453143	nan	nan	nan	0.999988	-25.3277	1.68902e+06	0.999957	60.4058	1.11911e+06	1	0	1
17	rs1	1:1	2:0.5485	rs2	1:2	2:0.5495	0	1000	0	0.99936	74.8303	93225.9	0.999411	54.6044	73956	0.999834	-22.583	108309	0.999401	54.5465	72644.8	0.999765	25.2331	85679.3	1	-1.68254e-08	699219	1	-1.72079e-08	198609	1	-1.82502e-08	699219	0.999956	-25.2331	453324	nan	nan	nan	1	1.8138e-07	2.31012e+06	0.999951	60.4058	987570	1	0	1
18	rs1	1:1	2:0.55425	rs2	1:2	2:0.55375	0	1000	0	0.999858	-24.3006	136777	6.08527e-13	6.35946	0.883436	0.99988	-22.2	147539	3.79286e-18	7.23504	0.833066	0.999888	-24.8702	177412	0.999967	-24.8702	608634	0.999885	-24.8702	172413	0.999976	-24.8702	829429	0.999952	24.8702	416165	0.999992	24.8702	2.35268e+06	nan	nan	nan	0.999934	85.276	1.03112e+06	1	0	1
19	rs1	1:1	2:0.545	rs2	1:2	2:0.54625	0	1000	0	0.999853	-25.8242	140543	7.77267e-16	6.18266	0.767295	0.456345	1.06389	1.42827	1.15017e-15	6.54344	0.816942	0.999894	-24.7883	186805	0.999976	-24.7883	829429	0.67853	0.480144	1.15845	0.999976	-24.7883	829429	0.999999	-0.480144	442061	0.999986	24.7883	1.38808e+06	1	-0.480144	2.34598e+06	0.999942	85.1941	1.17505e+06	1	0	1
20	rs1	1:1	2:0.5465	rs2	1:2	2:0.54575	0	1000	0	0.602134	0.662493	1.27076	1.05245e-18	6.68626	0.757273	0.0660204	2.20261	1.19819	2.94902e-15	6.39233	0.809868	0.488238	0.851286	1.2282	0.999977	-24.3888	829429	0.107465	1.61693	1.0045	0.999972	-24.3888	693950	0.999942	-26.857	370932	1	-0.851286	2.30157e+06	0.999999	-1.61693	2.34598e+06	0.999938	84.7946	1.08368e+06	0	0	1
21	rs1	1:1	2:0.55175	rs2	1:2	2:0.5455	0	1000	0	0.999884	-22.1702	152416	4.12829e-16	6.89392	0.847467	0.999869	-24.0687	146406	3.14753e-15	6.74636	0.855604	0.999888	-24.8108	176835	0.999973	-24.8108	731487	0.999898	-24.8108	193965	0.999971	-24.8108	693950	0.999955	24.8108	438602	nan	nan	nan	0.999991	24.8108	2.32128e+06	0.999933	85.2166	1.01068e+06	1	0	1
22	rs1	1:1	2:0.54825	rs2	1:2	2:0.5485	0	1000	0	0.999999	-0.21018	147740	0.999422	53.6368	74082.2	0.999994	0.973285	128376	0.999385	54.5081	70760.5	1	-3.1557e-12	215813	1	-1.82165e-12	667001	1	8.16294e-12	205557	1	-1.9984e-11	1.10046e+06	1	-1.33424e-11	431758	1	9.301e-12	2.46296e+06	1	4.30767e-13	2.30124e+06	0.999963	60.4058	1.28593e+06	1	0	1
23	rs1	1:1	2:0.54575	rs2	1:2	2:0.55	0	1000	0	0.999865	-23.7944	141115	2.85095e-14	7.86998	1.03485	0.999899	-20.4104	161785	1.1084e-14	7.96488	1.0309	0.999897	-24.4008	188869	0.999968	-24.4008	608634	0.999891	-24.4008	177994	0.999969	-24.4008	633487	0.999962	24.4008	517693	0.999988	24.4008	1.68666e+06	nan	nan	nan	0.999923	84.8066	881230	1	0	1
24	rs1	1:1	2:0.55125	rs2	1:2	2:0.5455	0	1000	0	0.999846	-25.852	133554	5.45137e-15	5.94801	0.761001	0.679412	0.562599	1.36135	1.62607e-17	6.77287	0.795143	0.999887	-24.8169	174582	0.999973	-24.8169	731487	0.68284	0.473368	1.15854	0.999976	-24.8169	829429	0.999999	-0.473368	443324	0.999986	24.8169	1.38649e+06	1	-0.473368	1.71549e+06	0.999939	85.2227	1.10809e+06	1	0	1
25	rs1	1:1	2:0.54175	rs2	1:2	2:0.552	0	1000	0	0.271341	1.88231	1.71122	5.41368e-11	8.26306	1.25979	0.99989	-21.045	153111	2.49854e-13	7.58485	1.03633	0.246792	1.64172	1.41751	0.999974	-23.7091	731487	0.999888	-23.7091	168308	0.999976	-23.7091	775859	0.999997	-1.64172	497213	0.999999	-1.64172	1.73487e+06	nan	nan	nan	0.999937	84.1149	1.06858e+06	1	0	1
26	rs1	1:1	2:0.54525	rs2	1:2	2:0.554	0	1000	0	0.603246	0.688855	1.32539	8.42358e-18	6.26844	0.729425	0.999845	-25.7593	132377	3.20301e-16	5.74787	0.703928	0.872232	0.180454	1.12206	0.999976	-25.1246	829429	0.999881	-25.1246	168308	0.999974	-25.1246	775859	1	-0.180454	407330	1	-0.180454	2.32758e+06	0.999987	25.1246	1.52365e+06	0.99994	85.5304	1.13787e+06	1	0	1
27	rs1	1:1	2:0.54425	rs2	1:2	2:0.5485	0	1000	0	0.831409	0.31521	1.48059	1.02376e-10	5.78685	0.895327	0.999856	-25.2189	140162	1.8657e-15	6.50006	0.817621	0.66117	0.507814	1.1586	0.999978	-24.8047	895885	0.999887	-24.8047	174582	0.999984	-24.8047	1.26697e+06	0.999999	-0.507814	414869	1	-0.507814	2.53395e+06	0.999989	24.8047	1.80026e+06	0.999956	85.2105	1.55328e+06	1	0	1
28	rs1	1:1	2:0.54625	rs2	1:2	2:0.5465	0	1000	0	0.99987	-22.7527	139808	1.10735e-09	8.87184	1.45604	0.999861	-22.9691	131847	1.55242e-10	9.22812	1.44186	0.9999	-23.6897	188174	0.999971	-23.6897	661655	0.999897	-23.6897	182872	0.999976	-23.6897	775859	0.999964	23.6897	519138	0.999992	23.6897	2.33517e+06	0.999989	23.6897	1.69678e+06	0.999934	84.0955	1.02204e+06	1	0	1
29	rs1	1:1	2:0.53925	rs2	1:2	2:0.55425	0	1000	0	0.999877	-24.1725	156219	3.88581e-17	7.14298	0.848708	0.999877	-23.1497	150347	3.35059e-10	5.77332	0.919081	0.9999	-24.8108	197068	0.999982	-24.8108	1.09723e+06	0.999881	-24.8108	166842	0.999973	-24.8108	731487	0.999958	24.8108	476649	0.999991	24.8108	2.32155e+06	nan	nan	nan	0.999949	85.2166	1.32054e+06	1	0	1
30	rs1	1:1	2:0.54825	rs2	1:2	2:0.545	0	1000	0	0.35194	1.04221	1.11965	5.26683e-15	6.32255	0.808472	0.739462	0.440654	1.32501	7.8906e-16	6.08314	0.755117	0.152533	1.4363	1.00396	0.999978	-24.4099	895885	0.506289	0.81628	1.22818	0.99998	-24.4099	981393	0.999948	-26.6625	407501	0.999999	-1.4363	1.83602e+06	1	-0.81628	2.37029e+06	0.999949	84.8157	1.33063e+06	0	0	1
31	rs1	1:1	2:0.551	rs2	1:2	2:0.55225	0	1000	0	0.999854	-23.73	130016	1.52012e-14	7.84685	1.02095	0.999854	-24.5567	134396	4.34656e-11	7.05167	1.06977	0.999892	-24.4268	179777	0.999978	-24.4268	895885	0.999893	-24.4268	182872	0.999971	-24.4268	661655	0.999954	24.4268	428039	0.999988	24.4268	1.69645e+06	0.999989	24.4268	1.80108e+06	0.999939	84.8326	1.1159e+06	1	0	1
32	rs1	1:1	2:0.54775	rs2	1:2	2:0.54725	0	1000	0	0.559281	0.946119	1.62032	3.72483e-10	7.94849	1.26868	0.999855	-24.4332	134871	2.8623e-13	7.57604	1.03771	0.249596	1.63191	1.41741	0.999974	-23.6882	731487	0.999899	-23.6882	187486	0.999979	-23.6882	895885	0.999997	-1.63191	415621	0.999999	-1.63191	1.55172e+06	0.999987	23.6882	1.47494e+06	0.999942	84.094	1.15867e+06	1	0	1
33	rs1	1:1	2:0.545	rs2	1:2	2:0.54875	0	1000	0	0.999862	-23.9452	138462	1.82062e-14	7.78803	1.01636	0.999858	-24.8663	139351	2.32507e-10	6.84006	1.07918	0.999899	-24.3769	192467	0.99998	-24.3769	981393	0.999897	-24.3769	188869	0.999972	-24.3769	693950	0.999956	24.3769	446591	0.999989	24.3769	1.71068e+06	0.999989	24.3769	1.84571e+06	0.999944	84.7827	1.20396e+06	1	0	1
34	rs1	1:1	2:0.548	rs2	1:2	2:0.5465	0	1000	0	0.0904496	2.61608	1.54521	4.39656e-10	6.6994	1.07375	0.999864	-24.336	142935	1.17556e-12	7.32203	1.03008	0.532747	0.76608	1.22805	0.999978	-24.4129	895885	0.999891	-24.4129	177994	0.999982	-24.4129	1.09723e+06	0.999999	-0.76608	432465	nan	nan	nan	0.999992	24.4129	2.37696e+06	0.999952	84.8187	1.41822e+06	1	0	1
35	rs1	1:1	2:0.54625	rs2	1:2	2:0.5535	0	1000	0	0.356225	1.54915	1.67915	1.41092e-11	6.68142	0.988847	0.999876	-22.9685	148029	1.80676e-16	7.02603	0.853268	0.476202	0.875158	1.22842	0.999973	-24.4299	731487	0.999884	-24.4299	167815	0.99998	-24.4299	981393	0.999998	-0.875158	397888	1	-0.875158	2.40391e+06	nan	nan	nan	0.999945	84.8357	1.22598e+06	1	0	1
36	rs1	1:1	2:0.55	rs2	1:2	2:0.549	0	1000	0	0.999857	-23.4913	130853	3.87904e-16	8.17833	1.00443	0.999867	-24.6911	148012	1.04091e-08	6.44892	1.12666	0.999887	-24.4191	172413	0.999982	-24.4191	1.09723e+06	0.999896	-24.4191	187486	0.999967	-24.4191	586495	0.999959	24.4191	474762	0.999988	24.4191	1.66779e+06	0.999992	24.4191	2.46064e+06	0.999946	84.8249	1.24608e+06	1	0	1
37	rs1	1:1	2:0.5475	rs2	1:2	2:0.54825	0	1000	0	0.999896	-21.4479	164522	3.72397e-11	7.06127	1.06752	0.386505	1.37716	1.59031	1.28349e-11	8.43079	1.24523	0.999901	-23.6971	191003	0.999974	-23.6971	731487	0.27628	1.54294	1.41721	0.999979	-23.6971	895885	0.999997	-1.54294	403993	nan	nan	nan	0.999999	-1.54294	1.46297e+06	0.999942	84.1029	1.15867e+06	1	0	1
38	rs1	1:1	2:0.54925	rs2	1:2	2:0.5505	0	1000	0	0.999793	49.0841	189619	0.999425	54.1436	75108.5	0.999996	0.691791	136190	0.999432	54.6458	76811.4	1	-9.43201e-12	201544	1	1.21165e-11	736534	1	-6.26926e-12	195145	1	-1.20046e-11	900011	1	2.01216e-11	470938	nan	nan	nan	1	1.54454e-11	2.32138e+06	0.999959	60.4058	1.16186e+06	1	0	1
39	rs1	1:1	2:0.545	rs2	1:2	2:0.549	0	1000	0	0.9999	-21.015	167291	3.04549e-14	7.81108	1.02826	0.999858	-24.2153	136513	1.68299e-12	7.41028	1.04984	0.999896	-24.3963	186805	0.999975	-24.3963	775859	0.999891	-24.3963	179177	0.999971	-24.3963	661655	0.999961	24.3963	502213	nan	nan	nan	0.999989	24.3963	1.7441e+06	0.999934	84.802	1.02204e+06	1	0	1
40	rs1	1:1	2:0.55025	rs2	1:2	2:0.55125	0	1000	0	0.999887	-21.7402	153586	1.33631e-12	7.34995	1.03659	0.999859	-23.8883	134792	1.13413e-11	7.13542	1.05113	0.99989	-24.4377	176835	0.999978	-24.4377	895885	0.999889	-24.4377	175137	0.999977	-24.4377	829429	0.999956	24.4377	438288	nan	nan	nan	0.999992	24.4377	2.37675e+06	0.999945	84.8435	1.22286e+06	1	0	1
41	rs1	1:1	2:0.552	rs2	1:2	2:0.55375	0	1000	0	0.999861	-22.7769	130965	2.44787e-09	8.72202	1.46222	0.99985	-22.9147	121649	2.61107e-10	9.12686	1.44406	0.999893	-23.7604	177412	0.999973	-23.7604	693950	0.999888	-23.7604	169813	0.999977	-23.7604	829429	0.999959	23.7604	459130	0.999992	23.7604	2.35268e+06	0.999989	23.7604	1.70828e+06	0.999938	84.1661	1.08367e+06	1	0	1
42	rs1	1:1	2:0.555	rs2	1:2	2:0.55275	0	1000	0	0.999854	-22.1227	121106	1.51863e-10	9.22956	1.44133	0.99986	-22.7542	129490	2.53982e-09	8.7194	1.46326	0.999887	-23.7716	167815	0.999977	-23.7716	829429	0.999893	-23.7716	176835	0.999971	-23.7716	661655	0.999958	23.7716	448408	0.999992	23.7716	2.29818e+06	0.999992	23.7716	2.35263e+06	0.999937	84.1774	1.06328e+06	1	0	1
43	rs1	1:1	2:0.54625	rs2	1:2	2:0.548	0	1000	0	0.999863	-24.2803	141229	1.67428e-12	7.41055	1.04977	0.999866	-23.2089	138710	3.02947e-14	7.81133	1.02821	0.999897	-24.3933	188174	0.999971	-24.3933	661655	0.999892	-24.3933	180384	0.999975	-24.3933	775859	0.999961	24.3933	496292	0.999989	24.3933	1.74505e+06	0.999992	24.3933	2.29913e+06	0.999934	84.799	1.02204e+06	1	0	1
44	rs1	1:1	2:0.55075	rs2	1:2	2:0.55125	0	1000	0	0.999865	-24.5523	145138	3.69333e-19	5.97956	0.668422	0.999857	-24.9108	138610	2.65439e-20	6.11573	0.662444	0.999887	-25.3571	179777	0.999968	-25.3571	633487	0.999886	-25.3571	176835	0.999969	-25.3571	661655	0.999955	25.3571	448532	0.999991	25.3571	2.29908e+06	0.999988	25.3571	1.68535e+06	0.999925	85.7629	918659	1	0	1
45	rs1	1:1	2:0.54575	rs2	1:2	2:0.551	0	1000	0	0.570254	0.841609	1.48255	5.92262e-14	7.11022	0.946794	0.663633	0.650433	1.49558	5.72673e-13	6.90647	0.958322	0.999896	-24.4098	186807	0.999978	-24.4099	895885	0.999889	-24.4099	175137	0.999977	-24.4099	829429	0.999841	51.147	256066	0.999989	24.4098	1.76937e+06	0.999989	24.4099	1.80031e+06	0.999945	84.8157	1.22286e+06	0	0	1
46	rs1	1:1	2:0.5495	rs2	1:2	2:0.5515	0	1000	0	0.0134056	2.40873	0.974086	2.72993e-17	7.77169	0.918903	0.00858544	2.98923	1.1374	1.16206e-17	6.38152	0.745797	0.146633	1.45752	1.00413	0.999971	-24.4346	661655	0.99989	-24.4346	177412	0.999969	-24.4346	633487	0.999883	26.0045	177412	0.999999	-1.45752	1.26697e+06	nan	nan	nan	0.999926	84.8404	918661	0	0	1
47	rs1	1:1	2:0.55275	rs2	1:2	2:0.54625	0	1000	0	0.420803	0.817442	1.01542	3.17832e-21	6.48417	0.68567	0.999857	-26.0972	146050	8.99583e-17	5.33652	0.641613	0.458006	0.645918	0.870352	0.999974	-25.1262	775859	0.999893	-25.1262	186805	0.99997	-25.1262	661655	0.999999	-0.645918	454845	1	-0.645918	1.42934e+06	0.999987	25.1262	1.49736e+06	0.999933	85.532	1.02205e+06	1	0	1
48	rs1	1:1	2:0.5475	rs2	1:2	2:0.54975	0	1000	0	0.999862	-23.3696	135274	8.47547e-10	8.89057	1.44898	0.999849	-24.5304	129844	5.48534e-09	8.55513	1.46699	0.9999	-23.7001	188174	0.999979	-23.7001	895885	0.999897	-23.7001	182872	0.999976	-23.7001	775859	0.99996	23.7001	468338	0.999989	23.7001	1.74505e+06	0.999986	23.7001	1.34134e+06	0.999943	84.1059	1.18718e+06	1	0	1
49	rs1	1:1	2:0.55225	rs2	1:2	2:0.54825	0	1000	0	0.999841	-26.378	132611	1.194e-09	5.66037	0.930821	0.999862	-24.3312	140632	2.35777e-18	7.32867	0.838644	0.999891	-24.8215	181615	0.99997	-24.8215	661655	0.999892	-24.8215	184155	0.999982	-24.8215	1.09723e+06	0.999955	24.8215	436321	0.999987	24.8215	1.56231e+06	0.999988	24.8215	1.69692e+06	0.999947	85.2272	1.28317e+06	1	0	1
50	rs1	1:1	2:0.54975	rs2	1:2	2:0.551	0	1000	0	0.999999	-0.239987	137566	0.999395	54.5636	71927.6	1	-0.0243071	140373	0.999406	54.4123	73093.6	1	1.43049e-11	198750	1	5.53158e-12	736526	1	1.1653e-11	198750	1	2.73914e-12	667222	1	-2.69389e-11	521784	1	3.12639e-13	1.44309e+06	1	-6.82121e-12	1.72696e+06	0.999951	60.4058	992510	1	0	1
51	rs1	1:1	2:0.547	rs2	1:2	2:0.551	0	1000	0	0.00211584	5.47782	1.78229	3.1063e-11	8.34928	1.25715	0.999851	-24.4802	130940	1.09832e-08	8.3726	1.46507	0.0776892	2.16673	1.22813	0.999981	-23.7321	981393	0.999892	-23.7321	174582	0.00328002	4.27357	1.4535	0.999996	-2.16673	425404	nan	nan	nan	0.99999	23.7321	1.8443e+06	0.999954	56.1322	983854	1	0	1
52	rs1	1:1	2:0.548	rs2	1:2	2:0.55025	0	1000	0	0.999849	-25.7896	136208	7.55413e-16	6.13121	0.760582	0.999856	-25.2255	139952	7.55413e-16	6.13121	0.760582	0.999892	-25.1046	185466	0.999976	-25.1046	829429	0.999889	-25.1046	180996	0.999976	-25.1046	829429	0.999955	25.1046	440324	0.999986	25.1046	1.3879e+06	0.999989	25.1046	1.76877e+06	0.999942	85.5103	1.17505e+06	1	0	1
53	rs1	1:1	2:0.54675	rs2	1:2	2:0.54775	0	1000	0	0.999859	-24.9216	140701	3.38565e-14	6.52815	0.860932	0.999866	-24.1819	143872	2.31147e-15	6.73065	0.849467	0.999894	-24.8017	186132	0.999974	-24.8017	775859	0.999892	-24.8017	182872	0.999976	-24.8017	829429	0.999957	24.8017	457957	0.999989	24.8017	1.7693e+06	0.999992	24.8017	2.33475e+06	0.99994	85.2075	1.13787e+06	1	0	1
54	rs1	1:1	2:0.5465	rs2	1:2	2:0.55175	0	1000	0	0.922391	0.137448	1.41085	1.77104e-14	6.25555	0.815986	0.885985	-0.190484	1.32847	4.88372e-16	6.50786	0.802018	0.999895	-24.8229	188171	0.999976	-24.823	829429	0.999886	-24.823	173488	0.999978	-24.823	895885	0.99984	51.4705	255942	0.999989	24.8229	1.80162e+06	0.999987	24.823	1.52423e+06	0.999944	85.2288	1.22286e+06	0	0	1
55	rs1	1:1	2:0.547	rs2	1:2	2:0.5495	0	1000	0	0.0315791	3.52274	1.63872	4.05278e-14	7.74211	1.02419	0.393872	1.22028	1.43122	2.41535e-12	7.6502	1.09162	0.999895	-24.4023	186132	0.999977	-24.4023	829428	0.999894	-24.4023	182872	0.999972	-24.4023	693950	0.999844	50.9676	260935	nan	nan	nan	0.999992	24.4023	2.3531e+06	0.999938	84.8081	1.08367e+06	0	0	1
56	rs1	1:1	2:0.545	rs2	1:2	2:0.5535	0	1000	0	0.999996	0.716934	139659	0.999394	54.4577	71707.8	0.999996	0.700887	133447	0.999411	54.3123	73552.8	1	8.61988e-12	213267	1	-3.36442e-12	780526	1	-8.49909e-12	195277	1	-1.19726e-12	699164	1	-1.27975e-12	462540	1	8.8356e-12	2.31143e+06	1	-2.08189e-12	2.33576e+06	0.999954	60.4058	1.04671e+06	1	0	1
57	rs1	1:1	2:0.5475	rs2	1:2	2:0.553	0	1000	0	0.998661	-0.00161593	0.963104	1.87692e-20	6.76478	0.729819	0.287104	1.31038	1.23098	6.31101e-14	5.33126	0.710696	0.2201	1.12524	0.917617	0.999976	-24.8292	829429	0.753909	0.363099	1.15825	0.999971	-24.8292	693950	0.99994	-26.3175	351395	0.999999	-1.12524	1.08144e+06	nan	nan	nan	0.999937	85.2349	1.08368e+06	0	0	1
58	rs1	1:1	2:0.5495	rs2	1:2	2:0.555	0	1000	0	0.999857	-23.2911	129860	9.47012e-10	8.88273	1.45188	0.99985	-23.3572	124312	2.22275e-09	8.72892	1.45953	0.999895	-23.754	179777	0.999977	-23.754	829429	0.999888	-23.754	168805	0.999976	-23.754	775859	0.999959	23.754	464929	0.999989	23.754	1.74416e+06	0.999989	23.754	1.76756e+06	0.999941	84.1598	1.13786e+06	1	0	1
59	rs1	1:1	2:0.5495	rs2	1:2	2:0.5505	0	1000	0	0.999865	-23.2154	137061	8.25896e-15	7.88134	1.01517	0.999851	-25.2142	134947	3.47997e-10	6.81394	1.08576	0.999891	-24.4206	177994	0.99998	-24.4206	981393	0.999893	-24.4206	181615	0.999971	-24.4206	661655	0.999958	24.4206	458906	0.999992	24.4206	2.29894e+06	0.999988	24.4206	1.61287e+06	0.999943	84.8264	1.18564e+06	1	0	1
60	rs1	1:1	2:0.5505	rs2	1:2	2:0.55	0	1000	0	0.999863	-24.582	143499	3.42139e-16	6.13086	0.751564	0.999851	-25.2359	134848	1.71486e-17	6.32062	0.742585	0.99989	-25.1168	182240	0.999973	-25.1168	731487	0.999889	-25.1168	180996	0.999974	-25.1168	775859	0.999954	25.1168	431697	0.999991	25.1168	2.3347e+06	0.999986	25.1168	1.47413e+06	0.999936	85.5226	1.06858e+06	1	0	1
61	rs1	1:1	2:0.5515	rs2	1:2	2:0.54525	0	1000	0	0.999861	-22.9732	132096	5.88614e-09	8.54986	1.46906	0.999861	-23.2092	133238	4.35386e-10	9.01869	1.44512	0.999892	-23.7152	174582	0.999974	-23.7152	731487	0.999898	-23.7152	185466	0.999979	-23.7152	895885	0.999962	23.7152	493188	0.999992	23.7152	2.37671e+06	0.999989	23.7152	1.72549e+06	0.999942	84.121	1.15867e+06	1	0	1
62	rs1	1:1	2:0.5515	rs2	1:2	2:0.5525	0	1000	0	0.999852	-24.9801	134389	4.32875e-17	7.13279	0.848775	0.999844	-26.5911	136177	3.44132e-08	4.86779	0.882269	0.999887	-25.1309	177412	0.999984	-25.1309	1.26697e+06	0.99989	-25.1309	182872	0.999973	-25.1309	731487	0.999951	25.1309	406501	0.999986	25.1309	1.47369e+06	0.99999	25.1309	2.01159e+06	0.999953	85.5366	1.46463e+06	1	0	1
63	rs1	1:1	2:0.55375	rs2	1:2	2:0.551	0	1000	0	0.999651	26.5664	60749.4	0.999571	32.6475	60749.4	0.999662	26.3059	62051.1	0.999584	32.387	62051.1	1	3.00796e-09	193096	1	-7.81097e-10	780716	1	2.61337e-09	201919	1	-1.164e-09	667344	0.99992	26.6475	265514	1	-4.69661e-08	2.30016e+06	1	3.99566e-08	2.33632e+06	0.999953	60.4058	1.02573e+06	1	0	1
64	rs1	1:1	2:0.555	rs2	1:2	2:0.546	0	1000	0	0.999843	-25.871	131454	4.26611e-11	5.96569	0.904643	0.0148787	2.926	1.20148	5.52106e-18	7.19378	0.832415	0.999882	-24.8479	168308	0.99997	-24.8479	661655	0.230871	1.0994	0.917606	0.99998	-24.8479	981393	0.999998	-1.0994	407330	0.999988	24.8479	1.61142e+06	nan	nan	nan	0.999943	85.2537	1.18565e+06	1	0	1
65	rs1	1:1	2:0.55575	rs2	1:2	2:0.548	0	1000	0	0.999838	-25.6039	126189	7.43685e-14	6.47785	0.866032	0.999857	-24.9483	139368	4.90346e-16	6.85218	0.844502	0.999887	-24.8276	175137	0.999973	-24.8276	731487	0.999898	-24.8276	193965	0.999976	-24.8276	829429	0.999953	24.8276	424603	0.999985	24.8276	1.29683e+06	0.999987	24.8276	1.47578e+06	0.999939	85.2334	1.10809e+06	1	0	1
66	rs1	1:1	2:0.54525	rs2	1:2	2:0.5495	0	1000	0	0.999682	24.4264	61378.4	0.999583	32.1045	61378.4	0.999851	-24.9757	134161	6.3279e-07	7.67815	1.54151	0.999763	25.2541	84969.9	1	-6.02193e-09	1.26982e+06	1	-4.0236e-09	198846	1	-4.15386e-09	780498	0.999958	-25.2541	474086	0.999986	-25.2541	1.48809e+06	1	4.79729e-08	1.80277e+06	0.999968	60.4058	1.4897e+06	1	0	1
67	rs1	1:1	2:0.547	rs2	1:2	2:0.54975	0	1000	0	0.999884	-23.0956	158853	4.92483e-13	6.46499	0.894516	0.217911	1.91023	1.55038	4.79537e-15	7.46	0.952482	0.999898	-24.4023	191003	0.999973	-24.4023	731487	0.516536	0.79666	1.2281	0.999978	-24.4023	895885	0.999998	-0.79666	388768	nan	nan	nan	1	-0.79666	2.31317e+06	0.999942	84.8081	1.15867e+06	1	0	1
68	rs1	1:1	2:0.5495	rs2	1:2	2:0.548	0	1000	0	0.00109117	4.79083	1.46693	5.80129e-15	7.99276	1.02364	0.906331	0.151393	1.28661	2.07249e-11	7.59638	1.13365	0.0908394	2.07635	1.22789	0.999979	-23.7321	895885	0.293992	1.48719	1.41718	0.999969	-23.7321	608634	0.999951	-27.2956	447943	nan	nan	nan	0.999999	-1.48719	1.55172e+06	0.999938	84.1379	1.0853e+06	0	0	1
69	rs1	1:1	2:0.54625	rs2	1:2	2:0.546	0	1000	0	0.999861	-25.4494	146355	3.01732e-11	5.49893	0.827439	0.999866	-24.6373	146198	2.14684e-16	6.59008	0.802339	0.999894	-25.0789	189573	0.999976	-25.0789	829429	0.999892	-25.0789	186132	0.999982	-25.0789	1.09723e+06	0.999954	25.0789	430397	0.999992	25.0789	2.4608e+06	0.999991	25.0789	2.35335e+06	0.99995	85.4847	1.37721e+06	1	0	1
70	rs1	1:1	2:0.55775	rs2	1:2	2:0.55275	0	1000	0	0.999856	-23.9395	132934	3.25687e-15	6.75038	0.856577	0.408031	1.23313	1.49043	4.566e-15	7.39902	0.943955	0.999888	-24.4599	173487	0.999972	-24.4599	693950	0.521599	0.787176	1.22827	0.999973	-24.4599	731487	0.999998	-0.787176	350295	0.999992	24.4599	2.31966e+06	1	-0.787176	1.69982e+06	0.999933	84.8657	1.01068e+06	1	0	1
71	rs1	1:1	2:0.54525	rs2	1:2	2:0.54475	0	1000	0	0.734057	0.49567	1.45899	4.21521e-13	6.96	0.960203	0.99989	-23.162	167433	1.15609e-12	6.25963	0.880334	0.493814	0.840377	1.22816	0.99998	-24.3858	981393	0.999894	-24.3858	184155	0.99998	-24.3858	981393	0.999999	-0.840377	447181	1	-0.840378	1.83602e+06	nan	nan	nan	0.999951	84.7916	1.38964e+06	1	0	1
72	rs1	1:1	2:0.542	rs2	1:2	2:0.54475	0	1000	0	0.999998	-0.36304	153457	0.999413	53.5861	72825.6	0.999997	0.527017	135481	0.99939	54.1952	70869.9	1	-9.79306e-12	216120	1	3.67351e-12	780299	1	-1.06284e-12	203241	1	2.02505e-13	1.10037e+06	1	4.01576e-12	503084	1	2.37819e-11	2.46298e+06	1	-3.61222e-11	2.33643e+06	0.999964	60.4058	1.34818e+06	1	0	1
73	rs1	1:1	2:0.55	rs2	1:2	2:0.54375	0	1000	0	0.99988	-23.1897	154470	2.81741e-12	6.30341	0.902222	0.284377	1.63674	1.5289	2.93035e-14	7.2866	0.958592	0.999889	-24.4023	175137	0.999977	-24.4023	829429	0.469756	0.887952	1.22836	0.99998	-24.4023	981393	0.999998	-0.887952	420241	nan	nan	nan	1	-0.887952	2.34598e+06	0.999947	84.8081	1.28682e+06	1	0	1
74	rs1	1:1	2:0.54325	rs2	1:2	2:0.5525	0	1000	0	0.999859	-25.3077	143142	1.64505e-14	6.58067	0.857337	0.999861	-24.2983	139065	1.64505e-14	6.58067	0.857337	0.999898	-24.8123	193212	0.999976	-24.8123	829429	0.999884	-24.8123	171359	0.999976	-24.8123	829429	0.999958	24.8123	471210	0.999987	24.8123	1.5266e+06	0.999992	24.8123	2.35223e+06	0.999942	85.2181	1.17505e+06	1	0	1
75	rs1	1:1	2:0.55375	rs2	1:2	2:0.551	0	1000	0	0.999856	-22.1683	123240	1.10328e-10	9.2509	1.43379	0.99985	-24.8477	132170	8.94268e-08	8.05159	1.50582	0.999891	-23.7367	174032	0.999983	-23.7367	1.09723e+06	0.999899	-23.7367	187486	0.999971	-23.7367	661655	0.999956	23.7367	427660	0.999992	23.7367	2.29864e+06	0.999988	23.7367	1.563e+06	0.999948	84.1425	1.28317e+06	1	0	1
76	rs1	1:1	2:0.547	rs2	1:2	2:0.5565	0	1000	0	0.999859	-24.2473	137368	2.58961e-09	8.71802	1.46381	0.9999	-18.8825	150110	9.17064e-11	9.32345	1.4388	0.999901	-23.743	191003	0.99997	-23.743	633487	0.999885	-23.743	165414	0.999977	-23.743	829429	0.99996	23.743	473673	0.999986	23.743	1.38865e+06	nan	nan	nan	0.999936	84.1488	1.04598e+06	1	0	1
77	rs1	1:1	2:0.54825	rs2	1:2	2:0.55275	0	1000	0	0.99986	-22.59	128891	2.7492e-11	9.55677	1.43508	0.99986	-23.19	131765	5.954e-10	8.99746	1.45316	0.999898	-23.7198	184807	0.999974	-23.7198	731487	0.999895	-23.7198	180996	0.999967	-23.7198	566608	0.99996	23.7198	476902	0.999989	23.7198	1.66224e+06	0.999989	23.7198	1.72501e+06	0.999928	84.1256	927868	1	0	1
78	rs1	1:1	2:0.55475	rs2	1:2	2:0.545	0	1000	0	0.999847	-23.5859	122959	1.0444e-09	8.87589	1.45447	0.99987	-22.6115	139085	4.99894e-10	9.00922	1.44863	0.999888	-23.7244	168805	0.999974	-23.7244	731487	0.999902	-23.7244	192467	0.999976	-23.7244	775859	0.999961	23.7244	481244	0.999987	23.7244	1.49522e+06	0.999992	23.7244	2.32116e+06	0.999937	84.1302	1.06858e+06	1	0	1
79	rs1	1:1	2:0.5465	rs2	1:2	2:0.54825	0	1000	0	0.999863	-25.0085	145950	2.08462e-08	6.2616	1.11718	0.999857	-24.2607	135207	9.40348e-14	7.62214	1.02324	0.999895	-24.4038	185466	0.999977	-24.4038	829429	0.999889	-24.4038	175698	0.999985	-24.4038	1.26697e+06	0.999959	24.4038	469693	0.999992	24.4038	2.54072e+06	0.999989	24.4038	1.76823e+06	0.999955	84.8096	1.51592e+06	1	0	1
80	rs1	1:1	2:0.54425	rs2	1:2	2:0.54425	0	1000	0	0.999863	-23.1202	135073	2.52211e-10	9.12917	1.4432	0.999872	-22.9533	143322	2.36765e-09	8.72439	1.46129	0.9999	-23.6648	188869	0.999977	-23.6648	829429	0.999903	-23.6648	193965	0.999973	-23.6648	693950	0.999963	23.6648	508440	0.999989	23.6648	1.71028e+06	0.999992	23.6648	2.35398e+06	0.999938	84.0705	1.08367e+06	1	0	1
81	rs1	1:1	2:0.54625	rs2	1:2	2:0.5405	0	1000	0	0.583669	0.54034	0.985963	2.88729e-15	5.7907	0.733401	0.999864	-25.9332	151740	3.3989e-19	5.79541	0.647174	0.33643	0.837041	0.87079	0.999974	-25.0686	775859	0.999896	-25.0686	191731	0.99998	-25.0698	982382	0.999999	-0.837041	487251	0.999977	28.2685	982382	0.999987	25.0686	1.49798e+06	0.999946	85.4756	1.25375e+06	1	0	1
82	rs1	1:1	2:0.548	rs2	1:2	2:0.55425	0	1000	0	0.99988	-22.0407	146686	1.01055e-13	7.79147	1.04731	0.122003	3.06196	1.98003	1.65143e-10	8.19759	1.28274	0.999897	-23.7399	184807	0.999977	-23.7399	829429	0.331696	1.37543	1.41694	0.999974	-23.7399	731487	0.999997	-1.37543	397029	nan	nan	nan	1	-1.37543	2.34598e+06	0.999939	84.1457	1.10808e+06	1	0	1
83	rs1	1:1	2:0.55075	rs2	1:2	2:0.54525	0	1000	0	0.999865	-21.2369	125093	5.87797e-09	8.6365	1.48389	0.999652	26.6409	61111	0.999583	31.9125	61111	1	1.53481e-08	196301	1	1.38528e-08	899930	0.999763	25.3051	85225.8	1	1.46067e-08	985087	0.999951	-25.3051	410715	nan	nan	nan	0.999991	-25.3051	2.37182e+06	0.999964	60.4058	1.33335e+06	1	0	1
84	rs1	1:1	2:0.54425	rs2	1:2	2:0.5445	0	1000	0	0.999869	-23.6438	143685	1.49152e-13	7.55502	1.02262	0.999868	-24.2843	146812	1.05844e-10	6.89387	1.06743	0.999896	-24.3681	186805	0.99998	-24.3681	981393	0.999898	-24.3681	190284	0.999975	-24.3681	775859	0.99996	24.3681	481276	0.999992	24.3681	2.33506e+06	0.999992	24.3681	2.41143e+06	0.999946	84.7739	1.25296e+06	1	0	1
85	rs1	1:1	2:0.548	rs2	1:2	2:0.54525	0	1000	0	0.999855	-23.1178	127435	3.18396e-10	9.04084	1.43744	0.99987	-23.6479	144828	7.57044e-08	8.06537	1.49995	0.999896	-23.6852	180996	0.999983	-23.6852	1.09723e+06	0.999904	-23.6852	196279	0.999974	-23.6852	731487	0.999959	23.6852	457029	0.999989	23.6852	1.72501e+06	0.999992	23.6852	2.46132e+06	0.999949	84.091	1.32053e+06	1	0	1
86	rs1	1:1	2:0.55075	rs2	1:2	2:0.551	0	1000	0	0.999999	-0.160856	138839	0.999435	54.8682	77532.7	0.999791	49.8884	190413	0.99942	54.5496	75080.9	1	-1.15369e-12	199263	1	-3.80851e-12	736519	1	-8.90815e-12	202637	1	6.28475e-12	667213	1	7.14578e-12	468307	1	7.6632e-12	1.44316e+06	nan	nan	nan	0.999951	60.4058	992504	1	0	1
87	rs1	1:1	2:0.55375	rs2	1:2	2:0.55425	0	1000	0	0.999903	-18.696	154481	2.84569e-10	9.12115	1.4462	0.999847	-23.7584	124059	5.44194e-10	9.00348	1.45082	0.999894	-23.754	179177	0.999974	-23.754	731487	0.999893	-23.754	176835	0.999973	-23.754	693950	0.999955	23.754	425241	nan	nan	nan	0.999986	23.754	1.33051e+06	0.999934	84.1598	1.01067e+06	1	0	1
88	rs1	1:1	2:0.5485	rs2	1:2	2:0.5465	0	1000	0	0.999852	-24.1344	130114	2.1776e-09	8.7304	1.45896	0.999908	-19.3161	167200	9.27515e-10	8.88419	1.45133	0.999894	-23.7061	177994	0.999976	-23.7061	775859	0.999897	-23.7061	184155	0.999977	-23.7061	829429	0.999963	23.7061	515992	0.999986	23.7061	1.38692e+06	nan	nan	nan	0.999941	84.1119	1.13786e+06	1	0	1
89	rs1	1:1	2:0.54875	rs2	1:2	2:0.553	0	1000	0	0.613176	0.617754	1.22196	3.12825e-19	8.04913	0.89793	0.224766	1.65523	1.3635	2.36698e-07	5.11617	0.989984	0.555844	0.723332	1.22801	0.999985	-24.4361	1.26697e+06	0.530925	0.769545	1.22814	0.999967	-24.4361	586495	0.999941	-25.929	351395	1	-0.723332	1.65886e+06	nan	nan	nan	0.999952	84.8419	1.39787e+06	0	0	1
90	rs1	1:1	2:0.55125	rs2	1:2	2:0.547	0	1000	0	0.999851	-24.5315	131707	9.53582e-13	7.44394	1.043	0.239542	1.99923	1.69983	2.07761e-11	8.40119	1.25382	0.999896	-23.7031	181615	0.999974	-23.7031	731487	0.247287	1.63997	1.41748	0.999976	-23.7031	775859	0.999997	-1.63997	399640	0.999987	23.7031	1.49672e+06	0.999999	-1.63997	1.71549e+06	0.999937	84.1089	1.06858e+06	1	0	1
91	rs1	1:1	2:0.5475	rs2	1:2	2:0.549	0	1000	0	0.999864	-24.2402	142196	1.81629e-10	6.85675	1.07538	0.999889	-21.7336	155579	5.42977e-14	7.67196	1.02005	0.999894	-24.4129	183510	0.999973	-24.4129	731487	0.999889	-24.4129	175698	0.99998	-24.4129	981393	0.999958	24.4129	463719	0.999992	24.4129	2.41091e+06	nan	nan	nan	0.999945	84.8187	1.22598e+06	1	0	1
92	rs1	1:1	2:0.547	rs2	1:2	2:0.5535	0	1000	0	0.999855	-22.5005	123401	0.999412	31.8961	43268.2	0.999996	0.624879	141045	0.999422	54.3858	75086.7	1	-1.35386e-09	207928	1	-4.07397e-10	780547	1	-1.2802e-09	201266	0.999743	27.5638	85419.3	1	1.43066e-09	458491	0.999986	-27.5638	1.56559e+06	1	-2.832e-08	2.33626e+06	0.999967	32.842	783630	1	0	1
93	rs1	1:1	2:0.55125	rs2	1:2	2:0.55	0	1000	0	0.999853	-24.2927	132010	8.53541e-10	8.98204	1.46415	0.999636	27.4634	60275.7	0.999569	32.5431	60275.7	1	1.49886e-05	205381	1	1.49883e-05	639211	0.999764	25.2757	85353.6	1	1.49881e-05	833809	0.999951	-25.2757	410986	1	-1.5012e-05	1.30126e+06	0.999991	-25.2757	2.28566e+06	0.999954	60.4058	1.04946e+06	1	0	1
94	rs1	1:1	2:0.54275	rs2	1:2	2:0.54775	0	1000	0	0.999861	-25.4044	146166	3.15556e-14	6.25516	0.823939	0.999858	-25.0018	140311	5.24021e-15	6.62579	0.847178	0.999898	-24.7838	193965	0.999978	-24.7838	895885	0.999891	-24.7838	181615	0.00307419	3.6273	1.22535	0.999958	24.7838	465334	0.999998	-3.6273	1.56379e+06	0.999989	24.7838	1.80095e+06	0.99995	56.7785	898580	1	0	1
95	rs1	1:1	2:0.5455	rs2	1:2	2:0.55225	0	1000	0	0.999862	-24.5058	141310	2.2547e-14	7.73701	1.01333	0.0625362	2.94896	1.58336	2.27282e-09	6.56023	1.09758	0.999896	-24.4099	187486	0.999982	-24.4099	1.09723e+06	0.527602	0.775734	1.22807	0.999973	-24.4099	731487	0.999998	-0.775734	390648	0.999989	24.4099	1.7257e+06	nan	nan	nan	0.999949	84.8157	1.32054e+06	1	0	1
96	rs1	1:1	2:0.54725	rs2	1:2	2:0.54875	0	1000	0	0.999866	-24.3886	145076	1.2917e-13	6.44444	0.870045	0.999886	-22.4939	156854	1.10269e-16	6.96695	0.840083	0.999892	-24.8199	182872	0.999971	-24.8199	693950	0.999888	-24.8199	176263	0.999976	-24.8199	829429	0.999958	24.8199	474376	0.999992	24.8199	2.3531e+06	nan	nan	nan	0.999937	85.2257	1.08367e+06	1	0	1
97	rs1	1:1	2:0.55075	rs2	1:2	2:0.5495	0	1000	0	0.999852	-24.4988	132140	9.12483e-15	8.05849	1.03968	0.0565173	3.9576	2.07527	2.72569e-12	8.82319	1.26204	0.999895	-23.7167	180996	0.999969	-23.7167	608634	0.273594	1.55169	1.41729	0.99997	-23.7167	633487	0.999997	-1.55169	459475	0.999984	23.7167	1.18203e+06	0.999999	-1.55169	2.2773e+06	0.999924	84.1225	881230	1	0	1
98	rs1	1:1	2:0.54375	rs2	1:2	2:0.55225	0	1000	0	0.112096	2.87533	1.8097	5.6765e-12	8.75031	1.27045	0.268187	2.07175	1.87108	4.46477e-09	7.7367	1.31891	0.999903	-23.6972	195500	0.999983	-23.6971	1.09723e+06	0.999895	-23.6971	180384	0.999973	-23.6971	693950	0.999849	50.1865	266005	0.999992	23.6972	2.30986e+06	0.999992	23.6971	2.4601e+06	0.999948	84.1029	1.30012e+06	0	0	1
99	rs1	1:1	2:0.55025	rs2	1:2	2:0.54975	0	1000	0	0.999849	-24.5128	129672	1.1338e-13	7.68748	1.03545	0.493049	1.10597	1.61346	1.59462e-10	8.09868	1.2662	0.999892	-23.7275	175698	0.999977	-23.7275	829429	0.29249	1.49183	1.41718	0.999973	-23.7275	693950	0.999997	-1.49183	472754	0.999986	23.7275	1.3101e+06	0.999999	-1.49183	1.51432e+06	0.999938	84.1333	1.08367e+06	1	0	1
100	rs1	1:1	2:0.54275	rs2	1:2	2:0.54525	0	1000	0	0.999871	-23.3716	145060	1.64931e-08	8.34403	1.47806	0.999866	-22.6819	134672	7.31097e-10	8.90121	1.44519	0.999904	-23.6662	196279	0.999976	-23.6662	775859	0.999898	-23.6662	184807	0.999981	-23.6662	981393	0.999961	23.6662	488606	0.999992	23.6662	2.41191e+06	0.999992	23.6662	2.3349e+06	0.999946	84.072	1.25296e+06	1	0	1
101	rs1	1:1	2:0.545	rs2	1:2	2:0.53975	0	1000	0	0.0758216	1.90692	1.07404	3.06714e-14	7.75202	1.02061	0.335097	1.08414	1.12474	2.23291e-06	5.30931	1.12221	0.0802637	2.14781	1.22791	0.999991	-23.6793	2.19446e+06	0.0518965	2.3884	1.2286	0.999976	-23.6793	775859	0.999949	-28.2155	438892	nan	nan	nan	0.999999	-2.3884	3.10344e+06	0.999971	84.0851	2.32862e+06	0	0	1
102	rs1	1:1	2:0.5555	rs2	1:2	2:0.542	0	1000	0	0.999851	-23.9565	128151	1.16118e-09	8.86858	1.45733	0.999867	-23.6254	142108	5.98108e-11	9.40711	1.43747	0.999893	-23.6882	176835	0.999969	-23.6882	608634	0.99991	-23.6882	209234	0.999976	-23.6882	775859	0.99996	23.6882	474909	0.999986	23.6882	1.35541e+06	0.999985	23.6882	1.27206e+06	0.999932	84.094	988542	1	0	1
103	rs1	1:1	2:0.5465	rs2	1:2	2:0.55475	0	1000	0	0.99987	-23.814	145628	7.34781e-19	7.40585	0.83498	0.999847	-25.7647	133954	2.18286e-09	5.61002	0.937569	0.999892	-24.8369	184155	0.999982	-24.8369	1.09723e+06	0.999886	-24.8369	173487	0.999969	-24.8369	633487	0.999955	24.8369	440640	0.999991	24.8369	2.29148e+06	0.99999	24.8369	1.90836e+06	0.999946	85.2427	1.26888e+06	1	0	1
104	rs1	1:1	2:0.54275	rs2	1:2	2:0.54975	0	1000	0	0.568273	0.750984	1.31614	2.10375e-19	7.17537	0.79658	0.99985	-26.2093	139277	9.46959e-12	5.44885	0.799615	0.611092	0.589267	1.1588	0.99998	-24.7853	981393	0.999892	-24.7853	183510	0.99997	-24.7853	661655	0.999999	-0.589267	413843	1	-0.589267	1.6869e+06	0.999988	24.7853	1.61308e+06	0.999943	85.1911	1.18565e+06	1	0	1
105	rs1	1:1	2:0.5475	rs2	1:2	2:0.5495	0	1000	0	0.491258	-0.92812	1.34841	2.68173e-13	6.03376	0.825471	0.999866	-24.4694	145627	1.08926e-17	6.41159	0.748659	0.69113	0.460295	1.15849	0.999973	-24.8153	731487	0.999889	-24.8153	177994	0.99998	-24.8153	981393	0.999999	-0.460295	411427	1	-0.460295	1.47209e+06	0.999991	24.8153	2.32e+06	0.999945	85.2211	1.22599e+06	1	0	1
106	rs1	1:1	2:0.5505	rs2	1:2	2:0.552	0	1000	0	0.000325226	6.97766	1.9413	2.94799e-10	9.11742	1.44687	0.110725	1.9991	1.2534	1.7241e-09	10.1297	1.68214	0.999767	25.2193	86473.9	1	-1.78042e-08	780664	0.999768	25.1856	86473.9	1	-1.77051e-08	699317	0.99978	-23.8396	86473.9	nan	nan	nan	0.999986	-25.1856	1.48817e+06	0.999954	60.4058	1.04682e+06	0	0	1
107	rs1	1:1	2:0.5465	rs2	1:2	2:0.549	0	1000	0	0.999851	-25.486	136358	1.59123e-14	6.58281	0.85714	0.999865	-24.3517	144417	1.59123e-14	6.58281	0.85714	0.999894	-24.8047	186132	0.999976	-24.8047	829429	0.999891	-24.8047	181615	0.999976	-24.8047	829429	0.999957	24.8047	462124	0.999986	24.8047	1.38799e+06	0.999992	24.8047	2.353e+06	0.999942	85.2105	1.17505e+06	1	0	1
108	rs1	1:1	2:0.548	rs2	1:2	2:0.54675	0	1000	0	0.999857	-23.731	132292	1.03576e-09	8.87647	1.45425	0.999868	-22.5719	136278	4.95702e-10	9.0098	1.44841	0.999896	-23.7001	181615	0.999974	-23.7001	731487	0.999898	-23.7001	184807	0.999976	-23.7001	775859	0.999963	23.7001	509671	0.999987	23.7001	1.49672e+06	0.999992	23.7001	2.32054e+06	0.999937	84.1059	1.06858e+06	1	0	1
109	rs1	1:1	2:0.5485	rs2	1:2	2:0.54975	0	1000	0	0.999892	-21.2249	157497	5.89645e-14	7.72064	1.028	0.999863	-23.7409	137970	6.04366e-12	7.25855	1.05523	0.999892	-24.4175	179777	0.999977	-24.4175	829429	0.999892	-24.4175	179777	0.999972	-24.4175	693950	0.999958	24.4175	458878	nan	nan	nan	0.999992	24.4175	2.35286e+06	0.999938	84.8233	1.08367e+06	1	0	1
110	rs1	1:1	2:0.5475	rs2	1:2	2:0.54525	0	1000	0	0.999993	-1.3047	146163	0.999423	53.6607	74178.9	0.999856	-23.2811	128920	0.999427	31.213	43485.5	1	3.37213e-10	206109	0.999732	28.257	84092	1	1.81109e-08	207387	1	1.71596e-12	1.10045e+06	1	-1.56659e-08	473654	1	-6.71008e-09	1.68867e+06	0.999986	-28.257	1.56552e+06	0.999977	32.1488	1.10264e+06	1	0	1
111	rs1	1:1	2:0.5505	rs2	1:2	2:0.54775	0	1000	0	0.469063	1.16959	1.61545	4.94075e-11	6.54545	0.995853	0.999857	-24.7932	138757	2.28401e-15	6.85659	0.8652	0.528145	0.774727	1.22809	0.999977	-24.4175	829429	0.999892	-24.4175	180996	0.999982	-24.4175	1.09723e+06	0.999998	-0.774727	399359	1	-0.774727	2.45348e+06	0.999989	24.4175	1.76877e+06	0.999951	84.8233	1.37721e+06	1	0	1
112	rs1	1:1	2:0.543	rs2	1:2	2:0.54625	0	1000	0	0.832798	0.29055	1.37627	4.99429e-14	7.42857	0.986259	0.708954	-0.610322	1.63511	5.01609e-08	5.72085	1.04956	0.250526	1.62866	1.41737	0.999988	-23.6764	1.55172e+06	0.25916	1.59924	1.41729	0.999979	-23.6764	895885	0.999945	-26.9043	387930	0.999999	-1.62866	1.55172e+06	0.999999	-1.59924	2.19446e+06	0.999963	84.0822	1.79312e+06	0	0	1
113	rs1	1:1	2:0.54925	rs2	1:2	2:0.5455	0	1000	0	0.99985	-26.6836	141537	3.73423e-12	4.88942	0.703828	0.999858	-25.7396	144420	3.85284e-20	6.3188	0.687417	0.999886	-25.5131	178583	0.999971	-25.5131	693950	0.999888	-25.5131	180996	0.999979	-25.5131	981393	0.999959	25.5131	492960	0.999987	25.5131	1.61253e+06	0.999984	25.5131	1.31082e+06	0.999943	85.9189	1.20397e+06	1	0	1
114	rs1	1:1	2:0.548	rs2	1:2	2:0.552	0	1000	0	0.999854	-24.9983	137030	3.97599e-16	6.94223	0.852929	0.999889	-21.7804	156846	8.02196e-17	7.05738	0.847131	0.999896	-24.8138	191003	0.999969	-24.8138	633487	0.999891	-24.8138	181615	0.99997	-24.8138	661655	0.999955	24.8138	442938	0.999985	24.8138	1.29545e+06	nan	nan	nan	0.999926	85.2196	918653	1	0	1
115	rs1	1:1	2:0.55225	rs2	1:2	2:0.549	0	1000	0	0.999859	-23.6883	133777	3.05281e-12	7.30001	1.04656	0.64205	0.754948	1.62412	7.89017e-10	7.7963	1.26828	0.999894	-23.7198	179177	0.999981	-23.7198	981393	0.263378	1.58527	1.41739	0.999977	-23.7198	829429	0.999997	-1.58527	369855	0.999992	23.7198	2.35281e+06	0.999999	-1.58527	1.60261e+06	0.999948	84.1256	1.28682e+06	1	0	1
116	rs1	1:1	2:0.55175	rs2	1:2	2:0.5525	0	1000	0	0.999851	-24.5253	131579	5.02886e-07	7.6983	1.53194	0.999857	-22.5713	126161	4.55969e-10	8.93724	1.43373	0.999893	-23.754	177412	0.999976	-23.754	775859	0.999889	-23.754	170839	0.999985	-23.754	1.26697e+06	0.999957	23.754	440941	0.999991	23.754	2.0111e+06	0.999992	23.754	2.33384e+06	0.999955	84.1598	1.48728e+06	1	0	1
117	rs1	1:1	2:0.55075	rs2	1:2	2:0.541	0	1000	0	0.999883	-23.8034	162237	7.7039e-13	5.16489	0.720718	0.999861	-25.5004	146687	2.4139e-23	6.64717	0.667766	0.999887	-25.3095	178583	0.999966	-25.3095	586495	0.999894	-25.3095	190284	0.999977	-25.3095	895885	0.999961	25.3095	518413	nan	nan	nan	0.999983	25.3095	1.15902e+06	0.999936	85.7153	1.07305e+06	1	0	1
118	rs1	1:1	2:0.548	rs2	1:2	2:0.5495	0	1000	0	0.999865	-23.4506	138597	5.34433e-14	7.67293	1.0199	0.999855	-24.8168	136320	1.78605e-10	6.85786	1.07512	0.999893	-24.4068	182240	0.99998	-24.4068	981393	0.999893	-24.4068	182872	0.999973	-24.4068	731487	0.999956	24.4068	447685	0.999992	24.4068	2.32033e+06	0.999989	24.4068	1.8451e+06	0.999945	84.8126	1.22598e+06	1	0	1
119	rs1	1:1	2:0.54575	rs2	1:2	2:0.55425	0	1000	0	0.999865	-24.4078	144016	3.0303e-17	7.06755	0.836853	0.999844	-25.479	129928	2.18092e-13	6.41449	0.874242	0.999896	-24.823	191003	0.999976	-24.823	829429	0.999886	-24.823	173487	0.99997	-24.823	661655	0.999957	24.823	460987	0.999988	24.823	1.69768e+06	0.999986	24.823	1.38635e+06	0.999936	85.2288	1.06328e+06	1	0	1
120	rs1	1:1	2:0.554	rs2	1:2	2:0.54475	0	1000	0	0.0172081	2.96858	1.24613	1.21441e-17	6.82799	0.798451	0.999861	-25.2783	145073	7.27087e-20	6.6751	0.731634	0.262476	1.02779	0.917209	0.999966	-24.8184	586495	0.999898	-24.8184	193965	0.999969	-24.8184	633487	0.999998	-1.02779	439279	1	-1.02779	2.28407e+06	0.999984	24.8184	1.25917e+06	0.999922	85.2242	866096	1	0	1
121	rs1	1:1	2:0.5475	rs2	1:2	2:0.5475	0	1000	0	0.249068	1.42512	1.23642	5.35969e-21	6.238	0.663484	0.308269	-1.2694	1.2459	8.59235e-16	5.78123	0.71857	0.950331	0.0698697	1.12166	0.999976	-25.1091	829429	0.926616	0.103318	1.12176	0.999968	-25.1091	633487	0.999954	-25.2823	438892	nan	nan	nan	1	-0.103318	1.28495e+06	0.999935	85.5149	1.04599e+06	0	0	1
122	rs1	1:1	2:0.54875	rs2	1:2	2:0.55275	0	1000	0	0.999864	-24.5639	144561	2.31076e-15	6.81384	0.859962	0.999846	-24.8846	128802	1.82734e-17	7.16228	0.842198	0.999896	-24.8276	189573	0.999967	-24.8276	608634	0.999886	-24.8276	174032	0.999971	-24.8276	693950	0.999959	24.8276	481957	0.999988	24.8276	1.71036e+06	0.999983	24.8276	1.16784e+06	0.999927	85.2334	925653	1	0	1
123	rs1	1:1	2:0.54475	rs2	1:2	2:0.54875	0	1000	0	0.999867	-23.4458	140435	1.93183e-13	7.60986	1.03487	0.999672	25.8438	62912.8	0.999599	31.6076	62912.8	1	-1.26924e-08	208290	1	-1.42297e-08	736377	0.999756	25.8921	84716.3	1	-1.28883e-08	736377	0.999958	-25.8921	485810	1	-2.44891e-07	2.32252e+06	0.999986	-25.8921	1.46543e+06	0.999954	60.4058	1.04026e+06	1	0	1
124	rs1	1:1	2:0.551	rs2	1:2	2:0.542	0	1000	0	0.999865	-24.3366	143370	2.19974e-15	7.1448	0.901037	0.999854	-26.5716	145014	6.56992e-09	5.54781	0.956261	0.999881	-24.8138	166362	0.999984	-24.8138	1.26697e+06	0.999896	-24.8138	191003	0.999976	-24.8138	829429	0.999962	24.8138	523006	0.999992	24.8138	2.35187e+06	0.999989	24.8138	1.80192e+06	0.999955	85.2196	1.51592e+06	1	0	1
125	rs1	1:1	2:0.54325	rs2	1:2	2:0.54925	0	1000	0	0.999864	-24.6357	145034	1.84202e-16	6.92123	0.840778	0.999864	-24.5724	143961	6.43934e-13	6.29938	0.876028	0.999895	-24.7987	188869	0.999978	-24.7987	895885	0.999889	-24.7987	177994	0.999973	-24.7987	731487	0.99996	24.7987	489225	0.999989	24.7987	1.72586e+06	0.999992	24.7987	2.37696e+06	0.999941	85.2045	1.15867e+06	1	0	1
126	rs1	1:1	2:0.55075	rs2	1:2	2:0.54675	0	1000	0	0.999854	-25.403	138701	1.91053e-11	6.03322	0.898777	0.420544	1.14829	1.42559	3.85563e-16	7.6002	0.93334	0.999891	-24.4129	178583	0.999972	-24.4129	693950	0.504284	0.820147	1.2282	0.99998	-24.4129	981393	0.999998	-0.820147	427061	0.999989	24.4129	1.84468e+06	1	-0.820147	1.69982e+06	0.999944	84.8187	1.20396e+06	1	0	1
127	rs1	1:1	2:0.54825	rs2	1:2	2:0.547	0	1000	0	0.999863	-22.6477	132043	6.12955e-10	8.91424	1.44079	0.999855	-24.6052	135796	6.96287e-08	8.07239	1.49707	0.999895	-23.7001	180384	0.999983	-23.7001	1.09723e+06	0.999899	-23.7001	187486	0.999976	-23.7001	775859	0.99996	23.7001	467096	0.999992	23.7001	2.33456e+06	0.999989	23.7001	1.6865e+06	0.99995	84.1059	1.34562e+06	1	0	1
128	rs1	1:1	2:0.5485	rs2	1:2	2:0.551	0	1000	0	0.999844	-26.4069	134658	3.39516e-14	5.87025	0.774206	0.999854	-25.3658	138740	2.88929e-17	6.3722	0.754021	0.999892	-25.1107	184807	0.999974	-25.1107	775859	0.999887	-25.1107	177994	0.999978	-25.1107	895885	0.999956	25.1107	460179	0.999984	25.1107	1.28038e+06	0.999987	25.1107	1.49628e+06	0.999943	85.5165	1.18718e+06	1	0	1
129	rs1	1:1	2:0.54025	rs2	1:2	2:0.545	0	1000	0	0.42674	0.735265	0.925115	3.08846e-18	6.73161	0.773023	0.999862	-26.3186	152397	2.99051e-10	4.538	0.720402	0.378767	0.741205	0.842116	0.999982	-25.2873	1.09723e+06	0.99989	-25.2873	184155	0.999974	-25.2873	775859	0.999999	-0.741205	435037	1	-0.741205	1.73487e+06	0.999992	25.2873	2.46038e+06	0.999949	85.6931	1.34563e+06	1	0	1
130	rs1	1:1	2:0.54625	rs2	1:2	2:0.55075	0	1000	0	0.999303	75.0235	85881.8	0.999369	54.4425	68869.4	0.999613	24.0909	49626.6	0.999263	77.4543	83797.6	1	-7.11455e-10	202335	1	-2.60305e-09	2.19612e+06	1	6.00155e-08	201184	1	-1.02835e-09	667121	0.999922	26.7064	272307	nan	nan	nan	1	-5.92718e-08	2.46172e+06	0.999979	60.4058	2.29468e+06	1	0	1
