Outcome	Var1_ID	Var1_Pos	Var1_MAF	Var2_ID	Var2_Pos	Var2_MAF	Num_Missing	Num_Cases	Converged	Red_Var1_Pval	Red_Var1_beta	Red_Var1_SE	Red_Var2_Pval	Red_Var2_beta	Red_Var2_SE	Full_Var1_Pval	Full_Var1_beta	Full_Var1_SE	Full_Var2_Pval	Full_Var2_beta	Full_Var2_SE	Full_Var1_Var2_Pval	Full_Var1_Var2_beta	Full_Var1_Var2_SE	Red_Model_Pval	Full_Model_Pval	Overall_Pval_(LRT)
1	rs1	1:1	2:0.543	rs2	1:2	2:0.55225	0	1000	1	1.57525e-17	7.53125	0.856161	1.08655e-13	6.68926	0.865737	0.993911	0.492475	4.45588	0.820292	0.802578	1.27507	0.360052	16.0022	11.1955	0	0	1.6887e-07
2	rs1	1:1	2:0.5485	rs2	1:2	2:0.552	0	1000	1	6.38358e-12	7.45748	1.03862	4.86039e-15	7.75962	0.955756	0.0434022	3.23446	1.29126	0.988671	0.7546	4.99881	0.28844	12.5571	7.96329	0	0	4.69156e-05
3	rs1	1:1	2:0.54975	rs2	1:2	2:0.541	0	1000	1	9.85757e-14	5.86705	0.758091	2.27154e-18	6.40878	0.710981	6.70274e-09	4.49011	0.731852	8.30771e-09	4.56864	0.748935	3.06247e-13	3.6357	0.478926	0	0	0.000116816
4	rs1	1:1	2:0.5445	rs2	1:2	2:0.544	0	1000	0	4.54292e-17	5.97482	0.688716	4.35235e-17	5.96786	0.687523	0.987182	-2.50165	15.5738	0.75378	1.08082	1.43751	0.999999	293.688	168761	0	0	1
5	rs1	1:1	2:0.546	rs2	1:2	2:0.55	0	1000	0	1	30.8063	35480.9	1	53.0802	57290.8	1	1.63785e-09	91597.2	1	28.257	76334.7	1	32.1434	114830	1	0	1
6	rs1	1:1	2:0.549	rs2	1:2	2:0.55475	0	1000	1	1.11917e-14	8.66675	1.08126	8.99671e-13	7.7827	1.04493	0.924041	1.36344	3.43012	0.893134	0.662247	1.39293	0.202538	15.2088	8.51039	0	0	2.28031e-06
7	rs1	1:1	2:0.544	rs2	1:2	2:0.54525	0	1000	1	3.72961e-11	7.30206	1.0537	1.02245e-12	8.07969	1.08732	0.910414	0.749293	1.72945	0.861463	1.86004	3.40592	0.299503	14.9104	9.60209	0	0	1.99076e-05
8	rs1	1:1	2:0.548	rs2	1:2	2:0.5475	0	1000	1	2.91276e-17	7.45404	0.854196	5.08263e-15	6.94657	0.856194	0.999744	0.10998	4.85658	0.84014	0.811929	1.37561	0.515451	16.9927	14.76	0	0	9.88337e-08
9	rs1	1:1	2:0.54975	rs2	1:2	2:0.54475	0	1000	1	1.0089e-15	6.65634	0.800982	4.53441e-17	6.39022	0.736581	0.845348	1.43878	2.48208	0.811335	0.703647	1.08815	0.0629457	13.5802	5.77439	0	0	9.25848e-08
10	rs1	1:1	2:0.5475	rs2	1:2	2:0.5515	0	1000	0	7.3225e-22	6.20675	0.629124	1.82849e-16	5.45432	0.640684	0.996445	0.302218	3.58079	0.689867	0.957803	1.11154	1	79.2288	103325	0	0	1
11	rs1	1:1	2:0.54825	rs2	1:2	2:0.54475	0	1000	1	2.95132e-07	8.1172	1.48022	6.16564e-08	8.40099	1.45794	0.00202268	5.01059	1.42253	0.0012563	5.24258	1.43435	1.02673e-05	5.40066	1.12678	0	0	0.0065742
12	rs1	1:1	2:0.55525	rs2	1:2	2:0.54425	0	1000	1	3.21386e-14	6.74553	0.855735	4.34419e-15	6.89311	0.847585	6.49168e-08	4.63308	0.805292	3.44551e-08	4.746	0.809571	7.10109e-13	3.98198	0.532368	0	0	6.07996e-05
13	rs1	1:1	2:0.54475	rs2	1:2	2:0.5485	0	1000	1	9.46835e-15	6.81232	0.847697	9.33244e-14	6.64131	0.857352	1.14822e-07	4.70006	0.831384	2.6164e-07	4.56593	0.829312	2.5065e-12	4.0857	0.558982	0	0	7.80941e-05
14	rs1	1:1	2:0.54675	rs2	1:2	2:0.55	0	1000	1	1.63755e-11	6.21866	0.882363	2.26271e-15	7.04954	0.858396	0.833441	1.0588	1.75402	0.996753	0.475956	5.90141	0.751597	17.2738	22.8575	0	0	8.13676e-06
15	rs1	1:1	2:0.552	rs2	1:2	2:0.5455	0	1000	1	6.96009e-09	8.80031	1.43582	2.7121e-06	7.71693	1.52413	0.000490835	5.58529	1.43077	0.00449356	4.66495	1.41883	1.22255e-05	5.39868	1.13502	0	0	0.00645481
16	rs1	1:1	2:0.55075	rs2	1:2	2:0.54325	0	1000	1	3.53025e-08	8.56838	1.46263	0.000182458	24.1548	5.82119	0.114794	-4.74787	2.28188	0.00329111	15.4778	4.57751	6.67053e-05	14.7703	3.36818	0	0	0.00910565
17	rs1	1:1	2:0.5485	rs2	1:2	2:0.5495	0	1000	0	0.000178264	12.5266	3.0148	5.69145e-06	11.196	2.27811	0.457488	5.22373	4.17696	0.993333	1.11714	9.65826	1	32.841	66029.3	0	0	1
18	rs1	1:1	2:0.55425	rs2	1:2	2:0.55375	0	1000	1	5.59226e-12	6.35946	0.883435	4.18181e-17	7.23504	0.833066	5.9433e-07	4.31167	0.805227	4.32795e-09	5.02381	0.809488	1.3523e-12	3.99086	0.539806	0	0	5.82714e-05
19	rs1	1:1	2:0.545	rs2	1:2	2:0.54625	0	1000	1	5.21189e-15	6.13659	0.756649	2.22358e-16	6.40476	0.754365	0.792571	1.05615	1.54891	0.996044	-0.669889	7.52347	0.806824	18.5367	28.2913	0	0	5.18646e-07
20	rs1	1:1	2:0.5465	rs2	1:2	2:0.54575	0	1000	1	1.8538e-20	6.38266	0.669567	1.08866e-16	6.00053	0.699855	0.985293	-3.88624	22.5758	0.956637	0.838228	2.8151	0.896407	22.642	48.414	0	0	6.54568e-08
21	rs1	1:1	2:0.55175	rs2	1:2	2:0.5455	0	1000	1	4.27075e-15	6.89392	0.847467	3.15899e-14	6.74636	0.855604	3.819e-08	4.72885	0.809074	9.69745e-08	4.60415	0.810147	1.05733e-12	4.03953	0.543946	0	0	5.6532e-05
22	rs1	1:1	2:0.54825	rs2	1:2	2:0.5485	0	1000	0	1	53.6793	69867.1	1	54.3801	66251.1	1	-9.47384e-11	637342	1	2.9609e-10	983886	1	60.4058	1.17224e+06	1	0	1
23	rs1	1:1	2:0.54575	rs2	1:2	2:0.55	0	1000	1	2.76272e-13	7.86998	1.03485	1.09068e-13	7.96488	1.0309	6.94286e-07	4.88913	0.918063	3.79324e-07	4.98002	0.915814	4.68346e-11	4.59843	0.666728	0	0	0.000138503
24	rs1	1:1	2:0.55125	rs2	1:2	2:0.5455	0	1000	1	5.53836e-14	5.94517	0.760895	9.11337e-19	6.72498	0.737813	0.762176	0.969823	1.31592	0.996382	-0.621502	7.29987	0.68377	17.8457	20.4668	0	0	1.41965e-07
25	rs1	1:1	2:0.54175	rs2	1:2	2:0.552	0	1000	0	0.210015	35056.3	19843.1	0.210592	-35025.5	19843.1	0.878792	1.66346	3.27231	0.879469	0.814883	1.60781	0.227851	14.7682	8.58657	1	0	1
26	rs1	1:1	2:0.54525	rs2	1:2	2:0.554	0	1000	1	2.56465e-18	6.17656	0.686245	2.41878e-15	5.717	0.696828	0.988233	-2.4735	16.0763	0.69543	1.09749	1.28765	0.937771	21.5473	60.1095	0	0	7.32195e-08
27	rs1	1:1	2:0.54425	rs2	1:2	2:0.5485	0	1000	1	4.93863e-11	5.77779	0.83866	1.86721e-14	6.50037	0.817521	0.997492	-0.528833	7.46274	0.780508	1.306	1.8551	0.77468	17.8256	24.9459	0	0	9.78889e-06
28	rs1	1:1	2:0.54625	rs2	1:2	2:0.5465	0	1000	1	8.67329e-09	8.87184	1.45604	1.27432e-09	9.22812	1.44186	0.000408929	5.05613	1.27997	0.000157409	5.38275	1.28623	7.81814e-07	5.53229	1.04321	0	0	0.00270722
29	rs1	1:1	2:0.53925	rs2	1:2	2:0.55425	0	1000	1	4.15512e-16	7.14298	0.848708	2.70162e-09	5.77332	0.919081	2.58099e-07	5.07928	0.922138	2.69872e-05	4.11987	0.898169	6.35841e-11	4.10745	0.599405	0	0	0.000297499
30	rs1	1:1	2:0.54825	rs2	1:2	2:0.545	0	1000	1	2.05916e-16	6.19461	0.728837	2.60701e-16	6.00991	0.709427	0.948103	1.03423	3.1679	0.981894	-3.68936	19.2996	0.880716	22.0677	43.783	0	0	5.26427e-07
31	rs1	1:1	2:0.551	rs2	1:2	2:0.55225	0	1000	1	1.48831e-13	7.84685	1.02095	3.6701e-10	7.05167	1.06977	5.82813e-07	5.21753	0.973739	1.61904e-05	4.54607	0.967859	9.85105e-10	4.47074	0.694189	0	0	0.000371074
32	rs1	1:1	2:0.54775	rs2	1:2	2:0.54725	0	1000	1	6.83417e-12	8.02137	1.11864	2.47025e-12	7.56975	1.03537	0.888791	1.62968	3.35617	0.907507	0.704532	1.59911	0.204327	14.8316	8.32232	0	0	1.03689e-05
33	rs1	1:1	2:0.545	rs2	1:2	2:0.54875	0	1000	1	1.77732e-13	7.78803	1.01636	1.89084e-09	6.84006	1.07918	1.22651e-06	5.25082	1.00638	4.21628e-05	4.47582	0.997143	2.15778e-09	4.5001	0.712344	0	0	0.000523068
34	rs1	1:1	2:0.548	rs2	1:2	2:0.5465	0	1000	0	9.05454e-11	6.205	0.912399	6.2122e-14	6.85858	0.879454	0.997263	0.407768	5.50787	0.842314	1.38385	2.36217	1	95.9034	113168	0	0	1
35	rs1	1:1	2:0.54625	rs2	1:2	2:0.5535	0	1000	0	1	-137607	inf	1	128991	inf	0.998913	0.228634	4.90229	0.807562	1.16584	1.78314	0.624049	16.7933	17.2929	1	0	1
36	rs1	1:1	2:0.55	rs2	1:2	2:0.549	0	1000	1	4.01653e-15	8.17833	1.00443	7.68282e-08	6.44892	1.12666	2.68657e-07	5.54506	1.00803	0.000157052	4.14431	0.990173	1.74475e-09	4.51281	0.710584	0	0	0.000473112
37	rs1	1:1	2:0.5475	rs2	1:2	2:0.54825	0	1000	1	3.27126e-10	7.06768	1.06937	1.17815e-13	8.31079	1.07706	0.908655	0.702848	1.60578	0.8764	1.86753	3.6356	0.299237	14.9204	9.605	0	0	1.64816e-05
38	rs1	1:1	2:0.54925	rs2	1:2	2:0.5505	0	1000	0	1	53.827	69079.9	1	54.2368	66994	1	-5.32303e-11	697467	1	-9.35074e-12	898612	1	60.4058	1.13749e+06	1	0	1
39	rs1	1:1	2:0.545	rs2	1:2	2:0.549	0	1000	1	2.94802e-13	7.81108	1.02826	1.51759e-11	7.41028	1.04984	8.51405e-07	5.04056	0.953381	5.53392e-06	4.68884	0.95296	2.77946e-10	4.57912	0.690272	0	0	0.00024462
40	rs1	1:1	2:0.55025	rs2	1:2	2:0.55125	0	1000	1	1.21029e-11	7.34995	1.03659	9.85015e-11	7.13542	1.05113	8.54508e-06	4.89582	1.01338	1.95359e-05	4.7189	1.01332	4.00568e-09	4.54718	0.731221	0	0	0.000565549
41	rs1	1:1	2:0.552	rs2	1:2	2:0.55375	0	1000	1	1.87888e-08	8.72202	1.46222	2.11776e-09	9.12686	1.44406	0.000496825	5.0244	1.28811	0.000170824	5.39311	1.29477	1.36701e-06	5.45289	1.0493	0	0	0.00307461
42	rs1	1:1	2:0.555	rs2	1:2	2:0.55275	0	1000	1	1.24721e-09	9.22956	1.44133	1.94758e-08	8.7194	1.46326	0.000125912	5.45471	1.28712	0.00051688	4.98507	1.28137	1.24396e-06	5.45854	1.04673	0	0	0.00293168
43	rs1	1:1	2:0.54625	rs2	1:2	2:0.548	0	1000	1	1.50994e-11	7.41055	1.04977	2.93287e-13	7.81133	1.02821	5.09353e-06	4.69995	0.951964	8.00271e-07	5.05035	0.953123	2.76263e-10	4.56107	0.687455	0	0	0.00025
44	rs1	1:1	2:0.55075	rs2	1:2	2:0.55125	0	1000	1	4.19137e-18	5.97956	0.668422	3.10647e-19	6.11573	0.662444	1.44043e-10	4.35396	0.646742	5.44671e-11	4.4569	0.648268	1.20437e-17	3.41271	0.386622	0	0	4.51163e-06
45	rs1	1:1	2:0.54575	rs2	1:2	2:0.551	0	1000	1	2.79735e-15	7.04115	0.860084	2.47553e-14	6.85924	0.866528	0.986455	-1.87099	11.3291	0.979614	-2.73658	13.4833	0.950164	55.8544	174.68	0	0	1.63195e-06
46	rs1	1:1	2:0.5495	rs2	1:2	2:0.5515	0	1000	0	1.74929e-23	6.83472	0.667635	6.14508e-19	5.79128	0.632382	0.448033	1.99576	1.57495	0.999984	-191.605	34223.6	0.999984	934.399	165694	0	1	1
47	rs1	1:1	2:0.55275	rs2	1:2	2:0.54625	0	1000	1	1.76507e-23	6.39046	0.624291	9.36273e-16	5.32254	0.639789	0.999844	0.0717944	4.06668	0.711892	0.801581	0.972304	0.362947	15.7157	11.0384	0	0	2.2536e-09
48	rs1	1:1	2:0.5475	rs2	1:2	2:0.54975	0	1000	1	6.68261e-09	8.89057	1.44898	4.12101e-08	8.55513	1.46699	0.000268592	5.36171	1.32218	0.000704786	5.04974	1.32543	2.22024e-06	5.38777	1.0559	0	0	0.00391673
49	rs1	1:1	2:0.55225	rs2	1:2	2:0.54825	0	1000	1	9.32672e-09	5.66038	0.930803	2.61541e-17	7.32867	0.838645	2.2926e-05	4.05499	0.87725	2.20437e-08	5.28055	0.889272	2.11052e-11	3.94149	0.562136	0	0	0.00026216
50	rs1	1:1	2:0.54975	rs2	1:2	2:0.551	0	1000	0	1	54.6104	67698.8	1	54.417	68684.9	1	-5.77351e-10	665377	1	5.4083e-10	590690	1	60.4058	889674	1	0	1
51	rs1	1:1	2:0.547	rs2	1:2	2:0.551	0	1000	0	2.42342e-16	7.03992	0.830168	2.2361e-12	6.3991	0.873622	0.619361	2.42683	2.47929	0.0159714	3.51574	1.22225	1	34.4074	90021.6	0	0	1
52	rs1	1:1	2:0.548	rs2	1:2	2:0.55025	0	1000	1	7.74514e-15	6.13122	0.760581	7.74581e-15	6.13121	0.760582	7.26359e-08	4.50615	0.785902	5.96953e-08	4.51389	0.782596	1.63713e-13	3.65544	0.476377	0	0	8.98885e-05
53	rs1	1:1	2:0.54675	rs2	1:2	2:0.54775	0	1000	1	3.27156e-13	6.52815	0.860932	2.33085e-14	6.73065	0.849467	5.8612e-07	4.56	0.851193	2.1021e-07	4.71994	0.851161	5.99785e-12	4.04119	0.562148	0	0	0.000127975
54	rs1	1:1	2:0.5465	rs2	1:2	2:0.55175	0	1000	1	8.18345e-16	6.27432	0.752733	3.63739e-18	6.60215	0.736714	0.931331	-10.065	26.6834	0.926091	-16.8197	42.9211	0.923879	393.518	988.916	0	0	1.49952e-07
55	rs1	1:1	2:0.547	rs2	1:2	2:0.5495	0	1000	0	4.86132e-16	7.10744	0.846363	2.96698e-14	6.84691	0.867481	0.963625	-66.7335	245.14	0.997646	-0.445296	6.48618	0.96032	935.45	3287.29	0	1	1
56	rs1	1:1	2:0.545	rs2	1:2	2:0.5535	0	1000	0	1	54.3679	67687.9	1	54.2069	68505.4	1	-1.89449e-09	734838	1	-1.32351e-09	665358	1	60.4058	991258	1	0	1
57	rs1	1:1	2:0.5475	rs2	1:2	2:0.553	0	1000	1	6.74854e-26	6.78594	0.630288	8.35875e-14	5.05307	0.651125	0.991912	0.488654	3.83438	0.99176	-6.62264	51.4817	0.996595	58.5253	708.552	0	0	1.72736e-09
58	rs1	1:1	2:0.5495	rs2	1:2	2:0.555	0	1000	1	7.44638e-09	8.88273	1.45188	1.71037e-08	8.72892	1.45953	0.00031702	5.25666	1.30954	0.000467484	5.11794	1.30688	1.86059e-06	5.43046	1.05712	0	0	0.0034589
59	rs1	1:1	2:0.5495	rs2	1:2	2:0.5505	0	1000	1	8.16532e-14	7.88134	1.01517	2.80337e-09	6.81395	1.08576	6.56458e-07	5.29984	0.993225	4.69095e-05	4.4119	0.988148	1.4063e-09	4.48855	0.703014	0	0	0.000457859
60	rs1	1:1	2:0.5505	rs2	1:2	2:0.55	0	1000	1	3.54899e-15	6.13086	0.751564	1.85388e-16	6.32062	0.742584	1.90532e-08	4.44184	0.744956	7.89795e-09	4.57726	0.749332	2.62036e-14	3.66172	0.463006	0	0	3.75204e-05
61	rs1	1:1	2:0.5515	rs2	1:2	2:0.54525	0	1000	1	4.41368e-08	8.54986	1.46906	3.48887e-09	9.01869	1.44512	0.000814673	4.95415	1.31352	0.000262393	5.37383	1.32329	1.93801e-06	5.48466	1.06932	0	0	0.00347322
62	rs1	1:1	2:0.5515	rs2	1:2	2:0.5525	0	1000	1	4.61391e-16	7.13276	0.84875	2.44356e-07	4.86786	0.882165	3.55828e-08	5.24494	0.895521	5.67387e-05	3.80355	0.860141	1.30161e-11	3.63171	0.512936	0	0	0.000497793
63	rs1	1:1	2:0.55375	rs2	1:2	2:0.551	0	1000	1	0.00886161	21.2356	6.9072	0.00887098	21.8866	7.11973	0.40484	-11.2109	8.33641	0.448842	-10.28	8.12154	0.00307817	38.7497	11.3936	0	0	0.0547854
64	rs1	1:1	2:0.555	rs2	1:2	2:0.546	0	1000	0	8.54211e-12	5.25426	0.735946	5.53879e-20	6.77409	0.719347	0.717048	1.02458	1.25621	0.898969	1.37811	2.98592	1	60.6406	94955.9	0	0	1
65	rs1	1:1	2:0.55575	rs2	1:2	2:0.548	0	1000	1	7.09184e-13	6.47785	0.866031	5.05997e-15	6.85218	0.844502	3.6519e-07	4.53952	0.833737	4.94104e-08	4.83836	0.834124	3.5246e-12	3.92264	0.540129	0	0	0.000118831
66	rs1	1:1	2:0.54525	rs2	1:2	2:0.5495	0	1000	1	4.09868e-06	26.4541	5.31108	4.09859e-06	7.67815	1.54151	0.000527516	17.5543	4.51825	0.0561983	-5.44296	2.26835	7.0759e-05	14.766	3.37757	0	0	0.00995191
67	rs1	1:1	2:0.547	rs2	1:2	2:0.54975	0	1000	1	4.10881e-12	6.33458	0.87479	2.47806e-16	7.16844	0.845586	0.842996	0.969076	1.65809	0.997423	0.403797	5.62041	0.759576	17.5267	23.6332	0	0	2.46485e-06
68	rs1	1:1	2:0.5495	rs2	1:2	2:0.548	0	1000	1	1.31096e-19	6.94597	0.744872	4.77716e-16	6.40517	0.762547	0.890503	1.25824	2.61264	0.989949	-1.07418	7.55708	0.586795	17.7078	17.1496	0	0	1.91587e-07
69	rs1	1:1	2:0.54625	rs2	1:2	2:0.546	0	1000	1	2.56663e-10	5.49894	0.827432	2.24168e-15	6.59008	0.802338	7.70312e-06	4.13989	0.853128	1.76828e-07	4.85373	0.870407	7.61501e-12	3.7519	0.524334	0	0	0.000310636
70	rs1	1:1	2:0.55775	rs2	1:2	2:0.55275	0	1000	1	4.39754e-14	6.73788	0.859111	2.54085e-16	7.22812	0.852923	0.807271	0.935679	1.42991	0.999999	-0.00695819	5.51463	0.605746	17.2323	17.21	0	0	2.99494e-07
71	rs1	1:1	2:0.54525	rs2	1:2	2:0.54475	0	1000	1	1.63713e-14	6.9667	0.874353	1.02178e-11	6.25911	0.879789	0.990149	0.738988	5.25191	0.836928	1.01857	1.70704	0.570078	16.1848	15.2662	0	0	1.02704e-05
72	rs1	1:1	2:0.542	rs2	1:2	2:0.54475	0	1000	0	1	53.65	69211.1	1	54.1215	66809.2	1	1.54781e-10	734818	1	4.62846e-09	983878	1	60.4058	1.22797e+06	1	0	1
73	rs1	1:1	2:0.55	rs2	1:2	2:0.54375	0	1000	1	1.86173e-11	6.21125	0.883598	2.54827e-15	7.05978	0.861162	0.821404	1.06608	1.69953	0.987521	0.799447	5.04453	0.679643	16.5459	18.8267	0	0	8.29006e-06
74	rs1	1:1	2:0.54325	rs2	1:2	2:0.5525	0	1000	1	1.60847e-13	6.58067	0.857337	1.60854e-13	6.58067	0.857337	6.27115e-07	4.62689	0.86572	5.03422e-07	4.63669	0.860958	9.11393e-12	4.03695	0.566162	0	0	0.000160219
75	rs1	1:1	2:0.55375	rs2	1:2	2:0.551	0	1000	1	9.12674e-10	9.2509	1.43379	6.18984e-07	8.05159	1.50582	9.07317e-05	5.75339	1.33349	0.00209641	4.66932	1.32948	3.19099e-06	5.33628	1.06069	0	0	0.00423652
76	rs1	1:1	2:0.547	rs2	1:2	2:0.5565	0	1000	1	1.98476e-08	8.71802	1.46381	7.6177e-10	9.32345	1.4388	0.000562715	4.9582	1.28168	8.63541e-05	5.53067	1.27848	9.23153e-07	5.45096	1.034	0	0	0.00286282
77	rs1	1:1	2:0.54825	rs2	1:2	2:0.55275	0	1000	1	2.34421e-10	9.55677	1.43508	4.73527e-09	8.99746	1.45316	5.25252e-05	5.58255	1.2575	0.000281617	5.05905	1.25115	4.2928e-07	5.49778	1.01529	0	0	0.0023304
78	rs1	1:1	2:0.55475	rs2	1:2	2:0.545	0	1000	1	8.19215e-09	8.87589	1.45447	3.99253e-09	9.00922	1.44863	0.000353986	5.15234	1.29243	0.000235048	5.27849	1.29123	1.17314e-06	5.46509	1.04574	0	0	0.00304494
79	rs1	1:1	2:0.5465	rs2	1:2	2:0.54825	0	1000	1	1.50813e-07	6.2616	1.11717	8.93178e-13	7.62214	1.02324	0.000457577	4.30912	1.09881	1.54204e-05	5.28785	1.12331	3.51538e-08	4.55852	0.778047	0	0	0.00155543
80	rs1	1:1	2:0.54425	rs2	1:2	2:0.54425	0	1000	1	2.04727e-09	9.12917	1.4432	1.81888e-08	8.72439	1.46129	0.000204709	5.38022	1.30536	0.000577096	5.01257	1.29792	1.20779e-06	5.52206	1.05777	0	0	0.00305237
81	rs1	1:1	2:0.54625	rs2	1:2	2:0.5405	0	1000	1	2.72428e-17	5.85673	0.670564	3.13792e-18	5.78333	0.644161	0.966907	0.750397	2.89243	0.762564	1.18034	1.60307	0.436386	20.4258	15.8609	0	0	1.39039e-07
82	rs1	1:1	2:0.548	rs2	1:2	2:0.55425	0	1000	0	1	236488	inf	1	-263173	inf	0.890713	0.971738	2.01979	0.945806	1.27717	3.82593	0.521492	16.0374	14.0542	1	0	1
83	rs1	1:1	2:0.55075	rs2	1:2	2:0.54525	0	1000	1	4.39734e-08	8.63631	1.48375	0.042227	17.9231	7.12413	0.316305	-3.91679	2.58147	0.0264715	13.4206	4.97971	0.000310117	14.1104	3.5104	0	0	0.0196376
84	rs1	1:1	2:0.54425	rs2	1:2	2:0.5445	0	1000	1	1.40546e-12	7.55502	1.02262	8.76359e-10	6.89387	1.06743	5.62815e-06	5.07701	1.03257	5.18375e-05	4.55012	1.02425	3.89302e-09	4.58611	0.736938	0	0	0.000628824
85	rs1	1:1	2:0.548	rs2	1:2	2:0.54525	0	1000	1	2.57042e-09	9.04084	1.43744	5.26777e-07	8.06537	1.49995	0.000250942	5.58063	1.37051	0.00226311	4.72463	1.35365	4.70013e-06	5.44377	1.099	0	0	0.00454577
86	rs1	1:1	2:0.55075	rs2	1:2	2:0.551	0	1000	0	1	54.5876	67253.8	1	54.2333	69063.6	1	-6.94556e-12	734849	1	2.48425e-10	590682	1	60.4058	942759	1	0	1
87	rs1	1:1	2:0.55375	rs2	1:2	2:0.55425	0	1000	1	2.30341e-09	9.12115	1.4462	4.33746e-09	9.00348	1.45082	0.000144391	5.33646	1.26893	0.000232346	5.21694	1.27529	9.91807e-07	5.42291	1.03135	0	0	0.00282522
88	rs1	1:1	2:0.5485	rs2	1:2	2:0.5465	0	1000	1	1.67651e-08	8.7304	1.45896	7.29684e-09	8.88419	1.45133	0.000588863	5.08919	1.31955	0.000342733	5.24105	1.31202	1.62763e-06	5.4934	1.06399	0	0	0.00339274
89	rs1	1:1	2:0.54875	rs2	1:2	2:0.553	0	1000	1	4.50033e-20	7.81429	0.827871	5.24758e-07	4.72431	0.878484	0.998413	-0.698661	12.3947	0.979563	-1.95843	9.63708	0.947444	23.54	71.6384	0	0	3.49655e-06
90	rs1	1:1	2:0.55125	rs2	1:2	2:0.547	0	1000	1	1.24668e-11	7.44772	1.051	6.43709e-13	8.15066	1.08779	0.895175	0.774145	1.64499	0.878623	1.71515	3.37148	0.279285	14.9496	9.35989	0	0	1.20779e-05
91	rs1	1:1	2:0.5475	rs2	1:2	2:0.549	0	1000	1	1.48554e-09	6.85675	1.07538	5.20582e-13	7.67196	1.02005	5.25746e-05	4.47925	1.00902	2.76553e-06	5.14072	1.01609	2.99577e-09	4.56704	0.72896	0	0	0.000535391
92	rs1	1:1	2:0.547	rs2	1:2	2:0.5535	0	1000	0	1	31.453	34667.6	1	53.4414	56829.9	1	-3.66138e-09	88792.9	1	27.5638	76418.6	1	32.83	112471	1	0	1
93	rs1	1:1	2:0.55125	rs2	1:2	2:0.55	0	1000	1	6.70732e-09	8.98181	1.46399	0.0711717	18.3341	7.9749	0.293377	-4.09109	2.61232	0.0311648	13.8787	5.26945	0.000198545	14.4695	3.50432	0	0	0.0187592
94	rs1	1:1	2:0.54275	rs2	1:2	2:0.54775	0	1000	1	3.05268e-13	6.25516	0.823938	5.21778e-14	6.62579	0.847178	4.37797e-06	4.32624	0.870878	1.93862e-08	5.04195	0.846014	3.26912e-10	3.9526	0.598038	0	0	0.000593977
95	rs1	1:1	2:0.5455	rs2	1:2	2:0.55225	0	1000	0	2.14987e-16	7.23247	0.851457	7.46624e-10	5.94578	0.917116	0.85264	1.35178	2.39399	0.999999	-0.00709915	5.52426	1	101.665	114303	0	0	1
96	rs1	1:1	2:0.54725	rs2	1:2	2:0.54875	0	1000	1	1.22022e-12	6.44444	0.870044	1.16234e-15	6.96695	0.840083	7.16346e-07	4.4205	0.830982	4.96622e-08	4.8356	0.833773	2.34213e-12	4.07098	0.556261	0	0	8.26718e-05
97	rs1	1:1	2:0.55075	rs2	1:2	2:0.5495	0	1000	1	2.97189e-13	7.93238	1.04438	1.16312e-13	8.30049	1.07549	0.891107	0.809837	1.68649	0.924557	1.31678	3.32452	0.373466	15.744	11.2176	0	0	4.30862e-06
98	rs1	1:1	2:0.54375	rs2	1:2	2:0.55225	0	1000	1	8.56417e-14	8.21645	1.05918	1.28766e-09	7.21883	1.1282	0.996452	0.526288	6.24204	0.999906	0.0795781	5.81801	0.889708	24.2084	50.0744	0	0	7.10445e-05
99	rs1	1:1	2:0.55025	rs2	1:2	2:0.54975	0	1000	1	1.01635e-12	7.68657	1.0343	2.96381e-12	8.11137	1.11325	0.892188	0.737057	1.54306	0.913869	1.45772	3.43457	0.194766	14.9398	8.25934	0	0	7.00141e-06
100	rs1	1:1	2:0.54275	rs2	1:2	2:0.54525	0	1000	1	1.20155e-07	8.34403	1.47806	5.78544e-09	8.90121	1.44519	0.00142824	4.88759	1.35025	0.000389614	5.38283	1.35847	3.53143e-06	5.50845	1.09933	0	0	0.00412825
101	rs1	1:1	2:0.545	rs2	1:2	2:0.53975	0	1000	1	8.44825e-13	7.7053	1.03337	4.81097e-06	4.71145	0.952066	0.950508	1.16596	3.65945	0.869984	1.39912	2.65091	0.404083	14.0317	10.4232	0	0	0.00016653
102	rs1	1:1	2:0.5555	rs2	1:2	2:0.542	0	1000	1	9.08406e-09	8.86858	1.45733	5.01538e-10	9.40711	1.43747	0.00033091	5.06355	1.26481	6.91831e-05	5.56375	1.27115	6.22412e-07	5.42875	1.01549	0	0	0.00271167
103	rs1	1:1	2:0.5465	rs2	1:2	2:0.55475	0	1000	1	8.26962e-18	7.40585	0.83498	1.67967e-08	5.61002	0.937557	1.65266e-08	5.30223	0.885717	2.68543e-05	3.98668	0.868927	1.92941e-11	3.98514	0.567327	0	0	0.000215818
104	rs1	1:1	2:0.54275	rs2	1:2	2:0.54975	0	1000	1	1.66933e-20	7.10087	0.744052	8.67669e-11	5.43929	0.79907	0.999899	-0.0958874	6.7521	0.781201	0.893855	1.27195	0.695162	17.444	20.4556	0	0	3.82073e-07
105	rs1	1:1	2:0.5475	rs2	1:2	2:0.5495	0	1000	1	1.67066e-16	6.40763	0.751728	1.72166e-16	6.30148	0.739581	0.991425	-1.04629	7.97222	0.766913	0.987508	1.35547	0.597501	17.8346	17.5729	0	0	8.58532e-08
106	rs1	1:1	2:0.5505	rs2	1:2	2:0.552	0	1000	1	8.86433e-15	7.29977	0.907427	7.22117e-15	7.78911	0.965203	0.967086	0.698103	2.69831	0.625173	2.26699	2.3389	0.268179	13.9652	8.60768	0	0	1.04521e-05
107	rs1	1:1	2:0.5465	rs2	1:2	2:0.549	0	1000	1	1.55665e-13	6.58281	0.857139	1.55676e-13	6.58281	0.85714	5.8267e-07	4.63809	0.865591	4.50487e-07	4.64952	0.860051	9.16157e-12	4.01819	0.563587	0	0	0.000165551
108	rs1	1:1	2:0.548	rs2	1:2	2:0.54675	0	1000	1	8.12605e-09	8.87647	1.45425	3.95986e-09	9.0098	1.44841	0.000387056	5.13939	1.29649	0.000251893	5.26738	1.29388	1.07738e-06	5.49578	1.04835	0	0	0.00301156
109	rs1	1:1	2:0.5485	rs2	1:2	2:0.54975	0	1000	1	5.64542e-13	7.72064	1.028	5.31617e-11	7.25855	1.05523	1.34614e-06	5.04416	0.970092	9.66829e-06	4.64954	0.967535	7.44863e-10	4.55772	0.702973	0	0	0.000315577
110	rs1	1:1	2:0.5475	rs2	1:2	2:0.54525	0	1000	0	1	53.2496	57359.1	1	30.838	36049.1	1	28.257	76055.2	1	-2.1605e-08	91615.2	1	32.1392	114756	1	0	1
111	rs1	1:1	2:0.5505	rs2	1:2	2:0.54775	0	1000	1	9.49139e-12	6.37698	0.895053	1.48566e-14	6.82147	0.854819	0.998911	0.257434	5.51493	0.832948	1.19009	1.96831	0.698232	17.0649	20.1334	0	0	1.05108e-05
112	rs1	1:1	2:0.543	rs2	1:2	2:0.54625	0	1000	1	2.34918e-16	7.39695	0.871893	8.68738e-10	6.06153	0.938358	0.998196	0.318481	5.29983	0.999061	-0.22056	5.08787	0.556837	17.8263	16.4737	0	0	1.18964e-05
113	rs1	1:1	2:0.54925	rs2	1:2	2:0.5455	0	1000	1	3.3108e-11	4.88943	0.703807	4.48814e-19	6.31879	0.687413	3.39877e-07	3.82856	0.701464	3.05844e-10	4.76615	0.720032	2.81197e-16	3.24523	0.383481	0	0	5.36126e-05
114	rs1	1:1	2:0.548	rs2	1:2	2:0.552	0	1000	1	4.11538e-15	6.94223	0.852928	8.49337e-16	7.05738	0.847131	2.00297e-08	4.66738	0.783885	7.15718e-09	4.77574	0.779767	1.83205e-13	4.00029	0.522317	0	0	3.28636e-05
115	rs1	1:1	2:0.55225	rs2	1:2	2:0.549	0	1000	1	2.58842e-11	7.28954	1.04398	9.58215e-12	7.90403	1.10959	0.89139	0.789764	1.64697	0.887401	1.73302	3.54552	0.259805	14.7724	8.99748	0	0	2.05011e-05
116	rs1	1:1	2:0.55175	rs2	1:2	2:0.5525	0	1000	1	3.28421e-06	7.6983	1.53194	3.64976e-09	8.93724	1.43373	0.00443205	4.59357	1.39534	0.000320895	5.6546	1.40974	9.41017e-06	5.37922	1.11807	0	0	0.00587285
117	rs1	1:1	2:0.55075	rs2	1:2	2:0.541	0	1000	1	7.04911e-12	5.1649	0.720717	3.04125e-22	6.64717	0.667765	1.42403e-07	3.8582	0.687113	3.50165e-11	4.90131	0.706337	2.05762e-16	3.47068	0.408345	0	0	1.76244e-05
118	rs1	1:1	2:0.548	rs2	1:2	2:0.5495	0	1000	1	5.12524e-13	7.67293	1.0199	1.46135e-09	6.85786	1.07512	2.20093e-06	5.17007	1.0129	4.44065e-05	4.50672	1.00662	2.89828e-09	4.51271	0.719682	0	0	0.000565586
119	rs1	1:1	2:0.54575	rs2	1:2	2:0.55425	0	1000	1	3.25126e-16	7.06755	0.836853	2.04139e-12	6.41449	0.874241	1.44579e-08	4.93929	0.822028	5.17362e-07	4.41201	0.82001	1.29637e-12	3.97687	0.537499	0	0	8.03189e-05
120	rs1	1:1	2:0.554	rs2	1:2	2:0.54475	0	1000	1	1.01787e-19	6.31891	0.675664	1.01941e-20	6.32038	0.658713	0.990682	0.400336	2.92573	0.771181	0.825976	1.14579	0.399662	15.7746	11.6473	0	0	1.28164e-09
121	rs1	1:1	2:0.5475	rs2	1:2	2:0.5475	0	1000	1	1.95709e-21	5.92755	0.606987	2.06911e-21	5.91095	0.605641	0.990083	-4.08554	28.9373	0.990847	-4.44556	32.7826	0.994865	32.0383	315.731	0	0	5.28296e-10
122	rs1	1:1	2:0.54875	rs2	1:2	2:0.55275	0	1000	1	2.33016e-14	6.81384	0.859962	1.97389e-16	7.16228	0.842198	3.6479e-08	4.57047	0.780928	4.58786e-09	4.86071	0.784397	1.28286e-13	3.99091	0.517955	0	0	3.35705e-05
123	rs1	1:1	2:0.54475	rs2	1:2	2:0.54875	0	1000	1	1.81221e-12	7.60986	1.03487	3.04753e-05	22.0792	4.8415	0.0304063	-4.55053	1.72163	0.000153684	15.6023	3.72315	1.45039e-07	13.5233	2.4098	0	0	0.00112745
124	rs1	1:1	2:0.551	rs2	1:2	2:0.542	0	1000	1	2.21927e-14	7.14479	0.901032	4.90125e-08	5.54785	0.956207	1.44147e-06	5.14375	0.99176	0.000154053	4.07986	0.973705	3.80374e-10	4.09008	0.620995	0	0	0.000835791
125	rs1	1:1	2:0.54325	rs2	1:2	2:0.54925	0	1000	1	1.92769e-15	6.92123	0.840777	5.91143e-12	6.29938	0.876027	1.25963e-07	4.86104	0.862362	1.79159e-06	4.39194	0.853733	6.14751e-12	4.06724	0.566042	0	0	0.00013552
126	rs1	1:1	2:0.55075	rs2	1:2	2:0.54675	0	1000	1	1.97957e-10	6.01398	0.899656	1.12081e-17	7.46164	0.844541	0.824868	0.903973	1.45676	0.989987	0.7413	5.22533	0.577457	16.3593	15.6104	0	0	2.54994e-06
127	rs1	1:1	2:0.54825	rs2	1:2	2:0.547	0	1000	1	4.87145e-09	8.91424	1.44079	4.85772e-07	8.07239	1.49707	0.000309122	5.52146	1.37336	0.00228053	4.77483	1.3689	4.98355e-06	5.41558	1.09593	0	0	0.00488075
128	rs1	1:1	2:0.5485	rs2	1:2	2:0.551	0	1000	1	3.27951e-13	5.87026	0.774201	3.10193e-16	6.3722	0.754021	2.53852e-07	4.33312	0.786242	1.70001e-08	4.70318	0.786269	1.22662e-13	3.62447	0.470042	0	0	9.94649e-05
129	rs1	1:1	2:0.54025	rs2	1:2	2:0.545	0	1000	1	4.64015e-18	6.67695	0.74733	2.37781e-09	4.52758	0.718445	0.986359	0.660654	3.98608	0.672607	0.914776	1.02713	0.457531	15.0551	12.039	0	0	3.1324e-07
130	rs1	1:1	2:0.54625	rs2	1:2	2:0.55075	0	1000	0	7.10228e-05	12.2285	2.79768	4.07955e-05	35.0225	7.78974	1	-74.8024	146052	0.91273	5.04658	11.8089	1	110.661	202798	0	0	1
