Outcome	Var1_ID	Var1_Pos	Var1_MAF	Var2_ID	Var2_Pos	Var2_MAF	Num_Missing	Num_Cases	Converged	Red_Var1_Pval	Red_Var1_beta	Red_Var1_SE	Red_Var2_Pval	Red_Var2_beta	Red_Var2_SE	Full_Var1_Pval	Full_Var1_beta	Full_Var1_SE	Full_Var2_Pval	Full_Var2_beta	Full_Var2_SE	Full_Var1_Var2_Pval	Full_Var1_Var2_beta	Full_Var1_Var2_SE	Red_Model_Pval	Full_Model_Pval	Overall_Pval_(LRT)
1	rs1	1:1	2:0.464	rs2	1:2	2:0.24975	0	1000	1	7.80499e-75	2.40488	0.131391	2.10539e-08	1.20671	0.215364	0.558821	-0.216387	0.370149	0.0339363	-0.918925	0.433286	2.41461e-18	4.19518	0.480216	0	0	1.31256e-30
2	rs1	1:1	2:0.46425	rs2	1:2	2:0.24725	0	1000	1	1.1412e-73	2.31443	0.127472	1.87617e-20	1.77104	0.191068	0.0326134	0.564045	0.263966	0.00248701	0.726345	0.240121	3.23424e-14	2.93528	0.386802	0	0	4.24646e-20
3	rs1	1:1	2:0.46425	rs2	1:2	2:0.24325	0	1000	1	6.79164e-73	2.41831	0.133917	2.30598e-14	1.59502	0.208982	0.0233449	0.591204	0.260702	0.584918	0.173488	0.317618	2.15851e-12	3.63837	0.518004	0	0	7.17171e-24
4	rs1	1:1	2:0.46575	rs2	1:2	2:0.248	0	1000	1	1.06344e-79	2.42538	0.128302	5.42738e-11	1.33517	0.203572	0.154417	0.381435	0.267843	0.201195	-0.48078	0.376152	2.23087e-18	3.66922	0.419581	0	0	2.67505e-28
5	rs1	1:1	2:0.46925	rs2	1:2	2:0.24975	0	1000	1	6.042e-80	2.52006	0.133101	5.86962e-11	1.37785	0.210455	0.119626	0.443726	0.285108	0.243505	-0.456519	0.391435	1.01062e-16	3.73577	0.449902	0	0	4.59635e-26
6	rs1	1:1	2:0.463	rs2	1:2	2:0.24375	0	1000	1	4.30831e-67	2.20645	0.127503	9.672e-15	1.60376	0.20711	0.228611	-0.456716	0.37935	0.667482	-0.147081	0.342363	2.57889e-18	4.08315	0.467791	0	0	5.92835e-30
7	rs1	1:1	2:0.46325	rs2	1:2	2:0.2495	0	1000	1	2.13226e-77	2.56698	0.137847	4.8389e-09	1.27279	0.217474	0.305921	0.332107	0.32438	0.321252	-0.3699	0.372925	9.59534e-16	3.78166	0.470829	0	0	4.48029e-24
8	rs1	1:1	2:0.47125	rs2	1:2	2:0.2485	0	1000	1	4.38458e-73	2.39343	0.132362	5.29921e-15	1.63915	0.209621	0.873469	0.0537291	0.337381	0.948609	0.0218464	0.338948	9.03482e-17	3.74362	0.450126	0	0	2.42829e-25
9	rs1	1:1	2:0.4655	rs2	1:2	2:0.2425	0	1000	1	2.90434e-73	2.5173	0.139038	1.99323e-06	1.09418	0.230155	0.134301	0.431518	0.288187	0.00263666	-2.46769	0.820594	5.23451e-14	4.50904	0.599134	0	0	3.62559e-28
10	rs1	1:1	2:0.4625	rs2	1:2	2:0.244	0	1000	1	4.60939e-74	2.31706	0.127267	9.0386e-11	1.32624	0.204597	0.223581	-0.455002	0.373853	0.0626913	-0.803037	0.431422	1.15861e-19	4.58914	0.505806	0	0	4.6267e-36
11	rs1	1:1	2:0.46025	rs2	1:2	2:0.24025	0	1000	1	2.12125e-64	2.21002	0.130429	6.25937e-16	1.70943	0.211454	0.809105	-0.0770991	0.319145	0.922436	-0.0335727	0.344811	7.27058e-17	4.12343	0.494265	0	0	1.91118e-30
12	rs1	1:1	2:0.465	rs2	1:2	2:0.244	0	1000	1	4.83596e-72	2.29358	0.127779	1.52089e-13	1.50875	0.204291	0.889976	0.0424286	0.30671	0.498853	-0.239634	0.354334	1.06528e-18	3.74463	0.424174	0	0	1.7542e-28
13	rs1	1:1	2:0.46225	rs2	1:2	2:0.249	0	1000	1	2.40494e-81	2.44748	0.128125	1.911e-08	1.13889	0.202654	0.935232	-0.0267505	0.329179	0.0590078	-0.747508	0.395898	3.13216e-19	4.03368	0.449988	0	0	1.61951e-30
14	rs1	1:1	2:0.465	rs2	1:2	2:0.24825	0	1000	1	2.85891e-79	2.4444	0.129666	3.14919e-09	1.21779	0.205582	0.728025	-0.119157	0.342649	0.0437774	-0.881629	0.437269	4.53296e-19	4.28638	0.480368	0	0	4.23003e-32
15	rs1	1:1	2:0.461	rs2	1:2	2:0.245	0	1000	1	4.04142e-78	2.37974	0.127185	2.01726e-10	1.28574	0.20216	0.726319	0.104168	0.297599	0.149317	-0.539106	0.373873	5.49329e-19	3.94607	0.443288	0	0	1.91171e-30
16	rs1	1:1	2:0.46625	rs2	1:2	2:0.24025	0	1000	1	2.22974e-63	2.27564	0.135411	1.0648e-11	1.53569	0.225921	0.877667	-0.0505926	0.328678	0.0586167	-1.01312	0.535744	1.31074e-17	4.1845	0.489831	0	0	2.66197e-29
17	rs1	1:1	2:0.4645	rs2	1:2	2:0.24625	0	1000	1	1.04323e-66	2.2776	0.132004	3.42178e-13	1.57021	0.215788	0.339839	-0.382188	0.400413	0.515461	-0.239294	0.367943	8.87417e-17	4.04858	0.48667	0	0	1.40556e-27
18	rs1	1:1	2:0.46575	rs2	1:2	2:0.24975	0	1000	1	3.25432e-77	2.35269	0.126494	2.77197e-11	1.34754	0.202388	0.11465	-0.676728	0.428952	0.126397	-0.575646	0.376617	1.23009e-18	4.60009	0.52203	0	0	1.02266e-34
19	rs1	1:1	2:0.458	rs2	1:2	2:0.24475	0	1000	1	2.79823e-78	2.37542	0.126822	3.72824e-08	1.1132	0.202279	0.674506	-0.137855	0.328248	0.0266361	-0.954781	0.430701	5.79759e-20	4.18301	0.457258	0	0	9.83602e-33
20	rs1	1:1	2:0.466	rs2	1:2	2:0.243	0	1000	1	2.18596e-66	2.18372	0.126878	3.06876e-15	1.64938	0.209098	0.623923	-0.156969	0.32015	0.331831	-0.373294	0.384667	1.33595e-19	3.96822	0.438119	0	0	1.5422e-31
21	rs1	1:1	2:0.46925	rs2	1:2	2:0.24575	0	1000	1	3.27297e-75	2.40525	0.131073	5.79644e-13	1.49353	0.207286	0.912291	0.0346359	0.314445	0.209792	-0.518186	0.413181	2.50208e-17	4.35429	0.514221	0	0	2.61251e-32
22	rs1	1:1	2:0.45	rs2	1:2	2:0.24325	0	1000	1	1.89602e-74	2.24222	0.122829	2.8003e-11	1.28449	0.192962	0.577724	-0.180843	0.324842	0.596571	-0.156342	0.295354	2.51396e-19	3.79129	0.42181	0	0	3.40595e-30
23	rs1	1:1	2:0.469	rs2	1:2	2:0.241	0	1000	1	6.2053e-68	2.22525	0.127768	3.2926e-18	1.79804	0.20665	0.329168	0.25549	0.261829	0.910968	-0.0393721	0.352109	6.94346e-16	3.9267	0.486489	0	0	4.71313e-30
24	rs1	1:1	2:0.46025	rs2	1:2	2:0.2445	0	1000	1	4.89146e-70	2.32213	0.131258	2.00768e-15	1.64081	0.206628	0.305117	0.299261	0.291813	0.346637	0.280275	0.297807	2.32787e-15	3.51095	0.443163	0	0	4.16262e-24
25	rs1	1:1	2:0.454	rs2	1:2	2:0.24375	0	1000	1	9.78626e-75	2.25945	0.123529	1.38915e-10	1.26543	0.197197	0.0974121	-0.657665	0.396774	0.142037	-0.504923	0.343895	9.35208e-20	4.56156	0.501478	0	0	9.64683e-37
26	rs1	1:1	2:0.46225	rs2	1:2	2:0.24675	0	1000	1	1.39052e-78	2.32988	0.124144	2.53984e-13	1.42479	0.19473	0.675358	0.121217	0.289434	0.615094	-0.157794	0.31382	8.7057e-19	3.74501	0.423137	0	0	1.90184e-29
27	rs1	1:1	2:0.46525	rs2	1:2	2:0.253	0	1000	1	3.29444e-83	2.43233	0.125698	3.49383e-12	1.37047	0.197012	0.0983949	0.455616	0.275682	0.778775	-0.0855906	0.304684	3.57262e-17	3.22005	0.38215	0	0	2.42436e-23
28	rs1	1:1	2:0.46575	rs2	1:2	2:0.25025	0	1000	1	6.98421e-81	2.52552	0.132595	5.59223e-09	1.22747	0.210597	0.0845602	0.492511	0.285544	0.201236	-0.486219	0.380442	7.38331e-17	3.45032	0.413671	0	0	7.4957e-24
29	rs1	1:1	2:0.4575	rs2	1:2	2:0.2445	0	1000	1	7.60046e-78	2.43249	0.130239	2.09514e-07	1.08096	0.208249	0.715936	0.113093	0.310786	0.031479	-0.922248	0.42876	1.1476e-18	3.92744	0.445303	0	0	8.35237e-29
30	rs1	1:1	2:0.469	rs2	1:2	2:0.24425	0	1000	1	1.95541e-69	2.30467	0.13085	7.96665e-14	1.58962	0.212776	0.794245	0.0795329	0.304954	0.34308	-0.384782	0.405847	2.09227e-18	3.92024	0.447915	0	0	5.00762e-30
31	rs1	1:1	2:0.455	rs2	1:2	2:0.237	0	1000	1	1.67692e-65	2.36015	0.138078	5.10109e-08	1.24935	0.229333	0.327983	0.29169	0.298195	0.0280058	-1.133	0.515656	2.13315e-16	3.85193	0.468927	0	0	2.78322e-25
32	rs1	1:1	2:0.457	rs2	1:2	2:0.2415	0	1000	1	3.8714e-76	2.37254	0.128481	4.25429e-10	1.27456	0.204113	0.963099	-0.0143031	0.309153	0.116832	-0.607154	0.387163	3.46365e-17	4.38843	0.520588	0	0	8.31775e-33
33	rs1	1:1	2:0.472	rs2	1:2	2:0.25425	0	1000	1	1.40014e-80	2.4998	0.131496	3.04494e-11	1.36942	0.206101	0.679309	-0.156499	0.378561	0.270813	-0.413135	0.37517	1.48917e-17	4.09768	0.480498	0	0	8.77831e-29
34	rs1	1:1	2:0.46225	rs2	1:2	2:0.24775	0	1000	1	8.70521e-77	2.38923	0.128824	5.29602e-11	1.35506	0.20649	0.864675	0.053531	0.3141	0.23568	-0.429214	0.361945	1.39563e-18	3.9548	0.449523	0	0	1.25121e-29
35	rs1	1:1	2:0.46975	rs2	1:2	2:0.25225	0	1000	1	1.64722e-82	2.47279	0.12853	8.52088e-09	1.18996	0.206669	0.47491	-0.256293	0.358696	0.0105336	-1.27039	0.496673	1.01167e-19	4.59217	0.505318	0	0	4.74716e-35
36	rs1	1:1	2:0.4625	rs2	1:2	2:0.2475	0	1000	1	3.69965e-79	2.34107	0.124275	2.25902e-11	1.30268	0.194772	0.464628	-0.250051	0.341951	0.211095	-0.433564	0.346695	6.23085e-20	4.11832	0.45057	0	0	7.53529e-33
37	rs1	1:1	2:0.4575	rs2	1:2	2:0.24325	0	1000	1	9.82478e-75	2.27268	0.124254	2.24616e-09	1.20511	0.201559	0.289322	0.279247	0.263538	0.0715078	-0.695195	0.38574	2.01014e-19	3.40731	0.378056	0	0	2.32213e-27
38	rs1	1:1	2:0.46675	rs2	1:2	2:0.2465	0	1000	1	3.25703e-73	2.38405	0.131724	3.3957e-10	1.35478	0.215745	0.501888	-0.24279	0.361551	0.0423226	-0.951186	0.468487	8.33155e-19	4.3767	0.494235	0	0	1.5336e-31
39	rs1	1:1	2:0.4545	rs2	1:2	2:0.2435	0	1000	1	1.67456e-69	2.25828	0.128152	1.0238e-12	1.46393	0.205398	0.0533396	-0.899901	0.465748	0.405505	-0.277999	0.334202	3.12828e-17	4.93956	0.58514	0	0	1.64808e-35
40	rs1	1:1	2:0.46525	rs2	1:2	2:0.24575	0	1000	1	2.19661e-70	2.4064	0.135676	5.97612e-12	1.49992	0.218005	0.282919	0.331724	0.30893	0.699518	-0.140911	0.365081	6.22953e-16	3.43486	0.424857	0	0	1.57506e-22
41	rs1	1:1	2:0.459	rs2	1:2	2:0.2425	0	1000	1	1.80346e-70	2.30326	0.12978	2.73973e-13	1.49473	0.204573	0.773012	0.0885139	0.306874	0.98835	0.00464598	0.318189	2.76912e-17	3.7717	0.446043	0	0	3.99061e-28
42	rs1	1:1	2:0.458	rs2	1:2	2:0.24075	0	1000	1	5.62674e-69	2.15796	0.122939	1.63321e-12	1.41174	0.199887	0.0801677	-0.653461	0.373467	0.0713957	-0.719667	0.39916	4.74334e-21	4.55324	0.48363	0	0	2.71977e-38
43	rs1	1:1	2:0.46275	rs2	1:2	2:0.24025	0	1000	1	5.42661e-66	2.19984	0.128206	2.89043e-15	1.64411	0.208233	0.535964	-0.202919	0.327855	0.57864	-0.199888	0.359917	6.95879e-19	4.07443	0.459062	0	0	3.61699e-31
44	rs1	1:1	2:0.4635	rs2	1:2	2:0.24625	0	1000	1	1.43684e-76	2.4589	0.132773	3.34447e-13	1.48497	0.203986	0.0335829	0.597099	0.280982	0.57929	0.168697	0.304275	1.61649e-14	3.18669	0.415044	0	0	1.21109e-20
45	rs1	1:1	2:0.47425	rs2	1:2	2:0.2505	0	1000	1	5.92798e-74	2.31307	0.127145	2.60917e-16	1.6719	0.204136	0.274792	-0.409883	0.375318	0.421162	-0.29374	0.365163	3.43053e-19	4.35634	0.486528	0	0	1.5753e-33
46	rs1	1:1	2:0.469	rs2	1:2	2:0.256	0	1000	1	2.70144e-81	2.51958	0.131938	2.7036e-11	1.38725	0.208237	0.784004	0.0944109	0.344433	0.492423	-0.232885	0.339255	3.78902e-17	3.82472	0.454283	0	0	3.35137e-26
47	rs1	1:1	2:0.46525	rs2	1:2	2:0.25225	0	1000	1	3.95332e-82	2.45318	0.127791	5.90353e-12	1.32448	0.192457	0.408614	-0.331151	0.400747	0.917838	-0.0306516	0.297133	5.50064e-17	4.12624	0.492658	0	0	1.73417e-29
48	rs1	1:1	2:0.45775	rs2	1:2	2:0.24175	0	1000	1	1.77708e-70	2.2292	0.125601	7.56532e-13	1.44857	0.202065	0.84686	-0.0588139	0.304536	0.422195	-0.275578	0.343348	1.79972e-19	3.90303	0.432477	0	0	8.83332e-32
49	rs1	1:1	2:0.46025	rs2	1:2	2:0.2475	0	1000	1	1.16179e-76	2.49903	0.134857	2.39639e-06	1.0458	0.22172	0.847907	0.0632063	0.329561	0.00808928	-1.36131	0.514026	2.60663e-18	4.25382	0.487412	0	0	6.16331e-30
50	rs1	1:1	2:0.46925	rs2	1:2	2:0.24575	0	1000	1	1.80552e-70	2.36655	0.133346	1.30235e-10	1.41815	0.220659	0.359062	-0.343266	0.374273	0.0124489	-1.50881	0.603727	3.78503e-18	4.87605	0.561429	0	0	3.61939e-35
51	rs1	1:1	2:0.45425	rs2	1:2	2:0.241	0	1000	1	1.74869e-73	2.31814	0.127841	2.07584e-11	1.35725	0.202557	0.808381	0.0720418	0.297062	0.359795	-0.312572	0.341327	2.3939e-17	4.03476	0.476197	0	0	2.68436e-30
52	rs1	1:1	2:0.46875	rs2	1:2	2:0.25	0	1000	1	6.08106e-77	2.26773	0.122146	4.85853e-15	1.54435	0.197222	0.412665	-0.272207	0.332278	0.30257	-0.356504	0.345805	1.35554e-20	4.21964	0.453541	0	0	8.82036e-36
53	rs1	1:1	2:0.468	rs2	1:2	2:0.25	0	1000	1	2.48939e-77	2.44228	0.131209	3.07386e-11	1.39921	0.210629	0.37771	-0.338588	0.383833	0.130466	-0.601854	0.397981	1.77181e-18	4.50045	0.513109	0	0	8.62937e-32
54	rs1	1:1	2:0.47025	rs2	1:2	2:0.24175	0	1000	1	1.45072e-62	2.16691	0.129802	1.05832e-16	1.79358	0.216144	0.889407	-0.04255	0.305996	0.316061	-0.428941	0.427835	5.26729e-19	3.96453	0.445128	0	0	7.56854e-31
55	rs1	1:1	2:0.46225	rs2	1:2	2:0.24825	0	1000	1	3.05724e-80	2.43781	0.128513	9.26076e-11	1.30121	0.200849	0.200778	0.363315	0.283987	0.451521	-0.250307	0.332465	1.55243e-17	3.49332	0.409862	0	0	1.64982e-25
56	rs1	1:1	2:0.4595	rs2	1:2	2:0.24275	0	1000	1	1.43146e-68	2.42299	0.138456	9.13264e-08	1.21167	0.226769	0.67673	0.137456	0.329687	0.0399371	-1.00691	0.490126	9.87035e-17	3.93705	0.473981	0	0	5.54644e-26
57	rs1	1:1	2:0.4655	rs2	1:2	2:0.2435	0	1000	1	3.8235e-77	2.38185	0.128121	7.59843e-09	1.21774	0.210787	0.313855	0.263052	0.261181	0.00375458	-1.98187	0.683858	2.87901e-17	4.50881	0.533501	0	0	4.02484e-35
58	rs1	1:1	2:0.471	rs2	1:2	2:0.2525	0	1000	1	7.24776e-82	2.37403	0.123873	3.8008e-11	1.32389	0.200236	0.247405	-0.41429	0.358173	0.022141	-0.98087	0.428713	2.698e-21	4.5512	0.480397	0	0	3.00764e-37
59	rs1	1:1	2:0.46425	rs2	1:2	2:0.25	0	1000	1	0	2.40504	0.122769	1.19245e-08	1.11547	0.195669	0.804276	-0.075195	0.303429	0.00990576	-1.15562	0.448071	1.70226e-21	4.31531	0.453204	0	0	1.45828e-36
60	rs1	1:1	2:0.46325	rs2	1:2	2:0.24325	0	1000	1	3.68957e-65	2.2362	0.131179	1.764e-15	1.69206	0.212653	0.252652	-0.454236	0.397083	0.885042	-0.0501438	0.346821	3.14872e-17	4.29626	0.508981	0	0	1.6671e-30
61	rs1	1:1	2:0.4575	rs2	1:2	2:0.24475	0	1000	1	2.83763e-75	2.39948	0.130703	2.57714e-08	1.17062	0.210242	0.182053	-0.533438	0.399741	0.0141037	-1.16211	0.47344	5.21789e-19	4.97128	0.558098	0	0	7.57129e-37
62	rs1	1:1	2:0.46075	rs2	1:2	2:0.24925	0	1000	1	3.83143e-80	2.4624	0.129891	8.00088e-10	1.23777	0.20143	0.941311	-0.0255476	0.347011	0.426139	-0.261388	0.328453	1.6031e-17	3.90876	0.458804	0	0	1.51381e-27
63	rs1	1:1	2:0.46	rs2	1:2	2:0.2395	0	1000	1	3.8991e-66	2.19594	0.127837	1.24604e-12	1.50016	0.211285	0.91448	-0.0322227	0.300054	0.156141	-0.580446	0.409292	1.37317e-19	3.89679	0.430375	0	0	1.08286e-30
64	rs1	1:1	2:0.4615	rs2	1:2	2:0.24925	0	1000	1	4.83476e-77	2.38042	0.128131	3.30236e-13	1.44698	0.198721	0.862231	-0.0595175	0.342971	0.861189	0.0516053	0.295122	3.39132e-17	3.85224	0.456847	0	0	1.49124e-27
65	rs1	1:1	2:0.469	rs2	1:2	2:0.245	0	1000	1	1.6651e-69	2.33657	0.132593	1.48861e-16	1.72428	0.208816	0.417469	-0.306109	0.377529	0.726485	0.113998	0.32589	6.94038e-15	4.56892	0.586845	0	0	2.63754e-31
66	rs1	1:1	2:0.46025	rs2	1:2	2:0.24125	0	1000	1	9.94057e-76	2.39234	0.129912	4.02541e-10	1.28214	0.205042	0.195891	0.353212	0.273099	0.2102	-0.490132	0.391162	1.31856e-17	3.68561	0.431467	0	0	1.367e-27
67	rs1	1:1	2:0.46925	rs2	1:2	2:0.2495	0	1000	1	8.96087e-80	2.4783	0.131038	1.60185e-09	1.28149	0.212386	0.134204	0.411175	0.274533	0.0390794	-0.939782	0.455464	3.45412e-18	3.77969	0.434674	0	0	7.71617e-28
68	rs1	1:1	2:0.46025	rs2	1:2	2:0.25175	0	1000	1	3.29444e-83	2.55472	0.132232	2.49786e-05	0.893447	0.211969	0.331246	0.28815	0.296571	0.01102	-1.15046	0.452568	1.01688e-18	3.84714	0.43553	0	0	1.9475e-28
69	rs1	1:1	2:0.466	rs2	1:2	2:0.2445	0	1000	1	1.78477e-74	2.29089	0.125473	8.27031e-14	1.48858	0.199383	0.195868	-0.465118	0.359605	0.202371	-0.479973	0.376501	1.14923e-19	4.63609	0.51093	0	0	8.363e-37
70	rs1	1:1	2:0.46675	rs2	1:2	2:0.24125	0	1000	1	4.70098e-69	2.30702	0.131354	8.34909e-13	1.54147	0.21543	0.0300325	0.543476	0.250489	0.292375	-0.437473	0.415483	7.5472e-17	3.30359	0.396202	0	0	6.98352e-24
71	rs1	1:1	2:0.46025	rs2	1:2	2:0.24775	0	1000	1	2.49236e-76	2.53918	0.137329	8.09659e-07	1.08068	0.21907	0.461189	0.251333	0.341073	0.118089	-0.636575	0.407318	8.40253e-16	3.61283	0.4489	0	0	1.21413e-22
72	rs1	1:1	2:0.4565	rs2	1:2	2:0.241	0	1000	1	3.83249e-69	2.25031	0.128041	2.66136e-13	1.49119	0.203979	0.87574	0.0484354	0.309746	0.945955	-0.0215296	0.317607	1.05012e-17	3.56909	0.416545	0	0	5.42117e-26
73	rs1	1:1	2:0.46275	rs2	1:2	2:0.2465	0	1000	1	5.1882e-75	2.38981	0.130409	1.0091e-10	1.33215	0.206037	0.160989	-0.605309	0.431823	0.212483	-0.469039	0.376205	1.06714e-17	4.60428	0.537478	0	0	1.15591e-32
74	rs1	1:1	2:0.4625	rs2	1:2	2:0.2465	0	1000	1	3.35103e-74	2.35952	0.129476	1.08765e-12	1.45261	0.204049	0.695389	0.123041	0.314238	0.872884	-0.0515177	0.321993	1.92466e-17	3.62615	0.426693	0	0	2.81833e-26
75	rs1	1:1	2:0.46325	rs2	1:2	2:0.25075	0	1000	1	2.48433e-79	2.33675	0.123907	1.14818e-13	1.45742	0.196348	0.634324	0.138951	0.292129	0.781411	-0.0844552	0.304364	9.55444e-19	3.63816	0.411547	0	0	1.68414e-28
76	rs1	1:1	2:0.45825	rs2	1:2	2:0.2475	0	1000	1	1.22948e-79	2.34493	0.124096	2.30535e-11	1.29175	0.193224	0.853602	0.0566181	0.306831	0.611182	-0.153516	0.301968	8.97634e-19	3.63098	0.410411	0	0	4.61715e-28
77	rs1	1:1	2:0.4655	rs2	1:2	2:0.24775	0	1000	1	1.4225e-76	2.39781	0.129471	3.48474e-12	1.43194	0.205838	0.851638	0.0594253	0.317733	0.371424	-0.319028	0.356931	3.70352e-18	3.94138	0.453681	0	0	5.82937e-29
78	rs1	1:1	2:0.45625	rs2	1:2	2:0.24425	0	1000	1	7.52193e-70	2.13837	0.121037	5.11529e-17	1.6076	0.191746	0.0360963	-0.896786	0.427888	0.790411	0.0747052	0.281083	1.64761e-18	4.58339	0.522079	0	0	4.5861e-36
79	rs1	1:1	2:0.46525	rs2	1:2	2:0.2515	0	1000	1	1.82512e-80	2.42941	0.127888	1.6219e-12	1.38384	0.19591	0.387916	0.270062	0.312788	0.735955	0.0979578	0.290491	2.3405e-16	3.27777	0.399572	0	0	9.65157e-23
80	rs1	1:1	2:0.47275	rs2	1:2	2:0.2485	0	1000	1	2.45198e-78	2.39576	0.127859	4.03736e-11	1.36	0.205977	0.540473	0.175907	0.287383	0.0324804	-1.02605	0.479811	2.70139e-19	3.97484	0.44262	0	0	4.44806e-31
81	rs1	1:1	2:0.463	rs2	1:2	2:0.24825	0	1000	1	2.77614e-76	2.42022	0.130935	1.71016e-09	1.25367	0.208141	0.368822	0.273659	0.304512	0.283924	-0.388434	0.362499	3.38279e-17	3.43567	0.40743	0	0	2.61069e-24
82	rs1	1:1	2:0.457	rs2	1:2	2:0.2445	0	1000	1	1.78067e-74	2.43149	0.133173	7.775e-10	1.29231	0.210151	0.596984	0.166003	0.313958	0.417695	-0.281309	0.347112	1.14982e-16	3.89776	0.470278	0	0	3.41027e-27
83	rs1	1:1	2:0.464	rs2	1:2	2:0.247	0	1000	1	5.99245e-74	2.39396	0.131596	1.087e-09	1.29199	0.211938	0.336843	-0.381193	0.396901	0.0834557	-0.737825	0.426247	4.92741e-18	4.40887	0.509399	0	0	7.40623e-32
84	rs1	1:1	2:0.459	rs2	1:2	2:0.24725	0	1000	1	3.06175e-76	2.28677	0.123751	1.54849e-12	1.38712	0.196196	0.287851	-0.380155	0.357676	0.377227	-0.283008	0.320502	1.17139e-19	4.1954	0.462469	0	0	4.68784e-33
85	rs1	1:1	2:0.465	rs2	1:2	2:0.246	0	1000	1	7.18334e-77	2.24325	0.120886	3.65138e-13	1.42809	0.196493	0.0665634	0.430074	0.234422	0.238467	-0.414452	0.35158	5.74159e-20	3.24376	0.354545	0	0	1.31122e-27
86	rs1	1:1	2:0.4605	rs2	1:2	2:0.245	0	1000	1	5.06487e-75	2.31601	0.126373	4.33314e-09	1.19788	0.204036	0.14651	-0.576307	0.396913	0.0246059	-1.00218	0.4459	1.54705e-19	4.59818	0.50857	0	0	4.7425e-36
87	rs1	1:1	2:0.46125	rs2	1:2	2:0.24375	0	1000	1	2.13138e-69	2.14849	0.122017	9.2454e-15	1.53074	0.197535	0.0210673	-1.06935	0.46357	0.331739	-0.329963	0.339952	9.35445e-19	4.81888	0.544964	0	0	6.79288e-39
88	rs1	1:1	2:0.46825	rs2	1:2	2:0.252	0	1000	1	0	2.60319	0.13029	9.59861e-06	0.91168	0.205982	0.0680953	0.490735	0.268988	0.00324057	-1.80302	0.612452	5.5268e-17	4.04927	0.4835	0	0	1.36604e-29
89	rs1	1:1	2:0.47375	rs2	1:2	2:0.253	0	1000	1	3.85449e-81	2.47059	0.129501	1.45531e-10	1.30287	0.203256	0.112617	-0.744886	0.469504	0.0687798	-0.806461	0.443144	1.95018e-17	4.80509	0.565523	0	0	3.56122e-34
90	rs1	1:1	2:0.459	rs2	1:2	2:0.24625	0	1000	1	4.62055e-76	2.4254	0.131412	8.22764e-09	1.20984	0.209905	0.396288	-0.322824	0.380568	0.0753658	-0.710615	0.399619	1.82329e-18	4.43633	0.505985	0	0	1.07761e-31
91	rs1	1:1	2:0.45925	rs2	1:2	2:0.241	0	1000	1	2.91373e-70	2.20371	0.124359	6.92616e-16	1.60081	0.198321	0.474057	-0.225877	0.315517	0.692	-0.127675	0.322296	1.78555e-17	4.37736	0.514562	0	0	2.13317e-34
92	rs1	1:1	2:0.452	rs2	1:2	2:0.24375	0	1000	1	6.93195e-75	2.38841	0.130445	4.76013e-09	1.18632	0.202605	0.0854533	-0.811317	0.471728	0.297596	-0.345758	0.331948	9.52838e-17	4.77298	0.57433	0	0	1.76217e-32
93	rs1	1:1	2:0.46525	rs2	1:2	2:0.2415	0	1000	1	3.51861e-70	2.31105	0.130495	2.16254e-12	1.49965	0.213516	0.499755	0.189383	0.28062	0.125379	-0.689543	0.449922	3.14884e-18	4.04136	0.464206	0	0	5.72702e-31
94	rs1	1:1	2:0.4515	rs2	1:2	2:0.24175	0	1000	1	7.55421e-74	2.39859	0.131942	1.43595e-06	1.03426	0.21458	0.617781	-0.172464	0.345621	0.0134579	-1.13492	0.459217	3.83102e-19	4.31868	0.48298	0	0	1.93372e-31
95	rs1	1:1	2:0.465	rs2	1:2	2:0.24075	0	1000	1	5.65682e-69	2.13984	0.121908	1.18755e-11	1.38522	0.204258	0.167967	-0.439443	0.318722	0.00160732	-2.30676	0.731242	9.81938e-20	5.1265	0.563913	0	0	2.45956e-44
96	rs1	1:1	2:0.4675	rs2	1:2	2:0.2455	0	1000	1	4.45919e-75	2.36061	0.128758	1.12167e-13	1.52057	0.204771	0.856165	0.0551012	0.303992	0.352212	-0.346299	0.372241	1.42933e-17	4.18349	0.490287	0	0	1.04957e-31
97	rs1	1:1	2:0.458	rs2	1:2	2:0.24275	0	1000	1	4.30039e-75	2.40193	0.130998	2.08841e-07	1.11948	0.215646	0.261401	0.314049	0.27963	0.0115059	-1.22855	0.486181	2.809e-18	3.83536	0.43989	0	0	5.46357e-28
98	rs1	1:1	2:0.45625	rs2	1:2	2:0.24725	0	1000	1	0	2.57446	0.129255	3.88472e-05	0.82597	0.200759	0.427787	0.23018	0.290271	0.00521844	-1.42136	0.50886	4.8332e-18	4.41636	0.510135	0	0	2.70122e-33
99	rs1	1:1	2:0.46675	rs2	1:2	2:0.25075	0	1000	1	7.51132e-81	2.44697	0.128498	3.38049e-13	1.43306	0.196895	0.955247	0.0185054	0.329755	0.861689	-0.0541021	0.310531	8.65365e-17	4.06124	0.488016	0	0	1.71893e-29
100	rs1	1:1	2:0.47275	rs2	1:2	2:0.24625	0	1000	1	4.09334e-71	2.40028	0.134616	6.17981e-13	1.55696	0.216351	0.413424	0.249488	0.305041	0.315508	-0.426807	0.42522	3.84401e-17	3.71188	0.440969	0	0	4.26413e-26
101	rs1	1:1	2:0.461	rs2	1:2	2:0.24825	0	1000	1	3.03774e-72	2.28433	0.127081	2.87629e-17	1.67047	0.197654	0.90283	0.0393823	0.322574	0.153006	0.387318	0.271043	1.797e-16	3.59788	0.436906	0	0	8.03682e-26
102	rs1	1:1	2:0.46475	rs2	1:2	2:0.241	0	1000	1	4.63194e-67	2.21336	0.127933	5.55492e-14	1.58394	0.210682	0.849353	-0.0575789	0.303136	0.159621	-0.594863	0.422984	1.20603e-19	4.03142	0.444549	0	0	1.27963e-31
103	rs1	1:1	2:0.46175	rs2	1:2	2:0.2435	0	1000	1	9.64899e-72	2.29629	0.128205	1.01834e-10	1.34477	0.208034	0.864254	-0.05412	0.316562	0.0776703	-0.746994	0.423378	2.44744e-19	3.9507	0.4394	0	0	3.34996e-30
104	rs1	1:1	2:0.47675	rs2	1:2	2:0.249	0	1000	1	4.22587e-73	2.34929	0.129907	1.24282e-13	1.57757	0.212836	0.333191	-0.344694	0.356197	0.0158651	-1.40382	0.582015	2.96132e-19	4.89649	0.545865	0	0	2.25836e-37
105	rs1	1:1	2:0.46575	rs2	1:2	2:0.253	0	1000	1	0	2.48986	0.126848	1.25233e-06	0.983368	0.202875	0.330076	-0.364499	0.374244	0.00311419	-1.55325	0.525416	7.84104e-20	4.73746	0.519723	0	0	5.61713e-37
106	rs1	1:1	2:0.467	rs2	1:2	2:0.24175	0	1000	1	2.66583e-69	2.38423	0.135502	6.92076e-11	1.46075	0.22396	0.915238	0.0337591	0.317183	0.0306799	-1.30653	0.60454	5.53541e-17	4.61767	0.551382	0	0	2.95706e-32
107	rs1	1:1	2:0.467	rs2	1:2	2:0.248	0	1000	1	3.51453e-77	2.39274	0.128675	3.76488e-08	1.15323	0.209619	0.387016	-0.309708	0.358027	0.00360935	-1.69891	0.583731	4.12462e-19	4.6726	0.523039	0	0	2.84179e-35
108	rs1	1:1	2:0.45225	rs2	1:2	2:0.2435	0	1000	1	6.58887e-83	2.4596	0.127584	2.95593e-05	0.854598	0.204604	0.677734	-0.131376	0.316143	0.00157527	-1.90154	0.601667	3.5739e-19	4.913	0.548974	0	0	1.53092e-38
109	rs1	1:1	2:0.46225	rs2	1:2	2:0.241	0	1000	1	1.79081e-60	2.3638	0.144099	7.00602e-15	1.79425	0.230494	0.336272	0.318097	0.330814	0.319313	0.345696	0.347129	2.30331e-13	3.52408	0.480782	0	0	3.32232e-20
110	rs1	1:1	2:0.472	rs2	1:2	2:0.24475	0	1000	1	7.30763e-71	2.28498	0.128383	1.83647e-13	1.54199	0.209504	0.0131346	-1.28467	0.517991	0.0188764	-1.40791	0.599631	3.46527e-18	5.96386	0.685887	0	0	1.67829e-44
111	rs1	1:1	2:0.4645	rs2	1:2	2:0.2465	0	1000	1	6.45006e-73	2.19038	0.121276	3.79674e-14	1.48578	0.19633	0.0410045	-0.867196	0.424371	0.170087	-0.491601	0.358329	6.30187e-20	4.69465	0.513692	0	0	3.04566e-39
112	rs1	1:1	2:0.4605	rs2	1:2	2:0.248	0	1000	1	1.15994e-78	2.49309	0.132772	7.86488e-10	1.26363	0.205548	0.368904	-0.356483	0.396741	0.233127	-0.429073	0.359857	2.71003e-10	5.4047	0.855917	0	0	5.18432e-35
113	rs1	1:1	2:0.459	rs2	1:2	2:0.2495	0	1000	1	0	2.54752	0.130317	8.70802e-06	0.909468	0.204513	0.736252	0.109862	0.326172	0.0164401	-1.02705	0.428118	1.68951e-18	3.99496	0.4552	0	0	1.25288e-28
114	rs1	1:1	2:0.46275	rs2	1:2	2:0.2465	0	1000	1	7.9956e-80	2.57962	0.136353	6.6825e-06	0.986499	0.219049	0.0278545	0.593268	0.269749	0.00897374	-1.47781	0.565549	5.74185e-16	3.82908	0.473037	0	0	7.10075e-26
115	rs1	1:1	2:0.456	rs2	1:2	2:0.24525	0	1000	1	2.28304e-80	2.28455	0.120336	7.03342e-13	1.31659	0.183399	0.93674	-0.023535	0.296528	0.843304	-0.0549564	0.278022	2.06269e-19	3.75992	0.417311	0	0	4.47301e-31
116	rs1	1:1	2:0.46625	rs2	1:2	2:0.24725	0	1000	1	1.58421e-70	2.32551	0.130979	7.81463e-12	1.44091	0.210601	0.206572	-0.545981	0.432272	0.388384	-0.318068	0.368753	1.59832e-16	4.20301	0.509522	0	0	1.16011e-28
117	rs1	1:1	2:0.45875	rs2	1:2	2:0.24925	0	1000	1	0	2.38737	0.122825	1.33113e-10	1.20392	0.187422	0.702474	-0.123146	0.322387	0.317801	-0.309992	0.310306	4.74146e-19	4.15917	0.466371	0	0	6.7404e-34
118	rs1	1:1	2:0.468	rs2	1:2	2:0.2445	0	1000	1	9.22067e-70	2.29895	0.130211	4.66748e-14	1.60046	0.212237	0.559877	-0.199571	0.342302	0.256519	-0.457505	0.40321	8.81791e-19	4.25852	0.481234	0	0	1.31366e-31
119	rs1	1:1	2:0.462	rs2	1:2	2:0.24525	0	1000	1	3.55122e-77	2.41451	0.12985	9.31455e-11	1.31486	0.202983	0.571305	0.170076	0.300418	0.328901	-0.351855	0.360386	8.23688e-18	3.89551	0.453165	0	0	3.08867e-29
120	rs1	1:1	2:0.4615	rs2	1:2	2:0.246	0	1000	1	2.14064e-76	2.49271	0.134755	5.64646e-08	1.1746	0.21633	0.143933	0.420882	0.288018	0.0908776	-0.721126	0.426503	4.50047e-17	3.62352	0.43142	0	0	4.26304e-25
121	rs1	1:1	2:0.462	rs2	1:2	2:0.25025	0	1000	1	1.31777e-80	2.54714	0.133964	1.00706e-06	1.0457	0.213834	0.514981	0.210365	0.323092	0.0298446	-0.930799	0.428516	1.14688e-17	3.88746	0.45424	0	0	1.0191e-26
122	rs1	1:1	2:0.4595	rs2	1:2	2:0.248	0	1000	1	4.64203e-78	2.4722	0.132179	3.64541e-08	1.15653	0.210003	0.807157	0.0815053	0.333908	0.127078	-0.573296	0.375753	9.97491e-18	3.84505	0.448443	0	0	9.63406e-27
123	rs1	1:1	2:0.466	rs2	1:2	2:0.2445	0	1000	1	1.94375e-71	2.33612	0.130713	1.57986e-10	1.39107	0.217441	0.0644381	-0.796099	0.430525	0.0075653	-1.67228	0.626114	7.6673e-19	5.52641	0.623413	0	0	1.74243e-40
124	rs1	1:1	2:0.46475	rs2	1:2	2:0.2475	0	1000	1	4.44766e-75	2.31294	0.126157	5.02235e-15	1.55013	0.198066	0.358114	-0.331613	0.360855	0.895358	-0.0408614	0.310667	2.43451e-18	4.22317	0.483471	0	0	1.21575e-31
125	rs1	1:1	2:0.464	rs2	1:2	2:0.24575	0	1000	1	3.89599e-76	2.37642	0.128694	2.50406e-09	1.24972	0.209642	0.390327	0.242828	0.282678	0.0273372	-0.999234	0.452825	5.96325e-19	3.80117	0.427447	0	0	8.55572e-29
126	rs1	1:1	2:0.4615	rs2	1:2	2:0.24825	0	1000	1	7.13081e-79	2.38452	0.126816	3.52504e-10	1.23652	0.197095	0.241017	-0.472735	0.403203	0.279674	-0.367872	0.34029	4.51676e-18	4.23226	0.488434	0	0	4.78599e-31
127	rs1	1:1	2:0.4645	rs2	1:2	2:0.2485	0	1000	1	6.81085e-78	2.3881	0.127822	2.15573e-11	1.36861	0.20442	0.437138	-0.27606	0.355274	0.131383	-0.574393	0.380728	7.30338e-19	4.52186	0.509783	0	0	1.27329e-34
128	rs1	1:1	2:0.46725	rs2	1:2	2:0.248	0	1000	1	2.79255e-70	2.30264	0.129924	2.45867e-20	1.86197	0.201506	0.828054	-0.0745716	0.343335	0.0696571	0.501447	0.276411	9.52861e-15	4.02056	0.51909	0	0	4.10301e-27
129	rs1	1:1	2:0.45975	rs2	1:2	2:0.2415	0	1000	1	1.02128e-81	2.56619	0.134029	2.65244e-05	0.927675	0.2208	0.0128116	0.623078	0.250336	0.000916256	-3.51698	1.06091	7.17063e-11	5.25408	0.806206	0	0	1.68309e-32
130	rs1	1:1	2:0.45	rs2	1:2	2:0.239	0	1000	1	1.94273e-70	2.28812	0.128957	1.98326e-08	1.16637	0.20778	0.0716287	-0.775762	0.430627	0.0445798	-0.82827	0.412362	7.25438e-19	4.78411	0.539303	0	0	1.52183e-35
131	rs1	1:1	2:0.4645	rs2	1:2	2:0.238	0	1000	1	1.74529e-59	2.16124	0.132876	9.6521e-12	1.5336	0.225145	0.268405	-0.392413	0.354566	0.00936714	-1.70602	0.656578	4.81951e-18	4.76948	0.550903	0	0	6.8961e-35
132	rs1	1:1	2:0.4645	rs2	1:2	2:0.25075	0	1000	1	3.1363e-80	2.36822	0.124853	1.6274e-11	1.33815	0.198655	0.65347	-0.149652	0.33334	0.231278	-0.412612	0.344684	1.12268e-19	4.11097	0.452932	0	0	4.30878e-33
133	rs1	1:1	2:0.46775	rs2	1:2	2:0.24325	0	1000	1	1.35907e-71	2.27413	0.127102	5.79309e-16	1.64154	0.20282	0.84411	-0.0602091	0.306192	0.566277	-0.203052	0.35403	5.83612e-18	4.20153	0.486529	0	0	1.53401e-32
134	rs1	1:1	2:0.46625	rs2	1:2	2:0.2465	0	1000	1	8.10431e-81	2.45848	0.129129	2.81786e-10	1.27458	0.202042	0.921194	-0.0319923	0.323385	0.0743547	-0.761912	0.426979	1.93584e-18	4.38774	0.500829	0	0	1.05583e-32
135	rs1	1:1	2:0.455	rs2	1:2	2:0.242	0	1000	1	1.29251e-74	2.33266	0.127638	1.27212e-07	1.09864	0.207965	0.604738	0.146389	0.282823	0.0142852	-1.11671	0.455798	1.13394e-19	3.87938	0.427467	0	0	1.19769e-30
136	rs1	1:1	2:0.46075	rs2	1:2	2:0.24375	0	1000	1	3.89204e-75	2.3436	0.127779	2.17942e-11	1.34377	0.200758	0.360044	-0.327363	0.357664	0.183078	-0.501429	0.376636	5.96957e-19	4.45676	0.501176	0	0	3.16475e-34
137	rs1	1:1	2:0.46425	rs2	1:2	2:0.24475	0	1000	1	4.91201e-80	2.40469	0.126934	4.5302e-11	1.31805	0.200141	0.248581	0.308085	0.267017	0.115461	-0.625396	0.3973	5.79913e-18	3.97461	0.460214	0	0	4.52529e-31
138	rs1	1:1	2:0.4785	rs2	1:2	2:0.2455	0	1000	1	3.33423e-70	2.51527	0.142002	7.6893e-11	1.51796	0.233297	0.103542	0.477072	0.293056	0.0196092	-1.80344	0.772768	9.36641e-14	4.29616	0.576701	0	0	4.61081e-26
139	rs1	1:1	2:0.46475	rs2	1:2	2:0.2455	0	1000	1	7.51341e-74	2.47347	0.136059	4.83169e-08	1.22318	0.224132	0.898272	-0.0433499	0.339083	0.00925177	-1.65685	0.636611	3.07132e-17	4.77322	0.565292	0	0	2.60656e-33
140	rs1	1:1	2:0.4655	rs2	1:2	2:0.2425	0	1000	1	7.81345e-68	2.26897	0.130377	1.47585e-13	1.57699	0.213415	0.818351	0.0697472	0.30369	0.297444	-0.416702	0.399933	1.72139e-18	3.82026	0.435398	0	0	1.88166e-28
141	rs1	1:1	2:0.46975	rs2	1:2	2:0.2485	0	1000	1	3.26201e-72	2.38805	0.13288	7.93719e-14	1.59591	0.213604	0.335157	0.29417	0.305226	0.886583	-0.0501288	0.351462	1.47072e-16	3.44407	0.417016	0	0	1.34309e-23
142	rs1	1:1	2:0.46775	rs2	1:2	2:0.2505	0	1000	1	4.28277e-82	2.37066	0.123515	5.65579e-09	1.15613	0.198421	0.0701172	-0.727319	0.401578	0.0027694	-1.56315	0.522402	6.36224e-21	5.071	0.540398	0	0	4.10775e-41
143	rs1	1:1	2:0.45075	rs2	1:2	2:0.241	0	1000	1	2.22928e-76	2.38327	0.128854	1.85925e-09	1.20706	0.200854	0.135443	0.404318	0.270813	0.439662	-0.249894	0.323377	6.41003e-17	3.46756	0.414908	0	0	3.30148e-25
144	rs1	1:1	2:0.46625	rs2	1:2	2:0.2435	0	1000	1	1.2955e-60	2.16469	0.131803	7.36711e-20	1.95251	0.214042	0.168917	-0.586538	0.426359	0.402117	0.275138	0.328387	4.20701e-16	4.29806	0.528507	0	0	3.30083e-29
145	rs1	1:1	2:0.4625	rs2	1:2	2:0.2435	0	1000	1	9.32128e-76	2.438	0.132366	7.45764e-08	1.14648	0.21311	0.436592	-0.280834	0.360987	0.00694019	-1.8294	0.677629	1.4989e-17	4.99293	0.585527	0	0	1.24732e-35
146	rs1	1:1	2:0.465	rs2	1:2	2:0.24625	0	1000	1	3.38827e-69	2.35021	0.133672	1.12073e-13	1.5748	0.21207	0.165123	-0.647497	0.466481	0.919482	-0.0343179	0.339493	1.04475e-15	4.51879	0.563336	0	0	5.79693e-30
147	rs1	1:1	2:0.4605	rs2	1:2	2:0.2475	0	1000	1	7.90665e-82	2.45078	0.127911	5.2449e-07	1.02584	0.204467	0.978844	-0.00831948	0.313723	0.00723012	-1.31227	0.48855	9.38618e-20	4.31116	0.473971	0	0	1.03617e-33
148	rs1	1:1	2:0.4715	rs2	1:2	2:0.24825	0	1000	1	1.2496e-70	2.31725	0.130417	2.82983e-16	1.72637	0.211038	0.61627	-0.176851	0.352895	0.749648	-0.114785	0.359712	9.3526e-18	4.1612	0.484896	0	0	2.01113e-30
149	rs1	1:1	2:0.4735	rs2	1:2	2:0.255	0	1000	1	0	2.65364	0.136013	3.98476e-08	1.15476	0.210281	0.309789	0.327876	0.322819	0.0891858	-0.766771	0.451119	7.19383e-17	3.85816	0.462399	0	0	1.937e-26
150	rs1	1:1	2:0.468	rs2	1:2	2:0.24575	0	1000	1	2.50806e-74	2.34558	0.128599	2.83036e-13	1.49743	0.205064	0.421711	0.233315	0.290389	0.510457	-0.23713	0.360311	4.33294e-18	3.55797	0.410392	0	0	1.53116e-26
151	rs1	1:1	2:0.45575	rs2	1:2	2:0.242	0	1000	1	2.33644e-75	2.34861	0.127859	1.934e-09	1.22208	0.20357	0.973498	0.0102817	0.309483	0.103942	-0.621395	0.382153	3.44702e-19	3.96242	0.442561	0	0	3.67888e-30
152	rs1	1:1	2:0.47475	rs2	1:2	2:0.24425	0	1000	1	3.96113e-68	2.23788	0.128304	2.30188e-20	1.92302	0.207954	0.990337	-0.00357658	0.295327	0.743271	-0.121323	0.370423	1.56386e-15	4.39551	0.551382	0	0	1.25113e-32
153	rs1	1:1	2:0.476	rs2	1:2	2:0.2445	0	1000	1	3.59968e-71	2.27158	0.127347	2.22001e-13	1.54097	0.210089	0.45464	-0.23481	0.314042	0.00565397	-2.05442	0.742417	3.39327e-18	5.02653	0.577929	0	0	1.15474e-39
154	rs1	1:1	2:0.46925	rs2	1:2	2:0.24375	0	1000	1	1.09554e-66	2.30486	0.133606	2.50466e-16	1.78225	0.217478	0.498313	-0.242744	0.358481	0.568832	-0.222746	0.390939	2.1044e-15	4.6653	0.587937	0	0	7.77405e-32
155	rs1	1:1	2:0.46575	rs2	1:2	2:0.248	0	1000	1	5.58311e-76	2.47719	0.134292	5.33953e-09	1.27506	0.218473	0.937793	-0.0264847	0.339358	0.0291142	-1.07336	0.491928	3.73741e-18	4.46192	0.513661	0	0	7.57894e-32
156	rs1	1:1	2:0.45325	rs2	1:2	2:0.2405	0	1000	1	1.17317e-74	2.29502	0.125542	1.28492e-07	1.08354	0.205178	0.32875	-0.32205	0.329755	0.00361089	-1.46559	0.50359	5.1376e-21	4.57911	0.486812	0	0	4.8407e-37
157	rs1	1:1	2:0.457	rs2	1:2	2:0.243	0	1000	1	9.10899e-73	2.24804	0.1246	1.75055e-11	1.31792	0.19596	0.75519	-0.101354	0.325057	0.614336	-0.159119	0.315779	1.54805e-18	3.58487	0.408015	0	0	6.93715e-28
158	rs1	1:1	2:0.47625	rs2	1:2	2:0.2465	0	1000	1	2.25866e-76	2.54257	0.137472	2.88812e-09	1.30817	0.220311	0.0744456	0.497326	0.278792	0.00924295	-1.95032	0.749277	2.98e-14	4.31248	0.567493	0	0	4.35418e-28
159	rs1	1:1	2:0.465	rs2	1:2	2:0.24975	0	1000	1	0	2.51893	0.129486	3.88369e-10	1.24636	0.199142	0.647286	0.142415	0.311266	0.198557	-0.463786	0.360733	2.29696e-16	4.26189	0.519396	0	0	9.02729e-31
160	rs1	1:1	2:0.47075	rs2	1:2	2:0.24825	0	1000	1	7.24712e-73	2.5503	0.141254	1.72789e-06	1.12156	0.234494	0.204392	0.405075	0.319174	0.00969134	-1.54678	0.597984	4.59308e-15	3.87506	0.494421	0	0	1.72879e-23
161	rs1	1:1	2:0.462	rs2	1:2	2:0.246	0	1000	1	4.54034e-77	2.30973	0.124303	3.07121e-13	1.41839	0.194533	0.849709	-0.0583727	0.308053	0.478659	-0.231056	0.326138	3.65442e-19	4.05411	0.453127	0	0	3.93612e-33
162	rs1	1:1	2:0.4555	rs2	1:2	2:0.24725	0	1000	1	3.55799e-81	2.37924	0.124686	2.07567e-10	1.24801	0.196363	0.316845	0.273223	0.272961	0.337374	-0.30045	0.313176	3.15554e-18	3.69202	0.424091	0	0	1.06516e-28
163	rs1	1:1	2:0.4555	rs2	1:2	2:0.23925	0	1000	1	1.42751e-69	2.2962	0.130238	1.85944e-10	1.33304	0.209185	0.492597	-0.236468	0.344612	0.142017	-0.586026	0.399113	7.52645e-19	4.24003	0.478191	0	0	1.86317e-31
164	rs1	1:1	2:0.457	rs2	1:2	2:0.24925	0	1000	1	1.43805e-77	2.49188	0.133662	3.4248e-10	1.26066	0.200799	0.86024	0.0632573	0.359276	0.824732	0.0642793	0.290249	1.6714e-15	3.71916	0.467022	0	0	3.65636e-24
165	rs1	1:1	2:0.47175	rs2	1:2	2:0.246	0	1000	1	1.51834e-67	2.32959	0.134154	2.52042e-15	1.70128	0.215009	0.591784	0.174985	0.32631	0.795746	0.0903295	0.348955	8.56542e-16	3.38734	0.421005	0	0	4.03516e-22
166	rs1	1:1	2:0.468	rs2	1:2	2:0.24325	0	1000	1	3.17688e-70	2.22664	0.125688	2.84785e-10	1.31582	0.208633	0.105933	-0.576624	0.356658	0.000501753	-2.61311	0.750932	2.99456e-19	5.40424	0.602552	0	0	1.79784e-42
167	rs1	1:1	2:0.45825	rs2	1:2	2:0.245	0	1000	1	5.75491e-73	2.28879	0.126681	3.45692e-13	1.45043	0.199363	0.647577	-0.156423	0.342184	0.988386	0.004393	0.301799	6.3045e-18	3.81458	0.442174	0	0	3.24348e-28
168	rs1	1:1	2:0.4585	rs2	1:2	2:0.242	0	1000	1	1.05897e-70	2.33017	0.131075	2.56791e-10	1.33622	0.211332	0.220397	-0.482335	0.393591	0.083809	-0.745775	0.431333	3.26218e-18	4.78177	0.549505	0	0	1.02998e-35
169	rs1	1:1	2:0.4645	rs2	1:2	2:0.2525	0	1000	1	0	2.49769	0.127006	1.68546e-08	1.13024	0.200343	0.739388	-0.110529	0.332253	0.0216471	-0.943577	0.410875	6.44159e-20	4.44099	0.486063	0	0	2.5241e-34
170	rs1	1:1	2:0.468	rs2	1:2	2:0.24775	0	1000	1	4.52169e-77	2.36998	0.127544	3.28069e-11	1.36939	0.206438	0.187036	-0.50041	0.379272	0.031777	-0.985272	0.458863	4.77768e-20	4.81508	0.525152	0	0	3.86753e-37
171	rs1	1:1	2:0.471	rs2	1:2	2:0.24325	0	1000	1	2.35994e-69	2.29634	0.130456	6.72052e-16	1.69236	0.209568	0.697527	0.114709	0.295139	0.531051	-0.241238	0.385116	5.96811e-18	3.94689	0.457178	0	0	9.08812e-30
172	rs1	1:1	2:0.46525	rs2	1:2	2:0.245	0	1000	1	3.74993e-70	2.40492	0.135823	2.05509e-11	1.47177	0.2196	0.994488	-0.00239689	0.346968	0.269596	-0.454116	0.41134	4.43874e-17	4.02763	0.47944	0	0	5.28117e-27
173	rs1	1:1	2:0.45725	rs2	1:2	2:0.24425	0	1000	1	5.57683e-74	2.42077	0.13304	2.59549e-09	1.25751	0.211157	0.859581	0.0589882	0.333441	0.272031	-0.401856	0.365856	2.65132e-17	3.8616	0.456401	0	0	1.35745e-26
174	rs1	1:1	2:0.46325	rs2	1:2	2:0.24775	0	1000	1	1.47162e-79	2.28397	0.120931	3.45505e-10	1.23453	0.19668	0.264961	-0.36729	0.329484	0.00668855	-1.29558	0.477726	4.15907e-22	4.69119	0.485273	0	0	3.91981e-42
175	rs1	1:1	2:0.4655	rs2	1:2	2:0.24775	0	1000	1	4.75717e-80	2.40656	0.127021	5.57196e-12	1.34902	0.195789	0.549462	-0.208467	0.348277	0.334849	-0.332729	0.345015	6.95835e-19	4.20876	0.474197	0	0	1.04358e-31
176	rs1	1:1	2:0.47375	rs2	1:2	2:0.25075	0	1000	1	1.6809e-72	2.4131	0.134	2.43875e-16	1.73402	0.21151	0.657354	-0.16958	0.382308	0.696347	0.129277	0.331261	2.95346e-16	4.03524	0.493595	0	0	1.3028e-26
177	rs1	1:1	2:0.46125	rs2	1:2	2:0.24175	0	1000	1	1.31346e-70	2.29784	0.129345	2.43472e-10	1.34775	0.212879	0.215173	0.338611	0.273191	0.0888173	-0.714675	0.419985	6.77988e-18	3.46244	0.401742	0	0	2.98962e-25
178	rs1	1:1	2:0.46775	rs2	1:2	2:0.246	0	1000	1	6.5829e-74	2.28466	0.125623	1.85484e-13	1.48956	0.202417	0.0856001	-0.686819	0.399528	0.0905247	-0.706741	0.417539	5.8306e-20	4.88774	0.53433	0	0	6.98422e-39
179	rs1	1:1	2:0.46125	rs2	1:2	2:0.247	0	1000	1	1.835e-79	2.64586	0.140179	3.611e-07	1.10306	0.216779	0.00143219	0.855998	0.268499	0.342666	-0.356948	0.376166	3.96329e-14	3.15758	0.417548	0	0	1.92853e-19
180	rs1	1:1	2:0.46325	rs2	1:2	2:0.245	0	1000	1	1.75909e-72	2.23248	0.123987	1.21766e-14	1.53142	0.19852	0.0375189	-0.956242	0.459716	0.34438	-0.327283	0.346131	1.96738e-17	5.21272	0.613571	0	0	3.08199e-41
181	rs1	1:1	2:0.46575	rs2	1:2	2:0.24725	0	1000	1	1.68744e-72	2.30711	0.128116	2.20598e-14	1.56471	0.204859	0.797368	0.0798837	0.311129	0.872391	-0.0531054	0.330624	5.07557e-18	3.63188	0.41979	0	0	3.68199e-27
182	rs1	1:1	2:0.469	rs2	1:2	2:0.25	0	1000	1	3.60079e-78	2.38862	0.127618	1.70586e-11	1.38034	0.205127	0.726062	-0.116869	0.333559	0.0986101	-0.675618	0.409062	1.35407e-19	4.22065	0.466065	0	0	2.50434e-33
183	rs1	1:1	2:0.45525	rs2	1:2	2:0.2405	0	1000	1	8.45182e-63	2.2075	0.131979	3.5926e-18	1.78844	0.205781	0.593775	-0.190959	0.358021	0.0760808	0.492181	0.277458	5.05812e-15	3.96571	0.506771	0	0	2.54334e-26
184	rs1	1:1	2:0.4615	rs2	1:2	2:0.24675	0	1000	1	2.11832e-80	2.5196	0.13269	2.95019e-08	1.16126	0.209448	0.366474	0.273613	0.302972	0.0813375	-0.715481	0.410494	2.42652e-17	3.9824	0.470105	0	0	4.94307e-28
185	rs1	1:1	2:0.46375	rs2	1:2	2:0.2445	0	1000	1	1.36913e-75	2.37102	0.128875	4.53458e-10	1.29798	0.208196	0.376286	0.250034	0.282602	0.0614323	-0.822027	0.439499	9.81769e-19	3.76887	0.426479	0	0	1.6859e-28
186	rs1	1:1	2:0.46225	rs2	1:2	2:0.24225	0	1000	1	6.9627e-69	2.33108	0.132893	5.68204e-12	1.48137	0.215084	0.215532	-0.495185	0.399827	0.16065	-0.594932	0.424076	1.66348e-17	4.83	0.567222	0	0	2.56751e-34
187	rs1	1:1	2:0.4605	rs2	1:2	2:0.24875	0	1000	1	8.53259e-81	2.39004	0.125552	9.66872e-11	1.26765	0.195865	0.793529	-0.0860697	0.328848	0.314042	-0.329065	0.326851	4.41581e-19	3.98537	0.446489	0	0	1.00788e-30
188	rs1	1:1	2:0.4545	rs2	1:2	2:0.24025	0	1000	1	5.80126e-68	2.16478	0.124268	5.49446e-12	1.39031	0.201723	0.998036	-0.000723449	0.293889	0.436584	-0.262588	0.337527	1.87549e-19	3.51857	0.390072	0	0	9.73743e-29
189	rs1	1:1	2:0.477	rs2	1:2	2:0.2495	0	1000	1	3.30857e-78	2.44516	0.130607	3.27652e-12	1.43321	0.205763	0.834015	-0.0697363	0.332782	0.0561661	-0.941087	0.492781	8.05063e-19	4.30105	0.485484	0	0	3.95919e-32
190	rs1	1:1	2:0.47175	rs2	1:2	2:0.24475	0	1000	1	3.03092e-69	2.14262	0.121821	2.36657e-17	1.69417	0.199921	0.0583228	-0.705444	0.372607	0.118035	-0.637089	0.407587	1.23603e-21	4.75712	0.497868	0	0	3.22033e-41
191	rs1	1:1	2:0.46875	rs2	1:2	2:0.243	0	1000	1	2.47777e-66	2.20258	0.128027	2.07475e-16	1.71555	0.208763	0.938315	0.0232996	0.301077	0.684653	-0.14788	0.364127	8.29575e-19	3.69762	0.417528	0	0	1.24321e-28
192	rs1	1:1	2:0.4725	rs2	1:2	2:0.25225	0	1000	1	1.72464e-79	2.50661	0.132778	1.69141e-12	1.46449	0.207498	0.868366	-0.0590242	0.356138	0.36983	-0.336517	0.375245	3.27252e-17	4.30523	0.510316	0	0	1.60637e-30
193	rs1	1:1	2:0.46125	rs2	1:2	2:0.248	0	1000	1	9.2113e-77	2.35758	0.127138	1.92381e-12	1.40069	0.198965	0.697599	-0.134416	0.345931	0.758525	-0.0954651	0.310538	5.07057e-18	3.87819	0.448254	0	0	2.74482e-28
194	rs1	1:1	2:0.44425	rs2	1:2	2:0.23675	0	1000	1	1.21159e-73	2.22865	0.122769	4.37824e-11	1.27289	0.193136	0.310618	0.264274	0.260644	0.569618	-0.169413	0.297941	2.56777e-18	3.42503	0.392371	0	0	5.53035e-27
195	rs1	1:1	2:0.47125	rs2	1:2	2:0.2565	0	1000	1	0	2.54162	0.125745	6.50937e-08	1.05914	0.195984	0.784274	0.0842932	0.307917	0.00779294	-1.24674	0.468538	3.77733e-20	4.18045	0.454683	0	0	3.59558e-33
196	rs1	1:1	2:0.47	rs2	1:2	2:0.246	0	1000	1	5.46269e-72	2.34299	0.130581	9.09673e-11	1.38334	0.213438	0.252995	-0.444302	0.38868	0.0140832	-1.58421	0.645265	6.71228e-18	4.97783	0.577493	0	0	8.1767e-38
197	rs1	1:1	2:0.463	rs2	1:2	2:0.2445	0	1000	1	3.40721e-74	2.4034	0.13189	7.63667e-11	1.37925	0.211944	0.0352631	0.562236	0.267054	0.408462	-0.304476	0.368346	2.87594e-16	3.21437	0.39303	0	0	3.51938e-22
198	rs1	1:1	2:0.465	rs2	1:2	2:0.24975	0	1000	1	9.9772e-79	2.37403	0.126377	9.45917e-12	1.3385	0.19642	0.549594	0.1865	0.311681	0.789509	-0.083423	0.312506	4.15871e-17	3.30902	0.39354	0	0	8.18221e-24
199	rs1	1:1	2:0.459	rs2	1:2	2:0.2445	0	1000	1	6.51116e-73	2.32991	0.129005	2.0999e-10	1.3328	0.209763	0.893728	-0.042572	0.318681	0.138152	-0.571009	0.385112	3.57871e-19	4.05379	0.452975	0	0	2.56826e-31
200	rs1	1:1	2:0.4565	rs2	1:2	2:0.245	0	1000	1	5.20193e-77	2.35241	0.126649	1.15197e-09	1.22458	0.201187	0.228278	-0.45367	0.37655	0.101702	-0.600231	0.366742	2.72148e-19	4.55689	0.50748	0	0	4.04902e-35
201	rs1	1:1	2:0.467	rs2	1:2	2:0.2455	0	1000	1	7.48053e-75	2.39461	0.130814	2.97463e-14	1.57234	0.206903	0.0803028	0.469808	0.268625	0.974219	-0.0108198	0.3348	7.85723e-16	3.52226	0.4372	0	0	6.39809e-25
202	rs1	1:1	2:0.469	rs2	1:2	2:0.25125	0	1000	1	1.53216e-75	2.38168	0.129498	4.06344e-15	1.61541	0.205708	0.673787	-0.149855	0.355988	0.892783	-0.0440923	0.327135	1.86421e-17	4.12303	0.48495	0	0	1.23383e-29
203	rs1	1:1	2:0.47375	rs2	1:2	2:0.25175	0	1000	1	2.45156e-78	2.57066	0.137194	1.96314e-09	1.32543	0.220875	0.670353	-0.164357	0.38612	0.0387472	-1.07387	0.519566	2.45413e-17	4.59017	0.541933	0	0	3.40302e-30
204	rs1	1:1	2:0.47025	rs2	1:2	2:0.24725	0	1000	1	1.06675e-77	2.4052	0.128903	1.29464e-10	1.31396	0.204419	0.485539	-0.247896	0.355447	0.0445058	-0.987225	0.491329	4.69012e-19	4.4657	0.500675	0	0	2.39339e-34
205	rs1	1:1	2:0.46125	rs2	1:2	2:0.2425	0	1000	1	2.02352e-73	2.46545	0.136025	1.18837e-10	1.38636	0.215246	0.0148226	0.662745	0.271987	0.675713	-0.151198	0.36144	1.21366e-14	3.23833	0.419767	0	0	8.31535e-21
206	rs1	1:1	2:0.46375	rs2	1:2	2:0.24075	0	1000	1	9.75549e-68	2.28134	0.131184	1.80351e-15	1.66558	0.209397	0.597587	0.155522	0.294621	0.949605	0.0213951	0.338518	3.16453e-16	3.87739	0.47477	0	0	4.81844e-28
207	rs1	1:1	2:0.4655	rs2	1:2	2:0.24275	0	1000	1	3.61654e-68	2.35772	0.135135	1.85685e-11	1.4965	0.222798	0.953657	-0.019324	0.33251	0.0906271	-0.80232	0.474157	8.01173e-18	4.22199	0.490963	0	0	3.52041e-29
208	rs1	1:1	2:0.45925	rs2	1:2	2:0.2465	0	1000	1	3.73105e-78	2.57434	0.137554	4.84454e-07	1.08846	0.216291	0.225387	0.38086	0.314156	0.1288	-0.60919	0.401086	3.83683e-16	3.7152	0.456211	0	0	4.3166e-24
209	rs1	1:1	2:0.4495	rs2	1:2	2:0.23675	0	1000	1	1.85356e-70	2.33146	0.13138	4.47923e-12	1.42822	0.206355	0.0153569	0.620077	0.255823	0.709144	0.113743	0.304937	5.0092e-14	3.18165	0.422435	0	0	4.73173e-21
210	rs1	1:1	2:0.469	rs2	1:2	2:0.2475	0	1000	1	7.72315e-79	2.40904	0.128148	5.30003e-10	1.27807	0.20581	0.986527	0.00523034	0.309733	0.0172758	-1.20494	0.506112	1.74743e-19	4.26547	0.472468	0	0	8.42735e-33
211	rs1	1:1	2:0.4645	rs2	1:2	2:0.248	0	1000	1	1.85672e-77	2.29489	0.123186	1.30818e-11	1.34874	0.19929	0.35319	-0.314901	0.33918	0.0772078	-0.672394	0.380502	5.3372e-21	4.24404	0.451382	0	0	4.49915e-35
212	rs1	1:1	2:0.46475	rs2	1:2	2:0.2505	0	1000	1	0	2.44057	0.125727	2.17963e-08	1.10451	0.197336	0.42373	-0.289043	0.361318	0.0332907	-0.874447	0.410817	9.23448e-20	4.28274	0.470754	0	0	4.71384e-33
213	rs1	1:1	2:0.46675	rs2	1:2	2:0.24675	0	1000	1	4.63601e-71	2.23842	0.125587	5.81451e-16	1.6333	0.201813	0.721404	-0.11621	0.325898	0.951409	-0.0198373	0.325534	1.07029e-18	3.74809	0.424591	0	0	7.29264e-29
214	rs1	1:1	2:0.472	rs2	1:2	2:0.25375	0	1000	1	9.61747e-76	2.3922	0.129892	5.90744e-18	1.7369	0.201162	0.245247	-0.503345	0.433181	0.283119	0.307725	0.286699	6.35191e-16	4.31885	0.534354	0	0	6.993e-29
215	rs1	1:1	2:0.471	rs2	1:2	2:0.25325	0	1000	1	1.31777e-82	2.50031	0.129835	1.52875e-11	1.37008	0.20312	0.238631	0.345409	0.293113	0.453794	-0.261162	0.348632	9.50695e-18	3.58353	0.417673	0	0	2.37958e-26
216	rs1	1:1	2:0.46775	rs2	1:2	2:0.252	0	1000	1	1.88455e-77	2.40878	0.129305	2.28361e-12	1.45085	0.206793	0.461418	-0.278347	0.377926	0.351471	-0.327678	0.351684	3.54305e-18	4.21136	0.484478	0	0	2.23605e-30
217	rs1	1:1	2:0.4615	rs2	1:2	2:0.2455	0	1000	1	2.63328e-73	2.32251	0.128241	5.0985e-12	1.40796	0.20397	0.469755	-0.256589	0.354955	0.291784	-0.378952	0.359463	7.80581e-19	4.1766	0.471253	0	0	1.04378e-31
218	rs1	1:1	2:0.46675	rs2	1:2	2:0.24875	0	1000	1	6.68138e-78	2.40656	0.128803	3.85205e-09	1.2415	0.210765	0.398626	0.237072	0.280865	0.0163065	-1.19827	0.498868	2.97924e-19	3.95531	0.440974	0	0	9.28284e-31
219	rs1	1:1	2:0.4695	rs2	1:2	2:0.25525	0	1000	1	0	2.60227	0.13299	3.21991e-12	1.37478	0.197306	0.315021	0.313267	0.311788	0.989413	-0.00406338	0.306231	1.17303e-13	4.12723	0.556246	0	0	7.35999e-28
220	rs1	1:1	2:0.47225	rs2	1:2	2:0.249	0	1000	1	2.4191e-79	2.62568	0.139218	9.55759e-09	1.25303	0.218359	0.722447	0.125388	0.353016	0.058914	-1.02202	0.541084	4.07416e-16	4.39479	0.540143	0	0	3.80571e-28
221	rs1	1:1	2:0.4645	rs2	1:2	2:0.246	0	1000	1	5.2917e-75	2.31102	0.126118	9.68962e-09	1.19405	0.208166	0.564919	-0.185647	0.322555	0.00440149	-1.50945	0.53003	3.19022e-20	4.39413	0.476982	0	0	1.88059e-35
222	rs1	1:1	2:0.45925	rs2	1:2	2:0.24475	0	1000	1	1.17964e-78	2.37493	0.126485	3.59245e-10	1.22823	0.195865	0.910882	-0.03619	0.323338	0.24233	-0.406119	0.347353	6.35138e-19	3.84716	0.43296	0	0	4.57313e-29
223	rs1	1:1	2:0.46275	rs2	1:2	2:0.24475	0	1000	1	3.36181e-71	2.36486	0.132548	7.40282e-12	1.45119	0.211863	0.891965	0.0447327	0.329358	0.44216	-0.28352	0.368902	1.86335e-17	3.82744	0.45018	0	0	6.62318e-27
224	rs1	1:1	2:0.45425	rs2	1:2	2:0.24275	0	1000	1	6.12436e-80	2.4266	0.128169	1.17349e-07	1.04788	0.197803	0.999755	-9.96821e-05	0.324099	0.0848715	-0.655294	0.380301	1.06578e-18	3.94629	0.447021	0	0	2.96068e-29
225	rs1	1:1	2:0.46175	rs2	1:2	2:0.24475	0	1000	1	7.70768e-75	2.38653	0.130384	2.55686e-12	1.43065	0.204373	0.852976	-0.0621965	0.335613	0.5256	-0.217124	0.342069	2.4991e-17	4.12756	0.487437	0	0	2.93728e-29
226	rs1	1:1	2:0.47475	rs2	1:2	2:0.2485	0	1000	1	2.20985e-75	2.36936	0.128967	4.14395e-14	1.55914	0.206334	0.649399	-0.153392	0.337425	0.187333	-0.556568	0.422119	3.74887e-19	4.32199	0.483221	0	0	1.15618e-33
227	rs1	1:1	2:0.46	rs2	1:2	2:0.2445	0	1000	1	7.13868e-72	2.26745	0.126476	1.32645e-11	1.39028	0.205488	0.465116	-0.247507	0.338842	0.130666	-0.575902	0.381018	7.40828e-20	4.1241	0.452129	0	0	2.38557e-32
228	rs1	1:1	2:0.46275	rs2	1:2	2:0.24825	0	1000	1	6.12436e-80	2.37579	0.125486	5.04982e-09	1.18605	0.202899	0.806078	-0.0770213	0.313747	0.019743	-1.00837	0.432556	1.10966e-20	4.17771	0.448011	0	0	9.31387e-34
229	rs1	1:1	2:0.468	rs2	1:2	2:0.24425	0	1000	1	1.45677e-73	2.37538	0.130925	2.83926e-13	1.53228	0.209849	0.474807	0.207363	0.290149	0.254306	-0.459783	0.403335	2.05399e-17	4.02834	0.474441	0	0	1.51609e-29
230	rs1	1:1	2:0.469	rs2	1:2	2:0.246	0	1000	1	1.85258e-73	2.41655	0.133291	1.4972e-10	1.37852	0.215204	0.382183	-0.332429	0.380406	0.0405757	-1.08018	0.527473	3.20139e-18	4.6772	0.537356	0	0	3.55056e-33
231	rs1	1:1	2:0.4645	rs2	1:2	2:0.2495	0	1000	1	1.29471e-80	2.3895	0.125667	3.44365e-11	1.31477	0.19842	0.0869557	-0.72981	0.426371	0.0817688	-0.667116	0.383287	4.88446e-18	5.20081	0.600831	0	0	3.54095e-40
232	rs1	1:1	2:0.473	rs2	1:2	2:0.25125	0	1000	1	3.29444e-83	2.60407	0.134772	1.3795e-08	1.21126	0.213403	0.0297625	0.612342	0.281765	0.0536621	-0.904364	0.468691	3.63527e-16	3.56803	0.437788	0	0	6.96762e-24
233	rs1	1:1	2:0.469	rs2	1:2	2:0.24275	0	1000	1	1.45508e-68	2.37182	0.13554	4.37756e-12	1.54809	0.22357	0.741217	0.102539	0.310497	0.0443394	-1.09854	0.546301	2.73245e-17	4.37183	0.516919	0	0	3.28458e-30
234	rs1	1:1	2:0.457	rs2	1:2	2:0.2415	0	1000	1	3.47758e-71	2.45132	0.137408	4.2961e-08	1.23038	0.224594	0.0526477	0.532837	0.27497	0.13582	-0.627519	0.420719	3.55848e-16	3.48459	0.427415	0	0	3.51135e-23
235	rs1	1:1	2:0.46	rs2	1:2	2:0.2475	0	1000	1	1.20868e-69	2.18421	0.12382	9.09375e-19	1.73328	0.195946	0.0610375	-0.864533	0.461522	0.307895	0.28041	0.275007	2.88993e-16	4.63851	0.567205	0	0	5.40051e-34
236	rs1	1:1	2:0.4595	rs2	1:2	2:0.2395	0	1000	1	1.47954e-69	2.31406	0.131265	3.42194e-14	1.56168	0.205992	0.179245	0.371269	0.276431	0.685037	0.12739	0.31408	1.45285e-15	3.49951	0.438487	0	0	1.31876e-24
237	rs1	1:1	2:0.45975	rs2	1:2	2:0.24325	0	1000	1	4.32462e-74	2.48234	0.13632	1.76079e-09	1.30107	0.21618	0.398484	0.26748	0.316795	0.298412	-0.399394	0.38409	7.20745e-16	3.88061	0.48105	0	0	2.49907e-25
238	rs1	1:1	2:0.45875	rs2	1:2	2:0.24625	0	1000	1	1.16288e-77	2.38894	0.128063	7.48897e-11	1.31612	0.202153	0.568177	-0.197089	0.345323	0.273753	-0.373411	0.341182	8.12607e-18	4.36814	0.508053	0	0	3.74957e-32
239	rs1	1:1	2:0.47025	rs2	1:2	2:0.24775	0	1000	1	6.473e-77	2.47249	0.133199	5.0472e-11	1.3792	0.209939	0.751525	0.103322	0.326317	0.199803	-0.54664	0.426359	1.23842e-17	4.03893	0.472429	0	0	5.01504e-29
240	rs1	1:1	2:0.45525	rs2	1:2	2:0.24275	0	1000	1	2.33954e-78	2.27165	0.12122	2.00282e-10	1.23187	0.193657	0.676903	0.112061	0.26893	0.109705	-0.557967	0.348834	7.05755e-21	3.77215	0.402453	0	0	2.13316e-32
241	rs1	1:1	2:0.4625	rs2	1:2	2:0.2425	0	1000	1	2.16095e-68	2.38139	0.136262	2.2662e-12	1.51543	0.215964	0.306223	0.315614	0.308464	0.998752	0.000544587	0.348041	1.13463e-15	3.44103	0.42952	0	0	1.21043e-22
242	rs1	1:1	2:0.46625	rs2	1:2	2:0.25075	0	1000	1	3.23151e-79	2.55736	0.135705	5.63797e-09	1.24877	0.214303	0.956875	0.0192033	0.355122	0.148318	-0.58571	0.405196	6.4411e-17	4.28858	0.513181	0	0	2.70705e-29
243	rs1	1:1	2:0.4555	rs2	1:2	2:0.2405	0	1000	1	9.22666e-69	2.11668	0.12078	6.48197e-15	1.51574	0.19447	0.204766	-0.426126	0.336037	0.620849	-0.153909	0.311148	1.36708e-20	4.09221	0.439887	0	0	7.01769e-35
244	rs1	1:1	2:0.46	rs2	1:2	2:0.24925	0	1000	1	3.29444e-83	2.35016	0.121526	1.99404e-10	1.19204	0.187374	0.832952	0.0634033	0.300608	0.300942	-0.323593	0.312827	1.32134e-19	3.54485	0.391324	0	0	2.38534e-28
245	rs1	1:1	2:0.45825	rs2	1:2	2:0.24475	0	1000	1	1.9011e-72	2.25932	0.125508	7.54677e-15	1.54715	0.198991	0.894654	-0.0415379	0.313687	0.855874	0.0541918	0.298365	7.14108e-18	3.83457	0.445227	0	0	4.93561e-29
246	rs1	1:1	2:0.46675	rs2	1:2	2:0.24475	0	1000	1	7.61117e-71	2.31642	0.130167	8.09578e-15	1.61997	0.208596	0.662891	0.132598	0.304176	0.858355	-0.0614823	0.3445	1.59455e-17	3.73499	0.438376	0	0	2.70023e-27
247	rs1	1:1	2:0.463	rs2	1:2	2:0.24775	0	1000	1	5.5651e-74	2.53904	0.139539	1.84991e-09	1.31968	0.219563	0.628281	-0.196202	0.405252	0.257709	-0.448991	0.396697	1.22831e-15	4.51754	0.564581	0	0	2.81564e-28
248	rs1	1:1	2:0.4685	rs2	1:2	2:0.24875	0	1000	1	2.19739e-80	2.50003	0.131673	5.89171e-08	1.15235	0.212531	0.638664	-0.162368	0.345781	0.00393349	-1.91026	0.662493	7.22046e-18	4.95477	0.575377	0	0	8.99019e-36
249	rs1	1:1	2:0.46175	rs2	1:2	2:0.24325	0	1000	1	6.34911e-76	2.49539	0.13533	2.7414e-07	1.1305	0.219924	0.0541312	0.517271	0.268603	0.0193922	-1.31046	0.560526	2.10425e-16	3.85039	0.468646	0	0	1.25432e-26
250	rs1	1:1	2:0.459	rs2	1:2	2:0.24575	0	1000	1	1.11982e-77	2.35437	0.126196	2.38787e-09	1.21804	0.204062	0.521555	-0.212109	0.33093	0.0296072	-0.885884	0.407246	1.58498e-20	4.33246	0.466501	0	0	4.3407e-34
251	rs1	1:1	2:0.47	rs2	1:2	2:0.24775	0	1000	1	1.52765e-75	2.38389	0.129617	3.86787e-13	1.48928	0.205132	0.969058	-0.0127835	0.329561	0.446791	-0.278104	0.365553	2.57179e-18	3.91013	0.447952	0	0	6.0246e-29
252	rs1	1:1	2:0.4615	rs2	1:2	2:0.24175	0	1000	1	2.16887e-74	2.37469	0.130138	9.56572e-08	1.14881	0.215343	0.213316	-0.447541	0.359615	0.00218046	-3.11896	1.01778	4.11344e-15	5.89682	0.751051	0	0	7.67663e-42
253	rs1	1:1	2:0.46625	rs2	1:2	2:0.2505	0	1000	1	1.86004e-79	2.51983	0.133507	2.34594e-10	1.33871	0.21126	0.0385647	0.578961	0.279854	0.442349	-0.273034	0.355405	4.65516e-16	3.31961	0.40881	0	0	2.82355e-22
254	rs1	1:1	2:0.4665	rs2	1:2	2:0.24575	0	1000	1	2.89474e-71	2.27698	0.127563	2.71109e-16	1.63601	0.199866	0.459691	-0.264907	0.358295	0.637843	0.142005	0.301677	7.56389e-18	3.9691	0.461201	0	0	1.51698e-29
255	rs1	1:1	2:0.4525	rs2	1:2	2:0.24125	0	1000	1	4.60048e-74	2.36212	0.129742	2.54028e-09	1.23692	0.207578	0.300514	0.292937	0.28294	0.266459	-0.388247	0.349378	1.13063e-17	3.5804	0.41828	0	0	4.59452e-26
256	rs1	1:1	2:0.46825	rs2	1:2	2:0.24975	0	1000	1	3.51042e-78	2.28915	0.122294	2.01606e-10	1.27124	0.199877	0.280026	-0.366546	0.339313	0.00912517	-1.17148	0.449304	1.35442e-21	4.3767	0.458509	0	0	6.55142e-37
257	rs1	1:1	2:0.465	rs2	1:2	2:0.245	0	1000	1	8.43252e-70	2.27022	0.128547	1.55776e-13	1.54482	0.209265	0.242538	-0.43726	0.374153	0.15927	-0.56856	0.403941	2.96581e-19	4.49744	0.501388	0	0	2.48449e-34
258	rs1	1:1	2:0.4595	rs2	1:2	2:0.24575	0	1000	1	7.98384e-72	2.32946	0.12998	3.42273e-12	1.44722	0.207958	0.87758	-0.0527932	0.342729	0.878446	-0.0491598	0.321432	3.97699e-17	3.73494	0.443918	0	0	3.67631e-26
259	rs1	1:1	2:0.45775	rs2	1:2	2:0.24325	0	1000	1	7.99476e-73	2.19247	0.121471	8.26246e-15	1.50493	0.193847	0.767312	0.0814379	0.275227	0.937696	-0.023317	0.2983	1.42616e-19	3.61365	0.399286	0	0	1.27247e-30
260	rs1	1:1	2:0.4695	rs2	1:2	2:0.24525	0	1000	1	4.30268e-70	2.37845	0.134387	5.62149e-14	1.63187	0.217102	0.46918	0.223133	0.308274	0.61745	-0.191158	0.382723	9.39726e-17	3.74989	0.451133	0	0	1.06613e-25
261	rs1	1:1	2:0.4615	rs2	1:2	2:0.24625	0	1000	1	1.05418e-77	2.47157	0.132455	2.53766e-10	1.33413	0.21094	0.0354779	0.569546	0.270843	0.341264	-0.344046	0.361517	4.96309e-16	3.43794	0.423788	0	0	2.20162e-23
262	rs1	1:1	2:0.4595	rs2	1:2	2:0.24775	0	1000	1	2.40616e-78	2.44656	0.130564	4.44084e-14	1.45858	0.193256	0.166191	0.40396	0.291763	0.214513	0.326661	0.263171	1.15832e-13	3.58266	0.482744	0	0	7.72812e-24
263	rs1	1:1	2:0.466	rs2	1:2	2:0.246	0	1000	1	8.1512e-75	2.26803	0.12393	2.40038e-14	1.52694	0.200198	0.43148	0.212527	0.270163	0.41981	-0.280028	0.347107	1.48611e-19	3.56885	0.394532	0	0	7.70282e-29
264	rs1	1:1	2:0.45875	rs2	1:2	2:0.2465	0	1000	1	1.58133e-79	2.49556	0.132161	1.86959e-07	1.09456	0.210012	0.575838	-0.200444	0.358272	0.0238019	-1.02588	0.453867	5.84481e-18	4.74508	0.549483	0	0	2.65689e-34
265	rs1	1:1	2:0.471	rs2	1:2	2:0.24725	0	1000	1	3.20871e-72	2.32262	0.129233	9.3851e-17	1.69822	0.204302	0.746038	-0.109159	0.337048	0.882742	0.0482391	0.327059	1.81995e-17	4.09962	0.482039	0	0	1.06281e-30
266	rs1	1:1	2:0.46125	rs2	1:2	2:0.246	0	1000	1	2.40494e-81	2.46404	0.128991	7.96316e-09	1.17088	0.202953	0.419111	0.237338	0.293748	0.0901051	-0.667467	0.393822	2.7851e-18	3.89478	0.446656	0	0	5.88251e-29
267	rs1	1:1	2:0.45775	rs2	1:2	2:0.245	0	1000	1	6.42182e-73	2.34964	0.130092	4.5894e-12	1.41986	0.205249	0.680041	0.127954	0.310261	0.872743	-0.050749	0.316835	3.28739e-17	3.69444	0.437944	0	0	9.9861e-27
268	rs1	1:1	2:0.47075	rs2	1:2	2:0.25125	0	1000	1	4.84282e-81	2.62151	0.137496	1.58693e-07	1.14759	0.218915	0.0623908	0.564914	0.303146	0.0711647	-0.825783	0.457644	1.82036e-15	3.49948	0.440019	0	0	3.69134e-22
269	rs1	1:1	2:0.46075	rs2	1:2	2:0.24575	0	1000	1	2.57701e-78	2.44741	0.130634	4.3316e-10	1.28931	0.206567	0.223066	0.345592	0.28364	0.231229	-0.438192	0.366014	3.23735e-17	3.76679	0.446425	0	0	3.57546e-27
270	rs1	1:1	2:0.46375	rs2	1:2	2:0.24525	0	1000	1	2.65041e-76	2.36944	0.128171	3.70801e-09	1.23027	0.208637	0.809558	-0.0770449	0.319694	0.0184254	-1.12118	0.475689	9.54261e-20	4.22275	0.464342	0	0	2.31486e-32
271	rs1	1:1	2:0.46425	rs2	1:2	2:0.24575	0	1000	1	3.78585e-73	2.35207	0.130017	1.07912e-12	1.48902	0.209131	0.99731	0.00106542	0.316006	0.32364	-0.369885	0.374755	1.66449e-17	4.24614	0.49866	0	0	3.38554e-32
272	rs1	1:1	2:0.4695	rs2	1:2	2:0.252	0	1000	1	4.93846e-75	2.42346	0.132226	3.58869e-15	1.63318	0.207559	0.836169	-0.0751678	0.363488	0.84294	0.0636627	0.321311	1.28955e-16	3.92586	0.47445	0	0	2.81937e-26
273	rs1	1:1	2:0.4585	rs2	1:2	2:0.24025	0	1000	1	5.88034e-60	2.06155	0.126231	1.57009e-19	1.86398	0.206197	0.137768	-0.581684	0.391929	0.445023	0.235626	0.308517	1.95157e-17	4.20954	0.495435	0	0	1.15876e-31
274	rs1	1:1	2:0.46475	rs2	1:2	2:0.24725	0	1000	1	2.27293e-75	2.37869	0.129486	2.0551e-11	1.38454	0.206585	0.371511	-0.334347	0.374137	0.158585	-0.551428	0.391127	1.16457e-18	4.45864	0.505626	0	0	2.09453e-33
275	rs1	1:1	2:0.47525	rs2	1:2	2:0.2495	0	1000	1	1.76572e-72	2.31116	0.128359	2.85349e-20	1.86748	0.202452	0.892885	-0.0437022	0.324551	0.391183	0.261959	0.305502	9.63554e-17	4.0422	0.486473	0	0	5.22581e-30
276	rs1	1:1	2:0.46875	rs2	1:2	2:0.24925	0	1000	1	1.35026e-76	2.34776	0.126749	2.08499e-15	1.59288	0.200711	0.879978	0.0461711	0.305774	0.821079	-0.0736392	0.32561	2.01412e-17	4.07611	0.479939	0	0	1.03843e-31
277	rs1	1:1	2:0.46825	rs2	1:2	2:0.24925	0	1000	1	9.13255e-74	2.44379	0.134505	2.58244e-12	1.52106	0.217332	0.446934	0.236732	0.31127	0.427196	-0.301304	0.379476	5.27746e-17	3.82838	0.456829	0	0	1.7706e-26
278	rs1	1:1	2:0.45475	rs2	1:2	2:0.23925	0	1000	1	1.09947e-64	2.16901	0.127718	2.63143e-14	1.56985	0.206145	0.33918	-0.335957	0.351497	0.782448	-0.0911304	0.330026	2.07429e-18	4.10891	0.469419	0	0	1.65864e-31
279	rs1	1:1	2:0.47475	rs2	1:2	2:0.25075	0	1000	1	4.70869e-77	2.57068	0.138361	2.0512e-10	1.41289	0.222242	0.233401	0.360001	0.302104	0.0537002	-1.02594	0.531783	2.05043e-16	4.20015	0.511023	0	0	1.93561e-28
280	rs1	1:1	2:0.4535	rs2	1:2	2:0.23825	0	1000	1	9.21689e-66	2.10181	0.122714	1.2326e-16	1.62602	0.196381	0.100183	-0.589005	0.358283	0.994747	-0.00197532	0.300035	3.07257e-19	4.41196	0.492072	0	0	2.86563e-35
281	rs1	1:1	2:0.46075	rs2	1:2	2:0.247	0	1000	1	8.06775e-79	2.57936	0.137225	7.20687e-07	1.07802	0.217531	0.404718	0.265701	0.318883	0.0560344	-0.851383	0.445571	8.57179e-17	4.06477	0.488374	0	0	2.81946e-27
282	rs1	1:1	2:0.46	rs2	1:2	2:0.24825	0	1000	1	9.88331e-83	2.3455	0.121774	5.45821e-08	1.0561	0.194289	0.332671	-0.325633	0.336138	0.00702264	-1.20185	0.445827	1.19236e-21	4.4219	0.462605	0	0	6.06527e-38
283	rs1	1:1	2:0.461	rs2	1:2	2:0.2395	0	1000	1	7.65422e-67	2.3172	0.13416	4.01302e-10	1.40284	0.224329	0.733114	-0.110835	0.325043	0.0146229	-1.50842	0.617804	1.03773e-17	4.76462	0.555985	0	0	2.22855e-34
284	rs1	1:1	2:0.45575	rs2	1:2	2:0.23725	0	1000	1	1.85729e-63	2.22246	0.132162	8.4394e-13	1.54425	0.215864	0.328438	-0.349109	0.35723	0.230537	-0.484859	0.404394	4.46916e-18	4.50923	0.520326	0	0	8.23459e-33
285	rs1	1:1	2:0.4565	rs2	1:2	2:0.23925	0	1000	1	3.68748e-73	2.34797	0.12978	3.26938e-07	1.09604	0.214606	0.960917	0.0143855	0.293568	0.00218262	-2.18044	0.711587	1.8232e-17	4.75683	0.559328	0	0	5.02328e-36
286	rs1	1:1	2:0.46175	rs2	1:2	2:0.2465	0	1000	1	4.15356e-76	2.32351	0.125852	2.51475e-10	1.26929	0.200645	0.240961	-0.441751	0.376732	0.0916682	-0.647863	0.38411	1.6583e-19	4.30686	0.47675	0	0	1.85236e-33
287	rs1	1:1	2:0.46375	rs2	1:2	2:0.24425	0	1000	1	2.7602e-70	2.21809	0.125149	1.35001e-16	1.66533	0.201393	0.731118	-0.106921	0.311143	0.825802	-0.0719269	0.326809	8.40331e-19	4.00994	0.452869	0	0	1.18193e-31
288	rs1	1:1	2:0.46525	rs2	1:2	2:0.2455	0	1000	1	4.43761e-80	2.38335	0.125772	6.131e-10	1.25064	0.202139	0.459566	0.20155	0.272527	0.0218485	-1.08561	0.473449	1.00536e-19	4.08417	0.449385	0	0	4.6746e-33
289	rs1	1:1	2:0.46375	rs2	1:2	2:0.24575	0	1000	1	9.88331e-83	2.40883	0.125016	1.02226e-08	1.1438	0.199722	0.699285	0.10875	0.281527	0.008429	-1.33301	0.506005	6.65059e-20	4.31906	0.472896	0	0	3.53349e-35
290	rs1	1:1	2:0.46225	rs2	1:2	2:0.2445	0	1000	1	4.98713e-77	2.49357	0.134233	1.05753e-07	1.12716	0.21201	0.413927	0.255099	0.312237	0.0572823	-0.87758	0.461604	5.28835e-17	3.8269	0.456665	0	0	2.66756e-26
291	rs1	1:1	2:0.46825	rs2	1:2	2:0.24925	0	1000	1	8.11749e-80	2.39221	0.126452	1.15039e-14	1.52154	0.197055	0.27238	0.301401	0.2746	0.94346	-0.0221481	0.312287	1.04621e-16	3.77871	0.455298	0	0	5.02152e-29
292	rs1	1:1	2:0.46725	rs2	1:2	2:0.2485	0	1000	1	1.85441e-75	2.27744	0.1239	6.89591e-16	1.56531	0.19391	0.0523012	-0.896568	0.461994	0.819733	-0.0705045	0.309382	1.64387e-17	4.88664	0.573782	0	0	4.21911e-38
293	rs1	1:1	2:0.4515	rs2	1:2	2:0.24175	0	1000	1	2.00826e-71	2.45876	0.137589	2.63394e-06	1.04432	0.222315	0.467094	0.231695	0.318606	0.0735306	-0.733963	0.410145	8.01321e-17	3.68677	0.442534	0	0	1.96064e-24
294	rs1	1:1	2:0.467	rs2	1:2	2:0.247	0	1000	1	3.53373e-75	2.38592	0.130049	3.68894e-11	1.3828	0.209006	0.338907	-0.357916	0.374261	0.0636176	-0.832642	0.4489	6.27839e-19	4.64517	0.522693	0	0	5.41444e-35
295	rs1	1:1	2:0.4685	rs2	1:2	2:0.251	0	1000	1	6.58887e-83	2.45383	0.127213	2.68534e-10	1.27909	0.202518	0.158314	0.378383	0.268212	0.104341	-0.635514	0.391287	4.40382e-19	3.66458	0.410536	0	0	8.58551e-29
296	rs1	1:1	2:0.458	rs2	1:2	2:0.24575	0	1000	1	5.92999e-82	2.38257	0.124248	2.12937e-07	1.02566	0.197711	0.201987	-0.458992	0.359737	0.00511626	-1.35005	0.482225	4.97689e-21	4.75407	0.505233	0	0	1.47125e-38
297	rs1	1:1	2:0.46375	rs2	1:2	2:0.24975	0	1000	1	3.08285e-73	2.36073	0.130414	1.31538e-09	1.30501	0.215153	0.0357219	-1.23459	0.587877	0.0211153	-1.03957	0.450828	1.14665e-15	5.43221	0.678175	0	0	2.81612e-38
298	rs1	1:1	2:0.456	rs2	1:2	2:0.24475	0	1000	1	2.0978e-78	2.33659	0.124647	1.19804e-10	1.25756	0.195286	0.792848	-0.082293	0.313361	0.253482	-0.377738	0.330788	3.00665e-19	4.08148	0.455092	0	0	1.43589e-32
299	rs1	1:1	2:0.46175	rs2	1:2	2:0.2505	0	1000	1	0	2.45683	0.122701	2.1428e-07	0.996019	0.192041	0.567764	-0.180689	0.316251	0.00360355	-1.38353	0.475287	4.25586e-21	4.70178	0.498804	0	0	1.51275e-39
300	rs1	1:1	2:0.45775	rs2	1:2	2:0.246	0	1000	1	3.4314e-72	2.26137	0.125851	1.86675e-12	1.42013	0.201606	0.362024	-0.334828	0.367331	0.632611	-0.151746	0.317424	2.38864e-18	4.02459	0.460625	0	0	4.81803e-31
301	rs1	1:1	2:0.45975	rs2	1:2	2:0.24525	0	1000	1	5.46361e-74	2.38124	0.13086	3.22702e-14	1.52901	0.20148	0.338555	0.286179	0.29903	0.413233	0.235241	0.287504	6.17737e-15	3.62547	0.464788	0	0	1.32691e-24
302	rs1	1:1	2:0.4675	rs2	1:2	2:0.246	0	1000	1	1.3113e-72	2.24882	0.124782	1.84864e-12	1.4274	0.202599	0.0660443	-0.779721	0.424194	0.0549168	-0.840468	0.43785	1.6894e-19	4.78477	0.529772	0	0	1.21255e-38
303	rs1	1:1	2:0.466	rs2	1:2	2:0.2455	0	1000	1	7.72971e-72	2.27393	0.126868	1.21262e-15	1.63775	0.204638	0.318566	0.270645	0.271348	0.854816	-0.0613991	0.335557	3.42712e-18	3.5512	0.408355	0	0	1.48014e-27
304	rs1	1:1	2:0.46525	rs2	1:2	2:0.24575	0	1000	1	2.14686e-74	2.3374	0.128091	1.96887e-11	1.41134	0.210386	0.414643	-0.27887	0.341857	0.0367856	-0.941587	0.450922	6.80732e-20	4.61495	0.505434	0	0	1.01628e-35
305	rs1	1:1	2:0.469	rs2	1:2	2:0.2485	0	1000	1	1.48312e-74	2.28537	0.125101	6.17032e-12	1.38793	0.201861	0.147486	-0.572365	0.395151	0.0523005	-0.827807	0.426561	1.60521e-19	4.50161	0.498112	0	0	4.74352e-36
306	rs1	1:1	2:0.47	rs2	1:2	2:0.24675	0	1000	1	3.32195e-73	2.30914	0.127593	2.28768e-10	1.33289	0.210212	0.8275	-0.0678105	0.311186	0.008456	-1.47599	0.560511	2.84974e-19	4.28002	0.476916	0	0	1.50703e-33
307	rs1	1:1	2:0.4765	rs2	1:2	2:0.2515	0	1000	1	2.80027e-81	2.45272	0.128452	2.11778e-11	1.3716	0.204787	0.387339	-0.300466	0.347579	0.00862573	-1.48634	0.565892	8.95669e-20	4.89787	0.538173	0	0	1.4332e-37
308	rs1	1:1	2:0.47575	rs2	1:2	2:0.2445	0	1000	1	9.78573e-67	2.25677	0.130768	1.97013e-13	1.60018	0.217687	0.30405	-0.36308	0.353264	0.0105209	-1.84995	0.723138	8.98506e-18	4.9685	0.578658	0	0	2.62935e-37
309	rs1	1:1	2:0.456	rs2	1:2	2:0.24375	0	1000	1	2.59092e-77	2.42604	0.130351	4.59268e-09	1.19931	0.204616	0.123766	0.427057	0.277462	0.301031	-0.361468	0.349507	4.37969e-17	3.42474	0.407597	0	0	1.71528e-24
310	rs1	1:1	2:0.4615	rs2	1:2	2:0.24675	0	1000	1	4.44551e-79	2.46444	0.130892	2.11371e-10	1.28268	0.201906	0.579275	-0.200612	0.361825	0.261508	-0.402376	0.358357	1.54155e-16	4.56686	0.553341	0	0	3.04776e-32
311	rs1	1:1	2:0.4665	rs2	1:2	2:0.24775	0	1000	1	5.31953e-79	2.48854	0.132239	4.68808e-12	1.40527	0.203229	0.0266583	0.590606	0.266461	0.869503	-0.0543387	0.330748	6.61406e-16	3.34858	0.41456	0	0	1.63858e-23
312	rs1	1:1	2:0.47025	rs2	1:2	2:0.251	0	1000	1	2.47083e-81	2.42869	0.127149	1.12043e-12	1.42311	0.20002	0.602899	0.155456	0.298819	0.283915	-0.383663	0.35804	6.43482e-19	3.8604	0.434521	0	0	1.36343e-29
313	rs1	1:1	2:0.4635	rs2	1:2	2:0.2415	0	1000	1	2.68455e-65	2.18332	0.127938	1.59663e-15	1.66029	0.208338	0.176805	-0.505041	0.373922	0.401349	-0.315568	0.376028	4.30084e-19	4.45201	0.498604	0	0	1.98948e-34
314	rs1	1:1	2:0.46725	rs2	1:2	2:0.24525	0	1000	1	9.92724e-71	2.25904	0.127049	6.55991e-16	1.6618	0.205708	0.912892	0.0326394	0.298373	0.544226	-0.216842	0.357568	7.15031e-19	3.93277	0.443253	0	0	7.60072e-31
315	rs1	1:1	2:0.463	rs2	1:2	2:0.24325	0	1000	1	5.40066e-65	2.18743	0.128487	9.62653e-17	1.71623	0.206543	0.353389	-0.341634	0.368126	0.755092	0.0995688	0.3192	9.96091e-18	4.02437	0.469347	0	0	2.24729e-30
316	rs1	1:1	2:0.463	rs2	1:2	2:0.25	0	1000	1	1.57257e-77	2.40171	0.128859	1.34513e-12	1.40743	0.198521	0.522442	0.209271	0.327198	0.577917	0.160035	0.28761	1.20309e-15	3.25865	0.407121	0	0	1.21737e-21
317	rs1	1:1	2:0.4585	rs2	1:2	2:0.24925	0	1000	1	1.28483e-81	2.51873	0.131629	5.70612e-07	1.03706	0.207375	0.833709	0.0701032	0.333909	0.0564744	-0.73879	0.387337	3.42102e-18	3.97504	0.457082	0	0	3.95225e-28
318	rs1	1:1	2:0.46175	rs2	1:2	2:0.2455	0	1000	1	7.14728e-79	2.44995	0.130296	6.62464e-09	1.22571	0.211323	0.208459	0.336093	0.267204	0.0302127	-0.991395	0.457435	2.0828e-17	4.2103	0.495967	0	0	6.56032e-32
319	rs1	1:1	2:0.45775	rs2	1:2	2:0.2465	0	1000	1	2.22811e-73	2.33328	0.12877	4.90335e-14	1.49958	0.199029	0.882138	-0.050266	0.33904	0.525963	0.179961	0.28377	1.27576e-16	3.82967	0.462755	0	0	3.19567e-27
320	rs1	1:1	2:0.4715	rs2	1:2	2:0.2525	0	1000	1	9.424e-76	2.35027	0.127607	2.26258e-12	1.45016	0.206655	0.542903	-0.220403	0.362249	0.245574	-0.425458	0.366406	3.30145e-18	3.89242	0.447374	0	0	3.88617e-28
321	rs1	1:1	2:0.4665	rs2	1:2	2:0.2495	0	1000	1	3.4007e-77	2.43034	0.130685	4.86026e-11	1.35454	0.206009	0.951358	0.0207139	0.339561	0.403442	-0.297935	0.356599	1.11845e-17	3.81001	0.44504	0	0	2.04003e-27
322	rs1	1:1	2:0.4605	rs2	1:2	2:0.24975	0	1000	1	1.97666e-82	2.53625	0.131867	7.51062e-06	0.954261	0.213067	0.156673	0.414753	0.292833	0.0144446	-1.05045	0.429453	1.49683e-17	3.60855	0.423172	0	0	4.04173e-25
323	rs1	1:1	2:0.4555	rs2	1:2	2:0.245	0	1000	1	2.86548e-74	2.35203	0.129004	2.78319e-11	1.3672	0.205359	0.866878	-0.0551167	0.32881	0.495258	-0.221808	0.325247	1.60096e-17	4.05172	0.475576	0	0	2.5697e-29
324	rs1	1:1	2:0.468	rs2	1:2	2:0.243	0	1000	1	4.70477e-68	2.19837	0.12611	1.43355e-16	1.71027	0.207007	0.584532	0.151276	0.276668	0.546037	-0.22128	0.366535	3.96328e-19	3.62074	0.405096	0	0	1.95982e-28
325	rs1	1:1	2:0.45825	rs2	1:2	2:0.2405	0	1000	1	4.55683e-72	2.36	0.131455	4.31755e-08	1.19069	0.217385	0.240973	0.316138	0.269614	0.0155698	-1.27402	0.526707	3.9958e-18	3.90821	0.450311	0	0	3.34015e-29
326	rs1	1:1	2:0.469	rs2	1:2	2:0.2515	0	1000	1	8.66437e-81	2.50287	0.131485	3.86942e-09	1.22579	0.208125	0.732932	0.112712	0.330314	0.0985827	-0.679549	0.411408	6.11525e-18	3.86713	0.448083	0	0	1.39068e-27
327	rs1	1:1	2:0.4685	rs2	1:2	2:0.249	0	1000	1	3.25371e-73	2.27336	0.125608	7.27704e-17	1.65873	0.19883	0.2847	-0.403777	0.377425	0.749063	0.0969097	0.302961	3.87943e-18	4.07851	0.469751	0	0	1.38818e-30
328	rs1	1:1	2:0.46425	rs2	1:2	2:0.24775	0	1000	1	1.18158e-77	2.34288	0.1256	5.94808e-14	1.4592	0.194322	0.996536	0.00139153	0.320535	0.917401	0.0307815	0.296807	3.88262e-18	3.68372	0.424286	0	0	1.20168e-27
329	rs1	1:1	2:0.4665	rs2	1:2	2:0.2485	0	1000	1	2.52765e-73	2.48423	0.137154	2.97058e-13	1.53814	0.210827	0.912448	-0.0420911	0.382815	0.605809	0.162615	0.315105	6.15306e-15	3.99721	0.512412	0	0	6.1466e-25
330	rs1	1:1	2:0.464	rs2	1:2	2:0.2495	0	1000	1	1.96474e-77	2.4613	0.132141	1.46329e-11	1.37917	0.204277	0.225796	0.374806	0.309435	0.789048	0.0819477	0.306293	1.33295e-15	3.25703	0.407562	0	0	1.26917e-21
331	rs1	1:1	2:0.458	rs2	1:2	2:0.2425	0	1000	1	4.52748e-65	2.25605	0.132437	2.63914e-13	1.56161	0.213579	0.113066	-0.738458	0.466033	0.834139	-0.0708628	0.338415	6.00565e-16	4.49337	0.555478	0	0	3.67199e-30
332	rs1	1:1	2:0.46375	rs2	1:2	2:0.24975	0	1000	1	8.29704e-79	2.51575	0.133852	6.67844e-11	1.35066	0.206912	0.624594	0.1638	0.33473	0.687554	-0.132665	0.329868	5.82104e-16	3.9018	0.48212	0	0	7.02962e-26
333	rs1	1:1	2:0.46925	rs2	1:2	2:0.245	0	1000	1	2.72071e-74	2.40464	0.131869	5.07334e-10	1.34063	0.215646	0.615579	0.14812	0.294986	0.012047	-1.51113	0.601861	1.00483e-17	4.38406	0.511356	0	0	2.34732e-32
334	rs1	1:1	2:0.45325	rs2	1:2	2:0.24475	0	1000	1	3.19136e-75	2.44832	0.13341	6.8855e-07	1.0488	0.211257	0.68776	0.129012	0.321007	0.105206	-0.61732	0.381033	8.30109e-18	3.75329	0.436666	0	0	1.01697e-26
335	rs1	1:1	2:0.47	rs2	1:2	2:0.247	0	1000	1	1.21205e-75	2.29818	0.124871	6.72908e-13	1.45384	0.202349	0.581303	-0.174537	0.316486	0.0561466	-0.816614	0.42757	6.29003e-21	4.22678	0.450375	0	0	1.65481e-34
336	rs1	1:1	2:0.4575	rs2	1:2	2:0.24375	0	1000	1	3.34293e-75	2.52452	0.137581	1.97919e-09	1.29466	0.215795	0.00839488	0.710112	0.269414	0.620933	-0.172147	0.348103	5.17105e-14	3.35766	0.44605	0	0	4.48661e-21
337	rs1	1:1	2:0.46225	rs2	1:2	2:0.24125	0	1000	1	9.3705e-66	2.3096	0.134853	7.64941e-13	1.56777	0.218739	0.661898	-0.153594	0.351238	0.365094	-0.365867	0.40396	4.05457e-17	4.31809	0.513367	0	0	1.37578e-30
338	rs1	1:1	2:0.4635	rs2	1:2	2:0.24425	0	1000	1	3.13086e-67	2.21209	0.127694	6.97612e-15	1.62872	0.209216	0.830898	-0.0688801	0.322549	0.724841	-0.121733	0.345835	2.41317e-18	3.70349	0.42393	0	0	8.63355e-28
339	rs1	1:1	2:0.4625	rs2	1:2	2:0.2465	0	1000	1	5.47866e-75	2.40922	0.13149	7.57838e-11	1.35645	0.208405	0.469535	-0.272897	0.377328	0.28996	-0.389166	0.367759	1.10555e-17	4.34469	0.507416	0	0	6.26933e-31
340	rs1	1:1	2:0.46525	rs2	1:2	2:0.24325	0	1000	1	8.8374e-69	2.24896	0.12831	1.19016e-17	1.7436	0.203837	0.837881	-0.0648229	0.316819	0.721067	0.113137	0.316881	7.02345e-17	4.05806	0.486191	0	0	7.22179e-30
341	rs1	1:1	2:0.46425	rs2	1:2	2:0.2415	0	1000	1	7.2928e-72	2.35922	0.131604	6.81611e-09	1.27277	0.219617	0.964395	-0.0135314	0.303132	0.00370331	-2.41266	0.831266	5.44592e-16	5.04818	0.623146	0	0	1.20149e-36
342	rs1	1:1	2:0.4595	rs2	1:2	2:0.2455	0	1000	1	0	2.58965	0.13147	3.63881e-05	0.858133	0.207816	0.02299	0.5635	0.247845	0.00333178	-2.03732	0.694067	3.16909e-15	4.42205	0.560884	0	0	4.94755e-32
343	rs1	1:1	2:0.47225	rs2	1:2	2:0.2505	0	1000	1	1.08081e-70	2.24115	0.126076	3.67957e-19	1.80728	0.202017	0.181029	-0.536138	0.400823	0.700111	0.120718	0.313414	7.83825e-18	4.16469	0.484157	0	0	1.38086e-30
344	rs1	1:1	2:0.464	rs2	1:2	2:0.24775	0	1000	1	1.83477e-75	2.44357	0.132934	3.3296e-10	1.33011	0.211713	0.346559	0.290548	0.308671	0.370835	-0.326634	0.364991	7.47564e-17	3.51584	0.421601	0	0	4.11899e-24
345	rs1	1:1	2:0.464	rs2	1:2	2:0.24625	0	1000	1	9.83886e-74	2.2432	0.123493	2.53171e-13	1.45877	0.199361	0.184281	-0.490202	0.369215	0.188566	-0.480026	0.365085	3.51901e-20	4.41691	0.480003	0	0	1.23322e-36
346	rs1	1:1	2:0.46375	rs2	1:2	2:0.241	0	1000	1	6.3188e-76	2.38549	0.129368	3.71104e-09	1.21286	0.205688	0.43856	0.218498	0.282068	0.0224392	-1.25026	0.547676	9.02636e-18	4.07615	0.474759	0	0	6.85963e-31
347	rs1	1:1	2:0.465	rs2	1:2	2:0.244	0	1000	1	3.11053e-66	2.25574	0.131218	4.9649e-14	1.59659	0.21195	0.164535	-0.592152	0.426014	0.517608	-0.241023	0.372503	3.19105e-17	4.3961	0.520905	0	0	1.46855e-31
348	rs1	1:1	2:0.462	rs2	1:2	2:0.24475	0	1000	1	2.41739e-72	2.37293	0.131917	2.92231e-11	1.40057	0.210598	0.483695	0.218391	0.311822	0.567208	-0.201104	0.351478	8.62496e-17	3.48288	0.418498	0	0	6.53386e-24
349	rs1	1:1	2:0.46275	rs2	1:2	2:0.24775	0	1000	1	3.97326e-78	2.39441	0.127963	1.53724e-11	1.37231	0.203476	0.847	0.059879	0.310337	0.235469	-0.420946	0.354813	1.20932e-18	3.98451	0.452074	0	0	1.02464e-29
350	rs1	1:1	2:0.466	rs2	1:2	2:0.24675	0	1000	1	1.7003e-71	2.3148	0.129466	8.5144e-13	1.51561	0.211896	0.483911	-0.248726	0.355309	0.192073	-0.512717	0.393046	6.10629e-19	4.23812	0.476725	0	0	1.32229e-31
351	rs1	1:1	2:0.4575	rs2	1:2	2:0.24475	0	1000	1	4.34208e-76	2.55327	0.138314	6.43769e-05	0.902551	0.225854	0.700861	0.12849	0.334471	0.00505064	-1.63154	0.581907	6.60007e-17	4.30553	0.515387	0	0	1.94858e-28
352	rs1	1:1	2:0.46575	rs2	1:2	2:0.245	0	1000	1	3.67928e-77	2.36189	0.127033	2.0677e-13	1.49181	0.203123	0.0657236	0.465283	0.252829	0.421147	-0.285076	0.354381	2.57991e-17	3.56648	0.421362	0	0	5.1156e-27
353	rs1	1:1	2:0.448	rs2	1:2	2:0.24225	0	1000	1	5.66058e-74	2.29885	0.126345	1.21206e-08	1.15543	0.202777	0.122645	-0.607856	0.393748	0.055101	-0.693021	0.36131	3.1226e-19	4.78193	0.533441	0	0	9.34178e-38
354	rs1	1:1	2:0.4625	rs2	1:2	2:0.245	0	1000	1	5.05547e-70	2.15266	0.121692	1.40997e-17	1.6669	0.195317	0.326999	-0.329989	0.336663	0.797259	0.0761416	0.296391	1.63408e-19	3.9446	0.436572	0	0	3.29045e-32
355	rs1	1:1	2:0.464	rs2	1:2	2:0.25175	0	1000	1	1.31777e-82	2.55829	0.132857	2.44069e-07	1.08263	0.209724	0.704834	0.128431	0.339045	0.0617176	-0.74951	0.401168	1.43281e-17	3.8961	0.456621	0	0	1.49539e-26
356	rs1	1:1	2:0.47	rs2	1:2	2:0.2485	0	1000	1	4.00084e-71	2.27	0.127301	3.86943e-14	1.58477	0.209478	0.156026	-0.564273	0.397777	0.126864	-0.624967	0.409389	2.56065e-19	4.52807	0.503895	0	0	1.3028e-34
357	rs1	1:1	2:0.46025	rs2	1:2	2:0.24575	0	1000	1	4.15586e-76	2.43731	0.132016	1.76575e-11	1.38916	0.206591	0.749177	0.102798	0.321521	0.566863	-0.19232	0.335826	1.55774e-15	4.1365	0.518861	0	0	2.82267e-28
358	rs1	1:1	2:0.4635	rs2	1:2	2:0.2455	0	1000	1	1.17359e-70	2.30785	0.129862	2.60002e-15	1.62033	0.204878	0.328677	-0.374192	0.383086	0.833168	0.0662043	0.3143	3.54848e-17	4.21808	0.500547	0	0	2.76452e-29
359	rs1	1:1	2:0.46275	rs2	1:2	2:0.24575	0	1000	1	1.31504e-76	2.42948	0.131151	5.10603e-10	1.28437	0.206629	0.541268	-0.223006	0.365047	0.151023	-0.569751	0.396783	3.21024e-18	4.30618	0.494748	0	0	1.25221e-30
360	rs1	1:1	2:0.4655	rs2	1:2	2:0.2465	0	1000	1	2.23444e-73	2.2413	0.123695	1.49968e-11	1.3701	0.20304	0.0231178	-1.05342	0.46376	0.0132958	-1.16112	0.468998	9.81943e-20	5.20875	0.572961	0	0	4.19635e-42
