Outcome	Var1_ID	Var1_Pos	Var1_MAF	Var2_ID	Var2_Pos	Var2_MAF	Num_Missing	Num_Cases	Converged	Red_Var1_Pval	Red_Var1_beta	Red_Var1_SE	Red_Var2_Pval	Red_Var2_beta	Red_Var2_SE	Full_Var1_Pval	Full_Var1_beta	Full_Var1_SE	Full_Var2_Pval	Full_Var2_beta	Full_Var2_SE	Full_Var1_Var2_Pval	Full_Var1_Var2_beta	Full_Var1_Var2_SE	Red_Model_Pval	Full_Model_Pval	Overall_Pval_(LRT)
1	rs1	1:1	2:0.464	rs2	1:2	2:0.24975	0	1000	1	5.61272e-58	2.81051	0.175097	1.37471e-45	2.47197	0.174432	0.642578	-0.179249	0.386233	0.820963	-0.075907	0.335416	3.11401e-29	6.25725	0.557495	0	0	1.14773e-46
2	rs1	1:1	2:0.46425	rs2	1:2	2:0.24725	0	1000	1	5.18761e-56	2.70023	0.17125	1.7608e-68	2.99835	0.171449	0.0449245	0.562377	0.280437	0.000176698	0.963818	0.257005	4.9628e-26	5.36516	0.508441	0	0	1.20839e-38
3	rs1	1:1	2:0.46425	rs2	1:2	2:0.24325	0	1000	1	6.59035e-58	2.84504	0.177359	6.75717e-59	2.88063	0.178015	0.0550569	0.550046	0.286717	0.281395	0.342407	0.317871	1.71578e-22	6.9415	0.711412	0	0	1.80521e-47
4	rs1	1:1	2:0.46575	rs2	1:2	2:0.248	0	1000	1	1.31486e-62	2.84617	0.170432	6.52065e-54	2.63312	0.170325	0.283997	0.320105	0.298777	0.842748	-0.0665897	0.335668	2.32528e-31	6.41173	0.550417	0	0	1.6222e-50
5	rs1	1:1	2:0.46925	rs2	1:2	2:0.24975	0	1000	1	2.82416e-65	2.95591	0.173241	1.53703e-56	2.74414	0.173193	0.291943	0.324431	0.307848	0.802047	-0.0877528	0.350032	7.65515e-30	6.93003	0.610724	0	0	5.27605e-53
6	rs1	1:1	2:0.463	rs2	1:2	2:0.24375	0	1000	1	9.95591e-44	2.3899	0.172337	3.69438e-62	2.87657	0.172891	0.236884	-0.452013	0.382151	0.225759	0.363182	0.299814	2.72498e-30	6.30191	0.551001	0	0	1.7743e-48
7	rs1	1:1	2:0.46325	rs2	1:2	2:0.2495	0	1000	1	3.16396e-67	3.10113	0.17902	7.27386e-46	2.52678	0.17774	0.277799	0.358063	0.329928	0.935956	-0.0269934	0.33593	4.97122e-29	6.6539	0.595032	0	0	1.96483e-48
8	rs1	1:1	2:0.47125	rs2	1:2	2:0.2485	0	1000	1	7.02375e-54	2.70316	0.17491	3.73418e-65	2.98352	0.175026	0.860835	-0.0614202	0.35035	0.308075	0.324004	0.317879	3.44567e-30	6.63456	0.581121	0	0	5.01954e-50
9	rs1	1:1	2:0.4655	rs2	1:2	2:0.2425	0	1000	1	3.92006e-52	2.71413	0.178641	3.20396e-49	2.64941	0.179654	0.118929	0.456378	0.292685	0.193124	-0.616388	0.473637	1.41741e-25	6.37342	0.609713	0	0	2.86213e-44
10	rs1	1:1	2:0.4625	rs2	1:2	2:0.244	0	1000	1	1.46373e-49	2.56149	0.173073	2.7098e-55	2.71612	0.17341	0.247541	-0.442117	0.382341	0.483977	-0.255341	0.364814	8.57187e-32	7.24698	0.617625	0	0	9.35615e-57
11	rs1	1:1	2:0.46025	rs2	1:2	2:0.24025	0	1000	1	6.35011e-47	2.55482	0.177593	1.30043e-58	2.88538	0.178754	0.690891	-0.13877	0.348978	0.55721	0.191972	0.327044	3.65191e-28	7.12811	0.647769	0	0	6.46472e-52
12	rs1	1:1	2:0.465	rs2	1:2	2:0.244	0	1000	1	8.07887e-48	2.49307	0.171607	2.38643e-62	2.87275	0.17239	0.922519	-0.0314415	0.323268	0.442049	0.243502	0.316755	3.99347e-31	6.20654	0.534923	0	0	3.77959e-48
13	rs1	1:1	2:0.46225	rs2	1:2	2:0.249	0	1000	1	6.57727e-61	2.80579	0.170412	6.89208e-49	2.49625	0.169865	0.998933	-0.000450501	0.33696	0.61819	-0.166577	0.334213	2.61337e-32	6.47226	0.546934	0	0	9.88005e-52
14	rs1	1:1	2:0.465	rs2	1:2	2:0.24825	0	1000	1	8.40751e-58	2.76313	0.172415	3.95034e-52	2.61688	0.172246	0.779709	-0.097885	0.349966	0.457656	-0.270687	0.364457	9.5899e-32	6.80106	0.580092	0	0	2.71112e-53
15	rs1	1:1	2:0.461	rs2	1:2	2:0.245	0	1000	1	2.26707e-58	2.72003	0.168869	1.12159e-53	2.60417	0.168834	0.658796	0.134566	0.30474	0.677033	-0.139386	0.334647	3.80586e-32	6.68343	0.56629	0	0	6.21215e-54
16	rs1	1:1	2:0.46625	rs2	1:2	2:0.24025	0	1000	1	6.19435e-40	2.39516	0.181092	7.91581e-59	2.96575	0.183385	0.933678	-0.0279468	0.335824	0.965858	-0.0166472	0.388919	5.23922e-28	6.31666	0.575733	0	0	3.25545e-44
17	rs1	1:1	2:0.4645	rs2	1:2	2:0.24625	0	1000	1	2.49152e-47	2.56313	0.177374	2.45779e-56	2.80385	0.177292	0.363392	-0.370399	0.407515	0.22716	0.372759	0.30865	9.74003e-28	6.15651	0.564025	0	0	2.90904e-44
18	rs1	1:1	2:0.46575	rs2	1:2	2:0.24975	0	1000	1	1.22764e-55	2.66962	0.169896	9.26633e-55	2.64431	0.169675	0.114914	-0.684381	0.434118	0.669646	-0.142783	0.334674	1.7086e-31	7.14243	0.611766	0	0	2.91033e-57
19	rs1	1:1	2:0.458	rs2	1:2	2:0.24475	0	1000	1	6.96689e-54	2.63164	0.170276	8.05316e-50	2.52211	0.169951	0.522144	-0.222946	0.34833	0.421165	-0.279459	0.347412	8.65e-33	6.79258	0.569554	0	0	7.30583e-55
20	rs1	1:1	2:0.466	rs2	1:2	2:0.243	0	1000	1	1.9355e-44	2.42066	0.173094	2.65199e-62	2.89942	0.174057	0.508133	-0.230178	0.347833	0.570228	0.185759	0.327204	5.49747e-31	6.36074	0.549509	0	0	6.65329e-49
21	rs1	1:1	2:0.46925	rs2	1:2	2:0.24575	0	1000	1	5.4539e-54	2.71004	0.17517	1.99068e-61	2.90611	0.175735	0.916293	-0.03531	0.335952	0.570278	-0.218727	0.385326	2.60116e-29	7.5486	0.671598	0	0	1.07613e-56
22	rs1	1:1	2:0.45	rs2	1:2	2:0.24325	0	1000	1	5.92465e-53	2.57059	0.16783	7.7036e-51	2.49682	0.16649	0.460188	-0.257045	0.348046	0.426767	0.218264	0.274637	3.06433e-32	6.34908	0.537132	0	0	7.7966e-52
23	rs1	1:1	2:0.469	rs2	1:2	2:0.241	0	1000	1	3.92381e-49	2.53178	0.171838	2.19043e-68	3.03917	0.173908	0.382362	0.245995	0.281603	0.870524	0.0574623	0.352546	5.30902e-27	7.16665	0.666037	0	0	1.15809e-53
24	rs1	1:1	2:0.46025	rs2	1:2	2:0.2445	0	1000	1	4.66538e-58	2.83008	0.17619	1.94224e-55	2.75276	0.175512	0.211302	0.385865	0.308693	0.0763744	0.506818	0.285995	7.24876e-27	6.19916	0.577665	0	0	1.89794e-44
25	rs1	1:1	2:0.454	rs2	1:2	2:0.24375	0	1000	1	4.75395e-53	2.58232	0.168439	1.51638e-49	2.47847	0.16749	0.101763	-0.661718	0.404383	0.490592	-0.221161	0.320818	3.5459e-33	7.29504	0.607911	0	0	1.64372e-60
26	rs1	1:1	2:0.46225	rs2	1:2	2:0.24675	0	1000	1	2.6248e-59	2.68434	0.165291	2.6248e-59	2.68434	0.165291	0.607668	0.152009	0.296079	0.607668	0.152009	0.296079	1.85906e-32	6.39678	0.539255	0	0	4.68498e-53
27	rs1	1:1	2:0.46525	rs2	1:2	2:0.253	0	1000	1	1.58369e-69	2.89074	0.164013	7.88053e-57	2.6055	0.164009	0.148249	0.412421	0.285266	0.289596	0.292648	0.276342	2.35623e-32	5.77734	0.487852	0	0	5.57877e-48
28	rs1	1:1	2:0.46575	rs2	1:2	2:0.25025	0	1000	1	7.81755e-67	2.99113	0.173191	4.67014e-50	2.57055	0.17279	0.117784	0.471647	0.301537	0.888334	0.0455626	0.324492	3.29099e-30	6.10348	0.534416	0	0	1.98614e-46
29	rs1	1:1	2:0.4575	rs2	1:2	2:0.2445	0	1000	1	2.13564e-56	2.71602	0.171642	9.61216e-47	2.4579	0.171197	0.679815	0.129982	0.314944	0.494373	-0.237742	0.347897	2.04206e-31	6.26155	0.537014	0	0	4.12086e-49
30	rs1	1:1	2:0.469	rs2	1:2	2:0.24425	0	1000	1	6.33608e-50	2.6594	0.179008	2.85442e-59	2.92004	0.179861	0.611337	0.165713	0.326101	0.681263	0.145235	0.353592	8.04101e-29	6.4196	0.576282	0	0	5.27543e-46
31	rs1	1:1	2:0.455	rs2	1:2	2:0.237	0	1000	1	1.63033e-44	2.50691	0.179106	1.45979e-48	2.65096	0.18102	0.327983	0.29169	0.298195	0.628452	-0.186979	0.386395	1.66447e-27	5.96392	0.548835	0	0	4.84519e-42
32	rs1	1:1	2:0.457	rs2	1:2	2:0.2415	0	1000	1	9.63802e-56	2.67852	0.170297	1.01732e-52	2.60604	0.170536	0.997115	-0.00113058	0.312625	0.309848	-0.368855	0.363211	5.05801e-29	7.67435	0.686381	0	0	2.68824e-60
33	rs1	1:1	2:0.472	rs2	1:2	2:0.25425	0	1000	1	1.43803e-61	2.90236	0.175301	8.93758e-57	2.78602	0.17546	0.494271	-0.279516	0.408929	0.67266	0.137784	0.326115	5.86703e-30	6.75565	0.59414	0	0	9.31234e-51
34	rs1	1:1	2:0.46225	rs2	1:2	2:0.24775	0	1000	1	7.48234e-62	2.84007	0.171132	3.45029e-52	2.59201	0.170509	0.996015	-0.00168209	0.336797	0.859934	-0.0569869	0.322949	1.40246e-31	6.92662	0.59243	0	0	6.80387e-55
35	rs1	1:1	2:0.46975	rs2	1:2	2:0.25225	0	1000	1	6.6617e-63	2.82961	0.16903	1.03189e-52	2.58292	0.169034	0.508025	-0.241722	0.365184	0.205805	-0.483374	0.382058	6.47085e-33	7.09543	0.593746	0	0	6.24432e-58
36	rs1	1:1	2:0.4625	rs2	1:2	2:0.2475	0	1000	1	1.52358e-54	2.61106	0.167884	7.54613e-57	2.66609	0.167794	0.503257	-0.233008	0.348098	0.925323	0.0293567	0.313202	4.79971e-33	6.56895	0.548552	0	0	7.7048e-54
37	rs1	1:1	2:0.4575	rs2	1:2	2:0.24325	0	1000	1	1.55534e-51	2.51798	0.166725	1.13187e-51	2.52603	0.167025	0.305962	0.289502	0.28279	0.669785	0.130031	0.30492	2.23359e-30	5.37131	0.468927	0	0	1.9567e-42
38	rs1	1:1	2:0.46675	rs2	1:2	2:0.2465	0	1000	1	7.19054e-53	2.65078	0.173208	2.50299e-55	2.71539	0.173308	0.519504	-0.235072	0.364955	0.582766	-0.200783	0.365492	2.92956e-31	6.78493	0.583441	0	0	1.53705e-52
39	rs1	1:1	2:0.4545	rs2	1:2	2:0.2435	0	1000	1	8.34328e-53	2.63699	0.172416	1.64329e-51	2.58444	0.171166	0.0549427	-0.903232	0.470598	0.873863	-0.0495028	0.311822	7.44431e-30	7.83838	0.690626	0	0	3.17119e-61
40	rs1	1:1	2:0.46525	rs2	1:2	2:0.24575	0	1000	1	2.55136e-54	2.7794	0.179088	2.55136e-54	2.7794	0.179088	0.235127	0.378196	0.318546	0.235127	0.378196	0.318546	1.60015e-27	5.70744	0.525059	0	0	5.70866e-40
41	rs1	1:1	2:0.459	rs2	1:2	2:0.2425	0	1000	1	1.02222e-51	2.69696	0.178249	3.88556e-54	2.761	0.178213	0.599793	0.171259	0.326395	0.272071	0.338148	0.307882	3.76479e-28	6.36552	0.578613	0	0	9.58039e-46
42	rs1	1:1	2:0.458	rs2	1:2	2:0.24075	0	1000	1	7.91611e-41	2.26464	0.169256	7.29366e-60	2.78262	0.17052	0.0492277	-0.791775	0.402608	0.72818	-0.116646	0.335627	8.67112e-33	7.13145	0.597978	0	0	2.83861e-58
43	rs1	1:1	2:0.46275	rs2	1:2	2:0.24025	0	1000	1	1.28962e-41	2.34669	0.173646	2.38671e-64	2.97479	0.175635	0.384238	-0.301729	0.34677	0.57149	0.185253	0.327384	4.66912e-31	6.79173	0.586034	0	0	3.2056e-52
44	rs1	1:1	2:0.4635	rs2	1:2	2:0.24625	0	1000	1	7.8394e-61	2.84277	0.17277	1.11293e-57	2.76687	0.172836	0.0356523	0.590232	0.280946	0.186222	0.396349	0.299847	3.46055e-28	5.85897	0.532202	0	0	2.45145e-43
45	rs1	1:1	2:0.47425	rs2	1:2	2:0.2505	0	1000	1	8.136e-53	2.61668	0.17107	1.08918e-67	2.97247	0.170988	0.173896	-0.551481	0.405563	0.685575	0.132097	0.326272	6.75391e-32	7.05277	0.600043	0	0	3.33758e-56
46	rs1	1:1	2:0.469	rs2	1:2	2:0.256	0	1000	1	2.43932e-70	3.0583	0.172488	1.0662e-51	2.61334	0.172754	0.99459	-0.0025	0.368706	0.662041	0.133302	0.304971	3.13874e-31	6.55031	0.563551	0	0	7.12532e-51
47	rs1	1:1	2:0.46525	rs2	1:2	2:0.25225	0	1000	1	1.3172e-59	2.84365	0.174646	1.41812e-54	2.70722	0.174015	0.253649	-0.497967	0.436227	0.530214	0.191702	0.305414	1.44375e-29	7.12601	0.631089	0	0	7.77906e-54
48	rs1	1:1	2:0.45775	rs2	1:2	2:0.24175	0	1000	1	1.41225e-50	2.5869	0.172961	7.95816e-54	2.6749	0.173171	0.971705	0.0114938	0.324048	0.685429	0.127469	0.314686	7.91691e-31	6.38998	0.553534	0	0	3.30861e-49
49	rs1	1:1	2:0.46025	rs2	1:2	2:0.2475	0	1000	1	1.547e-62	2.92365	0.175173	3.54505e-42	2.36715	0.173941	0.975115	-0.010969	0.351639	0.188548	-0.501592	0.381471	2.89795e-31	6.88939	0.592376	0	0	3.69963e-53
50	rs1	1:1	2:0.46925	rs2	1:2	2:0.24575	0	1000	1	2.62596e-51	2.65927	0.176484	1.01993e-54	2.75456	0.176819	0.379605	-0.337061	0.383624	0.124747	-0.725148	0.472363	4.35951e-29	7.5209	0.671865	0	0	5.54131e-56
51	rs1	1:1	2:0.45425	rs2	1:2	2:0.241	0	1000	1	8.22284e-55	2.65871	0.170515	3.01415e-53	2.61868	0.170482	0.95776	0.0165731	0.312907	0.816823	-0.0747691	0.32279	2.46161e-28	7.35313	0.66607	0	0	2.63282e-57
52	rs1	1:1	2:0.46875	rs2	1:2	2:0.25	0	1000	1	3.33279e-59	2.70159	0.166503	9.84026e-61	2.73684	0.166471	0.503262	-0.233094	0.348231	0.951065	0.01922	0.313188	1.01261e-33	6.85146	0.566075	0	0	2.63976e-57
53	rs1	1:1	2:0.468	rs2	1:2	2:0.25	0	1000	1	2.01042e-60	2.8077	0.171233	2.03106e-56	2.7082	0.171114	0.378293	-0.338183	0.383843	0.587455	-0.189148	0.348641	2.90484e-32	7.32445	0.619413	0	0	2.05311e-58
54	rs1	1:1	2:0.47025	rs2	1:2	2:0.24175	0	1000	1	8.20614e-41	2.38223	0.17808	1.35136e-65	3.07823	0.179956	0.792744	-0.0880222	0.335004	0.579076	0.196942	0.355021	1.75279e-29	6.36988	0.564979	0	0	2.4346e-46
55	rs1	1:1	2:0.46225	rs2	1:2	2:0.24825	0	1000	1	3.03663e-63	2.83727	0.169016	3.32148e-52	2.56424	0.168654	0.297764	0.311058	0.298737	0.9051	0.0373366	0.313172	1.0162e-31	6.17372	0.526803	0	0	2.83615e-49
56	rs1	1:1	2:0.4595	rs2	1:2	2:0.24275	0	1000	1	5.03438e-49	2.6905	0.182819	1.79382e-46	2.61504	0.182693	0.84709	0.067973	0.352496	0.860032	-0.0647865	0.367409	1.3817e-27	6.1706	0.566969	0	0	9.36287e-43
57	rs1	1:1	2:0.4655	rs2	1:2	2:0.2435	0	1000	1	2.13861e-58	2.72003	0.168832	2.17759e-52	2.58171	0.169495	0.207266	0.349053	0.27678	0.0624238	-0.877223	0.470797	3.50391e-29	6.99375	0.623695	0	0	6.58643e-55
58	rs1	1:1	2:0.471	rs2	1:2	2:0.2525	0	1000	1	4.06754e-61	2.70269	0.163861	7.36878e-59	2.65154	0.163911	0.263919	-0.405751	0.363193	0.329377	-0.33849	0.347038	3.05223e-35	7.06987	0.570724	0	0	1.73616e-61
59	rs1	1:1	2:0.46425	rs2	1:2	2:0.25	0	1000	1	6.04366e-64	2.75895	0.16342	1.56864e-52	2.49006	0.163249	0.678448	-0.133651	0.322375	0.136538	-0.53797	0.361342	2.40032e-35	7.19674	0.580064	0	0	5.97623e-63
60	rs1	1:1	2:0.46325	rs2	1:2	2:0.24325	0	1000	1	2.91752e-46	2.54783	0.17842	1.73207e-59	2.90921	0.178857	0.277968	-0.440972	0.406465	0.34203	0.301681	0.317505	5.42598e-29	6.90154	0.617606	0	0	2.8917e-50
61	rs1	1:1	2:0.4575	rs2	1:2	2:0.24475	0	1000	1	2.80947e-56	2.74511	0.17367	2.21077e-46	2.47088	0.172797	0.194097	-0.527079	0.405897	0.100422	-0.663655	0.403975	1.03797e-31	7.81121	0.666633	0	0	1.83226e-61
62	rs1	1:1	2:0.46075	rs2	1:2	2:0.24925	0	1000	1	1.57954e-61	2.85381	0.172427	2.75221e-49	2.52894	0.171366	0.684809	-0.148741	0.366438	0.984963	0.00589075	0.312553	1.40574e-31	6.75248	0.577545	0	0	5.85439e-53
63	rs1	1:1	2:0.46	rs2	1:2	2:0.2395	0	1000	1	2.16342e-43	2.38837	0.172922	1.83431e-57	2.78846	0.174524	0.786547	-0.0873155	0.322438	0.897813	0.0433966	0.337914	5.37024e-31	6.26551	0.541189	0	0	3.61403e-48
64	rs1	1:1	2:0.4615	rs2	1:2	2:0.24925	0	1000	1	9.97606e-61	2.82117	0.171609	6.21582e-55	2.66582	0.170775	0.927634	-0.0318757	0.350971	0.226177	0.342882	0.283311	2.20144e-30	6.46472	0.564323	0	0	4.89764e-50
65	rs1	1:1	2:0.469	rs2	1:2	2:0.245	0	1000	1	9.60745e-49	2.63745	0.179749	4.01334e-66	3.10154	0.180573	0.453268	-0.288022	0.38404	0.331739	0.31931	0.328976	8.40065e-25	7.82082	0.760553	0	0	1.45533e-54
66	rs1	1:1	2:0.46025	rs2	1:2	2:0.24125	0	1000	1	3.59702e-53	2.67998	0.174603	1.42078e-53	2.7075	0.175707	0.140475	0.419434	0.28455	0.942648	-0.0252515	0.351	5.87496e-29	6.31682	0.565638	0	0	1.01992e-46
67	rs1	1:1	2:0.46925	rs2	1:2	2:0.2495	0	1000	1	1.87165e-65	2.90575	0.170061	6.76552e-53	2.60326	0.170059	0.0948629	0.477809	0.286064	0.503323	-0.244255	0.364957	7.68503e-31	6.19356	0.536399	0	0	1.48904e-48
68	rs1	1:1	2:0.46025	rs2	1:2	2:0.25175	0	1000	1	2.96048e-69	3.09604	0.176016	1.11009e-36	2.20186	0.174052	0.549869	0.203827	0.340872	0.306351	-0.354107	0.346176	5.01001e-31	6.38156	0.550929	0	0	7.6998e-49
69	rs1	1:1	2:0.466	rs2	1:2	2:0.2445	0	1000	1	6.32799e-49	2.48476	0.169017	9.31538e-65	2.88475	0.169765	0.204114	-0.459729	0.362015	0.657782	-0.154755	0.349353	2.22383e-32	7.59052	0.640699	0	0	9.03261e-62
70	rs1	1:1	2:0.46675	rs2	1:2	2:0.24125	0	1000	1	2.76381e-49	2.56199	0.173609	3.02532e-60	2.86974	0.175282	0.0333234	0.570919	0.268268	0.475947	0.243001	0.340894	1.38207e-27	5.49626	0.50501	0	0	1.4336e-39
71	rs1	1:1	2:0.46025	rs2	1:2	2:0.24775	0	1000	1	1.73025e-58	2.89894	0.17979	4.692e-44	2.48278	0.178342	0.967594	0.0149891	0.368954	0.941911	-0.0244813	0.335969	3.8994e-29	6.36507	0.568109	0	0	4.59091e-46
72	rs1	1:1	2:0.4565	rs2	1:2	2:0.241	0	1000	1	9.56367e-48	2.4904	0.17156	1.19779e-56	2.73134	0.172215	0.862129	0.0544208	0.313367	0.306602	0.305411	0.298726	1.59888e-30	5.96252	0.51923	0	0	6.54605e-46
73	rs1	1:1	2:0.46275	rs2	1:2	2:0.2465	0	1000	1	1.52674e-52	2.67679	0.175471	3.20396e-53	2.68922	0.175119	0.159344	-0.611884	0.434799	0.696655	-0.13615	0.349246	2.49026e-30	7.35335	0.642493	0	0	6.77575e-56
74	rs1	1:1	2:0.4625	rs2	1:2	2:0.2465	0	1000	1	1.28163e-56	2.7596	0.174043	4.42488e-54	2.68937	0.173683	0.615938	0.163738	0.326421	0.398651	0.2587	0.306504	5.67211e-30	6.13132	0.539092	0	0	3.51725e-46
75	rs1	1:1	2:0.46325	rs2	1:2	2:0.25075	0	1000	1	1.45377e-65	2.8369	0.165889	2.6046e-56	2.61671	0.165497	0.712348	0.116053	0.314758	0.42986	0.222347	0.281655	2.52017e-32	6.41146	0.541657	0	0	5.82593e-53
76	rs1	1:1	2:0.45825	rs2	1:2	2:0.2475	0	1000	1	1.20319e-59	2.71261	0.166542	1.80055e-52	2.52866	0.165878	0.804223	0.0778657	0.31412	0.587147	0.156293	0.287846	1.27031e-32	6.1037	0.513171	0	0	4.01544e-50
77	rs1	1:1	2:0.4655	rs2	1:2	2:0.24775	0	1000	1	1.17004e-59	2.79191	0.171392	1.91357e-56	2.7112	0.171263	0.786427	0.0881343	0.325275	0.891736	0.0441712	0.324531	2.13835e-31	6.65548	0.570992	0	0	3.16703e-52
78	rs1	1:1	2:0.45625	rs2	1:2	2:0.24425	0	1000	1	4.29344e-48	2.40868	0.165306	1.09723e-61	2.73667	0.165131	0.0357892	-0.90624	0.431684	0.354835	0.254892	0.275484	8.67462e-32	7.2213	0.61549	0	0	3.1083e-60
79	rs1	1:1	2:0.46525	rs2	1:2	2:0.2515	0	1000	1	6.91523e-59	2.75936	0.170535	5.05692e-58	2.73483	0.170314	0.55406	0.193523	0.327069	0.0401096	0.563107	0.274336	3.27497e-29	5.5298	0.492879	0	0	6.80816e-42
80	rs1	1:1	2:0.47275	rs2	1:2	2:0.2485	0	1000	1	5.06193e-55	2.63954	0.16895	2.72248e-61	2.79093	0.168963	0.669529	0.130081	0.304784	0.634661	-0.173969	0.366113	9.63095e-32	6.2909	0.536594	0	0	2.80259e-50
81	rs1	1:1	2:0.463	rs2	1:2	2:0.24825	0	1000	1	1.99358e-56	2.75988	0.174366	5.53827e-49	2.55875	0.173943	0.493764	0.224212	0.327636	0.563514	0.182153	0.315345	1.19459e-28	5.61547	0.505699	0	0	2.55746e-41
82	rs1	1:1	2:0.457	rs2	1:2	2:0.2445	0	1000	1	8.02151e-61	2.92811	0.177971	8.36493e-46	2.50262	0.176162	0.493295	0.224525	0.327736	0.989829	0.00412496	0.323576	7.6358e-29	6.77471	0.607909	0	0	7.08093e-50
83	rs1	1:1	2:0.464	rs2	1:2	2:0.247	0	1000	1	3.72406e-53	2.72388	0.177489	1.61252e-50	2.64633	0.177039	0.372889	-0.363328	0.407741	0.819523	-0.079856	0.350003	1.50552e-29	6.79613	0.602071	0	0	2.98271e-50
84	rs1	1:1	2:0.459	rs2	1:2	2:0.24725	0	1000	1	2.45073e-55	2.59803	0.165803	6.50584e-56	2.60462	0.165337	0.184	-0.507248	0.381809	0.841695	0.0588405	0.294606	2.09872e-33	6.85215	0.56895	0	0	1.44708e-57
85	rs1	1:1	2:0.465	rs2	1:2	2:0.246	0	1000	1	2.28474e-57	2.58453	0.1619	5.56952e-59	2.62615	0.162169	0.164708	0.368697	0.265362	0.758246	0.0937	0.304434	1.25582e-32	5.58326	0.469377	0	0	6.18004e-47
86	rs1	1:1	2:0.4605	rs2	1:2	2:0.245	0	1000	1	1.44525e-49	2.54532	0.171971	2.69955e-50	2.56246	0.171823	0.153462	-0.578391	0.405203	0.351866	-0.338637	0.363744	2.90497e-31	6.9719	0.599482	0	0	6.04082e-55
87	rs1	1:1	2:0.46125	rs2	1:2	2:0.24375	0	1000	1	1.88028e-43	2.3286	0.168472	1.8802e-61	2.79426	0.168936	0.0205783	-1.08526	0.468665	0.916762	0.0327739	0.313584	5.4044e-31	7.32548	0.632774	0	0	1.53968e-59
88	rs1	1:1	2:0.46825	rs2	1:2	2:0.252	0	1000	1	2.81459e-68	2.96495	0.169799	3.57991e-47	2.44823	0.169716	0.152958	0.418179	0.292604	0.137971	-0.600578	0.404868	9.43767e-31	6.48334	0.562357	0	0	2.54611e-51
89	rs1	1:1	2:0.47375	rs2	1:2	2:0.253	0	1000	1	7.6219e-53	2.67146	0.174603	5.88691e-61	2.8765	0.174636	0.0310697	-1.28644	0.596629	0.887356	-0.0496771	0.350702	9.20967e-26	7.79334	0.742651	0	0	1.2435e-57
90	rs1	1:1	2:0.459	rs2	1:2	2:0.24625	0	1000	1	1.08628e-57	2.78451	0.173922	9.9338e-48	2.50971	0.172921	0.41169	-0.315445	0.384256	0.46564	-0.253569	0.34755	1.15042e-31	7.12742	0.608729	0	0	1.27959e-55
91	rs1	1:1	2:0.45925	rs2	1:2	2:0.241	0	1000	1	3.04803e-49	2.46564	0.167155	1.97602e-63	2.82965	0.168306	0.512516	-0.210089	0.320783	0.872523	0.0503355	0.313705	3.02058e-29	7.46896	0.665295	0	0	3.48216e-60
92	rs1	1:1	2:0.452	rs2	1:2	2:0.24375	0	1000	1	4.82536e-53	2.7036	0.176361	1.34422e-46	2.49615	0.174143	0.0864855	-0.808722	0.471768	0.914899	-0.0333364	0.311961	3.17014e-29	7.56565	0.674164	0	0	3.11602e-57
93	rs1	1:1	2:0.46525	rs2	1:2	2:0.2415	0	1000	1	1.19264e-49	2.59224	0.174988	3.45795e-58	2.83643	0.176382	0.787584	0.0845025	0.313611	0.562824	-0.223022	0.385417	6.76251e-30	7.00474	0.616719	0	0	1.36009e-52
94	rs1	1:1	2:0.4515	rs2	1:2	2:0.24175	0	1000	1	3.48573e-54	2.70248	0.174357	1.36384e-42	2.36506	0.172903	0.444532	-0.279028	0.36495	0.218106	-0.446082	0.362203	4.21886e-32	7.04118	0.597041	0	0	1.88402e-55
95	rs1	1:1	2:0.465	rs2	1:2	2:0.24075	0	1000	1	3.07965e-41	2.24491	0.166908	4.94942e-61	2.77784	0.168538	0.131851	-0.518839	0.344322	0.0971313	-0.720343	0.434223	1.02873e-32	7.30225	0.613032	0	0	1.0677e-60
96	rs1	1:1	2:0.4675	rs2	1:2	2:0.2455	0	1000	1	3.10516e-55	2.68979	0.171825	1.01959e-61	2.85595	0.172282	0.983593	-0.00665679	0.323692	0.818905	-0.0801755	0.350183	6.89534e-30	7.33705	0.646074	0	0	6.26103e-57
97	rs1	1:1	2:0.458	rs2	1:2	2:0.24275	0	1000	1	3.48704e-56	2.6721	0.169197	1.93736e-48	2.47662	0.169338	0.362023	0.264152	0.289793	0.341988	-0.345502	0.363592	2.05207e-31	6.21808	0.533305	0	0	1.71106e-49
98	rs1	1:1	2:0.45625	rs2	1:2	2:0.24725	0	1000	1	2.88781e-69	3.01098	0.171166	1.06424e-39	2.23646	0.169616	0.366182	0.269752	0.298515	0.0260231	-0.959222	0.430943	8.95053e-31	7.58812	0.657924	0	0	9.62666e-61
99	rs1	1:1	2:0.46675	rs2	1:2	2:0.25075	0	1000	1	2.91894e-63	2.88786	0.172005	1.85673e-58	2.76825	0.171731	0.845561	-0.0682491	0.350381	0.753117	0.098805	0.314134	2.53377e-28	7.49318	0.678915	0	0	1.31807e-57
100	rs1	1:1	2:0.47275	rs2	1:2	2:0.24625	0	1000	1	7.85935e-48	2.61059	0.179673	7.204e-63	3.01582	0.180203	0.786346	0.0915596	0.337786	0.516359	0.230443	0.355092	1.79698e-28	6.18659	0.55897	0	0	6.67353e-44
101	rs1	1:1	2:0.461	rs2	1:2	2:0.24825	0	1000	1	2.49717e-58	2.77489	0.172339	7.46842e-59	2.77439	0.171514	0.768096	0.0997263	0.338209	0.0149622	0.643405	0.264418	1.33998e-28	6.06659	0.54683	0	0	2.13309e-45
102	rs1	1:1	2:0.46475	rs2	1:2	2:0.241	0	1000	1	2.64616e-42	2.34775	0.172245	3.91777e-64	2.94217	0.174009	0.3278	-0.338926	0.346354	0.928707	-0.0314415	0.351412	5.15056e-32	6.9228	0.587841	0	0	2.2229e-54
103	rs1	1:1	2:0.46175	rs2	1:2	2:0.2435	0	1000	1	1.64085e-46	2.45877	0.171702	4.30248e-57	2.74471	0.172361	0.483995	-0.243403	0.347773	0.98027	-0.00833107	0.336876	1.50681e-31	6.42647	0.549939	0	0	2.48215e-50
104	rs1	1:1	2:0.47675	rs2	1:2	2:0.249	0	1000	1	8.14869e-52	2.60602	0.172069	5.79645e-66	2.9482	0.17186	0.22118	-0.467665	0.382267	0.20826	-0.548426	0.435825	1.26505e-31	7.63157	0.652236	0	0	1.9204e-60
105	rs1	1:1	2:0.46575	rs2	1:2	2:0.253	0	1000	1	1.89342e-64	2.86201	0.168841	1.17345e-45	2.39021	0.16853	0.366104	-0.347121	0.38407	0.11588	-0.598435	0.380611	1.10007e-32	7.08726	0.595263	0	0	4.92388e-58
106	rs1	1:1	2:0.467	rs2	1:2	2:0.24175	0	1000	1	1.59035e-50	2.66126	0.178027	9.80399e-57	2.84802	0.17943	0.853964	0.0597192	0.32445	0.171812	-0.646673	0.473266	5.39491e-28	7.6486	0.697302	0	0	2.85092e-55
107	rs1	1:1	2:0.467	rs2	1:2	2:0.248	0	1000	1	2.18262e-51	2.57718	0.170897	8.22361e-54	2.64048	0.170966	0.269411	-0.422707	0.382741	0.30985	-0.389184	0.38323	4.53526e-31	6.82338	0.588639	0	0	8.74085e-54
108	rs1	1:1	2:0.45225	rs2	1:2	2:0.2435	0	1000	1	1.86068e-62	2.81746	0.168922	6.49821e-40	2.21499	0.167516	0.731962	-0.110626	0.32298	0.00898015	-1.22121	0.467395	6.22187e-32	7.958	0.67666	0	0	6.46563e-66
109	rs1	1:1	2:0.46225	rs2	1:2	2:0.241	0	1000	1	9.2465e-47	2.74864	0.191412	1.16486e-54	2.99019	0.192049	0.486869	0.246674	0.354775	0.0635678	0.59865	0.322688	2.06148e-24	6.33656	0.621462	0	0	1.40809e-39
110	rs1	1:1	2:0.472	rs2	1:2	2:0.24475	0	1000	1	1.01984e-43	2.40327	0.173323	5.71092e-67	3.01086	0.174151	0.013124	-1.28828	0.519388	0.103721	-0.768241	0.47216	2.42931e-29	9.06599	0.806168	0	0	1.09319e-69
111	rs1	1:1	2:0.4645	rs2	1:2	2:0.2465	0	1000	1	1.19586e-47	2.41958	0.166857	1.22043e-61	2.76677	0.167011	0.0440741	-0.869894	0.432055	0.952638	0.0186065	0.313271	2.95656e-32	7.08604	0.599326	0	0	1.04306e-58
112	rs1	1:1	2:0.4605	rs2	1:2	2:0.248	0	1000	1	9.65667e-65	3.03563	0.178666	1.73369e-46	2.52843	0.176613	0.411455	-0.335306	0.408245	0.323427	-0.358429	0.362988	5.02045e-17	9.5209	1.1353	0	0	2.12139e-64
113	rs1	1:1	2:0.459	rs2	1:2	2:0.2495	0	1000	1	8.48113e-65	2.90115	0.170675	7.08817e-42	2.29995	0.169636	0.757825	0.100541	0.326075	0.189385	-0.474823	0.361797	2.10732e-32	6.54671	0.552384	0	0	1.14838e-52
114	rs1	1:1	2:0.46275	rs2	1:2	2:0.2465	0	1000	1	1.45503e-61	2.92124	0.176448	1.95024e-44	2.46225	0.176075	0.138635	0.445882	0.30109	0.242979	-0.474161	0.406108	9.17169e-29	6.38502	0.573782	0	0	5.09223e-47
115	rs1	1:1	2:0.456	rs2	1:2	2:0.24525	0	1000	1	1.68155e-55	2.56971	0.163746	1.04181e-57	2.61993	0.163616	0.755201	-0.0970853	0.311382	0.700373	0.110554	0.28729	5.47244e-33	6.70206	0.560176	0	0	6.43844e-57
116	rs1	1:1	2:0.46625	rs2	1:2	2:0.24725	0	1000	1	8.2422e-45	2.49426	0.177588	5.54617e-58	2.85131	0.177631	0.213989	-0.541222	0.435531	0.189213	0.40616	0.309358	1.17126e-26	6.17847	0.578131	0	0	7.18755e-44
117	rs1	1:1	2:0.45875	rs2	1:2	2:0.24925	0	1000	1	1.34702e-63	2.82781	0.16797	6.41066e-51	2.50466	0.166877	0.576695	-0.194713	0.348812	0.675927	-0.12988	0.310697	2.54777e-31	7.44649	0.639674	0	0	5.30626e-61
118	rs1	1:1	2:0.468	rs2	1:2	2:0.2445	0	1000	1	6.70049e-50	2.57918	0.173652	3.86539e-62	2.89927	0.174284	0.598409	-0.183548	0.348493	0.969004	-0.0136488	0.35125	3.11986e-31	6.97362	0.599944	0	0	9.10167e-54
119	rs1	1:1	2:0.462	rs2	1:2	2:0.24525	0	1000	1	9.14581e-57	2.78676	0.175522	1.19378e-52	2.6768	0.175287	0.66845	0.13961	0.325982	0.988216	0.00497101	0.33656	7.39991e-30	6.74172	0.593974	0	0	1.39305e-50
120	rs1	1:1	2:0.4615	rs2	1:2	2:0.246	0	1000	1	6.36778e-60	2.89552	0.177348	1.11976e-46	2.53365	0.176603	0.312852	0.320875	0.317932	0.771888	-0.101338	0.349554	1.44294e-29	6.32323	0.559991	0	0	1.37552e-46
121	rs1	1:1	2:0.462	rs2	1:2	2:0.25025	0	1000	1	4.84407e-65	2.95735	0.173646	2.40508e-43	2.38622	0.172862	0.481396	0.230958	0.328037	0.491847	-0.239046	0.347767	1.02028e-30	6.20679	0.538683	0	0	1.27343e-47
122	rs1	1:1	2:0.4595	rs2	1:2	2:0.248	0	1000	1	2.78251e-61	2.86886	0.173695	9.09223e-46	2.4508	0.172585	0.770555	0.0987475	0.338583	0.882211	-0.047856	0.322988	5.49659e-31	6.26428	0.541176	0	0	3.3561e-48
123	rs1	1:1	2:0.466	rs2	1:2	2:0.2445	0	1000	1	2.01501e-51	2.59116	0.171764	2.4094e-56	2.72202	0.172104	0.0656616	-0.796526	0.432723	0.0549357	-0.903135	0.470534	7.45827e-31	8.50632	0.736534	0	0	5.1674e-67
124	rs1	1:1	2:0.46475	rs2	1:2	2:0.2475	0	1000	1	6.80666e-55	2.63392	0.168795	6.48374e-62	2.80257	0.168785	0.359135	-0.333523	0.363705	0.621913	0.150422	0.305028	4.93213e-32	7.05309	0.598719	0	0	4.40209e-57
125	rs1	1:1	2:0.464	rs2	1:2	2:0.24575	0	1000	1	2.78109e-56	2.65756	0.168125	3.05176e-53	2.58584	0.168353	0.334664	0.279743	0.28996	0.630205	-0.168038	0.349033	3.07015e-31	5.9633	0.512965	0	0	1.88202e-47
126	rs1	1:1	2:0.4615	rs2	1:2	2:0.24825	0	1000	1	2.14203e-52	2.62603	0.172393	8.44664e-54	2.65473	0.171908	0.252592	-0.465078	0.406509	0.57697	0.17025	0.305209	3.38413e-30	6.51935	0.570951	0	0	2.80887e-50
127	rs1	1:1	2:0.4645	rs2	1:2	2:0.2485	0	1000	1	3.92504e-62	2.8325	0.17028	1.47495e-52	2.59179	0.169874	0.467065	-0.265252	0.364726	0.280371	-0.391736	0.362891	3.71468e-32	7.66675	0.649496	0	0	7.80104e-62
128	rs1	1:1	2:0.46725	rs2	1:2	2:0.248	0	1000	1	5.74793e-55	2.71021	0.173564	1.35581e-67	3.01463	0.173538	0.606042	-0.188521	0.365541	0.0385477	0.581167	0.280895	1.44865e-26	7.16911	0.672068	0	0	5.02913e-53
129	rs1	1:1	2:0.45975	rs2	1:2	2:0.2415	0	1000	1	2.09721e-65	2.86168	0.167547	9.68394e-46	2.38867	0.168262	0.0128114	0.62308	0.250336	0.00828629	-1.90484	0.721484	2.9427e-21	7.91514	0.836276	0	0	1.06672e-58
130	rs1	1:1	2:0.45	rs2	1:2	2:0.239	0	1000	1	3.90687e-45	2.47271	0.175395	2.76051e-47	2.52711	0.174967	0.0735858	-0.775234	0.43329	0.426237	-0.276679	0.34774	6.34912e-31	7.3232	0.633333	0	0	9.99718e-57
131	rs1	1:1	2:0.4645	rs2	1:2	2:0.238	0	1000	1	1.47836e-32	2.15158	0.181088	1.7834e-59	2.99992	0.184454	0.29707	-0.378235	0.362733	0.660765	-0.180599	0.411521	6.85132e-28	6.52027	0.595609	0	0	6.4716e-46
132	rs1	1:1	2:0.4645	rs2	1:2	2:0.25075	0	1000	1	6.2214e-64	2.855	0.169126	4.51062e-52	2.56011	0.168605	0.773794	-0.10063	0.350122	0.927759	-0.0283096	0.312243	9.62226e-33	6.75593	0.566903	0	0	7.21927e-55
133	rs1	1:1	2:0.46775	rs2	1:2	2:0.24325	0	1000	1	2.45936e-49	2.51885	0.170595	1.29028e-67	2.98473	0.171789	0.901374	-0.0386567	0.311935	0.851463	0.0632792	0.337937	6.89127e-30	7.19771	0.633801	0	0	2.59005e-56
134	rs1	1:1	2:0.46625	rs2	1:2	2:0.2465	0	1000	1	7.97811e-58	2.72857	0.170224	3.89289e-57	2.71632	0.17051	0.898302	-0.0413181	0.323287	0.18487	-0.537755	0.405575	2.44073e-31	7.6008	0.652724	0	0	1.3628e-60
135	rs1	1:1	2:0.455	rs2	1:2	2:0.242	0	1000	1	2.60317e-52	2.59429	0.170452	8.71134e-47	2.44623	0.170303	0.902689	0.0383388	0.313571	0.435496	-0.271093	0.347635	8.52763e-32	6.23586	0.531433	0	0	1.3733e-49
136	rs1	1:1	2:0.46075	rs2	1:2	2:0.24375	0	1000	1	1.43749e-50	2.5898	0.173169	2.67997e-56	2.74367	0.173546	0.389627	-0.313	0.363829	0.691474	-0.138646	0.349363	2.15786e-31	7.26266	0.623125	0	0	1.43652e-56
137	rs1	1:1	2:0.46425	rs2	1:2	2:0.24475	0	1000	1	1.62564e-59	2.73232	0.167942	2.31437e-57	2.6887	0.168434	0.31152	0.285906	0.282505	0.414568	-0.297161	0.364221	8.73162e-31	7.01309	0.607954	0	0	2.97796e-56
138	rs1	1:1	2:0.4785	rs2	1:2	2:0.2455	0	1000	1	9.45665e-50	2.69863	0.181979	1.92135e-65	3.11409	0.182271	0.176756	0.405222	0.299984	0.472783	-0.342529	0.477088	5.44382e-26	6.7148	0.636867	0	0	8.17997e-46
139	rs1	1:1	2:0.46475	rs2	1:2	2:0.2455	0	1000	1	1.10267e-58	2.88087	0.178362	4.38862e-47	2.56596	0.178051	0.987645	-0.00543972	0.351275	0.087032	-0.806476	0.471274	6.68234e-29	7.57382	0.678892	0	0	1.11144e-55
140	rs1	1:1	2:0.4655	rs2	1:2	2:0.2425	0	1000	1	1.33434e-47	2.52926	0.174511	4.65518e-60	2.87061	0.175617	0.724919	0.11051	0.314045	0.663149	0.147757	0.339226	5.05706e-30	6.18198	0.543068	0	0	2.71819e-46
141	rs1	1:1	2:0.46975	rs2	1:2	2:0.2485	0	1000	1	5.6675e-57	2.80674	0.176447	1.32108e-58	2.84799	0.176448	0.263275	0.356019	0.318248	0.153465	0.442103	0.309727	2.7264e-28	5.72331	0.518867	0	0	3.32894e-41
142	rs1	1:1	2:0.46775	rs2	1:2	2:0.2505	0	1000	1	7.71065e-55	2.55759	0.163987	2.26092e-56	2.59429	0.163987	0.0718084	-0.726738	0.403669	0.125777	-0.583354	0.381036	8.53015e-34	7.32745	0.604699	0	0	5.01743e-63
143	rs1	1:1	2:0.45075	rs2	1:2	2:0.241	0	1000	1	6.67921e-58	2.73922	0.170771	1.48869e-47	2.46145	0.169921	0.186776	0.375435	0.284382	0.834261	0.0634963	0.303463	3.02294e-30	6.14993	0.538137	0	0	6.3092e-48
144	rs1	1:1	2:0.46625	rs2	1:2	2:0.2435	0	1000	1	1.96965e-42	2.46407	0.180494	1.31333e-65	3.1019	0.181322	0.18185	-0.58054	0.434836	0.0590044	0.57288	0.303407	1.73014e-27	6.83565	0.629261	0	0	3.37384e-48
145	rs1	1:1	2:0.4625	rs2	1:2	2:0.2435	0	1000	1	3.11385e-50	2.62618	0.176209	4.54374e-52	2.68356	0.176741	0.295009	-0.400898	0.38283	0.0851134	-0.811713	0.471444	8.98802e-30	7.89182	0.696346	0	0	1.90977e-59
146	rs1	1:1	2:0.465	rs2	1:2	2:0.24625	0	1000	1	1.04798e-49	2.68864	0.181389	2.76313e-56	2.86263	0.181093	0.167569	-0.652725	0.47297	0.472291	0.235322	0.327402	2.10866e-27	7.24115	0.667701	0	0	5.79467e-51
147	rs1	1:1	2:0.4605	rs2	1:2	2:0.2475	0	1000	1	2.56561e-61	2.80709	0.169904	1.89556e-45	2.39578	0.169326	0.924536	0.030762	0.324764	0.148178	-0.550982	0.38104	1.78632e-32	6.76505	0.57014	0	0	9.88016e-55
148	rs1	1:1	2:0.4715	rs2	1:2	2:0.24825	0	1000	1	2.914e-54	2.73468	0.176304	5.28522e-64	2.97934	0.176391	0.481696	-0.270532	0.38451	0.492169	0.224881	0.327404	1.76024e-29	7.22549	0.640889	0	0	7.95797e-54
149	rs1	1:1	2:0.4735	rs2	1:2	2:0.255	0	1000	1	1.18718e-66	3.1322	0.181613	1.72781e-48	2.65923	0.181727	0.393868	0.303808	0.356321	0.88233	-0.0543877	0.367445	3.25695e-28	6.35753	0.577201	0	0	1.44596e-44
150	rs1	1:1	2:0.468	rs2	1:2	2:0.24575	0	1000	1	1.52392e-52	2.61907	0.171686	3.05854e-62	2.86723	0.172213	0.557407	0.17909	0.30525	0.57651	0.182568	0.326896	8.02839e-31	6.21436	0.538376	0	0	5.64813e-48
151	rs1	1:1	2:0.45575	rs2	1:2	2:0.242	0	1000	1	8.35747e-53	2.60059	0.170038	2.72629e-51	2.56342	0.17015	0.938061	0.0243321	0.313123	0.669815	-0.142722	0.334712	2.88089e-32	6.49453	0.549196	0	0	5.30171e-52
152	rs1	1:1	2:0.47475	rs2	1:2	2:0.24425	0	1000	1	5.89077e-51	2.57411	0.17144	4.37993e-74	3.13274	0.172044	0.932891	0.0255333	0.303215	0.918753	0.035932	0.352257	3.82199e-26	7.76218	0.733895	0	0	3.59466e-59
153	rs1	1:1	2:0.476	rs2	1:2	2:0.2445	0	1000	1	2.07831e-44	2.37628	0.169983	3.0192e-69	2.99832	0.170471	0.330774	-0.323184	0.332304	0.128448	-0.718916	0.472893	4.72729e-31	7.46636	0.644304	0	0	7.3939e-60
154	rs1	1:1	2:0.46925	rs2	1:2	2:0.24375	0	1000	1	1.20579e-50	2.65808	0.177596	6.74216e-64	3.01175	0.178462	0.530743	-0.228664	0.364769	0.90424	-0.0442346	0.36768	7.24917e-26	8.08673	0.768954	0	0	4.02905e-58
155	rs1	1:1	2:0.46575	rs2	1:2	2:0.248	0	1000	1	2.98932e-62	2.93586	0.17632	2.67854e-48	2.56797	0.175849	0.972093	0.0123003	0.351601	0.212674	-0.505643	0.405733	1.73126e-30	7.28783	0.635022	0	0	4.5545e-55
156	rs1	1:1	2:0.45325	rs2	1:2	2:0.2405	0	1000	1	2.12476e-49	2.45965	0.166474	8.68943e-49	2.44827	0.166778	0.342234	-0.315853	0.332561	0.107738	-0.612328	0.380696	6.98721e-34	6.91533	0.56992	0	0	2.36961e-58
157	rs1	1:1	2:0.457	rs2	1:2	2:0.243	0	1000	1	1.39483e-43	2.39757	0.173193	1.28129e-55	2.72674	0.173561	0.849561	-0.0636831	0.335743	0.0904775	0.484964	0.286472	2.18428e-28	5.46818	0.494844	0	0	2.0355e-40
158	rs1	1:1	2:0.47625	rs2	1:2	2:0.2465	0	1000	1	3.07597e-52	2.72024	0.178856	1.56819e-60	2.93958	0.179111	0.115154	0.461261	0.292782	0.345168	-0.449054	0.475691	9.232e-26	6.44715	0.614382	0	0	9.18138e-45
159	rs1	1:1	2:0.465	rs2	1:2	2:0.24975	0	1000	1	5.68501e-66	2.91908	0.170151	3.54054e-54	2.63212	0.169829	0.857538	0.0583312	0.324947	0.456417	-0.25891	0.347642	3.19032e-29	7.66403	0.682964	0	0	1.58048e-60
160	rs1	1:1	2:0.47075	rs2	1:2	2:0.24825	0	1000	1	3.79112e-53	2.76162	0.179962	1.16314e-50	2.69519	0.180047	0.555005	0.200536	0.339732	0.55975	-0.23871	0.409302	1.40379e-26	6.10886	0.572518	0	0	2.5305e-42
161	rs1	1:1	2:0.462	rs2	1:2	2:0.246	0	1000	1	2.01554e-56	2.68965	0.169937	3.42332e-57	2.70789	0.169896	0.998735	-0.000513637	0.323885	0.79995	0.0795291	0.313833	2.05449e-31	6.76671	0.580364	0	0	8.19179e-54
162	rs1	1:1	2:0.4555	rs2	1:2	2:0.24725	0	1000	1	1.18284e-67	2.8563	0.16435	1.41753e-48	2.3902	0.163192	0.39067	0.248824	0.289869	0.839383	-0.0593363	0.292755	1.19399e-32	6.55785	0.551114	0	0	1.74301e-55
163	rs1	1:1	2:0.4555	rs2	1:2	2:0.23925	0	1000	1	1.22687e-45	2.48395	0.175178	1.93351e-52	2.68578	0.176238	0.49614	-0.23677	0.347897	0.526192	-0.231589	0.36538	3.59233e-31	6.9419	0.597834	0	0	3.7706e-53
164	rs1	1:1	2:0.457	rs2	1:2	2:0.24925	0	1000	1	1.1299e-61	2.99847	0.180947	3.32082e-46	2.53892	0.177909	0.94584	-0.0263915	0.388499	0.170519	0.388778	0.283668	1.57884e-27	6.5625	0.603652	0	0	2.55124e-46
165	rs1	1:1	2:0.47175	rs2	1:2	2:0.246	0	1000	1	9.10717e-45	2.50537	0.178469	3.81862e-66	3.07504	0.179001	0.612013	0.165454	0.326209	0.0486152	0.618097	0.313445	3.61761e-27	5.506	0.510031	0	0	1.87134e-38
166	rs1	1:1	2:0.468	rs2	1:2	2:0.24325	0	1000	1	1.63505e-39	2.21939	0.168736	2.57672e-62	2.82808	0.169757	0.067211	-0.694481	0.379444	0.136671	-0.647524	0.435075	3.37603e-31	7.19356	0.619224	0	0	3.93042e-58
167	rs1	1:1	2:0.45825	rs2	1:2	2:0.245	0	1000	1	2.01673e-53	2.63218	0.171071	5.25505e-54	2.63909	0.170558	0.658866	-0.154151	0.349169	0.488974	0.205329	0.296743	2.23724e-31	6.39257	0.548617	0	0	2.95423e-50
168	rs1	1:1	2:0.4585	rs2	1:2	2:0.242	0	1000	1	1.4681e-49	2.64371	0.178631	2.83665e-50	2.65966	0.17838	0.139353	-0.642234	0.434468	0.338606	-0.366822	0.383335	1.21623e-29	7.9451	0.702691	0	0	6.69027e-59
169	rs1	1:1	2:0.4645	rs2	1:2	2:0.2525	0	1000	1	1.65119e-69	2.92234	0.165829	1.08062e-49	2.45426	0.1656	0.765864	-0.0999678	0.3357	0.138981	-0.534711	0.36139	1.47502e-34	7.34246	0.598869	0	0	9.87667e-63
170	rs1	1:1	2:0.468	rs2	1:2	2:0.24775	0	1000	1	3.31883e-56	2.66019	0.16841	8.39976e-58	2.70018	0.168486	0.183536	-0.507652	0.381709	0.131584	-0.610412	0.404814	3.53975e-33	7.8243	0.652008	0	0	1.52775e-64
171	rs1	1:1	2:0.471	rs2	1:2	2:0.24325	0	1000	1	2.31426e-46	2.508	0.175432	2.94881e-68	3.08784	0.176864	0.845262	0.0611485	0.313313	0.686035	0.143054	0.353881	8.97624e-30	6.76074	0.596538	0	0	1.84373e-50
172	rs1	1:1	2:0.46525	rs2	1:2	2:0.245	0	1000	1	2.41027e-51	2.69498	0.178786	1.52249e-55	2.80998	0.178985	0.750498	-0.116516	0.366424	0.91345	0.0382369	0.351803	1.47403e-29	6.76608	0.59931	0	0	2.61935e-49
173	rs1	1:1	2:0.45725	rs2	1:2	2:0.24425	0	1000	1	1.18881e-55	2.77518	0.176591	7.90779e-49	2.57823	0.175555	0.927954	-0.0317374	0.351004	0.929974	0.0284815	0.324105	3.41916e-30	6.69834	0.586673	0	0	2.94438e-50
174	rs1	1:1	2:0.46325	rs2	1:2	2:0.24775	0	1000	1	3.43215e-59	2.67646	0.164973	1.90936e-51	2.48631	0.164775	0.341132	-0.330321	0.347001	0.0952871	-0.634316	0.380253	8.12968e-35	7.34691	0.596886	0	0	2.95509e-63
175	rs1	1:1	2:0.4655	rs2	1:2	2:0.24775	0	1000	1	5.06572e-55	2.65225	0.169764	8.61158e-60	2.77063	0.16989	0.536393	-0.215312	0.348245	0.842984	-0.0665129	0.335791	1.45475e-32	7.02306	0.591029	0	0	1.22222e-56
176	rs1	1:1	2:0.47375	rs2	1:2	2:0.25075	0	1000	1	1.02122e-55	2.80112	0.178133	1.83974e-65	3.04385	0.178133	0.682766	-0.15782	0.38616	0.129929	0.470004	0.31036	6.86161e-29	6.67768	0.598691	0	0	1.65547e-48
177	rs1	1:1	2:0.46125	rs2	1:2	2:0.24175	0	1000	1	1.73972e-48	2.47525	0.16916	9.57837e-57	2.70166	0.170193	0.301644	0.291815	0.282516	0.714326	0.119399	0.326179	6.11433e-30	5.56433	0.489522	0	0	6.40442e-43
178	rs1	1:1	2:0.46775	rs2	1:2	2:0.246	0	1000	1	3.90509e-49	2.50431	0.16997	3.32166e-64	2.88295	0.170408	0.0498441	-0.847654	0.43219	0.450558	-0.275135	0.364665	7.46452e-32	8.11251	0.690702	0	0	2.10747e-65
179	rs1	1:1	2:0.46125	rs2	1:2	2:0.247	0	1000	1	3.09913e-67	3.18309	0.183738	1.87568e-41	2.45539	0.182061	0.00157787	0.909822	0.287921	0.769595	0.0988923	0.337625	5.69386e-26	5.74776	0.545366	0	0	1.3524e-38
180	rs1	1:1	2:0.46325	rs2	1:2	2:0.245	0	1000	1	1.83202e-50	2.56586	0.171754	5.44179e-60	2.80721	0.171838	0.0402807	-0.963437	0.469773	0.743317	-0.10974	0.33512	8.14858e-29	8.43867	0.757614	0	0	2.1938e-65
181	rs1	1:1	2:0.46575	rs2	1:2	2:0.24725	0	1000	1	1.04702e-54	2.69683	0.173131	1.04012e-58	2.79669	0.173111	0.929422	0.029853	0.337045	0.338573	0.294005	0.307218	1.9087e-30	6.25822	0.545708	0	0	1.03829e-47
182	rs1	1:1	2:0.469	rs2	1:2	2:0.25	0	1000	1	2.26684e-60	2.82103	0.172122	9.5761e-55	2.68034	0.17201	0.849729	-0.0663955	0.350438	0.682338	-0.142936	0.349241	6.79214e-32	6.79729	0.578331	0	0	2.12458e-53
183	rs1	1:1	2:0.45525	rs2	1:2	2:0.2405	0	1000	1	3.67186e-45	2.52877	0.179315	1.58643e-60	2.94882	0.179682	0.64697	-0.167441	0.36561	0.0119603	0.696034	0.276939	6.82926e-26	6.66444	0.633372	0	0	2.01974e-46
184	rs1	1:1	2:0.4615	rs2	1:2	2:0.24675	0	1000	1	4.41877e-64	2.92986	0.173354	5.18485e-48	2.51468	0.172733	0.337197	0.295062	0.307447	0.383923	-0.31667	0.363699	1.41376e-30	6.89694	0.600046	0	0	3.17131e-53
185	rs1	1:1	2:0.46375	rs2	1:2	2:0.2445	0	1000	1	3.6572e-54	2.63709	0.170172	6.06933e-56	2.68979	0.170696	0.473168	0.212933	0.296839	0.745791	-0.113395	0.349774	2.25658e-31	6.29543	0.540314	0	0	1.60172e-49
186	rs1	1:1	2:0.46225	rs2	1:2	2:0.24225	0	1000	1	2.27266e-49	2.63283	0.17825	1.79844e-54	2.7788	0.178792	0.220017	-0.497747	0.405833	0.295785	-0.425427	0.406906	3.33213e-29	8.09865	0.721942	0	0	1.21034e-59
187	rs1	1:1	2:0.4605	rs2	1:2	2:0.24875	0	1000	1	2.82087e-61	2.77573	0.168065	1.64772e-52	2.55301	0.167411	0.854102	-0.0617894	0.336018	0.920721	0.0301603	0.303041	8.09661e-33	6.60567	0.553626	0	0	4.60332e-54
188	rs1	1:1	2:0.4545	rs2	1:2	2:0.24025	0	1000	1	7.78159e-43	2.37495	0.17311	4.6541e-54	2.68869	0.173676	0.719406	-0.120348	0.334994	0.207911	0.367674	0.29196	1.74309e-29	5.70361	0.505862	0	0	5.65112e-43
189	rs1	1:1	2:0.477	rs2	1:2	2:0.2495	0	1000	1	1.42023e-51	2.6269	0.173867	1.36524e-66	2.99256	0.173597	0.860144	-0.0591967	0.33598	0.71738	-0.139979	0.386721	5.62208e-31	6.69391	0.578389	0	0	1.69697e-51
190	rs1	1:1	2:0.47175	rs2	1:2	2:0.24475	0	1000	1	9.19017e-44	2.31758	0.167053	2.55231e-71	2.9942	0.167677	0.0640939	-0.702608	0.379475	0.689923	-0.139597	0.349902	2.85558e-34	7.4067	0.606763	0	0	1.78657e-62
191	rs1	1:1	2:0.46875	rs2	1:2	2:0.243	0	1000	1	2.69516e-44	2.42979	0.174041	2.06655e-65	2.99472	0.175328	0.84725	0.0603481	0.313288	0.36407	0.298759	0.329161	5.31946e-30	6.01959	0.529007	0	0	3.82529e-45
192	rs1	1:1	2:0.4725	rs2	1:2	2:0.25225	0	1000	1	6.71464e-64	2.99001	0.177171	1.98755e-57	2.82978	0.177166	0.951687	-0.0222997	0.368053	0.962585	-0.0164688	0.351071	1.1232e-29	7.27754	0.643253	0	0	4.73016e-54
193	rs1	1:1	2:0.46125	rs2	1:2	2:0.248	0	1000	1	5.34247e-57	2.70209	0.169829	4.94399e-56	2.6706	0.169339	0.728255	-0.121484	0.349649	0.349241	0.271132	0.289652	1.73911e-31	6.35695	0.544558	0	0	2.21099e-50
194	rs1	1:1	2:0.44425	rs2	1:2	2:0.23675	0	1000	1	1.00153e-52	2.4924	0.163089	2.13497e-51	2.46422	0.163391	0.281888	0.284067	0.263982	0.636309	0.132598	0.280414	5.87577e-32	5.90552	0.501935	0	0	2.52636e-49
195	rs1	1:1	2:0.47125	rs2	1:2	2:0.2565	0	1000	1	5.28395e-70	2.92189	0.1652	5.70159e-52	2.51033	0.165494	0.717397	0.114033	0.315061	0.218267	-0.446596	0.362747	5.02422e-34	6.56808	0.540101	0	0	1.06732e-55
196	rs1	1:1	2:0.47	rs2	1:2	2:0.246	0	1000	1	8.83081e-48	2.61317	0.17995	2.74506e-56	2.85221	0.180429	0.180467	-0.582527	0.434943	0.291685	-0.460424	0.436656	1.07822e-28	7.6187	0.685535	0	0	5.62544e-55
197	rs1	1:1	2:0.463	rs2	1:2	2:0.2445	0	1000	1	1.20708e-55	2.6989	0.171748	5.84368e-55	2.68639	0.17205	0.106489	0.460756	0.285443	0.470908	0.227998	0.316224	3.18263e-29	5.59438	0.498522	0	0	4.98788e-42
198	rs1	1:1	2:0.465	rs2	1:2	2:0.24975	0	1000	1	6.43546e-53	2.60619	0.170215	3.13991e-59	2.76131	0.170145	0.716282	0.118401	0.325787	0.0511431	0.546856	0.280399	7.55789e-29	5.38315	0.483002	0	0	1.23113e-40
199	rs1	1:1	2:0.459	rs2	1:2	2:0.2445	0	1000	1	1.03962e-57	2.78715	0.174057	8.28436e-48	2.5151	0.173144	0.951592	0.0204717	0.337215	0.717871	-0.12094	0.334731	2.91628e-31	6.65915	0.572606	0	0	1.85773e-51
200	rs1	1:1	2:0.4565	rs2	1:2	2:0.245	0	1000	1	8.68416e-57	2.70477	0.170323	2.34452e-49	2.50033	0.169304	0.245813	-0.444065	0.382624	0.438986	-0.257671	0.332949	1.51472e-32	7.43423	0.625809	0	0	2.47115e-60
201	rs1	1:1	2:0.467	rs2	1:2	2:0.2455	0	1000	1	3.28961e-60	2.82933	0.172868	2.55643e-60	2.83812	0.173243	0.0529759	0.541857	0.280012	0.389043	0.272946	0.316881	7.38815e-28	6.33001	0.578591	0	0	5.68027e-47
202	rs1	1:1	2:0.469	rs2	1:2	2:0.25125	0	1000	1	2.37091e-61	2.84782	0.17232	9.74141e-60	2.80724	0.172215	0.495797	-0.262125	0.384845	0.487727	0.212333	0.305986	9.48125e-31	7.04771	0.611331	0	0	9.13166e-55
203	rs1	1:1	2:0.47375	rs2	1:2	2:0.25175	0	1000	1	9.53144e-62	2.94036	0.177331	3.2277e-55	2.77604	0.177362	0.670955	-0.164042	0.386129	0.356418	-0.375825	0.407526	3.618e-30	7.35145	0.644152	0	0	8.73187e-55
204	rs1	1:1	2:0.47025	rs2	1:2	2:0.24725	0	1000	1	1.50119e-50	2.62133	0.175311	8.11121e-59	2.84061	0.175664	0.536998	-0.22532	0.364974	0.575635	-0.215763	0.385449	1.2953e-30	6.92576	0.602157	0	0	1.93764e-52
205	rs1	1:1	2:0.46125	rs2	1:2	2:0.2425	0	1000	1	7.75899e-56	2.79134	0.177315	2.08883e-54	2.76331	0.177905	0.055224	0.549877	0.286826	0.464945	0.239311	0.327496	2.73604e-27	6.14451	0.567829	0	0	1.24166e-43
206	rs1	1:1	2:0.46375	rs2	1:2	2:0.24075	0	1000	1	3.12445e-48	2.57639	0.176553	1.06099e-61	2.9585	0.178495	0.524293	0.194304	0.305153	0.587154	0.184471	0.339747	1.79774e-27	6.85846	0.631565	0	0	1.48647e-49
207	rs1	1:1	2:0.4655	rs2	1:2	2:0.24275	0	1000	1	8.83104e-50	2.62597	0.177024	1.2635e-56	2.82054	0.177877	0.98283	-0.00723767	0.336302	0.618393	-0.19216	0.385763	6.20492e-30	6.85088	0.602775	0	0	9.92388e-51
208	rs1	1:1	2:0.45925	rs2	1:2	2:0.2465	0	1000	1	3.52696e-63	3.02387	0.180227	2.24119e-42	2.436	0.178561	0.200751	0.409082	0.319741	0.709458	-0.130036	0.34901	5.57091e-29	6.3739	0.570509	0	0	5.51158e-46
209	rs1	1:1	2:0.4495	rs2	1:2	2:0.23675	0	1000	1	3.37051e-54	2.66258	0.171759	3.78062e-52	2.62031	0.172438	0.0270444	0.582512	0.263476	0.249054	0.335271	0.29087	1.14206e-26	5.97332	0.558812	0	0	6.52216e-44
210	rs1	1:1	2:0.469	rs2	1:2	2:0.2475	0	1000	1	8.65687e-55	2.62914	0.168654	1.42199e-59	2.74879	0.168869	0.824464	-0.0716316	0.322945	0.332382	-0.371736	0.383499	9.77178e-33	6.87061	0.576588	0	0	6.32941e-56
211	rs1	1:1	2:0.4645	rs2	1:2	2:0.248	0	1000	1	4.98443e-56	2.60502	0.165186	8.98967e-57	2.62183	0.165123	0.39289	-0.296783	0.347363	0.698801	-0.124718	0.322319	2.44978e-34	6.67813	0.54652	0	0	1.07231e-56
212	rs1	1:1	2:0.46475	rs2	1:2	2:0.2505	0	1000	1	6.75812e-58	2.69808	0.168214	2.52416e-52	2.55724	0.167995	0.441095	-0.28088	0.364615	0.597362	-0.17654	0.334231	9.26858e-33	6.60083	0.553743	0	0	6.57107e-54
213	rs1	1:1	2:0.46675	rs2	1:2	2:0.24675	0	1000	1	3.58259e-48	2.50481	0.171758	3.42786e-67	2.98027	0.172089	0.256671	-0.433765	0.382409	0.136663	0.435662	0.292718	1.2875e-30	6.7748	0.589006	0	0	1.17573e-52
214	rs1	1:1	2:0.472	rs2	1:2	2:0.25375	0	1000	1	1.86493e-60	2.84245	0.173304	1.93164e-64	2.94056	0.173486	0.233406	-0.51964	0.436074	0.161936	0.408822	0.29231	2.20673e-29	7.17845	0.637843	0	0	1.17189e-54
215	rs1	1:1	2:0.471	rs2	1:2	2:0.25325	0	1000	1	4.5936e-68	3.0201	0.173235	1.1615e-54	2.69785	0.173271	0.161043	0.434416	0.309949	0.555829	0.185955	0.315687	3.13119e-30	6.08994	0.533029	0	0	2.85751e-46
216	rs1	1:1	2:0.46775	rs2	1:2	2:0.252	0	1000	1	1.88705e-62	2.85401	0.171122	2.65398e-55	2.67851	0.170995	0.493277	-0.263706	0.384913	0.817079	0.0725893	0.313827	1.00869e-31	6.79462	0.579754	0	0	1.03072e-53
217	rs1	1:1	2:0.4615	rs2	1:2	2:0.2455	0	1000	1	4.59507e-53	2.65333	0.173046	8.26993e-54	2.67029	0.172901	0.505724	-0.242832	0.36488	0.872918	-0.0537216	0.33586	1.59364e-31	6.7779	0.580249	0	0	9.35236e-53
218	rs1	1:1	2:0.46675	rs2	1:2	2:0.24875	0	1000	1	9.29252e-61	2.81234	0.171028	8.75735e-53	2.61346	0.170913	0.815393	0.0759207	0.325177	0.42866	-0.288301	0.364253	4.67307e-32	6.75465	0.573165	0	0	1.32343e-53
219	rs1	1:1	2:0.4695	rs2	1:2	2:0.25525	0	1000	1	1.49751e-74	3.2569	0.178288	1.14653e-51	2.69308	0.178082	0.229937	0.396881	0.330591	0.803923	0.0807614	0.325293	1.59826e-24	7.48589	0.732409	0	0	3.9043e-53
220	rs1	1:1	2:0.47225	rs2	1:2	2:0.249	0	1000	1	8.30083e-59	2.94344	0.182038	1.25384e-54	2.83447	0.182102	0.720654	0.126243	0.353042	0.364227	-0.396704	0.437217	4.17443e-28	7.35175	0.668826	0	0	1.15542e-51
221	rs1	1:1	2:0.4645	rs2	1:2	2:0.246	0	1000	1	2.99143e-51	2.53727	0.168483	4.20001e-52	2.56131	0.168632	0.64969	-0.151997	0.334654	0.380742	-0.319145	0.364101	1.47317e-31	6.30678	0.539608	0	0	1.33593e-50
222	rs1	1:1	2:0.45925	rs2	1:2	2:0.24475	0	1000	1	3.8001e-52	2.57479	0.169447	8.33188e-54	2.62016	0.16966	0.870143	-0.0528334	0.323186	0.75201	-0.105943	0.335274	2.14457e-32	6.39635	0.539764	0	0	2.21909e-51
223	rs1	1:1	2:0.46275	rs2	1:2	2:0.24475	0	1000	1	1.24654e-51	2.67834	0.177171	9.43957e-56	2.78847	0.177272	0.927354	-0.0319714	0.350663	0.566748	0.187164	0.326726	1.20279e-29	6.50609	0.575371	0	0	6.51742e-48
224	rs1	1:1	2:0.45425	rs2	1:2	2:0.24275	0	1000	1	5.49396e-52	2.61832	0.172586	9.5638e-49	2.52931	0.172376	0.994004	0.00243605	0.324158	0.719052	-0.120507	0.334998	1.53529e-31	6.39786	0.547566	0	0	5.64832e-50
225	rs1	1:1	2:0.46175	rs2	1:2	2:0.24475	0	1000	1	1.45751e-54	2.68212	0.172421	8.63726e-58	2.7651	0.172556	0.858807	-0.0597144	0.335676	0.850541	0.0611985	0.324785	2.18322e-30	7.0186	0.612634	0	0	2.49221e-54
226	rs1	1:1	2:0.47475	rs2	1:2	2:0.2485	0	1000	1	4.14095e-53	2.6711	0.174128	2.31779e-64	2.95131	0.174231	0.479412	-0.257917	0.364676	0.580305	-0.213181	0.385541	2.22146e-31	7.33178	0.629188	0	0	1.1474e-56
227	rs1	1:1	2:0.46	rs2	1:2	2:0.2445	0	1000	1	4.42404e-51	2.55651	0.170053	5.21927e-55	2.65615	0.170035	0.349051	-0.340515	0.363631	0.925246	-0.0303606	0.323577	1.93601e-32	6.69778	0.564791	0	0	8.029e-54
228	rs1	1:1	2:0.46275	rs2	1:2	2:0.24825	0	1000	1	4.3045e-60	2.72411	0.166606	1.77558e-51	2.51057	0.16633	0.67235	-0.14164	0.334906	0.32496	-0.341211	0.346648	4.33834e-34	6.82247	0.560468	0	0	2.66487e-57
229	rs1	1:1	2:0.468	rs2	1:2	2:0.24425	0	1000	1	1.53127e-54	2.67666	0.172105	3.87545e-61	2.85166	0.172862	0.649372	0.13847	0.304574	0.487723	-0.266995	0.384756	3.45652e-30	7.19765	0.630457	0	0	1.42392e-55
230	rs1	1:1	2:0.469	rs2	1:2	2:0.246	0	1000	1	2.67087e-50	2.64282	0.177204	7.49715e-58	2.84835	0.177653	0.236545	-0.480618	0.406041	0.234407	-0.518358	0.435931	6.46901e-30	7.78945	0.685574	0	0	4.7825e-58
231	rs1	1:1	2:0.4645	rs2	1:2	2:0.2495	0	1000	1	6.28849e-62	2.81055	0.169247	3.62393e-53	2.59053	0.168781	0.0887032	-0.738016	0.433546	0.126017	-0.582506	0.380723	1.47123e-30	8.70275	0.757381	0	0	4.06085e-70
232	rs1	1:1	2:0.473	rs2	1:2	2:0.25125	0	1000	1	7.40627e-66	2.95129	0.172183	1.40198e-55	2.70315	0.172122	0.0296001	0.613009	0.281791	0.736042	-0.123624	0.366727	1.85555e-29	5.95483	0.528401	0	0	4.24025e-45
233	rs1	1:1	2:0.469	rs2	1:2	2:0.24275	0	1000	1	4.09456e-50	2.62305	0.176215	3.01617e-60	2.90438	0.177396	0.7109	0.116425	0.314114	0.32116	-0.433621	0.437084	4.09106e-29	7.12416	0.636103	0	0	1.30745e-52
234	rs1	1:1	2:0.457	rs2	1:2	2:0.2415	0	1000	1	7.69106e-59	2.90895	0.179853	3.51833e-43	2.46634	0.179022	0.0306888	0.624388	0.288924	0.853907	-0.0644639	0.35009	1.14817e-27	5.93873	0.544821	0	0	6.33942e-42
235	rs1	1:1	2:0.46	rs2	1:2	2:0.2475	0	1000	1	1.23097e-53	2.62093	0.169987	3.8659e-61	2.79044	0.16915	0.0654413	-0.867402	0.470843	0.0813107	0.464825	0.266661	2.71516e-28	7.39998	0.670848	0	0	3.47084e-57
236	rs1	1:1	2:0.4595	rs2	1:2	2:0.2395	0	1000	1	2.07201e-48	2.5753	0.17614	2.85472e-60	2.91987	0.178306	0.139696	0.419869	0.284286	0.155544	0.44037	0.310072	1.2938e-26	6.17241	0.578063	0	0	9.2792e-44
237	rs1	1:1	2:0.45975	rs2	1:2	2:0.24325	0	1000	1	2.1204e-57	2.84274	0.178023	5.70458e-50	2.64058	0.177658	0.396501	0.268634	0.316827	0.846339	-0.0678384	0.350058	1.39633e-28	6.83748	0.616521	0	0	8.16327e-50
238	rs1	1:1	2:0.45875	rs2	1:2	2:0.24625	0	1000	1	9.4108e-61	2.78804	0.169558	6.90921e-52	2.55685	0.168702	0.591357	-0.18726	0.348799	0.65399	-0.1442	0.321713	6.04021e-31	7.46197	0.645096	0	0	4.7816e-60
239	rs1	1:1	2:0.47025	rs2	1:2	2:0.24775	0	1000	1	8.48301e-56	2.82234	0.179348	1.10674e-56	2.84826	0.17953	0.924692	0.0332338	0.351587	0.69001	-0.153978	0.386062	3.3361e-29	7.13711	0.636233	0	0	1.14526e-51
240	rs1	1:1	2:0.45525	rs2	1:2	2:0.24275	0	1000	1	6.6373e-57	2.58561	0.162647	1.15836e-51	2.45952	0.162644	0.782323	0.0792849	0.286959	0.455223	-0.239488	0.320713	1.23634e-34	6.46107	0.526367	0	0	4.88925e-56
241	rs1	1:1	2:0.4625	rs2	1:2	2:0.2425	0	1000	1	1.49624e-48	2.67564	0.182726	1.70742e-55	2.88006	0.183533	0.252291	0.364177	0.318113	0.139225	0.473875	0.320471	1.59762e-26	5.77662	0.541991	0	0	5.91888e-39
242	rs1	1:1	2:0.46625	rs2	1:2	2:0.25075	0	1000	1	2.28295e-67	3.12397	0.180143	4.23125e-45	2.52329	0.179054	0.883435	0.0541573	0.369382	0.336334	-0.368286	0.383059	2.28366e-29	7.45761	0.662825	0	0	2.1179e-54
243	rs1	1:1	2:0.4555	rs2	1:2	2:0.2405	0	1000	1	1.26168e-44	2.33572	0.166658	1.99082e-59	2.7227	0.167478	0.228559	-0.416134	0.345603	0.628242	0.143482	0.296326	2.39854e-33	6.58155	0.546982	0	0	1.03253e-54
244	rs1	1:1	2:0.46	rs2	1:2	2:0.24925	0	1000	1	5.68782e-57	2.59723	0.163278	2.28041e-55	2.5561	0.16308	0.966047	-0.0133142	0.312783	0.620597	0.1425	0.287876	1.80659e-33	5.88473	0.488122	0	0	9.01072e-50
245	rs1	1:1	2:0.45825	rs2	1:2	2:0.24475	0	1000	1	6.08765e-56	2.65075	0.16822	1.55376e-56	2.65772	0.167746	0.709856	-0.124614	0.33494	0.474119	0.206594	0.288623	1.46923e-31	6.7075	0.573883	0	0	3.44013e-54
246	rs1	1:1	2:0.46675	rs2	1:2	2:0.24475	0	1000	1	1.63524e-52	2.66216	0.174563	1.56397e-61	2.89827	0.175107	0.568685	0.179645	0.315173	0.33135	0.308478	0.317561	1.53502e-29	6.33336	0.561158	0	0	2.88767e-47
247	rs1	1:1	2:0.463	rs2	1:2	2:0.24775	0	1000	1	5.53909e-60	3.00573	0.184003	7.47095e-48	2.65194	0.182476	0.420826	-0.352595	0.438012	0.663415	-0.1591	0.365576	1.02853e-26	8.04443	0.751884	0	0	1.23302e-55
248	rs1	1:1	2:0.4685	rs2	1:2	2:0.24875	0	1000	1	1.1692e-59	2.79329	0.171476	1.76383e-52	2.6144	0.171487	0.660444	-0.153404	0.349201	0.0587279	-0.889569	0.470615	1.21058e-30	7.57745	0.658484	0	0	1.03707e-59
249	rs1	1:1	2:0.46175	rs2	1:2	2:0.24325	0	1000	1	1.89281e-58	2.85679	0.177237	5.64013e-48	2.58224	0.177444	0.11542	0.461127	0.292911	0.307804	-0.414944	0.406871	1.85004e-28	6.702	0.605682	0	0	8.72442e-49
250	rs1	1:1	2:0.459	rs2	1:2	2:0.24575	0	1000	1	3.43954e-58	2.66651	0.165812	3.79196e-51	2.48971	0.165497	0.54147	-0.203959	0.334034	0.268927	-0.38265	0.346122	1.54105e-34	6.96321	0.568101	0	0	3.22189e-59
251	rs1	1:1	2:0.47	rs2	1:2	2:0.24775	0	1000	1	1.01469e-53	2.68075	0.173726	4.99733e-61	2.86657	0.173928	0.996021	0.0016787	0.336613	0.75975	0.103461	0.33832	6.62226e-31	6.51085	0.563255	0	0	8.60233e-50
252	rs1	1:1	2:0.4615	rs2	1:2	2:0.24175	0	1000	1	1.25442e-50	2.55904	0.171008	9.54575e-52	2.59974	0.171773	0.220784	-0.443593	0.36228	0.0138613	-1.46482	0.595252	6.74768e-28	8.49649	0.776033	0	0	3.11988e-66
253	rs1	1:1	2:0.46625	rs2	1:2	2:0.2505	0	1000	1	6.91147e-68	3.00306	0.172489	1.92041e-50	2.57276	0.172252	0.0662011	0.541339	0.294677	0.870368	0.0529862	0.324689	4.10787e-30	5.94976	0.521839	0	0	2.50236e-45
254	rs1	1:1	2:0.4665	rs2	1:2	2:0.24575	0	1000	1	6.32429e-47	2.509	0.174404	1.66663e-65	2.9906	0.174958	0.484252	-0.25496	0.3645	0.132532	0.453034	0.30118	5.45863e-30	6.48176	0.569737	0	0	7.37993e-49
255	rs1	1:1	2:0.4525	rs2	1:2	2:0.24125	0	1000	1	2.18182e-58	2.76239	0.171474	1.26303e-45	2.41799	0.170552	0.262425	0.326172	0.291049	0.749469	-0.102921	0.322294	5.20678e-31	6.25014	0.539738	0	0	5.7337e-49
256	rs1	1:1	2:0.46825	rs2	1:2	2:0.24975	0	1000	1	3.93161e-53	2.50307	0.163139	1.04435e-57	2.61238	0.163146	0.310246	-0.351881	0.346781	0.53699	-0.206309	0.334173	9.51289e-34	6.35275	0.524649	0	0	2.45079e-54
257	rs1	1:1	2:0.465	rs2	1:2	2:0.245	0	1000	1	2.44238e-49	2.55685	0.173163	6.89888e-60	2.83222	0.173523	0.160646	-0.568253	0.405055	0.777048	-0.0991002	0.34997	2.09798e-31	7.39241	0.634126	0	0	1.26606e-57
258	rs1	1:1	2:0.4595	rs2	1:2	2:0.24575	0	1000	1	1.15762e-55	2.746	0.174716	6.57844e-53	2.65998	0.173744	0.457902	-0.285398	0.384476	0.579813	0.168857	0.304984	4.71681e-30	6.96873	0.611856	0	0	6.16031e-53
259	rs1	1:1	2:0.45775	rs2	1:2	2:0.24325	0	1000	1	1.99887e-52	2.54727	0.167173	8.29878e-58	2.67935	0.167179	0.98791	-0.0047371	0.312607	0.294184	0.296679	0.282825	7.75334e-32	6.21404	0.52921	0	0	2.36945e-50
260	rs1	1:1	2:0.4695	rs2	1:2	2:0.24525	0	1000	1	1.94076e-53	2.73218	0.177542	5.93063e-61	2.93292	0.178066	0.412884	0.259097	0.316424	0.510238	0.22397	0.340139	7.36668e-29	6.4036	0.574444	0	0	2.11845e-46
261	rs1	1:1	2:0.4615	rs2	1:2	2:0.24625	0	1000	1	1.88503e-64	2.88772	0.170355	1.2245e-52	2.59702	0.170081	0.113202	0.452161	0.285462	0.984851	-0.0061463	0.323708	3.58965e-30	6.44871	0.565019	0	0	2.66029e-50
262	rs1	1:1	2:0.4595	rs2	1:2	2:0.24775	0	1000	1	6.46612e-62	2.8922	0.174182	6.96575e-57	2.75211	0.173154	0.385796	0.274851	0.316916	0.0886265	0.474393	0.278614	2.78828e-23	7.03726	0.707974	0	0	2.68841e-50
263	rs1	1:1	2:0.466	rs2	1:2	2:0.246	0	1000	1	4.39904e-56	2.61724	0.165877	2.50301e-62	2.7688	0.166181	0.478022	0.204848	0.288726	0.565582	0.175577	0.305581	1.82923e-32	6.12941	0.516656	0	0	2.53902e-50
264	rs1	1:1	2:0.45875	rs2	1:2	2:0.2465	0	1000	1	2.56014e-63	2.94281	0.175197	8.98917e-44	2.40956	0.173663	0.620543	-0.181233	0.366067	0.0915763	-0.681009	0.403647	2.27559e-30	8.0007	0.698577	0	0	1.02808e-61
265	rs1	1:1	2:0.471	rs2	1:2	2:0.24725	0	1000	1	6.65985e-53	2.69219	0.175857	4.36919e-65	3.00144	0.176172	0.823088	-0.0782522	0.350004	0.443547	0.251227	0.32788	2.07739e-29	6.99389	0.62115	0	0	3.9143e-52
266	rs1	1:1	2:0.46125	rs2	1:2	2:0.246	0	1000	1	1.98138e-61	2.80799	0.169798	3.51714e-51	2.55214	0.169591	0.387976	0.257045	0.297749	0.496813	-0.236389	0.347879	1.11691e-31	6.67984	0.570381	0	0	2.65757e-53
267	rs1	1:1	2:0.45775	rs2	1:2	2:0.245	0	1000	1	2.63263e-58	2.82763	0.17565	7.36717e-50	2.58853	0.174357	0.542733	0.199149	0.327179	0.37403	0.26439	0.297418	2.78009e-29	6.26588	0.557767	0	0	1.38806e-46
268	rs1	1:1	2:0.47075	rs2	1:2	2:0.25125	0	1000	1	2.66287e-64	2.98156	0.176102	1.15154e-49	2.60885	0.176081	0.0678802	0.553154	0.302965	0.787077	-0.0990832	0.366828	3.65219e-28	5.84028	0.530737	0	0	2.85748e-42
269	rs1	1:1	2:0.46075	rs2	1:2	2:0.24575	0	1000	1	2.13654e-62	2.84983	0.170947	2.84098e-51	2.56925	0.170568	0.310545	0.302691	0.298488	0.722967	-0.11869	0.334812	8.47742e-31	6.67357	0.578394	0	0	2.31196e-52
270	rs1	1:1	2:0.46375	rs2	1:2	2:0.24525	0	1000	1	2.05846e-53	2.59442	0.168631	2.6659e-54	2.62047	0.168878	0.837178	-0.0663808	0.323013	0.39444	-0.3101	0.364141	1.48174e-32	6.55903	0.55205	0	0	3.4985e-53
271	rs1	1:1	2:0.46425	rs2	1:2	2:0.24575	0	1000	1	2.83581e-58	2.83386	0.176088	2.72402e-53	2.70007	0.175706	0.913644	-0.0380283	0.350674	0.757704	-0.107824	0.349514	3.98865e-29	7.39115	0.659809	0	0	3.16289e-55
272	rs1	1:1	2:0.4695	rs2	1:2	2:0.252	0	1000	1	3.2929e-61	2.8708	0.173919	2.04189e-60	2.85184	0.173935	0.864138	-0.062887	0.367527	0.215193	0.371399	0.299657	3.67475e-30	6.50046	0.569654	0	0	2.85823e-49
273	rs1	1:1	2:0.4585	rs2	1:2	2:0.24025	0	1000	1	2.40088e-41	2.36605	0.175674	2.84131e-62	2.94125	0.176612	0.158416	-0.571085	0.404905	0.0743571	0.511963	0.286909	6.04464e-29	6.72175	0.602034	0	0	6.39947e-50
274	rs1	1:1	2:0.46475	rs2	1:2	2:0.24725	0	1000	1	4.88604e-56	2.74603	0.174113	2.4682e-54	2.69865	0.173862	0.412233	-0.314882	0.384017	0.694406	-0.137201	0.349216	3.08621e-31	7.21031	0.620257	0	0	1.17973e-55
275	rs1	1:1	2:0.47525	rs2	1:2	2:0.2495	0	1000	1	3.28616e-55	2.73117	0.174508	2.22239e-72	3.13899	0.174459	0.995985	0.00169539	0.336944	0.0967109	0.501894	0.302161	2.25213e-28	6.92526	0.626858	0	0	5.73269e-52
276	rs1	1:1	2:0.46875	rs2	1:2	2:0.24925	0	1000	1	2.81633e-63	2.88549	0.171842	1.01107e-57	2.75021	0.171732	0.75165	0.103023	0.325543	0.886768	-0.0478402	0.335968	8.45555e-30	7.24541	0.639008	0	0	2.67039e-56
277	rs1	1:1	2:0.46825	rs2	1:2	2:0.24925	0	1000	1	6.57131e-64	2.99796	0.177629	2.06181e-52	2.70115	0.177295	0.338059	0.315122	0.328936	0.822426	0.0757703	0.337618	2.60925e-29	6.51605	0.579746	0	0	1.11132e-47
278	rs1	1:1	2:0.45475	rs2	1:2	2:0.23925	0	1000	1	3.99922e-43	2.42764	0.176331	6.06788e-57	2.81842	0.177229	0.251325	-0.438565	0.382313	0.400974	0.25791	0.307078	1.16566e-29	6.92569	0.61233	0	0	8.65265e-52
279	rs1	1:1	2:0.47475	rs2	1:2	2:0.25075	0	1000	1	3.09371e-65	3.0863	0.180939	1.10717e-53	2.79103	0.180939	0.159699	0.449913	0.319976	0.354065	-0.405194	0.437229	8.30403e-28	6.96769	0.637496	0	0	3.73556e-49
280	rs1	1:1	2:0.4535	rs2	1:2	2:0.23825	0	1000	1	2.06555e-41	2.2541	0.167224	6.84468e-64	2.84973	0.16887	0.104805	-0.584657	0.360456	0.425337	0.230987	0.289749	9.41781e-32	7.15764	0.610426	0	0	1.03921e-58
281	rs1	1:1	2:0.46075	rs2	1:2	2:0.247	0	1000	1	6.24189e-65	3.07331	0.180612	9.8976e-42	2.42123	0.178904	0.343035	0.312241	0.329303	0.310626	-0.388024	0.382701	3.79699e-29	6.98107	0.622959	0	0	1.05723e-50
282	rs1	1:1	2:0.46	rs2	1:2	2:0.24825	0	1000	1	2.77227e-57	2.63514	0.165195	1.96581e-49	2.43519	0.16476	0.252153	-0.415675	0.362992	0.219466	-0.424428	0.34564	1.45741e-34	6.93237	0.565376	0	0	2.30595e-59
283	rs1	1:1	2:0.461	rs2	1:2	2:0.2395	0	1000	1	7.00796e-48	2.57546	0.177159	1.87271e-52	2.72052	0.178493	0.572275	-0.196693	0.348312	0.103853	-0.767738	0.472032	3.66502e-29	7.75249	0.691604	0	0	1.75343e-57
284	rs1	1:1	2:0.45575	rs2	1:2	2:0.23725	0	1000	1	1.54965e-41	2.40432	0.178089	6.76239e-56	2.83743	0.180143	0.212784	-0.475683	0.381784	0.668007	-0.157229	0.3666	6.824e-30	7.52146	0.662259	0	0	7.93122e-56
285	rs1	1:1	2:0.4565	rs2	1:2	2:0.23925	0	1000	1	7.18941e-51	2.57458	0.171623	2.30034e-47	2.49421	0.172539	0.861603	0.0529196	0.303552	0.0481219	-0.929632	0.470393	1.37246e-29	7.11086	0.629499	0	0	2.26976e-55
286	rs1	1:1	2:0.46175	rs2	1:2	2:0.2465	0	1000	1	1.56622e-50	2.54568	0.170284	1.90847e-54	2.6444	0.170185	0.258994	-0.431895	0.382623	0.962734	-0.0151301	0.323823	1.31147e-31	6.55146	0.56007	0	0	4.28995e-52
287	rs1	1:1	2:0.46375	rs2	1:2	2:0.24425	0	1000	1	2.08477e-50	2.51895	0.168711	8.73177e-64	2.8522	0.169161	0.399227	-0.292633	0.347131	0.549137	0.183102	0.305651	5.33854e-32	6.93976	0.589434	0	0	4.17312e-56
288	rs1	1:1	2:0.46525	rs2	1:2	2:0.2455	0	1000	1	7.29951e-59	2.69233	0.166427	1.07732e-56	2.64685	0.166818	0.535354	0.178699	0.288291	0.226232	-0.462624	0.382295	1.66571e-32	6.9719	0.587284	0	0	1.46793e-57
289	rs1	1:1	2:0.46375	rs2	1:2	2:0.24575	0	1000	1	1.40599e-59	2.67403	0.164269	1.3922e-53	2.53561	0.164538	0.888607	0.041243	0.294451	0.0453543	-0.864997	0.432206	6.17025e-33	7.32762	0.612973	0	0	2.90332e-62
290	rs1	1:1	2:0.46225	rs2	1:2	2:0.2445	0	1000	1	9.82437e-53	2.72457	0.178266	1.58434e-49	2.64058	0.178482	0.382329	0.27691	0.316971	0.804537	-0.0908148	0.366959	1.70652e-28	6.08956	0.549974	0	0	9.12788e-44
291	rs1	1:1	2:0.46825	rs2	1:2	2:0.24925	0	1000	1	1.86922e-65	2.90673	0.170118	3.10697e-59	2.76025	0.170073	0.185527	0.386294	0.291779	0.688166	0.126286	0.314657	9.02556e-29	6.80079	0.611066	0	0	8.33061e-53
292	rs1	1:1	2:0.46725	rs2	1:2	2:0.2485	0	1000	1	4.12985e-51	2.58576	0.171947	1.38127e-64	2.91796	0.171953	0.0569403	-0.895684	0.470479	0.472314	0.22001	0.306114	2.14073e-29	7.73229	0.686891	0	0	7.57501e-60
293	rs1	1:1	2:0.4515	rs2	1:2	2:0.24175	0	1000	1	1.14359e-55	2.86653	0.182376	7.91101e-38	2.31219	0.179847	0.396918	0.279111	0.329475	0.811791	-0.0798343	0.335275	2.26401e-28	5.94347	0.538011	0	0	3.75006e-42
294	rs1	1:1	2:0.467	rs2	1:2	2:0.247	0	1000	1	7.51066e-55	2.72009	0.174387	1.12777e-55	2.74172	0.174425	0.374439	-0.340736	0.38363	0.390692	-0.329436	0.383796	3.09809e-31	7.44025	0.640055	0	0	2.50334e-57
295	rs1	1:1	2:0.4685	rs2	1:2	2:0.251	0	1000	1	4.96298e-66	2.88882	0.168309	1.33349e-53	2.5933	0.168252	0.292891	0.314384	0.298901	0.718165	-0.120934	0.335078	2.28345e-32	6.29131	0.531135	0	0	6.81891e-51
296	rs1	1:1	2:0.458	rs2	1:2	2:0.24575	0	1000	1	4.54739e-56	2.61725	0.1659	2.93177e-48	2.41705	0.165584	0.200372	-0.463991	0.362353	0.0473368	-0.798687	0.402711	3.16393e-34	7.48229	0.613375	0	0	6.82886e-64
297	rs1	1:1	2:0.46375	rs2	1:2	2:0.24975	0	1000	1	1.06279e-57	2.79806	0.174754	6.81863e-47	2.50098	0.173909	0.0356013	-1.2547	0.597063	0.306044	-0.371606	0.363053	3.48096e-26	7.93746	0.749846	0	0	3.2025e-59
298	rs1	1:1	2:0.456	rs2	1:2	2:0.24475	0	1000	1	2.15949e-57	2.68181	0.167956	1.03708e-51	2.5302	0.167237	0.642026	-0.155564	0.334641	0.782674	-0.0858842	0.311359	1.13127e-32	6.97402	0.585867	0	0	2.01521e-57
299	rs1	1:1	2:0.46175	rs2	1:2	2:0.2505	0	1000	1	6.38094e-67	2.81008	0.162598	7.81453e-49	2.38352	0.162288	0.611041	-0.163799	0.322065	0.0279512	-0.883379	0.401907	3.26412e-35	7.64726	0.617603	0	0	1.08396e-67
300	rs1	1:1	2:0.45775	rs2	1:2	2:0.246	0	1000	1	5.54518e-54	2.66993	0.17259	2.57612e-50	2.55609	0.171361	0.251113	-0.466676	0.406636	0.598698	0.155702	0.295858	1.66281e-30	6.64409	0.578754	0	0	1.47562e-51
301	rs1	1:1	2:0.45975	rs2	1:2	2:0.24525	0	1000	1	1.4351e-59	2.83337	0.174071	2.12703e-55	2.71913	0.173432	0.295942	0.321536	0.307638	0.199929	0.37315	0.291124	4.41721e-27	6.55127	0.607889	0	0	3.0735e-48
302	rs1	1:1	2:0.4675	rs2	1:2	2:0.246	0	1000	1	2.58689e-45	2.42806	0.171873	1.36213e-60	2.82883	0.172273	0.0716612	-0.779737	0.432883	0.773181	-0.10092	0.350153	8.06767e-31	7.09315	0.614531	0	0	1.19919e-55
303	rs1	1:1	2:0.466	rs2	1:2	2:0.2455	0	1000	1	3.54469e-56	2.70103	0.17104	3.23853e-60	2.80394	0.171307	0.327535	0.291873	0.298106	0.34467	0.290321	0.307225	2.72773e-30	6.09698	0.533087	0	0	5.67088e-47
304	rs1	1:1	2:0.46525	rs2	1:2	2:0.24575	0	1000	1	5.29271e-57	2.68289	0.168615	2.96177e-56	2.66613	0.168709	0.444143	-0.266002	0.347617	0.210215	-0.478675	0.382031	5.88598e-33	7.56646	0.632745	0	0	4.31306e-62
305	rs1	1:1	2:0.469	rs2	1:2	2:0.2485	0	1000	1	1.52337e-47	2.47886	0.171142	1.53787e-59	2.78671	0.171249	0.164953	-0.562758	0.405269	0.970929	0.0122868	0.337154	2.74272e-30	6.54011	0.571856	0	0	6.2931e-51
306	rs1	1:1	2:0.47	rs2	1:2	2:0.24675	0	1000	1	1.18017e-47	2.48541	0.171386	9.72837e-60	2.79938	0.171732	0.519083	-0.224433	0.348088	0.683264	-0.149532	0.366487	5.63688e-31	6.42558	0.555214	0	0	4.15009e-50
307	rs1	1:1	2:0.4765	rs2	1:2	2:0.2515	0	1000	1	1.11139e-58	2.70163	0.16727	6.48663e-64	2.81664	0.166878	0.369175	-0.311999	0.34743	0.0585796	-0.890736	0.470956	2.26505e-32	7.78519	0.657217	0	0	6.44189e-65
308	rs1	1:1	2:0.47575	rs2	1:2	2:0.2445	0	1000	1	1.9947e-40	2.36593	0.177741	3.00228e-67	3.09583	0.178683	0.219523	-0.468908	0.381909	0.423284	-0.351125	0.438501	1.80974e-29	7.22858	0.641302	0	0	1.88889e-53
309	rs1	1:1	2:0.456	rs2	1:2	2:0.24375	0	1000	1	4.62195e-57	2.74108	0.172181	9.56528e-50	2.54427	0.171578	0.457213	0.227743	0.306336	0.849559	0.0594483	0.313411	9.12469e-31	6.25565	0.542471	0	0	1.91054e-48
310	rs1	1:1	2:0.4615	rs2	1:2	2:0.24675	0	1000	1	2.27313e-60	2.8564	0.174282	1.49149e-50	2.5964	0.173638	0.565303	-0.210084	0.365375	0.237963	-0.450927	0.382112	4.42933e-29	8.07245	0.721227	0	0	1.22718e-61
311	rs1	1:1	2:0.4665	rs2	1:2	2:0.24775	0	1000	1	3.74705e-62	2.93078	0.176158	1.10582e-55	2.76877	0.176132	0.0290227	0.629805	0.288481	0.322682	0.313913	0.317417	9.49963e-28	5.95894	0.545811	0	0	7.57085e-43
312	rs1	1:1	2:0.47025	rs2	1:2	2:0.251	0	1000	1	5.05517e-64	2.83099	0.167582	2.10517e-59	2.72382	0.167582	0.567449	0.174774	0.305649	0.773575	-0.0965407	0.335558	5.2735e-33	6.62515	0.553606	0	0	1.76897e-54
313	rs1	1:1	2:0.4635	rs2	1:2	2:0.2415	0	1000	1	5.26451e-42	2.37569	0.174941	2.95765e-63	2.96364	0.176527	0.1951	-0.494277	0.381492	0.779443	0.0948231	0.3386	6.56849e-31	7.0895	0.613277	0	0	4.01503e-54
314	rs1	1:1	2:0.46725	rs2	1:2	2:0.24525	0	1000	1	6.77178e-52	2.59154	0.170975	4.27188e-63	2.87388	0.171403	0.728505	-0.116246	0.334893	0.728515	0.113081	0.325788	9.74097e-32	6.76877	0.577403	0	0	1.80055e-53
315	rs1	1:1	2:0.463	rs2	1:2	2:0.24325	0	1000	1	4.35408e-44	2.48105	0.178149	1.24377e-60	2.93847	0.17889	0.405753	-0.319001	0.383696	0.178998	0.416063	0.309606	7.05935e-29	6.43975	0.577491	0	0	1.03527e-46
316	rs1	1:1	2:0.463	rs2	1:2	2:0.25	0	1000	1	1.34876e-57	2.73863	0.1712	4.51148e-55	2.66982	0.170808	0.555686	0.19272	0.327054	0.0768622	0.494045	0.279249	5.30207e-29	5.49051	0.491245	0	0	2.61283e-41
317	rs1	1:1	2:0.4585	rs2	1:2	2:0.24925	0	1000	1	3.96426e-65	2.94798	0.172976	1.13649e-42	2.34823	0.171506	0.796479	0.0873273	0.3386	0.490189	-0.229914	0.333204	6.33424e-32	6.51895	0.554371	0	0	2.95138e-51
318	rs1	1:1	2:0.46175	rs2	1:2	2:0.2455	0	1000	1	9.79381e-68	2.98716	0.171773	1.74107e-46	2.45141	0.171237	0.122251	0.441044	0.285393	0.117638	-0.632589	0.40427	5.2386e-29	7.37612	0.659892	0	0	5.3805e-57
319	rs1	1:1	2:0.45775	rs2	1:2	2:0.2465	0	1000	1	4.1658e-58	2.79651	0.174025	7.05562e-53	2.64294	0.172682	0.957845	-0.0185615	0.351153	0.204405	0.359726	0.283449	2.53699e-29	6.52627	0.580528	0	0	3.34256e-49
320	rs1	1:1	2:0.4715	rs2	1:2	2:0.2525	0	1000	1	4.44558e-54	2.61193	0.168685	2.22693e-60	2.76593	0.168749	0.56146	-0.212282	0.365578	0.284527	0.32005	0.299055	7.52288e-30	5.81248	0.512169	0	0	2.76268e-45
321	rs1	1:1	2:0.4665	rs2	1:2	2:0.2495	0	1000	1	3.01265e-58	2.82739	0.175726	1.97565e-52	2.67261	0.17539	0.878291	0.0539316	0.352179	0.690623	0.129643	0.325729	7.79678e-30	6.24595	0.550516	0	0	1.79923e-46
322	rs1	1:1	2:0.4605	rs2	1:2	2:0.24975	0	1000	1	2.46437e-66	2.8958	0.168318	5.2654e-43	2.30622	0.167754	0.15651	0.414924	0.292838	0.481365	-0.234713	0.333347	3.592e-31	5.76224	0.496243	0	0	6.32057e-46
323	rs1	1:1	2:0.4555	rs2	1:2	2:0.245	0	1000	1	4.82376e-61	2.8192	0.171032	7.93453e-49	2.48909	0.169488	0.927097	-0.030792	0.336534	0.974424	0.0096994	0.302539	7.65969e-31	6.95319	0.602173	0	0	4.20921e-55
324	rs1	1:1	2:0.468	rs2	1:2	2:0.243	0	1000	1	5.3545e-49	2.49015	0.169254	1.16929e-65	2.91327	0.170228	0.474804	0.206211	0.288534	0.405532	0.263852	0.317213	4.36372e-31	5.96774	0.514678	0	0	7.59793e-47
325	rs1	1:1	2:0.45825	rs2	1:2	2:0.2405	0	1000	1	2.34092e-52	2.64442	0.173667	1.21606e-48	2.55451	0.174286	0.415071	0.242419	0.297446	0.345524	-0.361798	0.383542	3.84662e-30	6.43163	0.563819	0	0	6.17697e-49
326	rs1	1:1	2:0.469	rs2	1:2	2:0.2515	0	1000	1	5.23157e-61	2.86668	0.173964	4.26288e-52	2.64055	0.173861	0.666456	0.146149	0.33908	0.952032	0.0202691	0.336947	3.89066e-30	6.13395	0.537771	0	0	2.64119e-46
327	rs1	1:1	2:0.4685	rs2	1:2	2:0.249	0	1000	1	1.53837e-51	2.57498	0.170491	1.8135e-66	2.93664	0.170516	0.307868	-0.390638	0.383089	0.0996419	0.470765	0.285902	8.05774e-31	6.50982	0.563989	0	0	4.63062e-51
328	rs1	1:1	2:0.46425	rs2	1:2	2:0.24775	0	1000	1	2.44458e-54	2.62458	0.169083	3.66126e-62	2.81369	0.169106	0.951265	0.019815	0.324209	0.137896	0.42278	0.284956	3.78391e-31	6.10152	0.525662	0	0	3.28665e-48
329	rs1	1:1	2:0.4665	rs2	1:2	2:0.2485	0	1000	1	9.09774e-58	2.92465	0.182549	3.03679e-54	2.82145	0.181929	0.903796	-0.046847	0.387591	0.429976	0.258535	0.327577	1.54349e-27	6.98997	0.642851	0	0	1.36219e-48
330	rs1	1:1	2:0.464	rs2	1:2	2:0.2495	0	1000	1	2.13743e-60	2.88277	0.175851	2.89998e-51	2.63839	0.175174	0.359087	0.301566	0.328823	0.234306	0.355633	0.299017	1.01025e-28	5.78179	0.519977	0	0	3.5313e-42
331	rs1	1:1	2:0.458	rs2	1:2	2:0.2425	0	1000	1	8.61555e-46	2.56234	0.180392	9.08928e-54	2.77658	0.179854	0.118483	-0.737141	0.472171	0.320615	0.305382	0.307474	2.63151e-27	7.01201	0.647783	0	0	7.15403e-50
332	rs1	1:1	2:0.46375	rs2	1:2	2:0.24975	0	1000	1	1.27445e-65	3.01005	0.175935	3.88421e-50	2.60599	0.175027	0.609655	0.173338	0.339502	0.921138	0.0320905	0.324144	1.88969e-29	6.91489	0.613679	0	0	9.02371e-52
333	rs1	1:1	2:0.46925	rs2	1:2	2:0.245	0	1000	1	6.27379e-54	2.68118	0.173406	1.49366e-56	2.75694	0.173981	0.52687	0.193298	0.305468	0.225659	-0.52812	0.43588	1.8099e-29	6.80255	0.603506	0	0	1.53213e-51
334	rs1	1:1	2:0.45325	rs2	1:2	2:0.24475	0	1000	1	6.10366e-59	2.93527	0.181321	7.71439e-38	2.29178	0.178232	0.79686	0.0910575	0.35374	0.653263	-0.150105	0.334134	1.31158e-29	6.38327	0.564889	0	0	1.56382e-46
335	rs1	1:1	2:0.47	rs2	1:2	2:0.247	0	1000	1	3.63663e-52	2.52481	0.166126	8.86719e-64	2.80414	0.16632	0.621211	-0.159015	0.321805	0.62987	-0.168318	0.349272	5.86e-34	6.64441	0.546944	0	0	9.77594e-56
336	rs1	1:1	2:0.4575	rs2	1:2	2:0.24375	0	1000	1	4.06364e-65	3.03678	0.178202	9.19414e-45	2.48319	0.176897	0.0144192	0.693147	0.283305	0.946661	-0.0224729	0.335913	4.00595e-27	6.38205	0.591694	0	0	1.30929e-45
337	rs1	1:1	2:0.46225	rs2	1:2	2:0.24125	0	1000	1	3.86355e-48	2.66453	0.182774	1.96333e-53	2.82598	0.183645	0.73692	-0.123039	0.366259	0.699228	-0.149255	0.386308	2.93983e-28	7.31766	0.663817	0	0	2.34525e-51
338	rs1	1:1	2:0.4635	rs2	1:2	2:0.24425	0	1000	1	6.59246e-48	2.51263	0.172788	3.4253e-59	2.80755	0.173052	0.68289	-0.142628	0.349131	0.217687	0.369447	0.299705	4.55773e-30	6.019	0.52833	0	0	9.49003e-46
339	rs1	1:1	2:0.4625	rs2	1:2	2:0.2465	0	1000	1	4.82938e-57	2.8026	0.176076	3.91175e-51	2.63847	0.17541	0.488134	-0.266706	0.384703	0.669537	-0.148923	0.348944	1.52734e-30	7.29339	0.634906	0	0	3.0635e-55
340	rs1	1:1	2:0.46525	rs2	1:2	2:0.24325	0	1000	1	2.8961e-49	2.54129	0.172243	7.13785e-67	2.99338	0.173269	0.896441	-0.0420482	0.323055	0.276633	0.335246	0.308155	8.85437e-29	6.94637	0.624051	0	0	6.19211e-53
341	rs1	1:1	2:0.46425	rs2	1:2	2:0.2415	0	1000	1	1.00639e-51	2.6145	0.172787	5.90873e-53	2.66313	0.17387	0.945431	0.0214121	0.312836	0.0457936	-1.04217	0.521794	3.22762e-28	7.57028	0.687257	0	0	1.37545e-57
342	rs1	1:1	2:0.4595	rs2	1:2	2:0.2455	0	1000	1	3.32491e-69	3.03952	0.172867	1.63056e-39	2.26475	0.172182	0.0457902	0.548334	0.274535	0.00942713	-1.54316	0.594402	3.09277e-25	7.78499	0.750078	0	0	3.38133e-58
343	rs1	1:1	2:0.47225	rs2	1:2	2:0.2505	0	1000	1	4.25727e-51	2.55845	0.170154	5.05765e-69	2.98718	0.17012	0.181684	-0.541819	0.405678	0.141097	0.430952	0.292822	8.09804e-31	6.55742	0.568133	0	0	8.42963e-52
344	rs1	1:1	2:0.464	rs2	1:2	2:0.24775	0	1000	1	1.45561e-57	2.80097	0.17515	9.39584e-52	2.64549	0.174783	0.48097	0.230862	0.327583	0.49712	0.214445	0.315811	2.64129e-29	5.88051	0.523252	0	0	1.79474e-43
345	rs1	1:1	2:0.464	rs2	1:2	2:0.24625	0	1000	1	2.4129e-52	2.57464	0.169106	4.5647e-57	2.69259	0.169127	0.206465	-0.482541	0.381955	0.694228	-0.131652	0.334887	6.1775e-33	7.06141	0.590709	0	0	1.39536e-57
346	rs1	1:1	2:0.46375	rs2	1:2	2:0.241	0	1000	1	4.90714e-47	2.50274	0.173757	8.39322e-56	2.76555	0.175732	0.401876	0.242199	0.288926	0.25543	-0.49649	0.436567	1.65185e-28	6.53663	0.590195	0	0	1.42726e-48
347	rs1	1:1	2:0.465	rs2	1:2	2:0.244	0	1000	1	2.74191e-42	2.46196	0.180659	6.83689e-60	2.96119	0.181419	0.179931	-0.583146	0.43487	0.359169	0.301668	0.328991	6.26475e-28	6.74067	0.615287	0	0	8.02632e-48
348	rs1	1:1	2:0.462	rs2	1:2	2:0.24475	0	1000	1	8.10116e-53	2.67137	0.174642	1.19567e-53	2.69395	0.174702	0.470774	0.22801	0.316144	0.447577	0.24028	0.316382	2.96061e-29	5.80503	0.516999	0	0	5.6664e-43
349	rs1	1:1	2:0.46275	rs2	1:2	2:0.24775	0	1000	1	1.49883e-62	2.79134	0.167226	5.70719e-54	2.58331	0.16701	0.840683	0.0630826	0.313812	0.554595	-0.197303	0.33391	3.74321e-33	6.84319	0.570471	0	0	1.20723e-56
350	rs1	1:1	2:0.466	rs2	1:2	2:0.24675	0	1000	1	8.07087e-55	2.68901	0.172445	2.11687e-56	2.72788	0.172386	0.534739	-0.22664	0.365085	0.938444	-0.0259697	0.336282	1.18555e-31	6.7913	0.580149	0	0	4.36385e-53
351	rs1	1:1	2:0.4575	rs2	1:2	2:0.24475	0	1000	1	1.38541e-58	2.90384	0.179941	1.28281e-38	2.31894	0.17843	0.663453	0.14781	0.339676	0.167795	-0.558704	0.405057	4.62656e-29	6.59616	0.589532	0	0	3.63447e-48
352	rs1	1:1	2:0.46575	rs2	1:2	2:0.245	0	1000	1	3.79797e-61	2.74416	0.166334	1.61062e-60	2.7364	0.166747	0.0845786	0.460053	0.266741	0.946426	0.0217984	0.324403	1.03539e-30	6.40677	0.5561	0	0	1.32e-51
353	rs1	1:1	2:0.448	rs2	1:2	2:0.24225	0	1000	1	7.17953e-58	2.75539	0.171827	1.94962e-41	2.27787	0.168935	0.139495	-0.599187	0.405493	0.209202	-0.415466	0.330848	3.03041e-32	7.77856	0.658014	0	0	2.89401e-63
354	rs1	1:1	2:0.4625	rs2	1:2	2:0.245	0	1000	1	3.50973e-49	2.45691	0.166671	6.8281e-64	2.81712	0.166937	0.362397	-0.315957	0.346897	0.227438	0.342505	0.283769	1.44524e-32	6.41791	0.540078	0	0	1.03588e-52
355	rs1	1:1	2:0.464	rs2	1:2	2:0.25175	0	1000	1	4.70436e-66	2.9601	0.172431	2.4699e-45	2.42896	0.171897	0.72739	0.11815	0.338927	0.46292	-0.255181	0.347635	1.57265e-31	6.42669	0.550129	0	0	3.13188e-50
356	rs1	1:1	2:0.47	rs2	1:2	2:0.2485	0	1000	1	1.00741e-50	2.554	0.170505	7.74924e-62	2.83012	0.170554	0.091159	-0.73232	0.433501	0.929297	-0.029853	0.336448	2.80686e-31	7.11921	0.611994	0	0	1.16347e-56
357	rs1	1:1	2:0.46025	rs2	1:2	2:0.24575	0	1000	1	5.55319e-61	2.85242	0.173137	5.05878e-52	2.61655	0.172408	0.999736	-0.000111266	0.336725	0.712846	-0.123171	0.334672	2.32046e-28	7.53944	0.682618	0	0	1.26548e-57
358	rs1	1:1	2:0.4635	rs2	1:2	2:0.2455	0	1000	1	1.98327e-50	2.58852	0.173332	1.93337e-62	2.8927	0.173456	0.332328	-0.371437	0.383148	0.24455	0.348144	0.299172	4.78278e-30	6.92137	0.607762	0	0	6.87761e-53
359	rs1	1:1	2:0.46275	rs2	1:2	2:0.24575	0	1000	1	4.81078e-53	2.67867	0.174733	1.87105e-55	2.74042	0.174699	0.36142	-0.349991	0.383483	0.741548	-0.115287	0.349561	7.28686e-31	7.33007	0.634577	0	0	3.78119e-56
360	rs1	1:1	2:0.4655	rs2	1:2	2:0.2465	0	1000	1	3.9367e-48	2.441	0.167456	2.50118e-58	2.69868	0.167607	0.0236699	-1.06107	0.46899	0.297009	-0.378968	0.36339	1.3753e-31	7.57939	0.648169	0	0	1.88893e-62
