Outcome	Var1_ID	Var1_Pos	Var1_MAF	Var2_ID	Var2_Pos	Var2_MAF	Num_Missing	Num_Cases	Converged	Red_Var1_Pval	Red_Var1_beta	Red_Var1_SE	Red_Var2_Pval	Red_Var2_beta	Red_Var2_SE	Full_Var1_Pval	Full_Var1_beta	Full_Var1_SE	Full_Var2_Pval	Full_Var2_beta	Full_Var2_SE	Full_Var1_Var2_Pval	Full_Var1_Var2_beta	Full_Var1_Var2_SE	Red_Model_Pval	Full_Model_Pval	Overall_Pval_(LRT)
1	rs1	1:1	2:0.464	rs2	1:2	2:0.24975	0	1000	0	1.78862e-48	7.46236	0.510047	0.99999	-28.1285	2.19446e+06	1.78862e-48	7.46236	0.510047	0.99999	-28.1285	2.19446e+06	nan	nan	nan	1	0	1
2	rs1	1:1	2:0.46425	rs2	1:2	2:0.24725	0	1000	1	7.07797e-30	8.10725	0.714038	0.123654	1.34106	0.871033	7.07566e-30	8.10725	0.714036	0.123654	1.34106	0.871033	nan	nan	nan	0	0	1
3	rs1	1:1	2:0.46425	rs2	1:2	2:0.24325	0	1000	0	2.94498e-30	8.16468	0.714291	0.999982	-28.1204	1.26697e+06	2.94498e-30	8.16468	0.714291	0.999982	-28.1204	1.26697e+06	nan	nan	nan	1	0	1
4	rs1	1:1	2:0.46575	rs2	1:2	2:0.248	0	1000	0	7.93156e-40	7.73992	0.586021	0.999982	-28.1374	1.26697e+06	7.93156e-40	7.73992	0.586021	0.999982	-28.1374	1.26697e+06	nan	nan	nan	1	0	1
5	rs1	1:1	2:0.46925	rs2	1:2	2:0.24975	0	1000	0	6.8317e-19	8.9249	1.00533	0.999982	-28.0613	1.26697e+06	6.8317e-19	8.9249	1.00533	0.999982	-28.0613	1.26697e+06	nan	nan	nan	1	0	1
6	rs1	1:1	2:0.463	rs2	1:2	2:0.24375	0	1000	0	2.19694e-18	8.78914	1.00485	0.99999	-28.1799	2.19446e+06	2.19694e-18	8.78914	1.00485	0.99999	-28.1799	2.19446e+06	nan	nan	nan	1	0	1
7	rs1	1:1	2:0.46325	rs2	1:2	2:0.2495	0	1000	1	8.00318e-19	8.90655	1.00526	0.133555	2.12663	1.41753	8.00318e-19	8.90655	1.00526	0.133555	2.12663	1.41753	nan	nan	nan	0	0	1
8	rs1	1:1	2:0.47125	rs2	1:2	2:0.2485	0	1000	0	0.99965	32.3813	73732.2	0.226773	1.48522	1.22876	0.99965	32.3813	73732.2	0.226773	1.48522	1.22876	nan	nan	nan	1	0	1
9	rs1	1:1	2:0.4655	rs2	1:2	2:0.2425	0	1000	0	1.29574e-18	8.85066	1.00506	0.999986	-28.1265	1.55172e+06	1.29574e-18	8.85066	1.00506	0.999986	-28.1265	1.55172e+06	nan	nan	nan	1	0	1
10	rs1	1:1	2:0.4625	rs2	1:2	2:0.244	0	1000	0	1.71805e-39	7.70308	0.585817	0.999979	-28.1697	1.09723e+06	1.71805e-39	7.70308	0.585817	0.999979	-28.1697	1.09723e+06	nan	nan	nan	1	0	1
11	rs1	1:1	2:0.46025	rs2	1:2	2:0.24025	0	1000	0	1.13923e-47	7.39114	0.509585	0.99999	-28.1905	2.19446e+06	1.13923e-47	7.39114	0.509585	0.99999	-28.1905	2.19446e+06	nan	nan	nan	1	0	1
12	rs1	1:1	2:0.465	rs2	1:2	2:0.244	0	1000	0	1.92364e-18	8.80471	1.00491	0.999982	-28.1667	1.26697e+06	1.92364e-18	8.80471	1.00491	0.999982	-28.1667	1.26697e+06	nan	nan	nan	1	0	1
13	rs1	1:1	2:0.46225	rs2	1:2	2:0.249	0	1000	0	6.81931e-30	8.10955	0.714036	0.999979	-28.1687	1.09723e+06	6.81931e-30	8.10955	0.714036	0.999979	-28.1687	1.09723e+06	nan	nan	nan	1	0	1
14	rs1	1:1	2:0.465	rs2	1:2	2:0.24825	0	1000	0	3.95431e-30	8.14539	0.714204	0.99998	-28.1374	1.09723e+06	3.95431e-30	8.14539	0.714204	0.99998	-28.1374	1.09723e+06	nan	nan	nan	1	0	1
15	rs1	1:1	2:0.461	rs2	1:2	2:0.245	0	1000	0	1.29863e-29	8.06705	0.713841	0.999982	-28.2054	1.26697e+06	1.29863e-29	8.06705	0.713841	0.999982	-28.2054	1.26697e+06	nan	nan	nan	1	0	1
16	rs1	1:1	2:0.46625	rs2	1:2	2:0.24025	0	1000	0	3.27788e-30	8.15751	0.714245	0.99999	-28.1265	2.19446e+06	3.27788e-30	8.15751	0.714245	0.99999	-28.1265	2.19446e+06	nan	nan	nan	1	0	1
17	rs1	1:1	2:0.4645	rs2	1:2	2:0.24625	0	1000	0	2.85695e-30	8.16655	0.714289	0.999988	32.2884	2.19469e+06	2.85695e-30	8.16655	0.714289	0.999988	32.2884	2.19469e+06	nan	nan	nan	1	0	1
18	rs1	1:1	2:0.46575	rs2	1:2	2:0.24975	0	1000	1	2.56412e-30	8.17378	0.714336	0.254978	1.39842	1.22847	2.56322e-30	8.17378	0.714334	0.254978	1.39842	1.22847	nan	nan	nan	0	0	1
19	rs1	1:1	2:0.458	rs2	1:2	2:0.24475	0	1000	0	2.23929e-29	8.0312	0.713697	0.999977	-28.2366	981393	2.23929e-29	8.0312	0.713697	0.999977	-28.2366	981393	nan	nan	nan	1	0	1
20	rs1	1:1	2:0.466	rs2	1:2	2:0.243	0	1000	0	4.56864e-48	7.42628	0.509809	0.99999	-28.16	2.19446e+06	4.56864e-48	7.42628	0.509809	0.99999	-28.16	2.19446e+06	nan	nan	nan	1	0	1
21	rs1	1:1	2:0.46925	rs2	1:2	2:0.24575	0	1000	0	1.46575e-30	8.21052	0.714524	0.99998	-28.0803	1.09723e+06	1.46575e-30	8.21052	0.714524	0.99998	-28.0803	1.09723e+06	nan	nan	nan	1	0	1
22	rs1	1:1	2:0.45	rs2	1:2	2:0.24325	0	1000	0	1.05553e-37	7.50569	0.584821	0.999979	-28.3391	1.09723e+06	1.05553e-37	7.50569	0.584821	0.999979	-28.3391	1.09723e+06	nan	nan	nan	1	0	1
23	rs1	1:1	2:0.469	rs2	1:2	2:0.241	0	1000	1	2.96513e-48	7.44305	0.509927	0.146391	2.05856	1.41735	2.96513e-48	7.44305	0.509927	0.146391	2.05856	1.41735	nan	nan	nan	0	0	1
24	rs1	1:1	2:0.46025	rs2	1:2	2:0.2445	0	1000	0	7.23556e-48	7.40859	0.509695	0.99999	-28.1754	2.19446e+06	7.23556e-48	7.40859	0.509695	0.99999	-28.1754	2.19446e+06	nan	nan	nan	1	0	1
25	rs1	1:1	2:0.454	rs2	1:2	2:0.24375	0	1000	1	2.00357e-38	7.58542	0.585194	0.312684	1.23978	1.22799	2.00357e-38	7.58542	0.585194	0.312684	1.23978	1.22799	nan	nan	nan	0	0	1
26	rs1	1:1	2:0.46225	rs2	1:2	2:0.24675	0	1000	0	1.68086e-29	8.05003	0.713767	0.999982	-28.2201	1.26697e+06	1.68086e-29	8.05003	0.713767	0.999982	-28.2201	1.26697e+06	nan	nan	nan	1	0	1
27	rs1	1:1	2:0.46525	rs2	1:2	2:0.253	0	1000	0	2.05627e-18	8.7969	1.00488	0.999986	-28.1733	1.55172e+06	2.05627e-18	8.7969	1.00488	0.999986	-28.1733	1.55172e+06	nan	nan	nan	1	0	1
28	rs1	1:1	2:0.46575	rs2	1:2	2:0.25025	0	1000	0	2.22025e-30	8.18322	0.714381	0.999982	-28.1042	1.26697e+06	2.22025e-30	8.18322	0.714381	0.999982	-28.1042	1.26697e+06	nan	nan	nan	1	0	1
29	rs1	1:1	2:0.4575	rs2	1:2	2:0.2445	0	1000	0	4.00202e-18	8.71904	1.00464	0.999982	-28.2408	1.26697e+06	4.00202e-18	8.71904	1.00464	0.999982	-28.2408	1.26697e+06	nan	nan	nan	1	0	1
30	rs1	1:1	2:0.469	rs2	1:2	2:0.24425	0	1000	0	5.60828e-64	7.10889	0.420968	0.999982	-28.0833	1.26697e+06	5.60828e-64	7.10889	0.420968	0.999982	-28.0833	1.26697e+06	nan	nan	nan	1	0	1
31	rs1	1:1	2:0.455	rs2	1:2	2:0.237	0	1000	0	0.999659	32.127	75100.9	nan	nan	nan	0.999659	32.127	75100.9	nan	nan	nan	nan	nan	nan	1	0	1
32	rs1	1:1	2:0.457	rs2	1:2	2:0.2415	0	1000	0	4.00202e-18	8.71904	1.00464	0.999982	-28.2408	1.26697e+06	4.00202e-18	8.71904	1.00464	0.999982	-28.2408	1.26697e+06	nan	nan	nan	1	0	1
33	rs1	1:1	2:0.472	rs2	1:2	2:0.25425	0	1000	0	3.83777e-31	8.29832	0.714998	0.999977	-28.0026	981393	3.83777e-31	8.29832	0.714998	0.999977	-28.0026	981393	nan	nan	nan	1	0	1
34	rs1	1:1	2:0.46225	rs2	1:2	2:0.24775	0	1000	0	1.36294e-39	7.71396	0.585865	0.999986	-28.16	1.55172e+06	1.36294e-39	7.71396	0.585865	0.999986	-28.16	1.55172e+06	nan	nan	nan	1	0	1
35	rs1	1:1	2:0.46975	rs2	1:2	2:0.25225	0	1000	0	1.2459e-30	8.2211	0.714572	0.999982	-28.0708	1.26697e+06	1.2459e-30	8.2211	0.714572	0.999982	-28.0708	1.26697e+06	nan	nan	nan	1	0	1
36	rs1	1:1	2:0.4625	rs2	1:2	2:0.2475	0	1000	0	1.17751e-29	8.07363	0.71388	0.999977	-28.2	981393	1.17751e-29	8.07363	0.71388	0.999977	-28.2	981393	nan	nan	nan	1	0	1
37	rs1	1:1	2:0.4575	rs2	1:2	2:0.24325	0	1000	1	3.1636e-46	7.26364	0.50886	0.487025	0.804906	1.15806	3.1636e-46	7.26364	0.50886	0.487025	0.804906	1.15806	nan	nan	nan	0	0	1
38	rs1	1:1	2:0.46675	rs2	1:2	2:0.2465	0	1000	0	1.01146e-18	8.87938	1.00516	0.99999	-28.1012	2.19446e+06	1.01146e-18	8.87938	1.00516	0.99999	-28.1012	2.19446e+06	nan	nan	nan	1	0	1
39	rs1	1:1	2:0.4545	rs2	1:2	2:0.2435	0	1000	1	2.65682e-29	8.01962	0.713623	nan	nan	nan	2.65606e-29	8.01962	0.713622	nan	nan	nan	nan	nan	nan	0	0	1
40	rs1	1:1	2:0.46525	rs2	1:2	2:0.24575	0	1000	0	2.47615e-30	8.17593	0.714334	0.99999	-28.1103	2.19446e+06	2.47615e-30	8.17593	0.714334	0.99999	-28.1103	2.19446e+06	nan	nan	nan	1	0	1
41	rs1	1:1	2:0.459	rs2	1:2	2:0.2425	0	1000	0	4.68594e-55	7.15532	0.45785	0.999979	-28.202	1.09723e+06	4.68594e-55	7.15532	0.45785	0.999979	-28.202	1.09723e+06	nan	nan	nan	1	0	1
42	rs1	1:1	2:0.458	rs2	1:2	2:0.24075	0	1000	0	2.85822e-38	7.56844	0.585116	0.999979	-28.2858	1.09723e+06	2.85822e-38	7.56844	0.585116	0.999979	-28.2858	1.09723e+06	nan	nan	nan	1	0	1
43	rs1	1:1	2:0.46275	rs2	1:2	2:0.24025	0	1000	0	2.38801e-18	8.77944	1.00483	0.999986	-28.1885	1.55172e+06	2.38801e-18	8.77944	1.00483	0.999986	-28.1885	1.55172e+06	nan	nan	nan	1	0	1
44	rs1	1:1	2:0.4635	rs2	1:2	2:0.24625	0	1000	0	0.999654	32.2488	74407.1	0.270748	1.35279	1.22831	0.999654	32.2488	74407.1	0.270748	1.35279	1.22831	nan	nan	nan	1	0	1
45	rs1	1:1	2:0.47425	rs2	1:2	2:0.2505	0	1000	0	6.75441e-31	8.26112	0.714776	0.999986	-28.0353	1.55172e+06	6.75441e-31	8.26112	0.714776	0.999986	-28.0353	1.55172e+06	nan	nan	nan	1	0	1
46	rs1	1:1	2:0.469	rs2	1:2	2:0.256	0	1000	1	4.4215e-19	8.9751	1.00551	0.12288	2.18725	1.41772	4.4215e-19	8.9751	1.00551	0.12288	2.18725	1.41772	nan	nan	nan	0	0	1
47	rs1	1:1	2:0.46525	rs2	1:2	2:0.25225	0	1000	1	1.19209e-30	8.22445	0.714627	0.273884	0.883778	0.807721	1.19209e-30	8.22445	0.714627	0.273884	0.883778	0.807721	nan	nan	nan	0	0	1
48	rs1	1:1	2:0.45775	rs2	1:2	2:0.24175	0	1000	0	4.80553e-61	6.91396	0.419443	0.999982	-28.2529	1.26697e+06	4.80553e-61	6.91396	0.419443	0.999982	-28.2529	1.26697e+06	nan	nan	nan	1	0	1
49	rs1	1:1	2:0.46025	rs2	1:2	2:0.2475	0	1000	0	5.67584e-30	8.12143	0.714075	0.99999	-28.158	2.19446e+06	5.67584e-30	8.12143	0.714075	0.99999	-28.158	2.19446e+06	nan	nan	nan	1	0	1
50	rs1	1:1	2:0.46925	rs2	1:2	2:0.24575	0	1000	0	1.29847e-40	7.82616	0.58653	0.999988	32.3455	2.19469e+06	1.29847e-40	7.82616	0.58653	0.999988	32.3455	2.19469e+06	nan	nan	nan	1	0	1
51	rs1	1:1	2:0.45425	rs2	1:2	2:0.241	0	1000	0	5.15468e-29	7.97592	0.71346	0.999982	-28.2838	1.26697e+06	5.15468e-29	7.97592	0.71346	0.999982	-28.2838	1.26697e+06	nan	nan	nan	1	0	1
52	rs1	1:1	2:0.46875	rs2	1:2	2:0.25	0	1000	0	3.7127e-63	7.05387	0.420497	0.999986	-28.1315	1.55172e+06	3.7127e-63	7.05387	0.420497	0.999986	-28.1315	1.55172e+06	nan	nan	nan	1	0	1
53	rs1	1:1	2:0.468	rs2	1:2	2:0.25	0	1000	0	0.999651	32.339	73899.2	0.99999	-28.0668	2.19446e+06	0.999651	32.339	73899.2	0.99999	-28.0668	2.19446e+06	nan	nan	nan	1	0	1
54	rs1	1:1	2:0.47025	rs2	1:2	2:0.24175	0	1000	0	1.57985e-56	7.26592	0.45863	0.99999	-28.1052	2.19446e+06	1.57985e-56	7.26592	0.45863	0.99999	-28.1052	2.19446e+06	nan	nan	nan	1	0	1
55	rs1	1:1	2:0.46225	rs2	1:2	2:0.24825	0	1000	1	2.07736e-18	8.79574	1.00488	0.276576	1.33641	1.22827	2.07736e-18	8.79574	1.00488	0.276576	1.33641	1.22827	nan	nan	nan	0	0	1
56	rs1	1:1	2:0.4595	rs2	1:2	2:0.24275	0	1000	0	8.6207e-30	8.09399	0.713955	0.999986	-28.1819	1.55172e+06	8.6207e-30	8.09399	0.713955	0.999986	-28.1819	1.55172e+06	nan	nan	nan	1	0	1
57	rs1	1:1	2:0.4655	rs2	1:2	2:0.2435	0	1000	0	3.35304e-55	7.16598	0.457907	0.999986	-28.1925	1.55172e+06	3.35304e-55	7.16598	0.457907	0.999986	-28.1925	1.55172e+06	nan	nan	nan	1	0	1
58	rs1	1:1	2:0.471	rs2	1:2	2:0.2525	0	1000	0	1.89349e-30	8.19359	0.714427	0.999986	-28.0949	1.55172e+06	1.89349e-30	8.19359	0.714427	0.999986	-28.0949	1.55172e+06	nan	nan	nan	1	0	1
59	rs1	1:1	2:0.46425	rs2	1:2	2:0.25	0	1000	0	2.53852e-39	7.6845	0.585721	0.999977	-28.186	981393	2.53852e-39	7.6845	0.585721	0.999977	-28.186	981393	nan	nan	nan	1	0	1
60	rs1	1:1	2:0.46325	rs2	1:2	2:0.24325	0	1000	0	7.57434e-40	7.74193	0.586019	0.99999	-28.1354	2.19446e+06	7.57434e-40	7.74193	0.586019	0.99999	-28.1354	2.19446e+06	nan	nan	nan	1	0	1
61	rs1	1:1	2:0.4575	rs2	1:2	2:0.24475	0	1000	0	1.65397e-29	8.05103	0.713766	0.999986	-28.2191	1.55172e+06	1.65397e-29	8.05103	0.713766	0.999986	-28.2191	1.55172e+06	nan	nan	nan	1	0	1
62	rs1	1:1	2:0.46075	rs2	1:2	2:0.24925	0	1000	0	0.999653	32.2714	74279.2	0.402526	0.969857	1.15857	0.999653	32.2714	74279.2	0.402526	0.969857	1.15857	nan	nan	nan	1	0	1
63	rs1	1:1	2:0.46	rs2	1:2	2:0.2395	0	1000	0	8.07872e-39	7.62876	0.5854	0.99999	-28.2336	2.19446e+06	8.07872e-39	7.62876	0.5854	0.99999	-28.2336	2.19446e+06	nan	nan	nan	1	0	1
64	rs1	1:1	2:0.4615	rs2	1:2	2:0.24925	0	1000	0	5.86324e-30	8.11942	0.714076	0.999982	-28.16	1.26697e+06	5.86324e-30	8.11942	0.714076	0.999982	-28.16	1.26697e+06	nan	nan	nan	1	0	1
65	rs1	1:1	2:0.469	rs2	1:2	2:0.245	0	1000	0	8.11624e-31	8.24925	0.714725	0.99998	-28.0461	1.09723e+06	8.11624e-31	8.24925	0.714725	0.99998	-28.0461	1.09723e+06	nan	nan	nan	1	0	1
66	rs1	1:1	2:0.46025	rs2	1:2	2:0.24125	0	1000	0	5.21745e-39	7.65003	0.585535	0.999977	-28.2158	981393	5.21745e-39	7.65003	0.585535	0.999977	-28.2158	981393	nan	nan	nan	1	0	1
67	rs1	1:1	2:0.46925	rs2	1:2	2:0.2495	0	1000	0	4.25643e-40	7.76946	0.586181	0.99999	-28.1113	2.19446e+06	4.25643e-40	7.76946	0.586181	0.99999	-28.1113	2.19446e+06	nan	nan	nan	1	0	1
68	rs1	1:1	2:0.46025	rs2	1:2	2:0.25175	0	1000	0	3.13143e-48	7.44118	0.509929	0.99998	-28.1474	1.09723e+06	3.13143e-48	7.44118	0.509929	0.99998	-28.1474	1.09723e+06	nan	nan	nan	1	0	1
69	rs1	1:1	2:0.466	rs2	1:2	2:0.2445	0	1000	0	1.79861e-18	8.81257	1.00494	0.999979	-28.16	1.09723e+06	1.79861e-18	8.81257	1.00494	0.999979	-28.16	1.09723e+06	nan	nan	nan	1	0	1
70	rs1	1:1	2:0.46675	rs2	1:2	2:0.24125	0	1000	0	1.92843e-39	7.69728	0.585766	0.99999	-28.1743	2.19446e+06	1.92843e-39	7.69728	0.585766	0.99999	-28.1743	2.19446e+06	nan	nan	nan	1	0	1
71	rs1	1:1	2:0.46025	rs2	1:2	2:0.24775	0	1000	0	0.999653	32.2874	74194.2	0.394831	0.985857	1.15862	0.999653	32.2874	74194.2	0.394831	0.985857	1.15862	nan	nan	nan	1	0	1
72	rs1	1:1	2:0.4565	rs2	1:2	2:0.241	0	1000	1	4.90267e-18	8.69518	1.00457	0.170342	1.94291	1.41704	4.90267e-18	8.69518	1.00457	0.170342	1.94291	1.41704	nan	nan	nan	0	0	1
73	rs1	1:1	2:0.46275	rs2	1:2	2:0.2465	0	1000	1	1.22048e-18	8.85769	1.00509	0.395313	0.984853	1.15862	1.22048e-18	8.85769	1.00509	0.395313	0.984853	1.15862	nan	nan	nan	0	0	1
74	rs1	1:1	2:0.4625	rs2	1:2	2:0.2465	0	1000	1	1.16075e-39	7.72174	0.585917	0.269071	1.35757	1.22834	1.16075e-39	7.72174	0.585917	0.269071	1.35757	1.22834	nan	nan	nan	0	0	1
75	rs1	1:1	2:0.46325	rs2	1:2	2:0.25075	0	1000	0	9.35489e-48	7.39883	0.509641	0.999986	-28.184	1.55172e+06	9.35489e-48	7.39883	0.509641	0.999986	-28.184	1.55172e+06	nan	nan	nan	1	0	1
76	rs1	1:1	2:0.45825	rs2	1:2	2:0.2475	0	1000	1	2.20906e-29	8.03205	0.713696	0.452749	0.869657	1.15825	2.20842e-29	8.03205	0.713694	0.452749	0.869657	1.15825	nan	nan	nan	0	0	1
77	rs1	1:1	2:0.4655	rs2	1:2	2:0.24775	0	1000	0	3.33174e-30	8.15651	0.714246	0.999986	-28.1275	1.55172e+06	3.33174e-30	8.15651	0.714246	0.999986	-28.1275	1.55172e+06	nan	nan	nan	1	0	1
78	rs1	1:1	2:0.45625	rs2	1:2	2:0.24425	0	1000	1	4.505e-29	7.9848	0.713492	0.173631	1.92802	1.417	4.50376e-29	7.9848	0.71349	0.173631	1.92802	1.417	nan	nan	nan	0	0	1
79	rs1	1:1	2:0.46525	rs2	1:2	2:0.2515	0	1000	0	0.999653	32.2773	74194.2	0.999977	-28.1285	981393	0.999653	32.2773	74194.2	0.999977	-28.1285	981393	nan	nan	nan	1	0	1
80	rs1	1:1	2:0.47275	rs2	1:2	2:0.2485	0	1000	0	1.66682e-30	8.20203	0.714475	0.999982	-28.0876	1.26697e+06	1.66682e-30	8.20203	0.714475	0.999982	-28.0876	1.26697e+06	nan	nan	nan	1	0	1
81	rs1	1:1	2:0.463	rs2	1:2	2:0.24825	0	1000	1	5.13081e-30	8.12821	0.714118	0.268717	1.35857	1.22834	5.12913e-30	8.12821	0.714116	0.268717	1.35857	1.22834	nan	nan	nan	0	0	1
82	rs1	1:1	2:0.457	rs2	1:2	2:0.2445	0	1000	0	2.84256e-39	7.67882	0.585671	0.999986	-28.1905	1.55172e+06	2.84256e-39	7.67882	0.585671	0.999986	-28.1905	1.55172e+06	nan	nan	nan	1	0	1
83	rs1	1:1	2:0.464	rs2	1:2	2:0.247	0	1000	0	4.45778e-40	7.76745	0.586182	0.999982	-28.1133	1.26697e+06	4.45778e-40	7.76745	0.586182	0.999982	-28.1133	1.26697e+06	nan	nan	nan	1	0	1
84	rs1	1:1	2:0.459	rs2	1:2	2:0.24725	0	1000	0	3.69485e-18	8.72837	1.00467	0.999985	-28.2326	1.55172e+06	3.69485e-18	8.72837	1.00467	0.999985	-28.2326	1.55172e+06	nan	nan	nan	1	0	1
85	rs1	1:1	2:0.465	rs2	1:2	2:0.246	0	1000	1	2.07707e-54	7.10643	0.457507	0.166609	1.96009	1.41709	2.07707e-54	7.10643	0.457507	0.166609	1.96009	1.41709	nan	nan	nan	0	0	1
86	rs1	1:1	2:0.4605	rs2	1:2	2:0.245	0	1000	1	2.98596e-39	7.67666	0.585673	0.430713	0.912776	1.15839	2.98596e-39	7.67666	0.585673	0.430713	0.912776	1.15839	nan	nan	nan	0	0	1
87	rs1	1:1	2:0.46125	rs2	1:2	2:0.24375	0	1000	1	5.00185e-39	7.65189	0.585534	0.290964	1.29694	1.22815	5.00185e-39	7.65189	0.585534	0.290964	1.29694	1.22815	nan	nan	nan	0	0	1
88	rs1	1:1	2:0.46825	rs2	1:2	2:0.252	0	1000	0	2.05537e-30	8.18856	0.714431	0.999973	-28.1	829429	2.05537e-30	8.18856	0.714431	0.999973	-28.1	829429	nan	nan	nan	1	0	1
89	rs1	1:1	2:0.47375	rs2	1:2	2:0.253	0	1000	0	0.999647	32.4402	73401.6	0.999973	-27.9656	829429	0.999647	32.4402	73401.6	0.999973	-27.9656	829429	nan	nan	nan	1	0	1
90	rs1	1:1	2:0.459	rs2	1:2	2:0.24625	0	1000	0	2.21652e-18	8.78814	1.00485	0.999986	-28.1809	1.55172e+06	2.21652e-18	8.78814	1.00485	0.999986	-28.1809	1.55172e+06	nan	nan	nan	1	0	1
91	rs1	1:1	2:0.45925	rs2	1:2	2:0.241	0	1000	0	3.51628e-29	8.00119	0.713557	0.999985	-28.262	1.55172e+06	3.51628e-29	8.00119	0.713557	0.999985	-28.262	1.55172e+06	nan	nan	nan	1	0	1
92	rs1	1:1	2:0.452	rs2	1:2	2:0.24375	0	1000	0	0.999657	32.165	74838.5	0.999979	-28.2408	1.09723e+06	0.999657	32.165	74838.5	0.999979	-28.2408	1.09723e+06	nan	nan	nan	1	0	1
93	rs1	1:1	2:0.46525	rs2	1:2	2:0.2415	0	1000	0	7.75075e-40	7.74093	0.58602	0.999986	-28.1364	1.55172e+06	7.75075e-40	7.74093	0.58602	0.999986	-28.1364	1.55172e+06	nan	nan	nan	1	0	1
94	rs1	1:1	2:0.4515	rs2	1:2	2:0.24175	0	1000	0	6.01737e-18	8.67107	1.0045	0.999985	-28.2817	1.55172e+06	6.01737e-18	8.67107	1.0045	0.999985	-28.2817	1.55172e+06	nan	nan	nan	1	0	1
95	rs1	1:1	2:0.465	rs2	1:2	2:0.24075	0	1000	0	2.6942e-61	6.93058	0.419561	0.999982	-28.2387	1.26697e+06	2.6942e-61	6.93058	0.419561	0.999982	-28.2387	1.26697e+06	nan	nan	nan	1	0	1
96	rs1	1:1	2:0.4675	rs2	1:2	2:0.2455	0	1000	0	2.5584e-30	8.17392	0.714336	0.999982	-28.1123	1.26697e+06	2.5584e-30	8.17392	0.714336	0.999982	-28.1123	1.26697e+06	nan	nan	nan	1	0	1
97	rs1	1:1	2:0.458	rs2	1:2	2:0.24275	0	1000	0	4.85274e-18	8.69635	1.00457	0.99999	-28.26	2.19446e+06	4.85274e-18	8.69635	1.00457	0.99999	-28.26	2.19446e+06	nan	nan	nan	1	0	1
98	rs1	1:1	2:0.45625	rs2	1:2	2:0.24725	0	1000	0	2.31277e-29	8.02919	0.713698	0.999973	-28.2387	829429	2.31277e-29	8.02919	0.713698	0.999973	-28.2387	829429	nan	nan	nan	1	0	1
99	rs1	1:1	2:0.46675	rs2	1:2	2:0.25075	0	1000	1	1.51797e-30	8.20838	0.714526	0.641415	0.512169	1.09973	1.51797e-30	8.20838	0.714526	0.641415	0.512169	1.09973	nan	nan	nan	0	0	1
100	rs1	1:1	2:0.47275	rs2	1:2	2:0.24625	0	1000	0	4.45674e-19	8.97422	1.00551	0.999982	-28.0176	1.26697e+06	4.45674e-19	8.97422	1.00551	0.999982	-28.0176	1.26697e+06	nan	nan	nan	1	0	1
101	rs1	1:1	2:0.461	rs2	1:2	2:0.24825	0	1000	0	9.35489e-48	7.39883	0.509641	0.999986	-28.184	1.55172e+06	9.35489e-48	7.39883	0.509641	0.999986	-28.184	1.55172e+06	nan	nan	nan	1	0	1
102	rs1	1:1	2:0.46475	rs2	1:2	2:0.241	0	1000	0	2.05627e-18	8.7969	1.00488	0.999986	-28.1733	1.55172e+06	2.05627e-18	8.7969	1.00488	0.999986	-28.1733	1.55172e+06	nan	nan	nan	1	0	1
103	rs1	1:1	2:0.46175	rs2	1:2	2:0.2435	0	1000	1	2.62093e-18	8.76864	1.0048	0.433476	0.907295	1.15836	2.62093e-18	8.76864	1.0048	0.433476	0.907295	1.15836	nan	nan	nan	0	0	1
104	rs1	1:1	2:0.47675	rs2	1:2	2:0.249	0	1000	1	3.65889e-31	8.30122	0.714996	0.120009	2.20427	1.41778	3.65889e-31	8.30122	0.714996	0.120009	2.20427	1.41778	nan	nan	nan	0	0	1
105	rs1	1:1	2:0.46575	rs2	1:2	2:0.253	0	1000	0	4.66903e-40	7.76543	0.586184	0.999977	-28.1154	981393	4.66903e-40	7.76543	0.586184	0.999977	-28.1154	981393	nan	nan	nan	1	0	1
106	rs1	1:1	2:0.467	rs2	1:2	2:0.24175	0	1000	0	1.86278e-30	8.1946	0.714426	0.99999	-28.0939	2.19446e+06	1.86278e-30	8.1946	0.714426	0.99999	-28.0939	2.19446e+06	nan	nan	nan	1	0	1
107	rs1	1:1	2:0.467	rs2	1:2	2:0.248	0	1000	0	3.44228e-30	8.1545	0.714247	0.99998	-28.1295	1.09723e+06	3.44228e-30	8.1545	0.714247	0.99998	-28.1295	1.09723e+06	nan	nan	nan	1	0	1
108	rs1	1:1	2:0.45225	rs2	1:2	2:0.2435	0	1000	0	6.66226e-29	7.95896	0.713398	0.999979	-28.2984	1.09723e+06	6.66226e-29	7.95896	0.713398	0.999979	-28.2984	1.09723e+06	nan	nan	nan	1	0	1
109	rs1	1:1	2:0.46225	rs2	1:2	2:0.241	0	1000	1	7.85132e-19	8.90869	1.00526	nan	nan	nan	7.85132e-19	8.90869	1.00526	nan	nan	nan	nan	nan	nan	0	0	1
110	rs1	1:1	2:0.472	rs2	1:2	2:0.24475	0	1000	0	6.28103e-19	8.93461	1.00536	0.999982	-28.0527	1.26697e+06	6.28103e-19	8.93461	1.00536	0.999982	-28.0527	1.26697e+06	nan	nan	nan	1	0	1
111	rs1	1:1	2:0.4645	rs2	1:2	2:0.2465	0	1000	0	1.20771e-47	7.38913	0.509587	0.999982	-28.1925	1.26697e+06	1.20771e-47	7.38913	0.509587	0.999982	-28.1925	1.26697e+06	nan	nan	nan	1	0	1
112	rs1	1:1	2:0.4605	rs2	1:2	2:0.248	0	1000	0	4.56218e-40	7.76644	0.586183	0.99998	-28.1143	1.09723e+06	4.56218e-40	7.76644	0.586183	0.99998	-28.1143	1.09723e+06	nan	nan	nan	1	0	1
113	rs1	1:1	2:0.459	rs2	1:2	2:0.2495	0	1000	0	0.999655	32.2163	74578.8	0.576164	0.627104	1.12184	0.999655	32.2163	74578.8	0.576164	0.627104	1.12184	nan	nan	nan	1	0	1
114	rs1	1:1	2:0.46275	rs2	1:2	2:0.2465	0	1000	0	1.54209e-18	8.83049	1.005	0.99998	-28.1443	1.09723e+06	1.54209e-18	8.83049	1.005	0.99998	-28.1443	1.09723e+06	nan	nan	nan	1	0	1
115	rs1	1:1	2:0.456	rs2	1:2	2:0.24525	0	1000	1	5.61425e-29	7.97056	0.713464	0.319549	0.817504	0.821294	5.61277e-29	7.97056	0.713463	0.319549	0.817504	0.821294	nan	nan	nan	0	0	1
116	rs1	1:1	2:0.46625	rs2	1:2	2:0.24725	0	1000	0	1.02976e-18	8.87737	1.00516	0.999982	-28.1032	1.26697e+06	1.02976e-18	8.87737	1.00516	0.999982	-28.1032	1.26697e+06	nan	nan	nan	1	0	1
117	rs1	1:1	2:0.45875	rs2	1:2	2:0.24925	0	1000	1	2.19717e-47	7.3667	0.509486	0.966168	0.0455094	1.07298	2.19717e-47	7.3667	0.509486	0.966168	0.0455094	1.07298	nan	nan	nan	0	0	1
118	rs1	1:1	2:0.468	rs2	1:2	2:0.2445	0	1000	0	2.1488e-30	8.18523	0.71438	0.99999	-28.1022	2.19446e+06	2.1488e-30	8.18523	0.71438	0.99999	-28.1022	2.19446e+06	nan	nan	nan	1	0	1
119	rs1	1:1	2:0.462	rs2	1:2	2:0.24525	0	1000	0	1.2115e-39	7.71987	0.585919	0.999977	-28.1552	981393	1.2115e-39	7.71987	0.585919	0.999977	-28.1552	981393	nan	nan	nan	1	0	1
120	rs1	1:1	2:0.4615	rs2	1:2	2:0.246	0	1000	0	4.46472e-30	8.13734	0.71416	0.999982	-28.1443	1.26697e+06	4.46472e-30	8.13734	0.71416	0.999982	-28.1443	1.26697e+06	nan	nan	nan	1	0	1
121	rs1	1:1	2:0.462	rs2	1:2	2:0.25025	0	1000	0	1.76684e-18	8.81458	1.00494	0.999986	-28.158	1.55172e+06	1.76684e-18	8.81458	1.00494	0.999986	-28.158	1.55172e+06	nan	nan	nan	1	0	1
122	rs1	1:1	2:0.4595	rs2	1:2	2:0.248	0	1000	0	2.21652e-18	8.78814	1.00485	0.999986	-28.1809	1.55172e+06	2.21652e-18	8.78814	1.00485	0.999986	-28.1809	1.55172e+06	nan	nan	nan	1	0	1
123	rs1	1:1	2:0.466	rs2	1:2	2:0.2445	0	1000	1	1.08614e-18	8.87108	1.00512	nan	nan	nan	1.08614e-18	8.87108	1.00512	nan	nan	nan	nan	nan	nan	0	0	1
124	rs1	1:1	2:0.46475	rs2	1:2	2:0.2475	0	1000	1	1.53031e-18	8.83135	1.005	0.265622	1.36742	1.22836	1.53031e-18	8.83135	1.005	0.265622	1.36742	1.22836	nan	nan	nan	0	0	1
125	rs1	1:1	2:0.464	rs2	1:2	2:0.24575	0	1000	1	1.12448e-29	8.07649	0.713878	0.156744	2.00691	1.4172	1.12412e-29	8.07649	0.713876	0.156744	2.00691	1.4172	nan	nan	nan	0	0	1
126	rs1	1:1	2:0.4615	rs2	1:2	2:0.24825	0	1000	0	1.97579e-18	8.80169	1.00491	0.999975	-28.1697	895885	1.97579e-18	8.80169	1.00491	0.999975	-28.1697	895885	nan	nan	nan	1	0	1
127	rs1	1:1	2:0.4645	rs2	1:2	2:0.2485	0	1000	1	5.30243e-40	7.75908	0.586127	0.141588	2.08347	1.41742	5.30243e-40	7.75908	0.586127	0.141588	2.08347	1.41742	nan	nan	nan	0	0	1
128	rs1	1:1	2:0.46725	rs2	1:2	2:0.248	0	1000	1	8.00318e-19	8.90655	1.00526	0.133555	2.12663	1.41753	8.00318e-19	8.90655	1.00526	0.133555	2.12663	1.41753	nan	nan	nan	0	0	1
129	rs1	1:1	2:0.45975	rs2	1:2	2:0.2415	0	1000	0	0.999658	32.1398	75013.1	0.99999	-28.266	2.19446e+06	0.999658	32.1398	75013.1	0.99999	-28.266	2.19446e+06	nan	nan	nan	1	0	1
130	rs1	1:1	2:0.45	rs2	1:2	2:0.239	0	1000	0	7.4325e-18	8.64621	1.00444	0.999982	-28.3031	1.26697e+06	7.4325e-18	8.64621	1.00444	0.999982	-28.3031	1.26697e+06	nan	nan	nan	1	0	1
131	rs1	1:1	2:0.4645	rs2	1:2	2:0.238	0	1000	0	2.31609e-39	7.68852	0.585718	0.99999	-28.1819	2.19446e+06	2.31609e-39	7.68852	0.585718	0.99999	-28.1819	2.19446e+06	nan	nan	nan	1	0	1
132	rs1	1:1	2:0.4645	rs2	1:2	2:0.25075	0	1000	0	5.21048e-56	7.22708	0.458354	0.999982	-28.1395	1.26697e+06	5.21048e-56	7.22708	0.458354	0.999982	-28.1395	1.26697e+06	nan	nan	nan	1	0	1
133	rs1	1:1	2:0.46775	rs2	1:2	2:0.24325	0	1000	0	5.11888e-30	8.12836	0.714118	0.999982	-28.1522	1.26697e+06	5.11888e-30	8.12836	0.714118	0.999982	-28.1522	1.26697e+06	nan	nan	nan	1	0	1
134	rs1	1:1	2:0.46625	rs2	1:2	2:0.2465	0	1000	0	0.999653	32.2864	74194.2	0.53439	0.697171	1.12208	0.999653	32.2864	74194.2	0.53439	0.697171	1.12208	nan	nan	nan	1	0	1
135	rs1	1:1	2:0.455	rs2	1:2	2:0.242	0	1000	0	3.30112e-38	7.56145	0.585076	0.999982	-28.2916	1.26697e+06	3.30112e-38	7.56145	0.585076	0.999982	-28.2916	1.26697e+06	nan	nan	nan	1	0	1
136	rs1	1:1	2:0.46075	rs2	1:2	2:0.24375	0	1000	0	1.17751e-29	8.07363	0.71388	0.999977	-28.2	981393	1.17751e-29	8.07363	0.71388	0.999977	-28.2	981393	nan	nan	nan	1	0	1
137	rs1	1:1	2:0.46425	rs2	1:2	2:0.24475	0	1000	0	1.01618e-29	8.08328	0.713918	0.999979	-28.1915	1.09723e+06	1.01618e-29	8.08328	0.713918	0.999979	-28.1915	1.09723e+06	nan	nan	nan	1	0	1
138	rs1	1:1	2:0.4785	rs2	1:2	2:0.2455	0	1000	0	0.999647	32.4547	73360.5	0.999986	-27.9511	1.55172e+06	0.999647	32.4547	73360.5	0.999986	-27.9511	1.55172e+06	nan	nan	nan	1	0	1
139	rs1	1:1	2:0.46475	rs2	1:2	2:0.2455	0	1000	0	2.87884e-40	7.78813	0.586293	0.99999	-28.0949	2.19446e+06	2.87884e-40	7.78813	0.586293	0.99999	-28.0949	2.19446e+06	nan	nan	nan	1	0	1
140	rs1	1:1	2:0.4655	rs2	1:2	2:0.2425	0	1000	0	1.33201e-39	7.71496	0.585865	0.99999	-28.159	2.19446e+06	1.33201e-39	7.71496	0.585865	0.99999	-28.159	2.19446e+06	nan	nan	nan	1	0	1
141	rs1	1:1	2:0.46975	rs2	1:2	2:0.2485	0	1000	0	1.29453e-40	7.82629	0.586529	0.99999	-28.0613	2.19446e+06	1.29453e-40	7.82629	0.586529	0.99999	-28.0613	2.19446e+06	nan	nan	nan	1	0	1
142	rs1	1:1	2:0.46775	rs2	1:2	2:0.2505	0	1000	0	1.66589e-18	8.8215	1.00497	0.99998	-28.1522	1.09723e+06	1.66589e-18	8.8215	1.00497	0.99998	-28.1522	1.09723e+06	nan	nan	nan	1	0	1
143	rs1	1:1	2:0.45075	rs2	1:2	2:0.241	0	1000	0	9.06652e-18	8.62275	1.00437	0.999982	-28.323	1.26697e+06	9.06652e-18	8.62275	1.00437	0.999982	-28.323	1.26697e+06	nan	nan	nan	1	0	1
144	rs1	1:1	2:0.46625	rs2	1:2	2:0.2435	0	1000	1	3.42297e-40	7.77976	0.586235	nan	nan	nan	3.42297e-40	7.77976	0.586235	nan	nan	nan	nan	nan	nan	0	0	1
145	rs1	1:1	2:0.4625	rs2	1:2	2:0.2435	0	1000	0	1.68083e-18	8.8205	1.00497	0.999977	-28.1532	981393	1.68083e-18	8.8205	1.00497	0.999977	-28.1532	981393	nan	nan	nan	1	0	1
146	rs1	1:1	2:0.465	rs2	1:2	2:0.24625	0	1000	1	1.07764e-30	8.23062	0.714622	0.238443	1.44843	1.22864	1.07764e-30	8.23062	0.714622	0.238443	1.44843	1.22864	nan	nan	nan	0	0	1
147	rs1	1:1	2:0.4605	rs2	1:2	2:0.2475	0	1000	0	4.26638e-39	7.65957	0.58558	0.999979	-28.2074	1.09723e+06	4.26638e-39	7.65957	0.58558	0.999979	-28.2074	1.09723e+06	nan	nan	nan	1	0	1
148	rs1	1:1	2:0.4715	rs2	1:2	2:0.24825	0	1000	0	9.43545e-50	7.5759	0.510865	0.999986	-28.0285	1.55172e+06	9.43545e-50	7.5759	0.510865	0.999986	-28.0285	1.55172e+06	nan	nan	nan	1	0	1
149	rs1	1:1	2:0.4735	rs2	1:2	2:0.255	0	1000	0	5.93412e-42	7.97429	0.587589	0.999973	-27.9302	829429	5.93412e-42	7.97429	0.587589	0.999973	-27.9302	829429	nan	nan	nan	1	0	1
150	rs1	1:1	2:0.468	rs2	1:2	2:0.24575	0	1000	1	3.00021e-30	8.16354	0.714292	0.395795	0.983849	1.15862	3.00021e-30	8.16354	0.714292	0.395795	0.983849	1.15862	nan	nan	nan	0	0	1
151	rs1	1:1	2:0.45575	rs2	1:2	2:0.242	0	1000	0	5.66948e-18	8.67811	1.00452	0.999982	-28.2759	1.26697e+06	5.66948e-18	8.67811	1.00452	0.999982	-28.2759	1.26697e+06	nan	nan	nan	1	0	1
152	rs1	1:1	2:0.47475	rs2	1:2	2:0.24425	0	1000	1	1.89174e-40	7.80807	0.586408	nan	nan	nan	1.89174e-40	7.80807	0.586408	nan	nan	nan	nan	nan	nan	0	0	1
153	rs1	1:1	2:0.476	rs2	1:2	2:0.2445	0	1000	0	1.2256e-30	8.22211	0.714571	0.999986	-28.0698	1.55172e+06	1.2256e-30	8.22211	0.714571	0.999986	-28.0698	1.55172e+06	nan	nan	nan	1	0	1
154	rs1	1:1	2:0.46925	rs2	1:2	2:0.24375	0	1000	1	8.82466e-31	8.24347	0.71467	nan	nan	nan	8.82466e-31	8.24347	0.71467	nan	nan	nan	nan	nan	nan	0	0	1
155	rs1	1:1	2:0.46575	rs2	1:2	2:0.248	0	1000	0	2.36259e-40	7.79756	0.586351	0.99999	-28.0866	2.19446e+06	2.36259e-40	7.79756	0.586351	0.99999	-28.0866	2.19446e+06	nan	nan	nan	1	0	1
156	rs1	1:1	2:0.45325	rs2	1:2	2:0.2405	0	1000	0	9.59567e-18	8.61601	1.00435	0.999985	-28.3286	1.55172e+06	9.59567e-18	8.61601	1.00435	0.999985	-28.3286	1.55172e+06	nan	nan	nan	1	0	1
157	rs1	1:1	2:0.457	rs2	1:2	2:0.243	0	1000	0	2.13677e-38	7.58256	0.585197	0.999975	-28.274	895885	2.13677e-38	7.58256	0.585197	0.999975	-28.274	895885	nan	nan	nan	1	0	1
158	rs1	1:1	2:0.47625	rs2	1:2	2:0.2465	0	1000	0	3.77196e-19	8.99348	1.00559	0.99998	-28.0006	1.09723e+06	3.77196e-19	8.99348	1.00559	0.99998	-28.0006	1.09723e+06	nan	nan	nan	1	0	1
159	rs1	1:1	2:0.465	rs2	1:2	2:0.24975	0	1000	0	0.999652	32.2935	74109.6	0.999977	-28.1123	981393	0.999652	32.2935	74109.6	0.999977	-28.1123	981393	nan	nan	nan	1	0	1
160	rs1	1:1	2:0.47075	rs2	1:2	2:0.24825	0	1000	0	0.999649	32.3703	73653.5	0.999962	-59.2552	1.23799e+06	0.99965	32.3724	73732.2	0.99999	-28.0333	2.19446e+06	0.999992	-32.3724	3.10431e+06	1	0	1
161	rs1	1:1	2:0.462	rs2	1:2	2:0.246	0	1000	0	6.31222e-55	7.14572	0.457792	0.999977	-28.2105	981393	6.31222e-55	7.14572	0.457792	0.999977	-28.2105	981393	nan	nan	nan	1	0	1
162	rs1	1:1	2:0.4555	rs2	1:2	2:0.24725	0	1000	0	4.42167e-29	7.98597	0.713491	0.99999	-28.2749	2.19446e+06	4.42167e-29	7.98597	0.713491	0.99999	-28.2749	2.19446e+06	nan	nan	nan	1	0	1
163	rs1	1:1	2:0.4555	rs2	1:2	2:0.23925	0	1000	1	4.61311e-18	8.70236	1.0046	0.306498	1.25578	1.22802	4.61311e-18	8.70236	1.0046	0.306498	1.25578	1.22802	nan	nan	nan	0	0	1
164	rs1	1:1	2:0.457	rs2	1:2	2:0.24925	0	1000	0	6.15659e-30	8.11641	0.714078	0.999975	-28.163	895885	6.15659e-30	8.11641	0.714078	0.999975	-28.163	895885	nan	nan	nan	1	0	1
165	rs1	1:1	2:0.47175	rs2	1:2	2:0.246	0	1000	0	0.99965	32.3561	73857.4	0.128796	2.15316	1.41761	0.99965	32.3561	73857.4	0.128796	2.15316	1.41761	nan	nan	nan	1	0	1
166	rs1	1:1	2:0.468	rs2	1:2	2:0.24325	0	1000	0	9.99852e-30	8.08429	0.713917	0.999982	-28.1905	1.26697e+06	9.99852e-30	8.08429	0.713917	0.999982	-28.1905	1.26697e+06	nan	nan	nan	1	0	1
167	rs1	1:1	2:0.45825	rs2	1:2	2:0.245	0	1000	1	1.30511e-29	8.06674	0.713841	0.0283521	2.69262	1.22817	1.30472e-29	8.06674	0.713839	0.0283521	2.69262	1.22817	nan	nan	nan	0	0	1
168	rs1	1:1	2:0.4585	rs2	1:2	2:0.242	0	1000	0	2.01892e-39	7.69527	0.585768	0.999982	-28.1764	1.26697e+06	2.01892e-39	7.69527	0.585768	0.999982	-28.1764	1.26697e+06	nan	nan	nan	1	0	1
169	rs1	1:1	2:0.4645	rs2	1:2	2:0.2525	0	1000	0	1.65109e-18	8.82251	1.00497	0.999982	-28.1512	1.26697e+06	1.65109e-18	8.82251	1.00497	0.999982	-28.1512	1.26697e+06	nan	nan	nan	1	0	1
170	rs1	1:1	2:0.468	rs2	1:2	2:0.24775	0	1000	1	9.42486e-19	8.88761	1.00519	0.136613	2.10996	1.41749	9.42486e-19	8.88761	1.00519	0.136613	2.10996	1.41749	nan	nan	nan	0	0	1
171	rs1	1:1	2:0.471	rs2	1:2	2:0.24325	0	1000	0	1.92476e-30	8.19259	0.714428	0.999982	-28.0959	1.26697e+06	1.92476e-30	8.19259	0.714428	0.999982	-28.0959	1.26697e+06	nan	nan	nan	1	0	1
172	rs1	1:1	2:0.46525	rs2	1:2	2:0.245	0	1000	0	0.999651	32.3305	73983.1	0.133372	2.12763	1.41753	0.999651	32.3305	73983.1	0.133372	2.12763	1.41753	nan	nan	nan	1	0	1
173	rs1	1:1	2:0.45725	rs2	1:2	2:0.24425	0	1000	0	2.59433e-18	8.76979	1.0048	0.999982	-28.197	1.26697e+06	2.59433e-18	8.76979	1.0048	0.999982	-28.197	1.26697e+06	nan	nan	nan	1	0	1
174	rs1	1:1	2:0.46325	rs2	1:2	2:0.24775	0	1000	1	3.06962e-68	6.81668	0.390494	0.436546	0.901253	1.15836	3.06962e-68	6.81668	0.390494	0.436546	0.901253	1.15836	nan	nan	nan	0	0	1
175	rs1	1:1	2:0.4655	rs2	1:2	2:0.24775	0	1000	0	0.999653	32.2694	74279.2	0.677661	0.457023	1.09952	0.999653	32.2694	74279.2	0.677661	0.457023	1.09952	nan	nan	nan	1	0	1
176	rs1	1:1	2:0.47375	rs2	1:2	2:0.25075	0	1000	0	2.82867e-19	9.02651	1.00572	0.999986	-27.971	1.55172e+06	2.82867e-19	9.02651	1.00572	0.999986	-27.971	1.55172e+06	nan	nan	nan	1	0	1
177	rs1	1:1	2:0.46125	rs2	1:2	2:0.24175	0	1000	0	4.52617e-18	8.70453	1.00459	0.99999	-28.253	2.19446e+06	4.52617e-18	8.70453	1.00459	0.99999	-28.253	2.19446e+06	nan	nan	nan	1	0	1
178	rs1	1:1	2:0.46775	rs2	1:2	2:0.246	0	1000	0	2.99351e-30	8.16367	0.714291	0.99998	-28.1214	1.09723e+06	2.99351e-30	8.16367	0.714291	0.99998	-28.1214	1.09723e+06	nan	nan	nan	1	0	1
179	rs1	1:1	2:0.46125	rs2	1:2	2:0.247	0	1000	0	2.99351e-30	8.16367	0.714291	0.99998	-28.1214	1.09723e+06	2.99351e-30	8.16367	0.714291	0.99998	-28.1214	1.09723e+06	nan	nan	nan	1	0	1
180	rs1	1:1	2:0.46325	rs2	1:2	2:0.245	0	1000	0	9.36049e-56	7.20804	0.458223	0.999979	-28.1562	1.09723e+06	9.36049e-56	7.20804	0.458223	0.999979	-28.1562	1.09723e+06	nan	nan	nan	1	0	1
181	rs1	1:1	2:0.46575	rs2	1:2	2:0.24725	0	1000	1	1.90469e-48	7.46021	0.510049	0.261173	1.38028	1.22842	1.90469e-48	7.46021	0.510049	0.261173	1.38028	1.22842	nan	nan	nan	0	0	1
182	rs1	1:1	2:0.469	rs2	1:2	2:0.25	0	1000	0	7.16931e-57	7.29222	0.458853	0.999982	-28.0823	1.26697e+06	7.16931e-57	7.29222	0.458853	0.999982	-28.0823	1.26697e+06	nan	nan	nan	1	0	1
183	rs1	1:1	2:0.45525	rs2	1:2	2:0.2405	0	1000	0	2.42038e-29	8.02589	0.713659	0.999985	-28.2408	1.55172e+06	2.42038e-29	8.02589	0.713659	0.999985	-28.2408	1.55172e+06	nan	nan	nan	1	0	1
184	rs1	1:1	2:0.4615	rs2	1:2	2:0.24675	0	1000	0	1.78264e-18	8.81358	1.00494	0.999982	-28.159	1.26697e+06	1.78264e-18	8.81358	1.00494	0.999982	-28.159	1.26697e+06	nan	nan	nan	1	0	1
185	rs1	1:1	2:0.46375	rs2	1:2	2:0.2445	0	1000	1	8.92612e-30	8.09183	0.713957	0.426416	0.921329	1.15841	8.92332e-30	8.09183	0.713955	0.426416	0.921329	1.15841	nan	nan	nan	0	0	1
186	rs1	1:1	2:0.46225	rs2	1:2	2:0.24225	0	1000	1	3.33937e-30	8.15637	0.714246	0.142929	2.07644	1.41739	3.33824e-30	8.15637	0.714244	0.142929	2.07644	1.41739	nan	nan	nan	0	0	1
187	rs1	1:1	2:0.4605	rs2	1:2	2:0.24875	0	1000	0	1.15859e-29	8.07464	0.713879	0.999979	-28.199	1.09723e+06	1.15859e-29	8.07464	0.713879	0.999979	-28.199	1.09723e+06	nan	nan	nan	1	0	1
188	rs1	1:1	2:0.4545	rs2	1:2	2:0.24025	0	1000	0	1.61877e-53	7.03965	0.457099	0.999979	-28.3014	1.09723e+06	1.61877e-53	7.03965	0.457099	0.999979	-28.3014	1.09723e+06	nan	nan	nan	1	0	1
189	rs1	1:1	2:0.477	rs2	1:2	2:0.2495	0	1000	0	4.15784e-19	8.9823	1.00555	0.999977	-28.0107	981393	4.15784e-19	8.9823	1.00555	0.999977	-28.0107	981393	nan	nan	nan	1	0	1
190	rs1	1:1	2:0.47175	rs2	1:2	2:0.24475	0	1000	0	2.33401e-48	7.45224	0.509987	0.999986	-28.1374	1.55172e+06	2.33401e-48	7.45224	0.509987	0.999986	-28.1374	1.55172e+06	nan	nan	nan	1	0	1
191	rs1	1:1	2:0.46875	rs2	1:2	2:0.243	0	1000	1	2.34362e-48	7.4521	0.509987	0.144854	2.06646	1.41737	2.34362e-48	7.4521	0.509987	0.144854	2.06646	1.41737	nan	nan	nan	0	0	1
192	rs1	1:1	2:0.4725	rs2	1:2	2:0.25225	0	1000	0	2.10133e-41	7.91345	0.587129	0.99998	-27.9843	1.09723e+06	2.10133e-41	7.91345	0.587129	0.99998	-27.9843	1.09723e+06	nan	nan	nan	1	0	1
193	rs1	1:1	2:0.46125	rs2	1:2	2:0.248	0	1000	0	2.2363e-18	8.78714	1.00485	0.999982	-28.1819	1.26697e+06	2.2363e-18	8.78714	1.00485	0.999982	-28.1819	1.26697e+06	nan	nan	nan	1	0	1
194	rs1	1:1	2:0.44425	rs2	1:2	2:0.23675	0	1000	0	3.29451e-17	8.46926	1.00399	0.999985	-28.4514	1.55172e+06	3.29451e-17	8.46926	1.00399	0.999985	-28.4514	1.55172e+06	nan	nan	nan	1	0	1
195	rs1	1:1	2:0.47125	rs2	1:2	2:0.2565	0	1000	1	1.54315e-30	8.20737	0.714526	0.761717	0.32884	1.08447	1.54315e-30	8.20737	0.714526	0.761717	0.32884	1.08447	nan	nan	nan	0	0	1
196	rs1	1:1	2:0.47	rs2	1:2	2:0.246	0	1000	0	1.61381e-64	7.14559	0.421311	0.999977	-28.0511	981393	1.61381e-64	7.14559	0.421311	0.999977	-28.0511	981393	nan	nan	nan	1	0	1
197	rs1	1:1	2:0.463	rs2	1:2	2:0.2445	0	1000	0	0.999655	32.2268	74492.8	0.99999	-28.1789	2.19446e+06	0.999655	32.2268	74492.8	0.99999	-28.1789	2.19446e+06	nan	nan	nan	1	0	1
198	rs1	1:1	2:0.465	rs2	1:2	2:0.24975	0	1000	0	1.97579e-18	8.80169	1.00491	0.999975	-28.1697	895885	1.97579e-18	8.80169	1.00491	0.999975	-28.1697	895885	nan	nan	nan	1	0	1
199	rs1	1:1	2:0.459	rs2	1:2	2:0.2445	0	1000	0	4.21723e-55	7.15834	0.457847	0.99999	-28.199	2.19446e+06	4.21723e-55	7.15834	0.457847	0.99999	-28.199	2.19446e+06	nan	nan	nan	1	0	1
200	rs1	1:1	2:0.4565	rs2	1:2	2:0.245	0	1000	0	1.90986e-29	8.0416	0.713731	0.999982	-28.2274	1.26697e+06	1.90986e-29	8.0416	0.713731	0.999982	-28.2274	1.26697e+06	nan	nan	nan	1	0	1
201	rs1	1:1	2:0.467	rs2	1:2	2:0.2455	0	1000	0	6.40475e-40	7.75004	0.586073	0.999986	-28.1285	1.55172e+06	6.40475e-40	7.75004	0.586073	0.999986	-28.1285	1.55172e+06	nan	nan	nan	1	0	1
202	rs1	1:1	2:0.469	rs2	1:2	2:0.25125	0	1000	0	8.97088e-31	8.24247	0.714671	0.99999	-28.0517	2.19446e+06	8.97088e-31	8.24247	0.714671	0.99999	-28.0517	2.19446e+06	nan	nan	nan	1	0	1
203	rs1	1:1	2:0.47375	rs2	1:2	2:0.25175	0	1000	0	0.999647	32.4643	73319.6	0.999986	-27.9415	1.55172e+06	0.999647	32.4643	73319.6	0.999986	-27.9415	1.55172e+06	nan	nan	nan	1	0	1
204	rs1	1:1	2:0.47025	rs2	1:2	2:0.24725	0	1000	0	1.45436e-40	7.82125	0.586534	0.999975	-28.0664	895885	1.45436e-40	7.82125	0.586534	0.999975	-28.0664	895885	nan	nan	nan	1	0	1
205	rs1	1:1	2:0.46125	rs2	1:2	2:0.2425	0	1000	0	0.999654	32.2401	74407.1	0.999982	-28.1657	1.26697e+06	0.999654	32.2401	74407.1	0.999982	-28.1657	1.26697e+06	nan	nan	nan	1	0	1
206	rs1	1:1	2:0.46375	rs2	1:2	2:0.24075	0	1000	1	1.39926e-39	7.71281	0.585867	0.271816	1.34978	1.22831	1.39926e-39	7.71281	0.585867	0.271816	1.34978	1.22831	nan	nan	nan	0	0	1
207	rs1	1:1	2:0.4655	rs2	1:2	2:0.24275	0	1000	1	1.17613e-18	8.86184	1.00509	nan	nan	nan	1.17613e-18	8.86184	1.00509	nan	nan	nan	nan	nan	nan	0	0	1
208	rs1	1:1	2:0.45925	rs2	1:2	2:0.2465	0	1000	0	1.65109e-18	8.82251	1.00497	0.999982	-28.1512	1.26697e+06	1.65109e-18	8.82251	1.00497	0.999982	-28.1512	1.26697e+06	nan	nan	nan	1	0	1
209	rs1	1:1	2:0.4495	rs2	1:2	2:0.23675	0	1000	0	0.999661	32.0662	75499.8	0.99999	-28.3396	2.19446e+06	0.999661	32.0662	75499.8	0.99999	-28.3396	2.19446e+06	nan	nan	nan	1	0	1
210	rs1	1:1	2:0.469	rs2	1:2	2:0.2475	0	1000	0	1.31914e-18	8.84865	1.00506	0.99998	-28.1285	1.09723e+06	1.31914e-18	8.84865	1.00506	0.99998	-28.1285	1.09723e+06	nan	nan	nan	1	0	1
211	rs1	1:1	2:0.4645	rs2	1:2	2:0.248	0	1000	0	2.36971e-39	7.68752	0.585719	0.999986	-28.183	1.55172e+06	2.36971e-39	7.68752	0.585719	0.999986	-28.183	1.55172e+06	nan	nan	nan	1	0	1
212	rs1	1:1	2:0.46475	rs2	1:2	2:0.2505	0	1000	0	1.56992e-18	8.82848	1.005	0.999975	-28.1464	895885	1.56992e-18	8.82848	1.005	0.999975	-28.1464	895885	nan	nan	nan	1	0	1
213	rs1	1:1	2:0.46675	rs2	1:2	2:0.24675	0	1000	0	8.30627e-40	7.73791	0.586022	0.999977	-28.1395	981393	8.30627e-40	7.73791	0.586022	0.999977	-28.1395	981393	nan	nan	nan	1	0	1
214	rs1	1:1	2:0.472	rs2	1:2	2:0.25375	0	1000	1	3.13215e-19	9.01484	1.00568	0.0176238	2.91677	1.22893	3.13215e-19	9.01484	1.00568	0.0176238	2.91677	1.22893	nan	nan	nan	0	0	1
215	rs1	1:1	2:0.471	rs2	1:2	2:0.25325	0	1000	0	1.29537e-49	7.56395	0.510792	0.99998	-28.0394	1.09723e+06	1.29537e-49	7.56395	0.510792	0.99998	-28.0394	1.09723e+06	nan	nan	nan	1	0	1
216	rs1	1:1	2:0.46775	rs2	1:2	2:0.252	0	1000	0	1.39534e-30	8.21354	0.714522	0.99999	-28.0773	2.19446e+06	1.39534e-30	8.21354	0.714522	0.99999	-28.0773	2.19446e+06	nan	nan	nan	1	0	1
217	rs1	1:1	2:0.4615	rs2	1:2	2:0.2455	0	1000	1	2.43289e-39	7.68637	0.58572	0.280037	1.32679	1.22824	2.43289e-39	7.68637	0.58572	0.280037	1.32679	1.22824	nan	nan	nan	0	0	1
218	rs1	1:1	2:0.46675	rs2	1:2	2:0.24875	0	1000	0	4.08887e-56	7.23519	0.458423	0.99998	-28.1325	1.09723e+06	4.08887e-56	7.23519	0.458423	0.99998	-28.1325	1.09723e+06	nan	nan	nan	1	0	1
219	rs1	1:1	2:0.4695	rs2	1:2	2:0.25525	0	1000	1	5.02271e-50	7.60103	0.511103	0.708573	0.405465	1.08479	5.02271e-50	7.60103	0.511103	0.708573	0.405465	1.08479	nan	nan	nan	0	0	1
220	rs1	1:1	2:0.47225	rs2	1:2	2:0.249	0	1000	0	0.999647	32.4517	73360.5	0.999977	-27.9541	981393	0.999647	32.4517	73360.5	0.999977	-27.9541	981393	nan	nan	nan	1	0	1
221	rs1	1:1	2:0.4645	rs2	1:2	2:0.246	0	1000	0	1.17296e-47	7.39013	0.509586	0.999986	-28.1915	1.55172e+06	1.17296e-47	7.39013	0.509586	0.999986	-28.1915	1.55172e+06	nan	nan	nan	1	0	1
222	rs1	1:1	2:0.45925	rs2	1:2	2:0.24475	0	1000	0	0.999657	32.1794	74838.5	0.140536	1.28335	0.870776	0.999657	32.1794	74838.5	0.140536	1.28335	0.870776	nan	nan	nan	1	0	1
223	rs1	1:1	2:0.46275	rs2	1:2	2:0.24475	0	1000	0	5.11888e-30	8.12836	0.714118	0.999982	-28.1522	1.26697e+06	5.11888e-30	8.12836	0.714118	0.999982	-28.1522	1.26697e+06	nan	nan	nan	1	0	1
224	rs1	1:1	2:0.45425	rs2	1:2	2:0.24275	0	1000	0	0.999658	32.1269	75057	0.999973	-28.2789	829429	0.999658	32.1269	75057	0.999973	-28.2789	829429	nan	nan	nan	1	0	1
225	rs1	1:1	2:0.46175	rs2	1:2	2:0.24475	0	1000	0	0.999655	32.2324	74449.9	0.999982	-28.1733	1.26697e+06	0.999655	32.2324	74449.9	0.999982	-28.1733	1.26697e+06	nan	nan	nan	1	0	1
226	rs1	1:1	2:0.47475	rs2	1:2	2:0.2485	0	1000	1	2.61602e-41	7.903	0.587058	0.337472	1.11178	1.1591	2.61602e-41	7.903	0.587058	0.337472	1.11178	1.1591	nan	nan	nan	0	0	1
227	rs1	1:1	2:0.46	rs2	1:2	2:0.2445	0	1000	0	6.93745e-39	7.63613	0.585444	0.999985	-28.2274	1.55172e+06	6.93745e-39	7.63613	0.585444	0.999985	-28.2274	1.55172e+06	nan	nan	nan	1	0	1
228	rs1	1:1	2:0.46275	rs2	1:2	2:0.24825	0	1000	0	2.90841e-39	7.67781	0.585672	0.999982	-28.1915	1.26697e+06	2.90841e-39	7.67781	0.585672	0.999982	-28.1915	1.26697e+06	nan	nan	nan	1	0	1
229	rs1	1:1	2:0.468	rs2	1:2	2:0.24425	0	1000	1	1.10713e-18	8.86893	1.00512	0.139673	2.09357	1.41744	1.10713e-18	8.86893	1.00512	0.139673	2.09357	1.41744	nan	nan	nan	0	0	1
230	rs1	1:1	2:0.469	rs2	1:2	2:0.246	0	1000	1	5.82973e-19	8.94327	1.0054	0.360275	1.0602	1.15889	5.82973e-19	8.94327	1.0054	0.360275	1.0602	1.15889	nan	nan	nan	0	0	1
231	rs1	1:1	2:0.4645	rs2	1:2	2:0.2495	0	1000	1	4.57638e-40	7.76631	0.586183	0.39241	0.990941	1.15865	4.57638e-40	7.76631	0.586183	0.39241	0.990941	1.15865	nan	nan	nan	0	0	1
232	rs1	1:1	2:0.473	rs2	1:2	2:0.25125	0	1000	0	0.99965	32.3627	73773.9	0.999982	-28.0431	1.26697e+06	0.99965	32.3627	73773.9	0.999982	-28.0431	1.26697e+06	nan	nan	nan	1	0	1
233	rs1	1:1	2:0.469	rs2	1:2	2:0.24275	0	1000	1	1.00244e-18	8.88038	1.00515	nan	nan	nan	1.00244e-18	8.88038	1.00515	nan	nan	nan	nan	nan	nan	0	0	1
234	rs1	1:1	2:0.457	rs2	1:2	2:0.2415	0	1000	1	4.65472e-39	7.65506	0.585531	nan	nan	nan	4.65472e-39	7.65506	0.585531	nan	nan	nan	nan	nan	nan	0	0	1
235	rs1	1:1	2:0.46	rs2	1:2	2:0.2475	0	1000	0	1.13923e-47	7.39114	0.509585	0.99999	-28.1905	2.19446e+06	1.13923e-47	7.39114	0.509585	0.99999	-28.1905	2.19446e+06	nan	nan	nan	1	0	1
236	rs1	1:1	2:0.4595	rs2	1:2	2:0.2395	0	1000	0	1.9409e-29	8.04059	0.713731	0.999979	-28.2284	1.09723e+06	1.9409e-29	8.04059	0.713731	0.999979	-28.2284	1.09723e+06	nan	nan	nan	1	0	1
237	rs1	1:1	2:0.45975	rs2	1:2	2:0.24325	0	1000	0	0.999654	32.2488	74364.4	0.999986	-28.157	1.55172e+06	0.999654	32.2488	74364.4	0.999986	-28.157	1.55172e+06	nan	nan	nan	1	0	1
238	rs1	1:1	2:0.45875	rs2	1:2	2:0.24625	0	1000	0	2.57141e-18	8.7708	1.0048	0.999986	-28.196	1.55172e+06	2.57141e-18	8.7708	1.0048	0.999986	-28.196	1.55172e+06	nan	nan	nan	1	0	1
239	rs1	1:1	2:0.47025	rs2	1:2	2:0.24775	0	1000	1	4.20463e-41	7.88055	0.586921	0.59753	0.580755	1.10001	4.20463e-41	7.88055	0.586921	0.59753	0.580755	1.10001	nan	nan	nan	0	0	1
240	rs1	1:1	2:0.45525	rs2	1:2	2:0.24275	0	1000	1	5.43211e-38	7.53755	0.584964	0.32884	1.19896	1.22787	5.43211e-38	7.53755	0.584964	0.32884	1.19896	1.22787	nan	nan	nan	0	0	1
241	rs1	1:1	2:0.4625	rs2	1:2	2:0.2425	0	1000	0	4.46472e-30	8.13734	0.71416	0.999982	-28.1443	1.26697e+06	4.46472e-30	8.13734	0.71416	0.999982	-28.1443	1.26697e+06	nan	nan	nan	1	0	1
242	rs1	1:1	2:0.46625	rs2	1:2	2:0.25075	0	1000	1	4.84176e-41	7.87348	0.586851	0.224952	1.4911	1.22879	4.84176e-41	7.87348	0.586851	0.224952	1.4911	1.22879	nan	nan	nan	0	0	1
243	rs1	1:1	2:0.4555	rs2	1:2	2:0.2405	0	1000	1	3.77516e-46	7.25673	0.508816	0.32656	1.20464	1.22789	3.77516e-46	7.25673	0.508816	0.32656	1.20464	1.22789	nan	nan	nan	0	0	1
244	rs1	1:1	2:0.46	rs2	1:2	2:0.24925	0	1000	1	4.77868e-18	8.69834	1.0046	0.887635	0.153144	1.08384	4.77868e-18	8.69834	1.0046	0.887635	0.153144	1.08384	nan	nan	nan	0	0	1
245	rs1	1:1	2:0.45825	rs2	1:2	2:0.24475	0	1000	0	1.63168e-29	8.05188	0.713766	0.999988	32.1887	2.19469e+06	1.63168e-29	8.05188	0.713766	0.999988	32.1887	2.19469e+06	nan	nan	nan	1	0	1
246	rs1	1:1	2:0.46675	rs2	1:2	2:0.24475	0	1000	0	5.28549e-40	7.75921	0.586127	0.999986	-28.1204	1.55172e+06	5.28549e-40	7.75921	0.586127	0.999986	-28.1204	1.55172e+06	nan	nan	nan	1	0	1
247	rs1	1:1	2:0.463	rs2	1:2	2:0.24775	0	1000	0	6.8317e-19	8.9249	1.00533	0.999982	-28.0613	1.26697e+06	6.8317e-19	8.9249	1.00533	0.999982	-28.0613	1.26697e+06	nan	nan	nan	1	0	1
248	rs1	1:1	2:0.4685	rs2	1:2	2:0.24875	0	1000	0	8.75572e-19	8.89618	1.00522	0.999982	-28.0866	1.26697e+06	8.75572e-19	8.89618	1.00522	0.999982	-28.0866	1.26697e+06	nan	nan	nan	1	0	1
249	rs1	1:1	2:0.46175	rs2	1:2	2:0.24325	0	1000	0	1.71805e-39	7.70308	0.585817	0.999979	-28.1697	1.09723e+06	1.71805e-39	7.70308	0.585817	0.999979	-28.1697	1.09723e+06	nan	nan	nan	1	0	1
250	rs1	1:1	2:0.459	rs2	1:2	2:0.24575	0	1000	0	3.93209e-18	8.72104	1.00464	0.99999	-28.2388	2.19446e+06	3.93209e-18	8.72104	1.00464	0.99999	-28.2388	2.19446e+06	nan	nan	nan	1	0	1
251	rs1	1:1	2:0.47	rs2	1:2	2:0.24775	0	1000	1	1.09551e-30	8.22961	0.714623	0.368575	1.04196	1.15883	1.09551e-30	8.22961	0.714623	0.368575	1.04196	1.15883	nan	nan	nan	0	0	1
252	rs1	1:1	2:0.4615	rs2	1:2	2:0.24175	0	1000	0	2.38801e-18	8.77944	1.00483	0.999986	-28.1885	1.55172e+06	2.38801e-18	8.77944	1.00483	0.999986	-28.1885	1.55172e+06	nan	nan	nan	1	0	1
253	rs1	1:1	2:0.46625	rs2	1:2	2:0.2505	0	1000	0	1.01272e-18	8.87924	1.00516	0.999988	32.3056	2.19469e+06	1.01272e-18	8.87924	1.00516	0.999988	32.3056	2.19469e+06	nan	nan	nan	1	0	1
254	rs1	1:1	2:0.4665	rs2	1:2	2:0.24575	0	1000	1	3.04964e-30	8.16253	0.714292	0.535569	0.695161	1.12208	3.04964e-30	8.16253	0.714292	0.535569	0.695161	1.12208	nan	nan	nan	0	0	1
255	rs1	1:1	2:0.4525	rs2	1:2	2:0.24125	0	1000	0	5.64834e-29	7.96976	0.713427	0.999988	32.1182	2.19469e+06	5.64834e-29	7.96976	0.713427	0.999988	32.1182	2.19469e+06	nan	nan	nan	1	0	1
256	rs1	1:1	2:0.46825	rs2	1:2	2:0.24975	0	1000	0	1.97312e-39	7.69628	0.585767	0.999986	-28.1754	1.55172e+06	1.97312e-39	7.69628	0.585767	0.999986	-28.1754	1.55172e+06	nan	nan	nan	1	0	1
257	rs1	1:1	2:0.465	rs2	1:2	2:0.245	0	1000	0	1.13065e-39	7.72289	0.585916	0.999986	-28.1522	1.55172e+06	1.13065e-39	7.72289	0.585916	0.999986	-28.1522	1.55172e+06	nan	nan	nan	1	0	1
258	rs1	1:1	2:0.4595	rs2	1:2	2:0.24575	0	1000	0	7.54726e-30	8.10275	0.713995	0.999977	-35.1349	1.23946e+06	7.54726e-30	8.10275	0.713995	0.99999	-28.1743	2.19446e+06	0.999998	-8.10275	3.10344e+06	1	0	1
259	rs1	1:1	2:0.45775	rs2	1:2	2:0.24325	0	1000	0	4.558e-54	7.08088	0.457349	0.999982	-28.266	1.26697e+06	4.558e-54	7.08088	0.457349	0.999982	-28.266	1.26697e+06	nan	nan	nan	1	0	1
260	rs1	1:1	2:0.4695	rs2	1:2	2:0.24525	0	1000	0	1.04058e-30	8.23275	0.714621	0.99999	-28.0603	2.19446e+06	1.04058e-30	8.23275	0.714621	0.99999	-28.0603	2.19446e+06	nan	nan	nan	1	0	1
261	rs1	1:1	2:0.4615	rs2	1:2	2:0.24625	0	1000	0	0.999655	32.2193	74535.7	0.99999	-28.1865	2.19446e+06	0.999655	32.2193	74535.7	0.99999	-28.1865	2.19446e+06	nan	nan	nan	1	0	1
262	rs1	1:1	2:0.4595	rs2	1:2	2:0.24775	0	1000	1	1.99602e-18	8.80054	1.00491	0.82377	0.241437	1.08414	1.99602e-18	8.80054	1.00491	0.82377	0.241437	1.08414	nan	nan	nan	0	0	1
263	rs1	1:1	2:0.466	rs2	1:2	2:0.246	0	1000	0	1.46861e-47	7.38149	0.509533	0.999986	-28.199	1.55172e+06	1.46861e-47	7.38149	0.509533	0.999986	-28.199	1.55172e+06	nan	nan	nan	1	0	1
264	rs1	1:1	2:0.45875	rs2	1:2	2:0.2465	0	1000	0	6.70948e-30	8.11055	0.714036	0.999982	-28.1677	1.26697e+06	6.70948e-30	8.11055	0.714036	0.999982	-28.1677	1.26697e+06	nan	nan	nan	1	0	1
265	rs1	1:1	2:0.471	rs2	1:2	2:0.24725	0	1000	1	1.67855e-49	7.55396	0.510719	0.361644	1.05719	1.15889	1.67855e-49	7.55396	0.510719	0.361644	1.05719	1.15889	nan	nan	nan	0	0	1
266	rs1	1:1	2:0.46125	rs2	1:2	2:0.246	0	1000	0	2.43079e-18	8.77743	1.00483	0.999979	-28.1905	1.09723e+06	2.43079e-18	8.77743	1.00483	0.999979	-28.1905	1.09723e+06	nan	nan	nan	1	0	1
267	rs1	1:1	2:0.45775	rs2	1:2	2:0.245	0	1000	0	1.83622e-47	7.3729	0.50948	0.999986	-28.2064	1.55172e+06	1.83622e-47	7.3729	0.50948	0.999986	-28.2064	1.55172e+06	nan	nan	nan	1	0	1
268	rs1	1:1	2:0.47075	rs2	1:2	2:0.25125	0	1000	0	0.999649	32.3901	73690.6	0.224017	1.49411	1.22879	0.999649	32.3901	73690.6	0.224017	1.49411	1.22879	nan	nan	nan	1	0	1
269	rs1	1:1	2:0.46075	rs2	1:2	2:0.24575	0	1000	0	2.38801e-18	8.77944	1.00483	0.999986	-28.1885	1.55172e+06	2.38801e-18	8.77944	1.00483	0.999986	-28.1885	1.55172e+06	nan	nan	nan	1	0	1
270	rs1	1:1	2:0.46375	rs2	1:2	2:0.24525	0	1000	0	2.21652e-18	8.78814	1.00485	0.999986	-28.1809	1.55172e+06	2.21652e-18	8.78814	1.00485	0.999986	-28.1809	1.55172e+06	nan	nan	nan	1	0	1
271	rs1	1:1	2:0.46425	rs2	1:2	2:0.24575	0	1000	0	2.17313e-56	7.25562	0.45856	0.999986	-28.1143	1.55172e+06	2.17313e-56	7.25562	0.45856	0.999986	-28.1143	1.55172e+06	nan	nan	nan	1	0	1
272	rs1	1:1	2:0.4695	rs2	1:2	2:0.252	0	1000	0	6.70975e-19	8.9269	1.00533	0.99999	-28.0593	2.19446e+06	6.70975e-19	8.9269	1.00533	0.99999	-28.0593	2.19446e+06	nan	nan	nan	1	0	1
273	rs1	1:1	2:0.4585	rs2	1:2	2:0.24025	0	1000	1	1.15454e-54	7.12531	0.457615	nan	nan	nan	1.15454e-54	7.12531	0.457615	nan	nan	nan	nan	nan	nan	0	0	1
274	rs1	1:1	2:0.46475	rs2	1:2	2:0.24725	0	1000	0	5.40904e-40	7.75821	0.586128	0.999982	-28.1214	1.26697e+06	5.40904e-40	7.75821	0.586128	0.999982	-28.1214	1.26697e+06	nan	nan	nan	1	0	1
275	rs1	1:1	2:0.47525	rs2	1:2	2:0.2495	0	1000	0	7.50105e-50	7.58491	0.510942	0.999982	-28.0207	1.26697e+06	7.50105e-50	7.58491	0.510942	0.999982	-28.0207	1.26697e+06	nan	nan	nan	1	0	1
276	rs1	1:1	2:0.46875	rs2	1:2	2:0.24925	0	1000	1	4.07794e-64	7.11821	0.421051	0.0215688	2.82319	1.22861	4.07794e-64	7.11821	0.421051	0.0215688	2.82319	1.22861	nan	nan	nan	0	0	1
277	rs1	1:1	2:0.46825	rs2	1:2	2:0.24925	0	1000	1	1.91396e-49	7.54832	0.510643	nan	nan	nan	1.91396e-49	7.54832	0.510643	nan	nan	nan	nan	nan	nan	0	0	1
278	rs1	1:1	2:0.45475	rs2	1:2	2:0.23925	0	1000	0	1.32872e-46	7.29689	0.509038	0.999982	-28.272	1.26697e+06	1.32872e-46	7.29689	0.509038	0.999982	-28.272	1.26697e+06	nan	nan	nan	1	0	1
279	rs1	1:1	2:0.47475	rs2	1:2	2:0.25075	0	1000	0	1.47463e-50	7.64771	0.511428	0.999986	-27.9646	1.55172e+06	1.47463e-50	7.64771	0.511428	0.999986	-27.9646	1.55172e+06	nan	nan	nan	1	0	1
280	rs1	1:1	2:0.4535	rs2	1:2	2:0.23825	0	1000	0	9.59567e-18	8.61601	1.00435	0.999985	-28.3286	1.55172e+06	9.59567e-18	8.61601	1.00435	0.999985	-28.3286	1.55172e+06	nan	nan	nan	1	0	1
281	rs1	1:1	2:0.46075	rs2	1:2	2:0.247	0	1000	0	2.94498e-30	8.16468	0.714291	0.999982	-28.1204	1.26697e+06	2.94498e-30	8.16468	0.714291	0.999982	-28.1204	1.26697e+06	nan	nan	nan	1	0	1
282	rs1	1:1	2:0.46	rs2	1:2	2:0.24825	0	1000	0	4.97201e-47	7.33503	0.50928	0.999975	-28.2397	895885	4.97201e-47	7.33503	0.50928	0.999975	-28.2397	895885	nan	nan	nan	1	0	1
283	rs1	1:1	2:0.461	rs2	1:2	2:0.2395	0	1000	1	7.30678e-30	8.10475	0.713993	nan	nan	nan	7.30678e-30	8.10475	0.713993	nan	nan	nan	nan	nan	nan	0	0	1
284	rs1	1:1	2:0.45575	rs2	1:2	2:0.23725	0	1000	0	4.21966e-18	8.71276	1.00462	0.99999	-28.2459	2.19446e+06	4.21966e-18	8.71276	1.00462	0.99999	-28.2459	2.19446e+06	nan	nan	nan	1	0	1
285	rs1	1:1	2:0.4565	rs2	1:2	2:0.23925	0	1000	0	2.31004e-38	7.5785	0.585153	0.999985	-28.2769	1.55172e+06	2.31004e-38	7.5785	0.585153	0.999985	-28.2769	1.55172e+06	nan	nan	nan	1	0	1
286	rs1	1:1	2:0.46175	rs2	1:2	2:0.2465	0	1000	0	1.15859e-29	8.07464	0.713879	0.999979	-28.199	1.09723e+06	1.15859e-29	8.07464	0.713879	0.999979	-28.199	1.09723e+06	nan	nan	nan	1	0	1
287	rs1	1:1	2:0.46375	rs2	1:2	2:0.24425	0	1000	0	8.48237e-30	8.09499	0.713954	0.99999	-28.1809	2.19446e+06	8.48237e-30	8.09499	0.713954	0.99999	-28.1809	2.19446e+06	nan	nan	nan	1	0	1
288	rs1	1:1	2:0.46525	rs2	1:2	2:0.2455	0	1000	0	2.9758e-39	7.67681	0.585673	0.999979	-28.1925	1.09723e+06	2.9758e-39	7.67681	0.585673	0.999979	-28.1925	1.09723e+06	nan	nan	nan	1	0	1
289	rs1	1:1	2:0.46375	rs2	1:2	2:0.24575	0	1000	1	2.62093e-18	8.76864	1.0048	0.433476	0.907295	1.15836	2.62093e-18	8.76864	1.0048	0.433476	0.907295	1.15836	nan	nan	nan	0	0	1
290	rs1	1:1	2:0.46225	rs2	1:2	2:0.2445	0	1000	0	1.81474e-18	8.81157	1.00494	0.999977	-28.161	981393	1.81474e-18	8.81157	1.00494	0.999977	-28.161	981393	nan	nan	nan	1	0	1
291	rs1	1:1	2:0.46825	rs2	1:2	2:0.24925	0	1000	1	1.7659e-56	7.26277	0.458634	0.389492	0.99709	1.15868	1.7659e-56	7.26277	0.458634	0.389492	0.99709	1.15868	nan	nan	nan	0	0	1
292	rs1	1:1	2:0.46725	rs2	1:2	2:0.2485	0	1000	0	1.00921e-48	7.48504	0.510241	0.999975	-28.1092	895885	1.00921e-48	7.48504	0.510241	0.999975	-28.1092	895885	nan	nan	nan	1	0	1
293	rs1	1:1	2:0.4515	rs2	1:2	2:0.24175	0	1000	0	3.46043e-29	8.0022	0.713557	0.99999	-28.261	2.19446e+06	3.46043e-29	8.0022	0.713557	0.99999	-28.261	2.19446e+06	nan	nan	nan	1	0	1
294	rs1	1:1	2:0.467	rs2	1:2	2:0.247	0	1000	0	3.01531e-40	7.78612	0.586295	0.999982	-28.0969	1.26697e+06	3.01531e-40	7.78612	0.586295	0.999982	-28.0969	1.26697e+06	nan	nan	nan	1	0	1
295	rs1	1:1	2:0.4685	rs2	1:2	2:0.251	0	1000	0	3.66882e-40	7.77675	0.586238	0.999982	-28.1052	1.26697e+06	3.66882e-40	7.77675	0.586238	0.999982	-28.1052	1.26697e+06	nan	nan	nan	1	0	1
296	rs1	1:1	2:0.458	rs2	1:2	2:0.24575	0	1000	1	4.07899e-18	8.71687	1.00465	0.608333	0.574806	1.12167	4.07899e-18	8.71687	1.00465	0.608333	0.574806	1.12167	nan	nan	nan	0	0	1
297	rs1	1:1	2:0.46375	rs2	1:2	2:0.24975	0	1000	1	1.07645e-48	7.48178	0.510171	nan	nan	nan	1.07645e-48	7.48178	0.510171	nan	nan	nan	nan	nan	nan	0	0	1
298	rs1	1:1	2:0.456	rs2	1:2	2:0.24475	0	1000	0	3.20853e-29	8.00737	0.713592	0.999979	-28.257	1.09723e+06	3.20853e-29	8.00737	0.713592	0.999979	-28.257	1.09723e+06	nan	nan	nan	1	0	1
299	rs1	1:1	2:0.46175	rs2	1:2	2:0.2505	0	1000	0	1.7643e-29	8.04701	0.713769	0.999975	-28.2232	895885	1.7643e-29	8.04701	0.713769	0.999975	-28.2232	895885	nan	nan	nan	1	0	1
300	rs1	1:1	2:0.45775	rs2	1:2	2:0.246	0	1000	1	1.47513e-47	7.38134	0.509533	0.15716	2.0049	1.4172	1.47513e-47	7.38134	0.509533	0.15716	2.0049	1.4172	nan	nan	nan	0	0	1
301	rs1	1:1	2:0.45975	rs2	1:2	2:0.24525	0	1000	1	7.68905e-30	8.10159	0.713996	0.276937	1.3354	1.22827	7.68655e-30	8.10159	0.713994	0.276937	1.3354	1.22827	nan	nan	nan	0	0	1
302	rs1	1:1	2:0.4675	rs2	1:2	2:0.246	0	1000	0	1.95365e-48	7.45934	0.51005	0.99998	-28.1315	1.09723e+06	1.95365e-48	7.45934	0.51005	0.99998	-28.1315	1.09723e+06	nan	nan	nan	1	0	1
303	rs1	1:1	2:0.466	rs2	1:2	2:0.2455	0	1000	0	1.10587e-55	7.20213	0.458155	0.99999	-28.161	2.19446e+06	1.10587e-55	7.20213	0.458155	0.99999	-28.161	2.19446e+06	nan	nan	nan	1	0	1
304	rs1	1:1	2:0.46525	rs2	1:2	2:0.24575	0	1000	1	4.25207e-30	8.14035	0.714158	nan	nan	nan	4.25207e-30	8.14035	0.714158	nan	nan	nan	nan	nan	nan	0	0	1
305	rs1	1:1	2:0.469	rs2	1:2	2:0.2485	0	1000	0	1.95365e-48	7.45934	0.51005	0.99998	-28.1315	1.09723e+06	1.95365e-48	7.45934	0.51005	0.99998	-28.1315	1.09723e+06	nan	nan	nan	1	0	1
306	rs1	1:1	2:0.47	rs2	1:2	2:0.24675	0	1000	0	1.53943e-48	7.46851	0.510112	0.99998	-28.1235	1.09723e+06	1.53943e-48	7.46851	0.510112	0.99998	-28.1235	1.09723e+06	nan	nan	nan	1	0	1
307	rs1	1:1	2:0.4765	rs2	1:2	2:0.2515	0	1000	0	0.99965	32.3813	73732.2	0.226773	1.48522	1.22876	0.99965	32.3813	73732.2	0.226773	1.48522	1.22876	nan	nan	nan	1	0	1
308	rs1	1:1	2:0.47575	rs2	1:2	2:0.2445	0	1000	0	9.72072e-50	7.57489	0.510866	0.999982	-28.0296	1.26697e+06	9.72072e-50	7.57489	0.510866	0.999982	-28.0296	1.26697e+06	nan	nan	nan	1	0	1
309	rs1	1:1	2:0.456	rs2	1:2	2:0.24375	0	1000	0	0.999657	32.165	74838.5	0.999979	-28.2408	1.09723e+06	0.999657	32.165	74838.5	0.999979	-28.2408	1.09723e+06	nan	nan	nan	1	0	1
310	rs1	1:1	2:0.4615	rs2	1:2	2:0.24675	0	1000	1	1.33432e-18	8.84737	1.00506	0.0688268	1.66997	0.917789	1.33432e-18	8.84737	1.00506	0.0688268	1.66997	0.917789	nan	nan	nan	0	0	1
311	rs1	1:1	2:0.4665	rs2	1:2	2:0.24775	0	1000	0	4.66903e-40	7.76543	0.586184	0.999977	-28.1154	981393	4.66903e-40	7.76543	0.586184	0.999977	-28.1154	981393	nan	nan	nan	1	0	1
312	rs1	1:1	2:0.47025	rs2	1:2	2:0.251	0	1000	1	1.92901e-30	8.19246	0.714428	0.249471	1.41481	1.22852	1.92831e-30	8.19246	0.714426	0.249471	1.41481	1.22852	nan	nan	nan	0	0	1
313	rs1	1:1	2:0.4635	rs2	1:2	2:0.2415	0	1000	1	2.02572e-39	7.69512	0.585768	0.277299	1.3344	1.22827	2.02572e-39	7.69512	0.585768	0.277299	1.3344	1.22827	nan	nan	nan	0	0	1
314	rs1	1:1	2:0.46725	rs2	1:2	2:0.24525	0	1000	0	7.57434e-40	7.74193	0.586019	0.99999	-28.1354	2.19446e+06	7.57434e-40	7.74193	0.586019	0.99999	-28.1354	2.19446e+06	nan	nan	nan	1	0	1
315	rs1	1:1	2:0.463	rs2	1:2	2:0.24325	0	1000	1	1.56399e-55	7.1911	0.458094	0.275279	1.34005	1.22829	1.56399e-55	7.1911	0.458094	0.275279	1.34005	1.22829	nan	nan	nan	0	0	1
316	rs1	1:1	2:0.463	rs2	1:2	2:0.25	0	1000	0	0.999654	32.2645	74364.4	0.0401233	2.06157	1.00443	0.999654	32.2645	74364.4	0.0401233	2.06157	1.00443	nan	nan	nan	1	0	1
317	rs1	1:1	2:0.4585	rs2	1:2	2:0.24925	0	1000	0	2.40929e-18	8.77844	1.00483	0.999982	-28.1895	1.26697e+06	2.40929e-18	8.77844	1.00483	0.999982	-28.1895	1.26697e+06	nan	nan	nan	1	0	1
318	rs1	1:1	2:0.46175	rs2	1:2	2:0.2455	0	1000	0	2.48103e-55	7.17569	0.457967	0.99999	-28.184	2.19446e+06	2.48103e-55	7.17569	0.457967	0.99999	-28.184	2.19446e+06	nan	nan	nan	1	0	1
319	rs1	1:1	2:0.45775	rs2	1:2	2:0.2465	0	1000	1	3.4966e-39	7.66902	0.585625	0.285505	1.31176	1.2282	3.4966e-39	7.66902	0.585625	0.285505	1.31176	1.2282	nan	nan	nan	0	0	1
320	rs1	1:1	2:0.4715	rs2	1:2	2:0.2525	0	1000	0	8.5998e-19	8.89818	1.00522	0.99999	-28.0846	2.19446e+06	8.5998e-19	8.89818	1.00522	0.99999	-28.0846	2.19446e+06	nan	nan	nan	1	0	1
321	rs1	1:1	2:0.4665	rs2	1:2	2:0.2495	0	1000	1	2.08201e-40	7.80392	0.586412	0.376859	1.024	1.15877	2.08201e-40	7.80392	0.586412	0.376859	1.024	1.15877	nan	nan	nan	0	0	1
322	rs1	1:1	2:0.4605	rs2	1:2	2:0.24975	0	1000	0	0.999656	32.197	74665	0.99999	-28.2088	2.19446e+06	0.999656	32.197	74665	0.99999	-28.2088	2.19446e+06	nan	nan	nan	1	0	1
323	rs1	1:1	2:0.4555	rs2	1:2	2:0.245	0	1000	1	2.06617e-29	8.03623	0.713693	nan	nan	nan	2.06555e-29	8.03623	0.713691	nan	nan	nan	nan	nan	nan	0	0	1
324	rs1	1:1	2:0.468	rs2	1:2	2:0.243	0	1000	1	7.02747e-48	7.4096	0.509694	nan	nan	nan	7.02747e-48	7.4096	0.509694	nan	nan	nan	nan	nan	nan	0	0	1
325	rs1	1:1	2:0.45825	rs2	1:2	2:0.2405	0	1000	0	8.26463e-39	7.62775	0.585401	0.999985	-28.2346	1.55172e+06	8.26463e-39	7.62775	0.585401	0.999985	-28.2346	1.55172e+06	nan	nan	nan	1	0	1
326	rs1	1:1	2:0.469	rs2	1:2	2:0.2515	0	1000	0	1.0932e-30	8.22974	0.714623	0.99998	-28.0633	1.09723e+06	1.0932e-30	8.22974	0.714623	0.99998	-28.0633	1.09723e+06	nan	nan	nan	1	0	1
327	rs1	1:1	2:0.4685	rs2	1:2	2:0.249	0	1000	0	2.22025e-30	8.18322	0.714381	0.999982	-28.1042	1.26697e+06	2.22025e-30	8.18322	0.714381	0.999982	-28.1042	1.26697e+06	nan	nan	nan	1	0	1
328	rs1	1:1	2:0.46425	rs2	1:2	2:0.24775	0	1000	0	1.95822e-18	8.8027	1.00491	0.999977	-28.1687	981393	1.95822e-18	8.8027	1.00491	0.999977	-28.1687	981393	nan	nan	nan	1	0	1
329	rs1	1:1	2:0.4665	rs2	1:2	2:0.2485	0	1000	1	4.12932e-19	8.98307	1.00555	0.0289393	2.19522	1.00499	4.12932e-19	8.98307	1.00555	0.0289393	2.19522	1.00499	nan	nan	nan	0	0	1
330	rs1	1:1	2:0.464	rs2	1:2	2:0.2495	0	1000	1	8.85595e-19	8.89491	1.00522	0.0350791	2.11726	1.00466	8.85595e-19	8.89491	1.00522	0.0350791	2.11726	1.00466	nan	nan	nan	0	0	1
331	rs1	1:1	2:0.458	rs2	1:2	2:0.2425	0	1000	0	7.42603e-30	8.10375	0.713994	0.99999	-28.1733	2.19446e+06	7.42603e-30	8.10375	0.713994	0.99999	-28.1733	2.19446e+06	nan	nan	nan	1	0	1
332	rs1	1:1	2:0.46375	rs2	1:2	2:0.24975	0	1000	1	8.76614e-19	8.89604	1.00522	0.246383	1.42411	1.22855	8.76614e-19	8.89604	1.00522	0.246383	1.42411	1.22855	nan	nan	nan	0	0	1
333	rs1	1:1	2:0.46925	rs2	1:2	2:0.245	0	1000	0	4.35594e-40	7.76845	0.586181	0.999986	-28.1123	1.55172e+06	4.35594e-40	7.76845	0.586181	0.999986	-28.1123	1.55172e+06	nan	nan	nan	1	0	1
334	rs1	1:1	2:0.45325	rs2	1:2	2:0.24475	0	1000	1	3.78952e-47	7.34528	0.509328	0.450056	0.874865	1.15827	3.78952e-47	7.34528	0.509328	0.450056	0.874865	1.15827	nan	nan	nan	0	0	1
335	rs1	1:1	2:0.47	rs2	1:2	2:0.247	0	1000	0	4.39262e-30	8.13835	0.714159	0.999986	-28.1433	1.55172e+06	4.39262e-30	8.13835	0.714159	0.999986	-28.1433	1.55172e+06	nan	nan	nan	1	0	1
336	rs1	1:1	2:0.4575	rs2	1:2	2:0.24375	0	1000	0	2.37013e-18	8.78029	1.00483	0.999988	32.2193	2.19469e+06	2.37013e-18	8.78029	1.00483	0.999988	32.2193	2.19469e+06	nan	nan	nan	1	0	1
337	rs1	1:1	2:0.46225	rs2	1:2	2:0.24125	0	1000	1	1.84951e-48	7.46122	0.510048	0.143316	2.07443	1.41739	1.84951e-48	7.46122	0.510048	0.143316	2.07443	1.41739	nan	nan	nan	0	0	1
338	rs1	1:1	2:0.4635	rs2	1:2	2:0.24425	0	1000	1	1.56735e-39	7.7071	0.585814	nan	nan	nan	1.56735e-39	7.7071	0.585814	nan	nan	nan	nan	nan	nan	0	0	1
339	rs1	1:1	2:0.4625	rs2	1:2	2:0.2465	0	1000	1	2.56412e-30	8.17378	0.714336	0.254978	1.39842	1.22847	2.56322e-30	8.17378	0.714334	0.254978	1.39842	1.22847	nan	nan	nan	0	0	1
340	rs1	1:1	2:0.46525	rs2	1:2	2:0.24325	0	1000	0	6.60145e-30	8.11156	0.714035	0.999986	-28.1667	1.55172e+06	6.60145e-30	8.11156	0.714035	0.999986	-28.1667	1.55172e+06	nan	nan	nan	1	0	1
341	rs1	1:1	2:0.46425	rs2	1:2	2:0.2415	0	1000	0	1.60371e-39	7.70609	0.585815	0.99999	-28.1667	2.19446e+06	1.60371e-39	7.70609	0.585815	0.99999	-28.1667	2.19446e+06	nan	nan	nan	1	0	1
342	rs1	1:1	2:0.4595	rs2	1:2	2:0.2455	0	1000	1	3.74509e-39	7.666	0.585628	0.721096	0.392445	1.0993	3.74509e-39	7.666	0.585628	0.721096	0.392445	1.0993	nan	nan	nan	0	0	1
343	rs1	1:1	2:0.47225	rs2	1:2	2:0.2505	0	1000	0	1.20828e-30	8.22298	0.714571	0.999988	32.338	2.19469e+06	1.20828e-30	8.22298	0.714571	0.999988	32.338	2.19469e+06	nan	nan	nan	1	0	1
344	rs1	1:1	2:0.464	rs2	1:2	2:0.24775	0	1000	0	1.29574e-18	8.85066	1.00506	0.999986	-28.1265	1.55172e+06	1.29574e-18	8.85066	1.00506	0.999986	-28.1265	1.55172e+06	nan	nan	nan	1	0	1
345	rs1	1:1	2:0.464	rs2	1:2	2:0.24625	0	1000	1	1.56399e-55	7.1911	0.458094	0.275279	1.34005	1.22829	1.56399e-55	7.1911	0.458094	0.275279	1.34005	1.22829	nan	nan	nan	0	0	1
346	rs1	1:1	2:0.46375	rs2	1:2	2:0.241	0	1000	1	1.19962e-29	8.07247	0.713881	0.72041	0.393453	1.0993	1.19926e-29	8.07247	0.713879	0.72041	0.393453	1.0993	nan	nan	nan	0	0	1
347	rs1	1:1	2:0.465	rs2	1:2	2:0.244	0	1000	1	4.57638e-40	7.76631	0.586183	0.39241	0.990941	1.15865	4.57638e-40	7.76631	0.586183	0.39241	0.990941	1.15865	nan	nan	nan	0	0	1
348	rs1	1:1	2:0.462	rs2	1:2	2:0.24475	0	1000	1	1.90908e-18	8.80556	1.00491	0.150401	2.03822	1.41728	1.90908e-18	8.80556	1.00491	0.150401	2.03822	1.41728	nan	nan	nan	0	0	1
349	rs1	1:1	2:0.46275	rs2	1:2	2:0.24775	0	1000	0	2.19989e-18	8.78899	1.00485	0.999988	32.2268	2.19469e+06	2.19989e-18	8.78899	1.00485	0.999988	32.2268	2.19469e+06	nan	nan	nan	1	0	1
350	rs1	1:1	2:0.466	rs2	1:2	2:0.24675	0	1000	1	5.04719e-40	7.76122	0.586125	nan	nan	nan	5.04719e-40	7.76122	0.586125	nan	nan	nan	nan	nan	nan	0	0	1
351	rs1	1:1	2:0.4575	rs2	1:2	2:0.24475	0	1000	0	2.21652e-18	8.78814	1.00485	0.999986	-28.1809	1.55172e+06	2.21652e-18	8.78814	1.00485	0.999986	-28.1809	1.55172e+06	nan	nan	nan	1	0	1
352	rs1	1:1	2:0.46575	rs2	1:2	2:0.245	0	1000	0	9.68017e-30	8.08629	0.713915	0.99999	-28.1885	2.19446e+06	9.68017e-30	8.08629	0.713915	0.99999	-28.1885	2.19446e+06	nan	nan	nan	1	0	1
353	rs1	1:1	2:0.448	rs2	1:2	2:0.24225	0	1000	0	6.52576e-46	7.23545	0.508688	0.99999	-28.324	2.19446e+06	6.52576e-46	7.23545	0.508688	0.99999	-28.324	2.19446e+06	nan	nan	nan	1	0	1
354	rs1	1:1	2:0.4625	rs2	1:2	2:0.245	0	1000	1	2.30298e-47	7.36421	0.509428	0.160237	1.99009	1.41717	2.30298e-47	7.36421	0.509428	0.160237	1.99009	1.41717	nan	nan	nan	0	0	1
355	rs1	1:1	2:0.464	rs2	1:2	2:0.25175	0	1000	0	0.999653	32.2965	74151.9	0.254297	1.40042	1.22847	0.999653	32.2965	74151.9	0.254297	1.40042	1.22847	nan	nan	nan	1	0	1
356	rs1	1:1	2:0.47	rs2	1:2	2:0.2485	0	1000	0	1.20828e-30	8.22298	0.714571	0.999988	32.338	2.19469e+06	1.20828e-30	8.22298	0.714571	0.999988	32.338	2.19469e+06	nan	nan	nan	1	0	1
357	rs1	1:1	2:0.46025	rs2	1:2	2:0.24575	0	1000	0	0.999654	32.2576	74364.4	0.147137	2.05472	1.41733	0.999654	32.2576	74364.4	0.147137	2.05472	1.41733	nan	nan	nan	1	0	1
358	rs1	1:1	2:0.4635	rs2	1:2	2:0.2455	0	1000	0	0.999653	32.2645	74279.2	0.999986	-28.1413	1.55172e+06	0.999653	32.2645	74279.2	0.999986	-28.1413	1.55172e+06	nan	nan	nan	1	0	1
359	rs1	1:1	2:0.46275	rs2	1:2	2:0.24575	0	1000	0	0.999653	32.2694	74236.6	0.999977	-28.1364	981393	0.999653	32.2694	74236.6	0.999977	-28.1364	981393	nan	nan	nan	1	0	1
360	rs1	1:1	2:0.4655	rs2	1:2	2:0.2465	0	1000	0	1.64091e-39	7.70509	0.585816	0.999986	-28.1677	1.55172e+06	1.64091e-39	7.70509	0.585816	0.999986	-28.1677	1.55172e+06	nan	nan	nan	1	0	1
