Outcome	Var1_ID	Var1_Pos	Var1_MAF	Var2_ID	Var2_Pos	Var2_MAF	Num_Missing	Num_Cases	Converged	Red_Var1_Pval	Red_Var1_beta	Red_Var1_SE	Red_Var2_Pval	Red_Var2_beta	Red_Var2_SE	Full_Var1_Pval	Full_Var1_beta	Full_Var1_SE	Full_Var2_Pval	Full_Var2_beta	Full_Var2_SE	Full_Var1_Var2_Pval	Full_Var1_Var2_beta	Full_Var1_Var2_SE	Red_Model_Pval	Full_Model_Pval	Overall_Pval_(LRT)
1	rs1	1:1	2:0.464	rs2	1:2	2:0.24975	0	1000	1	1.79594e-36	7.19035	0.560422	0.539028	-2.03967	1.83466	0.899635	-3.37676	7.34196	0.991052	-0.23756	1.77185	0.639059	-121.638	128.538	0	0	1.86399e-12
2	rs1	1:1	2:0.46425	rs2	1:2	2:0.24725	0	1000	1	1.22907e-21	7.33439	0.747411	0.000627544	0.307348	0.0800336	0.326657	1.75212	1.17129	0.00849077	0.255023	0.0825774	0.0636394	2.8957	1.23372	0	0	1.69085e-05
3	rs1	1:1	2:0.46425	rs2	1:2	2:0.24325	0	1000	1	2.39279e-23	7.75719	0.760019	0.213153	-3.19436	1.81677	0.0742275	2.28753	1.00303	0.54619	-1.97528	1.79602	0.231498	-61.0841	35.7078	0	0	9.56322e-06
4	rs1	1:1	2:0.46575	rs2	1:2	2:0.248	0	1000	1	2.13042e-31	7.49632	0.630751	0.506717	-2.05701	1.76412	0.166771	1.72836	0.91318	0.932209	-0.579777	1.54733	0.758142	-91.6142	123.111	0	0	1.6322e-08
5	rs1	1:1	2:0.46925	rs2	1:2	2:0.24975	0	1000	1	1.64942e-16	8.78658	1.03064	0.727508	-1.35197	1.69493	0.261423	2.30571	1.40759	0.988309	-0.253086	1.65026	0.438051	-187.492	145.926	0	0	0.000283701
6	rs1	1:1	2:0.463	rs2	1:2	2:0.24375	0	1000	0	1.279e-15	8.43362	1.01835	0.439117	-2.35025	1.8319	0.944463	0.733688	2.17036	0.367903	-2.69908	1.9086	0.999998	-1908.13	1.02198e+06	0	0	1
7	rs1	1:1	2:0.46325	rs2	1:2	2:0.2495	0	1000	1	1.07215e-16	8.91175	1.03918	0.997197	0.0117637	0.157003	0.995087	0.275648	2.77735	0.934338	-0.0602128	0.163375	0.183172	6.14444	3.33491	0	0	0.000214174
8	rs1	1:1	2:0.47125	rs2	1:2	2:0.2485	0	1000	0	0.885546	31.2159	63.3113	0.837173	0.0642129	0.107705	0.980693	12.6113	63.8666	0.700614	0.091671	0.108671	0.893187	300.841	632.937	0	1	1
9	rs1	1:1	2:0.4655	rs2	1:2	2:0.2425	0	1000	1	1.06917e-17	9.0326	1.02173	0.775315	0.959657	1.34515	0.962726	0.668485	2.42528	0.600182	1.28852	1.27517	0.0403749	-70.9351	27.9978	0	0	0.000375389
10	rs1	1:1	2:0.4625	rs2	1:2	2:0.244	0	1000	0	1.43057e-32	7.50967	0.620128	0.766628	-1.15648	1.58629	0.96483	-0.554951	2.07385	0.944906	-0.482307	1.43263	0.999998	-2045.62	1.07804e+06	0	0	1
11	rs1	1:1	2:0.46025	rs2	1:2	2:0.24025	0	1000	1	2.00193e-32	6.80817	0.563492	0.0671147	-4.11088	1.7686	0.833093	0.673614	1.11464	0.538243	-2.08772	1.87567	0.459801	-78.47	62.9491	0	0	9.72957e-11
12	rs1	1:1	2:0.465	rs2	1:2	2:0.244	0	1000	1	2.09995e-15	8.48141	1.03161	0.450979	-2.23741	1.7729	0.337391	2.08019	1.41114	0.534524	-2.06402	1.84408	0.846808	-228.281	395.852	0	0	0.000434268
13	rs1	1:1	2:0.46225	rs2	1:2	2:0.249	0	1000	1	6.40255e-26	7.98246	0.741085	0.811374	-0.980511	1.51648	0.990144	-36.7902	261.391	0.931565	-0.539833	1.43369	0.87732	-3002.48	5868.44	0	0	1.08846e-07
14	rs1	1:1	2:0.465	rs2	1:2	2:0.24825	0	1000	1	2.25929e-25	7.96551	0.747683	0.689863	-1.40442	1.62983	0.969817	-5.39275	21.782	0.975401	-0.309264	1.38565	0.5468	-479.112	436.035	0	0	8.60106e-08
15	rs1	1:1	2:0.461	rs2	1:2	2:0.245	0	1000	1	1.11207e-25	7.97617	0.744051	0.887972	-0.759547	1.55813	0.93154	-2.50277	6.64559	0.998103	-0.0845041	1.3714	0.392374	-106.506	77.8623	0	0	1.56693e-07
16	rs1	1:1	2:0.46625	rs2	1:2	2:0.24025	0	1000	0	1.69799e-24	8.02638	0.767153	0.917002	-0.806209	1.93669	0.936535	-3.30981	9.13989	0.974294	-0.45771	2.00556	0.999518	-4474.29	144067	0	1	1
17	rs1	1:1	2:0.4645	rs2	1:2	2:0.24625	0	1000	1	5.21278e-24	7.67061	0.740778	0.0447152	4.13191	1.65743	0.99997	-0.0172964	2.23031	0.0047476	4.91955	1.50393	0.0125399	77.6836	26.2503	0	0	1.51333e-06
18	rs1	1:1	2:0.46575	rs2	1:2	2:0.24975	0	1000	1	9.93952e-26	8.08915	0.753854	0.99329	0.0117805	0.10152	0.970825	0.427762	1.75781	0.957295	-0.0319889	0.108274	0.0949788	3.91417	1.8039	0	0	5.4939e-07
19	rs1	1:1	2:0.458	rs2	1:2	2:0.24475	0	1000	1	1.04159e-25	7.89327	0.735899	0.80739	-0.933244	1.42668	0.953286	-0.944248	3.05263	0.736263	-0.997393	1.27459	0.0491292	-85.5891	34.8644	0	0	2.67253e-07
20	rs1	1:1	2:0.466	rs2	1:2	2:0.243	0	1000	1	7.68207e-34	6.94175	0.562131	0.183101	-3.34294	1.81418	0.7654	0.783185	1.07103	0.726291	-1.56239	1.95359	0.757968	-95.6216	128.443	0	0	5.94969e-11
21	rs1	1:1	2:0.46925	rs2	1:2	2:0.24575	0	1000	1	2.4755e-24	7.91359	0.758991	0.481673	-2.15543	1.78325	0.505214	1.44068	1.23286	0.949298	-0.476553	1.47726	0.132634	-669.311	332.981	0	0	2.25724e-07
22	rs1	1:1	2:0.45	rs2	1:2	2:0.24325	0	1000	1	2.38863e-29	7.09927	0.618361	0.192865	-3.08484	1.70033	0.906701	-1.15149	2.60171	0.1976	-2.65618	1.47497	0.0433962	-88.2224	35.2193	0	0	1.63996e-09
23	rs1	1:1	2:0.469	rs2	1:2	2:0.241	0	1000	1	3.4892e-33	7.05928	0.577406	0.328548	0.208482	0.139731	0.785391	0.758348	1.09101	0.998559	-0.00888474	0.165466	0.849972	9.49033	16.6445	0	0	3.72187e-11
24	rs1	1:1	2:0.46025	rs2	1:2	2:0.2445	0	1000	1	3.01321e-33	6.82145	0.557407	0.0262062	-4.56754	1.69243	0.913761	-0.997458	2.3486	0.38771	-2.46948	1.79392	0.0379597	-79.624	31.1296	0	0	3.84684e-11
25	rs1	1:1	2:0.454	rs2	1:2	2:0.24375	0	1000	0	1.29082e-31	7.56039	0.633897	0.994184	-0.00969595	0.0897686	0.995449	0.140495	1.47089	0.793073	-0.0674372	0.0990355	0.999999	64.3256	43390.9	0	0	1
26	rs1	1:1	2:0.46225	rs2	1:2	2:0.24675	0	1000	1	3.49034e-24	7.77727	0.748285	0.435171	-2.2282	1.72732	0.927697	-1.89748	4.89765	0.736804	-1.26386	1.61705	0.413651	-103.038	77.5477	0	0	2.56433e-07
27	rs1	1:1	2:0.46525	rs2	1:2	2:0.253	0	1000	1	7.24346e-16	8.58105	1.02767	0.453998	-2.15416	1.71412	0.984313	0.457169	2.57088	0.737371	-1.37047	1.75567	0.115134	-78.8036	37.8999	0	0	0.000392666
28	rs1	1:1	2:0.46575	rs2	1:2	2:0.25025	0	1000	1	5.57346e-26	8.06004	0.747396	0.751246	-1.24838	1.65057	0.99994	0.0238969	2.17285	0.997707	-0.104337	1.53977	0.0290393	-76.5698	28.7803	0	0	7.12962e-07
29	rs1	1:1	2:0.4575	rs2	1:2	2:0.2445	0	1000	1	2.49349e-16	8.67414	1.02329	0.949452	-0.47238	1.46662	0.966137	-1.409	5.36793	0.997749	-0.0911956	1.3583	0.546673	-105.332	95.8428	0	0	0.000110769
30	rs1	1:1	2:0.469	rs2	1:2	2:0.24425	0	1000	1	2.90888e-39	6.54128	0.491026	0.0821697	-4.02275	1.7994	0.839593	-2.81524	4.76083	0.884029	-0.811688	1.63476	0.176067	-95.4254	51.1991	0	0	3.93937e-16
31	rs1	1:1	2:0.455	rs2	1:2	2:0.237	0	1000	1	0.370128	32.4666	23.0276	0.992275	-0.0809024	0.649598	0.61976	24.8371	25.391	0.889512	-0.373958	0.77279	0.724355	101.432	126.303	0	0	0.428925
32	rs1	1:1	2:0.457	rs2	1:2	2:0.2415	0	1000	0	1.63388e-16	8.71447	1.02205	0.999245	-0.0531364	1.36705	0.991721	-125.406	972.54	0.997807	0.0886514	1.33779	0.894134	-25073.3	53000.8	0	1	1
33	rs1	1:1	2:0.472	rs2	1:2	2:0.25425	0	1000	1	1.78737e-24	7.85874	0.751482	0.186287	-3.16951	1.72887	0.955916	-3.17948	10.5882	0.395576	-2.30105	1.68957	0.572972	-106.294	100.716	0	0	2.76059e-07
34	rs1	1:1	2:0.46225	rs2	1:2	2:0.24775	0	1000	1	2.26802e-31	7.48779	0.630312	0.614008	-1.7555	1.77741	0.960951	-4.81514	17.0599	0.997463	-0.12634	1.77255	0.927175	-395.059	1015.89	0	0	3.82084e-10
35	rs1	1:1	2:0.46975	rs2	1:2	2:0.25225	0	1000	1	1.48631e-27	8.19071	0.736895	0.996753	-0.114399	1.4184	0.934802	-1.69993	4.62937	0.966737	0.340013	1.30718	0.762208	-116.111	157.56	0	0	1.21499e-07
36	rs1	1:1	2:0.4625	rs2	1:2	2:0.2475	0	1000	1	2.39771e-24	7.76783	0.744792	0.408989	-2.23046	1.66799	0.92837	-1.91817	4.97512	0.60678	-1.5778	1.57845	0.413602	-101.784	76.5987	0	0	2.54577e-07
37	rs1	1:1	2:0.4575	rs2	1:2	2:0.24325	0	1000	1	8.76209e-35	7.05882	0.563642	0.659909	0.0492469	0.054013	0.858481	-1.5646	2.8322	0.934371	-0.0219099	0.0594633	0.0276971	2.58619	0.965637	0	0	5.04999e-12
38	rs1	1:1	2:0.46675	rs2	1:2	2:0.2465	0	1000	0	3.8518e-17	8.8993	1.02358	0.979293	0.350217	1.71195	0.990516	-0.493766	3.57658	0.985931	0.299801	1.78092	0.999997	-3327.58	1.26598e+06	0	0	1
39	rs1	1:1	2:0.4545	rs2	1:2	2:0.2435	0	1000	1	5.54937e-24	7.72042	0.746024	0.540859	0.607814	0.548227	0.98403	0.326285	1.81839	0.779216	0.402132	0.569307	0.00756485	20.427	6.5357	0	0	2.30518e-06
40	rs1	1:1	2:0.46525	rs2	1:2	2:0.24575	0	1000	1	1.08978e-23	7.76463	0.755069	0.205685	-3.17993	1.78806	0.992724	-0.300211	2.48413	0.625709	-1.78197	1.84018	0.0784994	-76.6897	33.9944	0	0	7.77019e-07
41	rs1	1:1	2:0.459	rs2	1:2	2:0.2425	0	1000	1	9.24459e-36	6.51412	0.512846	0.0209176	-4.74281	1.70539	0.832705	-2.23666	3.69631	0.439187	-2.20387	1.71797	0.207071	-93.8222	52.868	0	0	1.27115e-13
42	rs1	1:1	2:0.458	rs2	1:2	2:0.24075	0	1000	1	1.1736e-29	7.18614	0.62258	0.336882	-2.58518	1.75249	0.946106	0.459201	1.37953	0.153916	-2.72581	1.40897	0.000154243	-61.1901	14.6047	0	0	2.34557e-08
43	rs1	1:1	2:0.46275	rs2	1:2	2:0.24025	0	1000	0	1.00203e-15	8.50031	1.02277	0.644867	-1.70635	1.82164	0.259907	2.26772	1.3814	0.660612	-1.71342	1.88166	0.999998	-2212.49	1.09751e+06	0	0	1
44	rs1	1:1	2:0.4635	rs2	1:2	2:0.24625	0	1000	1	0.104868	32.5852	15.3436	0.497703	0.10874	0.0920501	0.114182	33.6957	16.1746	0.495854	0.116083	0.0980051	0.978444	-3.4101	16.3345	0	0	0.832823
45	rs1	1:1	2:0.47425	rs2	1:2	2:0.2505	0	1000	1	2.88125e-24	7.79165	0.748341	0.198266	-3.18807	1.77216	0.311947	1.77811	1.16492	0.394841	-2.46845	1.81066	0.0326759	-58.7188	22.448	0	0	6.14537e-06
46	rs1	1:1	2:0.469	rs2	1:2	2:0.256	0	1000	1	2.6973e-16	8.75666	1.03415	0.697435	0.125519	0.147855	0.299847	2.20072	1.41791	0.856969	0.0840511	0.151276	0.948784	7.38178	22.7646	0	0	0.000432059
47	rs1	1:1	2:0.46525	rs2	1:2	2:0.25225	0	1000	1	1.59097e-24	7.89434	0.754084	0.537248	0.0677615	0.0607882	0.995257	-0.231128	2.3702	0.822376	0.0400094	0.0639749	0.172814	2.6202	1.39835	0	0	4.85953e-07
48	rs1	1:1	2:0.45775	rs2	1:2	2:0.24175	0	1000	1	1.12044e-39	6.38635	0.47684	0.0731771	-3.99631	1.74751	0.917625	-4.74476	11.4429	0.756885	-1.21743	1.63111	0.644002	-125.294	133.556	0	0	3.10968e-16
49	rs1	1:1	2:0.46025	rs2	1:2	2:0.2475	0	1000	1	4.8742e-27	8.21048	0.745878	0.920958	0.659665	1.62555	0.994286	-20.7535	193.862	0.421277	3.44751	2.62191	0.637439	-2402.17	2531.28	0	0	3.98438e-08
50	rs1	1:1	2:0.46925	rs2	1:2	2:0.24575	0	1000	1	7.44674e-34	7.56293	0.612307	0.419049	2.02495	1.53531	0.905876	-2.0995	4.72181	0.802219	1.11444	1.67865	0.273054	111.886	69.4397	0	0	6.79126e-10
51	rs1	1:1	2:0.45425	rs2	1:2	2:0.241	0	1000	1	7.19014e-24	7.74072	0.749801	0.546272	-1.89177	1.7203	0.922834	-2.75302	6.86943	0.96853	-0.403241	1.59456	0.279383	-566.583	354.784	0	0	6.61065e-08
52	rs1	1:1	2:0.46875	rs2	1:2	2:0.25	0	1000	1	6.79618e-43	6.59491	0.473256	0.144843	-3.44697	1.7535	0.819554	-2.72101	4.31315	0.869686	-0.898422	1.70015	0.660442	-117.064	128.519	0	0	1.99657e-16
53	rs1	1:1	2:0.468	rs2	1:2	2:0.25	0	1000	1	0.732166	32.3843	41.0127	0.987896	0.266554	1.70799	0.696772	36.8411	43.3397	0.982366	0.320354	1.69828	0.912507	141.084	329.694	0	0	0.783832
54	rs1	1:1	2:0.47025	rs2	1:2	2:0.24175	0	1000	1	5.3037e-36	6.6651	0.522935	0.0797832	-4.06791	1.80896	0.887645	0.529766	1.08508	0.763307	-1.5049	2.04755	0.893889	-141.412	298.556	0	0	5.47501e-13
55	rs1	1:1	2:0.46225	rs2	1:2	2:0.24825	0	1000	1	3.67276e-16	8.72721	1.03514	0.937387	0.0336518	0.0935788	0.314357	2.1473	1.41146	0.995221	-0.0097685	0.0997958	0.791279	4.29127	6.27142	0	0	0.00044451
56	rs1	1:1	2:0.4595	rs2	1:2	2:0.24275	0	1000	1	6.25546e-24	7.82228	0.756713	0.50563	-2.10353	1.80118	0.923206	-1.87836	4.69875	0.996884	-0.148884	1.8844	0.392052	-183.793	134.305	0	0	1.15382e-07
57	rs1	1:1	2:0.4655	rs2	1:2	2:0.2435	0	1000	1	1.11839e-44	7.20037	0.506111	0.996824	-0.126156	1.58154	0.930202	-0.660074	1.73519	0.504247	1.44107	1.23147	0.0197405	-85.38	30.4731	0	0	2.08937e-14
58	rs1	1:1	2:0.471	rs2	1:2	2:0.2525	0	1000	0	1.05401e-27	8.164	0.732457	0.998273	0.0876388	1.49077	0.995408	-0.216195	2.25348	0.972479	0.346523	1.46677	0.999998	-2381.8	1.17455e+06	0	0	1
59	rs1	1:1	2:0.46425	rs2	1:2	2:0.25	0	1000	1	4.55966e-35	7.62943	0.606684	0.960919	-0.356023	1.26085	0.896454	-1.70463	3.64576	0.978541	-0.234342	1.12506	0.0745016	-96.8487	42.496	0	0	4.32547e-10
60	rs1	1:1	2:0.46325	rs2	1:2	2:0.24325	0	1000	1	6.82783e-29	7.19997	0.63219	0.122826	-3.65413	1.78431	0.949249	-0.774779	2.40054	0.447217	-2.38962	1.88363	0.299095	-85.9748	55.3355	0	0	2.45631e-09
61	rs1	1:1	2:0.4575	rs2	1:2	2:0.24475	0	1000	1	2.39979e-25	7.94923	0.746551	0.896425	-0.778464	1.66468	0.968791	-4.44926	17.6686	0.999462	-0.0493905	1.50552	0.75274	-129.258	171.497	0	0	1.27165e-07
62	rs1	1:1	2:0.46075	rs2	1:2	2:0.24925	0	1000	0	0.617058	32.358	32.9296	0.944277	-0.0245707	0.0725589	0.780457	23.3708	33.1926	0.993629	-0.0082673	0.0731213	0.992378	161.958	1309.22	0	1	1
63	rs1	1:1	2:0.46	rs2	1:2	2:0.2395	0	1000	0	5.47471e-30	7.38671	0.636325	0.69798	-1.60714	1.89517	0.724144	0.910389	1.1331	0.927495	-0.748914	1.93024	0.999996	-3585.49	1.35669e+06	0	0	1
64	rs1	1:1	2:0.4615	rs2	1:2	2:0.24925	0	1000	1	1.1134e-23	7.67904	0.746897	0.154513	-3.31323	1.71439	0.975227	-4.95737	22.1325	0.343713	-2.59451	1.77527	0.932099	-450.441	1201.15	0	0	2.39686e-07
65	rs1	1:1	2:0.469	rs2	1:2	2:0.245	0	1000	0	2.94557e-23	7.72635	0.758513	0.187154	-3.30304	1.8042	0.963398	-0.866679	3.17361	0.384147	-2.54152	1.83731	0.999997	-2726.11	1.13554e+06	0	0	1
66	rs1	1:1	2:0.46025	rs2	1:2	2:0.24125	0	1000	1	7.6551e-31	7.43581	0.631403	0.557596	-1.81719	1.68126	0.982906	-0.369404	1.98928	0.905427	-0.597242	1.33985	0.017482	-75.1723	26.424	0	0	3.2571e-09
67	rs1	1:1	2:0.46925	rs2	1:2	2:0.2495	0	1000	1	3.89086e-33	7.73838	0.633414	0.923448	-0.731968	1.83404	0.996721	0.135221	1.66834	0.81504	1.00456	1.57071	0.0377047	-80.7525	31.5383	0	0	2.06312e-09
68	rs1	1:1	2:0.46025	rs2	1:2	2:0.25175	0	1000	1	1.17566e-40	7.35427	0.542336	0.884188	-0.72277	1.45674	0.835611	0.672164	1.12154	0.968042	0.30171	1.18377	0.850922	-103.106	181.456	0	0	1.28964e-11
69	rs1	1:1	2:0.466	rs2	1:2	2:0.2445	0	1000	1	2.38697e-16	8.62812	1.01724	0.78402	-1.08769	1.55919	0.987601	0.400593	2.53593	0.846714	-0.879963	1.5254	0.251927	-79.0365	47.5983	0	0	0.000264968
70	rs1	1:1	2:0.46675	rs2	1:2	2:0.24125	0	1000	1	9.47261e-30	7.41396	0.641287	0.434821	-2.42108	1.87594	0.434023	1.35865	1.05157	0.974065	-0.415161	1.81097	0.0101371	-61.7199	20.3671	0	0	3.5302e-08
71	rs1	1:1	2:0.46025	rs2	1:2	2:0.24775	0	1000	0	0.931828	31.4025	83.5655	0.837308	-0.046516	0.0780569	0.999998	0.179451	84.5387	0.962833	-0.0216262	0.0785758	0.80453	197.907	300.069	0	1	1
72	rs1	1:1	2:0.4565	rs2	1:2	2:0.241	0	1000	1	4.09861e-15	8.43196	1.03589	0.605817	0.132039	0.131884	0.980642	-54.1878	274.055	0.667182	0.126341	0.140432	0.791949	311.269	455.725	0	0	7.99692e-05
73	rs1	1:1	2:0.46275	rs2	1:2	2:0.2465	0	1000	1	1.188e-16	8.84195	1.03248	0.995355	-0.00721217	0.0747376	0.938088	0.795575	2.22524	0.963626	-0.0211101	0.0775471	0.158024	2.62063	1.36424	0	0	0.000292094
74	rs1	1:1	2:0.4625	rs2	1:2	2:0.2465	0	1000	1	7.01306e-30	7.36187	0.635354	0.33685	0.132692	0.0899479	0.900553	-2.35686	5.14929	0.902474	0.0438248	0.0967385	0.324524	4.94402	3.29544	0	0	8.62984e-10
75	rs1	1:1	2:0.46325	rs2	1:2	2:0.25075	0	1000	1	1.4148e-35	6.99065	0.55182	0.146666	-3.3653	1.71753	0.878184	-2.81361	5.52007	0.722071	-1.42202	1.76209	0.541653	-114.936	103.792	0	0	5.02224e-12
76	rs1	1:1	2:0.45825	rs2	1:2	2:0.2475	0	1000	0	1.98735e-24	7.87462	0.753732	0.830461	0.0362907	0.059537	0.95345	-19.9916	64.7465	0.911635	0.027149	0.0631148	0.78141	186.401	265.392	0	1	1
77	rs1	1:1	2:0.4655	rs2	1:2	2:0.24775	0	1000	1	8.85059e-25	7.93576	0.754017	0.633216	-1.71034	1.78911	0.937766	-2.69643	7.52176	0.915525	-0.700134	1.66644	0.656652	-112.953	123.153	0	0	1.74796e-07
78	rs1	1:1	2:0.45625	rs2	1:2	2:0.24425	0	1000	1	1.27586e-23	7.54322	0.734634	0.22146	0.212612	0.122445	0.820378	0.920257	1.46242	0.355599	0.181429	0.126166	0.0134527	4.56412	1.5548	0	0	5.66672e-06
79	rs1	1:1	2:0.46525	rs2	1:2	2:0.2515	0	1000	0	0.984359	54.1921	305.195	0.127699	-3.40667	1.67913	0.958414	9.00938	30.9109	0.0729852	-4.00247	1.74932	0.690101	-5065.25	5880.95	0	1	1
80	rs1	1:1	2:0.47275	rs2	1:2	2:0.2485	0	1000	1	3.94102e-26	8.09449	0.748363	0.877627	-0.826545	1.61767	0.505792	1.43365	1.22788	0.997414	-0.102425	1.42342	0.769844	-87.0649	120.375	0	0	8.84174e-07
81	rs1	1:1	2:0.463	rs2	1:2	2:0.24825	0	1000	1	2.7507e-24	7.86415	0.754981	0.540907	0.100614	0.0907569	0.513532	1.4091	1.22052	0.937094	0.0349568	0.0969738	0.616994	4.0814	4.15305	0	0	1.31131e-06
82	rs1	1:1	2:0.457	rs2	1:2	2:0.2445	0	1000	1	5.98692e-31	7.46991	0.633177	0.64597	-1.67761	1.79446	0.896986	-1.79003	3.83886	0.984746	-0.275156	1.56929	0.172038	-95.3424	50.8171	0	0	7.4169e-10
83	rs1	1:1	2:0.464	rs2	1:2	2:0.247	0	1000	1	2.39777e-31	7.48994	0.630741	0.575024	-1.86289	1.77082	0.918141	-1.21195	2.93244	0.892643	-0.772667	1.62125	0.533242	-100.505	89.624	0	0	7.3605e-10
84	rs1	1:1	2:0.459	rs2	1:2	2:0.24725	0	1000	1	1.2696e-15	8.43589	1.01852	0.482689	-2.09818	1.73839	0.253136	2.33435	1.40826	0.556119	-1.88837	1.74316	0.0776254	-60.151	26.6048	0	0	0.00146281
85	rs1	1:1	2:0.465	rs2	1:2	2:0.246	0	1000	1	2.07204e-39	6.80859	0.510118	0.358096	0.180565	0.125992	0.395773	1.12647	0.827342	0.984025	-0.0253388	0.14119	0.131297	5.35482	2.65736	0	0	1.51821e-12
86	rs1	1:1	2:0.4605	rs2	1:2	2:0.245	0	1000	0	9.91022e-32	7.7364	0.647452	0.927592	-0.026911	0.0694085	0.999769	-0.034563	1.60861	0.627311	-0.0770401	0.0797743	0.999999	48.3581	30933.4	0	0	1
87	rs1	1:1	2:0.46125	rs2	1:2	2:0.24375	0	1000	0	4.93062e-31	7.38031	0.624711	0.753857	0.0676419	0.0899811	0.601878	1.09683	1.08848	0.98503	0.0171077	0.0984978	0.999999	41.8666	37874	0	0	1
88	rs1	1:1	2:0.46825	rs2	1:2	2:0.252	0	1000	1	5.95343e-28	8.18775	0.731234	0.968341	-0.287968	1.13527	0.396512	1.61719	1.18895	0.972498	0.244182	1.03393	0.0558983	-69.1919	28.8089	0	0	1.7026e-06
89	rs1	1:1	2:0.47375	rs2	1:2	2:0.253	0	1000	1	0.0431952	32.3531	12.9061	0.771086	-1.05495	1.46308	0.0457164	32.0744	12.9121	0.755616	-1.12593	1.504	0.958794	-29.0754	100.226	0	0	0.80573
90	rs1	1:1	2:0.459	rs2	1:2	2:0.24625	0	1000	1	2.09703e-16	8.70837	1.02486	0.950947	-0.513444	1.61885	0.974893	-1.07016	4.74552	0.989505	-0.227241	1.56435	0.293959	-93.6633	59.856	0	0	0.000133011
91	rs1	1:1	2:0.45925	rs2	1:2	2:0.241	0	1000	1	2.45853e-23	7.66635	0.751315	0.400187	-2.42184	1.78947	0.929175	-2.53531	6.61447	0.67599	-1.55571	1.75795	0.390689	-102.531	74.7844	0	0	2.56725e-07
92	rs1	1:1	2:0.452	rs2	1:2	2:0.24375	0	1000	0	0.163383	32.1329	16.8809	0.8464	-0.835046	1.44592	0.242283	28.523	16.9393	0.808048	-0.97857	1.49883	0.999996	-4345.6	1.57783e+06	0	0	1
93	rs1	1:1	2:0.46525	rs2	1:2	2:0.2415	0	1000	0	2.20653e-31	7.58537	0.638402	0.848466	-1.03175	1.79973	0.195461	1.65506	0.915983	0.999894	-0.0233407	1.60084	0.998687	-4819.05	94021.4	0	1	1
94	rs1	1:1	2:0.4515	rs2	1:2	2:0.24175	0	1000	1	1.25032e-16	8.70493	1.01719	0.964179	0.383689	1.42051	0.995302	0.253311	2.61009	0.973942	-0.313438	1.36399	0.0253902	-74.9576	27.6546	0	0	0.000285518
95	rs1	1:1	2:0.465	rs2	1:2	2:0.24075	0	1000	1	5.45987e-46	6.76929	0.468867	0.872187	-0.858198	1.64099	0.996285	0.0973875	1.12882	0.743422	-1.18213	1.53512	2.75091e-06	-63.7822	12.6043	0	0	2.71134e-15
96	rs1	1:1	2:0.4675	rs2	1:2	2:0.2455	0	1000	1	8.79759e-25	7.94495	0.754848	0.654566	-1.61849	1.75802	0.516198	1.41172	1.22757	0.894717	-0.754184	1.59888	0.893172	-90.7065	190.822	0	0	1.09196e-06
97	rs1	1:1	2:0.458	rs2	1:2	2:0.24275	0	1000	1	8.71649e-17	8.77828	1.02075	0.970173	0.391054	1.58905	0.994722	-0.330321	3.21086	0.585206	2.59846	2.51017	0.65133	-132.99	143.617	0	0	7.88006e-05
98	rs1	1:1	2:0.45625	rs2	1:2	2:0.24725	0	1000	1	2.18912e-27	8.05033	0.726546	0.988526	-0.161934	1.06589	0.988339	-0.364051	2.37691	0.981513	0.184691	0.956037	0.235852	-93.867	55.2245	0	0	3.11146e-07
99	rs1	1:1	2:0.46675	rs2	1:2	2:0.25075	0	1000	1	1.94061e-24	7.94072	0.759893	0.603474	0.0360179	0.0358373	0.991632	-6.36019	49.0615	0.934611	0.013899	0.0377935	0.947896	2.78438	8.51126	0	0	1.5659e-07
100	rs1	1:1	2:0.47275	rs2	1:2	2:0.24625	0	1000	1	1.54443e-15	8.59022	1.04013	0.372733	-2.58411	1.83933	0.0603436	2.91321	1.22937	0.527755	-2.07295	1.8335	0.9073	-75.8137	171.876	0	0	0.000931386
101	rs1	1:1	2:0.461	rs2	1:2	2:0.24825	0	1000	1	7.37939e-33	6.6472	0.546446	0.000947387	-5.85092	1.56801	0.883693	-2.81084	5.6524	0.0435556	-4.12124	1.6462	0.546261	-106.634	96.9673	0	0	2.65523e-11
102	rs1	1:1	2:0.46475	rs2	1:2	2:0.241	0	1000	1	3.60585e-16	8.59652	1.01937	0.827509	-1.11583	1.8133	0.0480335	3.17125	1.28699	0.542439	-1.68544	1.52383	0.0366851	-48.447	18.8426	0	0	0.00235786
103	rs1	1:1	2:0.46175	rs2	1:2	2:0.2435	0	1000	1	7.22923e-16	8.64718	1.03556	0.945577	0.0218855	0.0654191	0.326487	2.09925	1.40301	0.992068	0.00859934	0.0681389	0.752968	2.63095	3.49255	0	0	0.000450804
104	rs1	1:1	2:0.47675	rs2	1:2	2:0.249	0	1000	1	1.8001e-25	8.26588	0.774329	0.999997	-0.000402243	0.168888	0.383055	1.64413	1.18681	0.847092	-0.105637	0.183365	0.0538712	5.11205	2.11496	0	0	1.3273e-06
105	rs1	1:1	2:0.46575	rs2	1:2	2:0.253	0	1000	0	4.46041e-36	7.70329	0.603747	0.97743	-0.265731	1.24361	0.923837	-1.04191	2.61758	0.997177	0.0873483	1.16157	0.999998	-2583.32	1.24389e+06	0	0	1
106	rs1	1:1	2:0.467	rs2	1:2	2:0.24175	0	1000	1	6.85453e-27	8.32002	0.757965	0.893501	0.804823	1.6959	0.95071	-3.34535	10.5216	0.571436	1.66482	1.57367	0.638281	-113.647	119.93	0	0	7.58239e-08
107	rs1	1:1	2:0.467	rs2	1:2	2:0.248	0	1000	1	7.64802e-27	8.05177	0.734195	0.937202	-0.520145	1.44421	0.966238	0.465284	1.77531	0.660101	-1.23222	1.35194	0.00167665	-66.8666	18.703	0	0	8.47117e-07
108	rs1	1:1	2:0.45225	rs2	1:2	2:0.2435	0	1000	1	3.05503e-27	8.03066	0.726746	0.884933	0.530728	1.07336	0.997523	-8.39163	119.162	0.715974	0.82702	1.01171	0.991081	-198.954	1486.29	0	0	8.92136e-08
109	rs1	1:1	2:0.46225	rs2	1:2	2:0.241	0	1000	1	1.31196e-14	8.31973	1.04054	0.0910701	1.32692	0.606141	0.2978	2.20672	1.41776	0.201836	1.11378	0.622564	0.723383	23.1062	28.7121	0	0	0.000732239
110	rs1	1:1	2:0.472	rs2	1:2	2:0.24475	0	1000	0	9.78705e-19	8.90787	0.978142	0.951591	0.406104	1.28912	0.243665	2.70726	1.61103	0.91153	0.550267	1.27844	0.999999	-859.486	784466	0	0	1
111	rs1	1:1	2:0.4645	rs2	1:2	2:0.2465	0	1000	1	1.04239e-35	6.97697	0.549695	0.295415	-2.75001	1.76096	0.969196	0.313687	1.25397	0.69799	-1.44986	1.70974	0.0445135	-75.9725	30.4526	0	0	5.20161e-11
112	rs1	1:1	2:0.4605	rs2	1:2	2:0.248	0	1000	1	1.28028e-32	7.5821	0.625635	0.729625	-1.28907	1.6235	0.90295	-2.26461	5.01176	0.972858	-0.321089	1.36869	0.28017	-100.366	62.9166	0	0	5.16855e-10
113	rs1	1:1	2:0.459	rs2	1:2	2:0.2495	0	1000	1	0.963964	38.6053	142.491	0.288092	-0.0813161	0.0515428	0.956858	44.1525	148.669	0.300339	-0.0803664	0.051815	0.987926	-3.75903	24.1167	0	0	0.922267
114	rs1	1:1	2:0.46275	rs2	1:2	2:0.2465	0	1000	1	4.61457e-17	8.81051	1.0158	0.93753	-0.497963	1.38637	0.0644506	2.92057	1.24718	0.974395	0.303856	1.33408	0.576086	-100.409	95.6063	0	0	0.000566952
115	rs1	1:1	2:0.456	rs2	1:2	2:0.24525	0	1000	1	8.43732e-24	7.7678	0.753556	0.753173	0.0420851	0.0558943	0.931672	-3.00532	7.98799	0.975521	0.0130293	0.0585231	0.778987	3.62158	5.12414	0	0	1.58184e-07
116	rs1	1:1	2:0.46625	rs2	1:2	2:0.24725	0	1000	1	2.09061e-15	8.43937	1.02643	0.232461	-3.03738	1.77808	0.943145	0.768979	2.24746	0.25836	-3.1166	1.89432	0.563438	-105.747	98.7212	0	0	0.000268222
117	rs1	1:1	2:0.45875	rs2	1:2	2:0.24925	0	1000	1	1.56407e-35	7.14572	0.564414	0.691029	0.00234731	0.00273027	0.883983	-3.15882	6.36058	0.961945	-0.000840765	0.00301825	0.458289	0.165548	0.132523	0	0	1.56599e-12
118	rs1	1:1	2:0.468	rs2	1:2	2:0.2445	0	1000	0	7.08134e-25	8.01283	0.759811	0.854073	-1.06552	1.89703	0.934257	-1.5095	4.09309	0.969514	-0.474607	1.9073	0.999996	-4014.27	1.44945e+06	0	0	1
119	rs1	1:1	2:0.462	rs2	1:2	2:0.24525	0	1000	1	2.36879e-30	7.39112	0.632783	0.374272	-2.44251	1.74218	0.696568	0.982527	1.15537	0.753195	-1.13735	1.51062	0.779505	-88.2781	125.07	0	0	6.14502e-09
120	rs1	1:1	2:0.4615	rs2	1:2	2:0.246	0	1000	1	1.69132e-25	8.00384	0.749371	0.78431	-1.15115	1.65142	0.482736	1.45961	1.2094	0.998142	-0.0934448	1.5321	0.377859	-77.0576	55.2321	0	0	1.20435e-06
121	rs1	1:1	2:0.462	rs2	1:2	2:0.25025	0	1000	1	9.71924e-17	8.76932	1.02121	0.923054	-0.65448	1.6355	0.99922	-0.121991	3.08705	0.990309	0.209525	1.50138	0.395048	-134.222	98.4829	0	0	9.48518e-05
122	rs1	1:1	2:0.4595	rs2	1:2	2:0.248	0	1000	1	3.50259e-16	8.67887	1.02872	0.856887	-0.933971	1.68045	0.963483	-1.87538	6.87547	0.96548	-0.421613	1.59059	0.774047	-116.314	162.515	0	0	0.000103305
123	rs1	1:1	2:0.466	rs2	1:2	2:0.2445	0	1000	0	1.77998e-18	9.47254	1.04773	0.234253	-1.46906	0.862256	0.673695	1.59345	1.79282	0.191999	-1.70786	0.940069	0.999999	417.895	289380	0	0	1
124	rs1	1:1	2:0.46475	rs2	1:2	2:0.2475	0	1000	1	7.12985e-16	8.60262	1.03002	0.755194	0.0710582	0.0948235	0.998794	-0.155558	3.16644	0.851158	0.0551937	0.0972186	0.399872	4.3183	3.18937	0	0	0.000184528
125	rs1	1:1	2:0.464	rs2	1:2	2:0.24575	0	1000	1	3.33901e-25	8.1327	0.766017	0.994301	-0.0157847	0.14764	0.97237	-0.638139	2.69572	0.681382	-0.139421	0.159168	0.124231	6.38875	3.12812	0	0	2.20454e-07
126	rs1	1:1	2:0.4615	rs2	1:2	2:0.24825	0	1000	1	9.66006e-16	8.47651	1.01937	0.392947	-2.25078	1.64674	0.985382	0.425946	2.48202	0.443356	-2.163	1.69588	0.673268	-98.9859	111.282	0	0	0.000238292
127	rs1	1:1	2:0.4645	rs2	1:2	2:0.2485	0	1000	1	7.48314e-32	7.78211	0.65	0.988277	-0.0238999	0.155626	0.895945	-2.11372	4.509	0.601898	-0.175103	0.173776	0.318489	7.7603	5.13002	0	0	1.96095e-10
128	rs1	1:1	2:0.46725	rs2	1:2	2:0.248	0	1000	1	4.99065e-15	8.29667	1.02232	0.0545587	0.320335	0.132818	0.263412	2.29262	1.40357	0.0906704	0.295588	0.134902	0.481755	5.07248	4.1971	0	0	0.000880884
129	rs1	1:1	2:0.45975	rs2	1:2	2:0.2415	0	1000	1	0.00354063	32.4846	9.66919	0.291689	2.4384	1.55336	0.0231534	28.1474	10.2566	0.20072	3.22778	1.8011	0.295339	-317.67	203.398	0	0	0.13342
130	rs1	1:1	2:0.45	rs2	1:2	2:0.239	0	1000	0	6.27773e-17	8.56008	0.990987	0.97934	-0.285189	1.39569	0.708418	1.46	1.75834	0.981802	-0.27387	1.42898	0.999999	-1399.57	986118	0	0	1
131	rs1	1:1	2:0.4645	rs2	1:2	2:0.238	0	1000	0	1.54039e-30	7.52628	0.642332	0.909609	-0.847465	1.94688	0.960365	-0.584383	2.05479	0.999908	0.0261544	1.92781	0.999998	-1982.53	1.04006e+06	0	0	1
132	rs1	1:1	2:0.4645	rs2	1:2	2:0.25075	0	1000	0	7.07483e-41	6.90819	0.508039	0.392179	-2.40146	1.75515	0.877012	-3.64508	7.11488	0.883903	-0.789105	1.58836	0.999927	-4967.35	411488	0	1	1
133	rs1	1:1	2:0.46775	rs2	1:2	2:0.24325	0	1000	0	7.89699e-24	7.81355	0.757523	0.466647	-2.22134	1.79916	0.99944	-52.7232	1575.41	0.794622	-1.16325	1.71553	0.966472	-9733.6	37270.3	0	1	1
134	rs1	1:1	2:0.46625	rs2	1:2	2:0.2465	0	1000	0	0.990821	19.383	142.725	0.395718	-0.0838857	0.0616057	0.990109	-67.9562	481.966	0.370522	-0.0917872	0.0651368	0.856815	161.121	289.818	0	1	1
135	rs1	1:1	2:0.455	rs2	1:2	2:0.242	0	1000	1	7.58813e-32	7.42524	0.620253	0.796734	-1.07842	1.59969	0.780188	0.816196	1.1584	0.996194	0.130214	1.49105	0.934252	-978.042	2651.91	0	0	3.18192e-09
136	rs1	1:1	2:0.46075	rs2	1:2	2:0.24375	0	1000	1	6.60632e-24	7.7552	0.750608	0.414283	-2.26537	1.70642	0.934273	-2.52514	6.84792	0.641637	-1.48974	1.58137	0.365656	-99.6108	70.2229	0	0	2.52534e-07
137	rs1	1:1	2:0.46425	rs2	1:2	2:0.24475	0	1000	1	1.36008e-25	7.97184	0.744954	0.771946	-1.13848	1.58232	0.459579	1.48629	1.19193	0.987085	-0.215176	1.33449	0.6071	-138.764	138.894	0	0	9.97164e-07
138	rs1	1:1	2:0.4785	rs2	1:2	2:0.2455	0	1000	1	0.398741	32.3698	23.8706	0.986826	0.251187	1.54238	0.424628	31.4716	24.0453	0.933796	0.691654	1.86869	0.934249	-112.36	304.651	0	0	0.694692
139	rs1	1:1	2:0.46475	rs2	1:2	2:0.2455	0	1000	1	2.77731e-34	7.87812	0.633741	0.942922	0.583526	1.702	0.934214	-3.71044	10.0577	0.502166	1.84	1.56764	0.955699	-201.854	670.525	0	0	1.44228e-10
140	rs1	1:1	2:0.4655	rs2	1:2	2:0.2425	0	1000	1	1.65897e-29	7.37763	0.640836	0.417735	-2.46871	1.8684	0.912797	-2.95696	6.92205	0.927282	-0.71644	1.84374	0.445143	-105.454	82.8853	0	0	6.82299e-10
141	rs1	1:1	2:0.46975	rs2	1:2	2:0.2485	0	1000	1	7.11769e-30	7.34151	0.633667	0.108335	-3.69535	1.75274	0.946903	-0.900235	2.72526	0.585087	-1.89553	1.83077	0.0515415	-79.1363	32.4954	0	0	3.15323e-09
142	rs1	1:1	2:0.46775	rs2	1:2	2:0.2505	0	1000	1	1.92855e-17	8.75844	0.998284	0.994502	-0.133542	1.27175	0.849251	1.15317	2.01721	0.999508	-0.0397039	1.26515	0.0586916	-72.0852	30.2705	0	0	0.000560689
143	rs1	1:1	2:0.45075	rs2	1:2	2:0.241	0	1000	1	1.43645e-15	8.45136	1.02223	0.62472	-1.6234	1.67361	0.31732	2.13348	1.4081	0.806315	-1.02938	1.56877	0.491038	-76.2737	63.952	0	0	0.000695756
144	rs1	1:1	2:0.46625	rs2	1:2	2:0.2435	0	1000	1	8.73193e-28	6.99399	0.626538	0.00615121	1.73561	0.543916	0.975489	-0.491035	2.2041	0.0541808	1.3829	0.572696	0.0627458	23.6426	10.0472	0	0	9.6803e-09
145	rs1	1:1	2:0.4625	rs2	1:2	2:0.2435	0	1000	1	7.61767e-17	8.76827	1.01773	0.977259	-0.273709	1.27606	0.999999	-0.00420727	3.03148	0.921562	-0.489584	1.21127	0.048549	-73.801	30.0035	0	0	0.000235855
146	rs1	1:1	2:0.465	rs2	1:2	2:0.24625	0	1000	1	6.41442e-24	7.81807	0.756484	0.389127	0.136391	0.0992706	0.996155	0.176122	2.00651	0.683968	0.0914838	0.104961	0.124062	3.8964	1.90717	0	0	8.28796e-07
147	rs1	1:1	2:0.4605	rs2	1:2	2:0.2475	0	1000	1	5.23597e-34	7.60187	0.614044	0.921753	-0.566131	1.40243	0.90056	-2.80173	6.1215	0.982636	0.219926	1.17501	0.800494	-129.518	194.145	0	0	3.16636e-10
148	rs1	1:1	2:0.4715	rs2	1:2	2:0.24825	0	1000	1	3.20412e-34	7.00397	0.563944	0.0850067	-3.91242	1.76206	0.881975	-1.81608	3.6236	0.377188	-2.30278	1.64905	0.117873	-87.2481	42.1912	0	0	9.1827e-12
149	rs1	1:1	2:0.4735	rs2	1:2	2:0.255	0	1000	1	1.57867e-32	7.68508	0.635039	0.446637	-2.16495	1.70515	0.551182	1.24958	1.14482	0.816615	-0.890819	1.39949	0.273314	-72.8798	45.248	0	0	6.41049e-09
150	rs1	1:1	2:0.468	rs2	1:2	2:0.24575	0	1000	1	3.36305e-24	7.97998	0.767524	0.801496	0.0467508	0.0702762	0.936014	-2.46923	6.78988	0.999072	-0.00323175	0.074994	0.39422	3.55655	2.6066	0	0	1.66734e-07
151	rs1	1:1	2:0.45575	rs2	1:2	2:0.242	0	1000	1	7.39568e-16	8.56615	1.02619	0.842764	-0.916426	1.56674	0.964374	-2.92113	10.8449	0.952941	-0.462905	1.49087	0.939517	-207.419	587.19	0	0	9.36699e-05
152	rs1	1:1	2:0.47475	rs2	1:2	2:0.24425	0	1000	1	1.24096e-29	7.45866	0.64646	0.421768	0.805845	0.613276	0.927628	-3.4465	8.89144	0.997546	0.0491194	0.700672	0.686991	179.45	207.091	0	0	4.25918e-10
153	rs1	1:1	2:0.476	rs2	1:2	2:0.2445	0	1000	0	5.08583e-28	8.2508	0.73594	0.938723	0.514248	1.44603	0.381735	1.6141	1.16304	0.825198	0.863922	1.39367	0.999998	-2278.02	1.09172e+06	0	0	1
154	rs1	1:1	2:0.46925	rs2	1:2	2:0.24375	0	1000	0	2.86211e-24	8.06862	0.774895	0.881958	0.338868	0.676085	0.942335	-1.37067	3.97691	0.998441	-0.0409414	0.732921	0.999996	1225.84	458005	0	0	1
155	rs1	1:1	2:0.46575	rs2	1:2	2:0.248	0	1000	1	8.68475e-33	7.75629	0.638324	0.973244	-0.427689	1.83638	0.903856	-2.71485	6.0379	0.71032	1.31744	1.59286	0.503706	-287.538	245.523	0	0	1.5492e-10
156	rs1	1:1	2:0.45325	rs2	1:2	2:0.2405	0	1000	1	1.32075e-16	8.65688	1.01234	0.939595	0.477155	1.35169	0.983788	-0.653499	3.61448	0.889777	0.641692	1.32776	0.28118	-96.1519	60.3605	0	0	0.000134916
157	rs1	1:1	2:0.457	rs2	1:2	2:0.243	0	1000	1	4.48826e-28	7.0074	0.624413	0.0443613	-4.21776	1.68971	0.889861	-2.96711	6.14189	0.107416	-3.85928	1.82699	0.370012	-414.484	293.935	0	0	4.85825e-10
158	rs1	1:1	2:0.47625	rs2	1:2	2:0.2465	0	1000	1	1.82807e-17	8.989	1.02385	0.962035	-0.414028	1.48811	0.196582	2.54738	1.4123	0.998461	0.0732295	1.3196	0.269351	-63.2696	39.0621	0	0	0.000710068
159	rs1	1:1	2:0.465	rs2	1:2	2:0.24975	0	1000	1	0.990785	34.4973	253.526	0.922252	-0.541036	1.34474	0.991345	11.0749	83.9961	0.947035	-0.436784	1.32397	0.854614	-3342.88	5963.62	0	0	0.60295
160	rs1	1:1	2:0.47075	rs2	1:2	2:0.24825	0	1000	1	3.25674e-16	8.55007	1.01242	0.143471	-3.32267	1.68613	0.81703	10.1159	15.9122	0.940361	0.600797	1.71319	0.979676	-25.4268	125.472	0	0	0.000465349
161	rs1	1:1	2:0.462	rs2	1:2	2:0.246	0	1000	1	2.00269e-37	6.60898	0.50838	0.0476435	-4.20007	1.70223	0.838657	-2.91186	4.90858	0.658842	-1.44823	1.58531	0.376308	-254.098	181.745	0	0	2.90965e-14
162	rs1	1:1	2:0.4555	rs2	1:2	2:0.24725	0	1000	1	3.79854e-25	7.90198	0.745138	0.885533	-0.869905	1.76421	0.554873	1.31462	1.21122	0.998928	0.0762168	1.64549	0.518083	-87.7432	76.5087	0	0	1.12354e-06
163	rs1	1:1	2:0.4555	rs2	1:2	2:0.23925	0	1000	1	7.26966e-16	8.74134	1.04692	0.983485	-0.0176031	0.0964561	0.964782	-1.46356	5.46553	0.905623	-0.0445525	0.100057	0.345675	4.23656	2.90659	0	0	0.000103613
164	rs1	1:1	2:0.457	rs2	1:2	2:0.24925	0	1000	1	5.1677e-23	7.56856	0.747081	0.0471831	-4.11971	1.667	0.965896	-4.40003	16.7025	0.234148	-2.95962	1.73687	0.796494	-396.704	588.068	0	0	2.86339e-07
165	rs1	1:1	2:0.47175	rs2	1:2	2:0.246	0	1000	1	0.981788	17.672	92.1726	0.350825	0.21106	0.145821	0.885816	162.903	330.812	0.329748	0.218885	0.146944	0.905635	-70.8987	159.238	0	0	0.661395
166	rs1	1:1	2:0.468	rs2	1:2	2:0.24325	0	1000	1	8.11475e-27	8.0043	0.730226	0.989709	-0.212089	1.47454	0.668632	1.25022	1.39341	0.631249	-1.35767	1.41538	0.000231206	-56.4026	13.7836	0	0	5.7221e-06
167	rs1	1:1	2:0.45825	rs2	1:2	2:0.245	0	1000	0	3.62335e-24	7.82754	0.753383	0.722949	0.147944	0.183667	0.923888	-1.58267	3.97751	0.848744	0.111214	0.194189	0.999996	371.582	131151	0	0	1
168	rs1	1:1	2:0.4585	rs2	1:2	2:0.242	0	1000	1	6.16443e-32	7.48836	0.62462	0.771136	-1.2189	1.69067	0.442745	1.3158	1.03077	0.9848	-0.255959	1.46244	0.0539144	-67.0705	27.7523	0	0	1.47473e-08
169	rs1	1:1	2:0.4645	rs2	1:2	2:0.2525	0	1000	1	5.93177e-17	8.82458	1.02083	0.99709	-0.105446	1.38113	0.969002	-4.1839	16.672	0.907605	0.541297	1.22929	0.255662	-618.967	374.767	0	0	2.6147e-05
170	rs1	1:1	2:0.468	rs2	1:2	2:0.24775	0	1000	0	5.69894e-18	9.35702	1.05001	0.339971	-0.28167	0.191751	0.941588	0.766133	2.20819	0.303264	-0.316286	0.204747	0.999998	154.034	81918.7	0	0	1
171	rs1	1:1	2:0.471	rs2	1:2	2:0.24325	0	1000	1	2.90102e-23	7.76559	0.762253	0.268764	-2.96799	1.83089	0.501724	1.44397	1.22946	0.714686	-1.50351	1.83434	0.763164	-419.598	570.702	0	0	1.31277e-06
172	rs1	1:1	2:0.46525	rs2	1:2	2:0.245	0	1000	1	0.828641	32.3039	52.6864	0.999998	-0.000322505	0.163509	0.903929	24.4446	54.3873	0.991645	0.0217537	0.167931	0.900753	50.484	110.415	0	0	0.61854
173	rs1	1:1	2:0.45725	rs2	1:2	2:0.24425	0	1000	1	8.40483e-16	8.58218	1.03001	0.7179	-1.36697	1.679	0.98202	-4.21562	22.13	0.80772	-1.03589	1.5851	0.86193	-129.244	237.09	0	0	0.000100599
174	rs1	1:1	2:0.46325	rs2	1:2	2:0.24775	0	1000	1	5.81594e-46	6.72384	0.46586	0.964074	0.0167418	0.0618899	0.755667	-2.58853	3.45812	0.304854	-0.124481	0.0807593	0.815776	10.0852	15.8038	0	0	3.30667e-20
175	rs1	1:1	2:0.4655	rs2	1:2	2:0.24775	0	1000	1	0.946412	32.2324	97.1158	0.999672	0.000876035	0.0342	0.821457	66.1432	105.462	0.99976	-0.000753103	0.0343504	0.890636	-5.47269	11.3709	0	0	0.647949
176	rs1	1:1	2:0.47375	rs2	1:2	2:0.25075	0	1000	1	1.88642e-15	8.50763	1.03316	0.140983	-3.48732	1.76176	0.973616	-1.45452	6.28977	0.226591	-3.14269	1.82382	0.917986	-112.087	270.94	0	0	0.000156479
177	rs1	1:1	2:0.46125	rs2	1:2	2:0.24175	0	1000	1	9.21244e-16	8.583	1.03147	0.819219	-1.13373	1.79527	0.996471	-0.271865	3.23307	0.999428	-0.0681274	2.01399	0.216436	-86.2274	49.2855	0	0	0.000190809
178	rs1	1:1	2:0.46775	rs2	1:2	2:0.246	0	1000	1	4.79914e-26	7.95746	0.736936	0.793283	-1.09458	1.60837	0.501303	1.54689	1.31628	0.308831	-2.15601	1.40645	0.000153255	-51.9331	12.3908	0	0	8.4743e-06
179	rs1	1:1	2:0.46125	rs2	1:2	2:0.247	0	1000	1	3.70567e-26	8.01766	0.740869	0.604799	-1.71553	1.71065	0.113354	2.33166	1.11737	0.909846	-0.635789	1.46261	0.00710959	-53.8216	17.112	0	0	2.87603e-05
180	rs1	1:1	2:0.46325	rs2	1:2	2:0.245	0	1000	0	3.48155e-39	6.78679	0.509973	0.315135	-2.68503	1.76681	0.973251	0.265648	1.14078	0.840808	-0.906806	1.53987	0.999999	-980.008	838914	0	0	1
181	rs1	1:1	2:0.46575	rs2	1:2	2:0.24725	0	1000	1	4.32424e-34	6.94477	0.560267	0.0914255	0.192621	0.0880615	0.911137	-3.68433	8.53996	0.749168	0.0770283	0.101354	0.906281	9.20243	20.7432	0	0	5.31107e-12
182	rs1	1:1	2:0.469	rs2	1:2	2:0.25	0	1000	1	2.6861e-40	6.96407	0.515884	0.393864	-2.44672	1.79233	0.996626	-9.27916	112.871	0.966853	-0.398547	1.53494	0.973869	-981.7	4265.95	0	0	1.04975e-14
183	rs1	1:1	2:0.45525	rs2	1:2	2:0.2405	0	1000	0	5.93796e-21	7.19438	0.745438	0.000988133	-5.91052	1.58879	0.926952	-164.421	422.136	0.0303662	-4.55752	1.72395	0.476216	-7455.58	6120.67	0	1	1
184	rs1	1:1	2:0.4615	rs2	1:2	2:0.24675	0	1000	1	5.86443e-17	8.82009	1.02016	0.988897	-0.215138	1.43969	0.999888	0.0440253	2.9455	0.990571	0.181225	1.31656	0.337712	-88.4867	60.0531	0	0	0.000179366
185	rs1	1:1	2:0.46375	rs2	1:2	2:0.2445	0	1000	1	1.00828e-24	8.10853	0.77134	1	5.81677e-05	0.0682983	0.944126	-1.18446	3.49292	0.765524	-0.0538498	0.073664	0.147324	2.94723	1.50592	0	0	1.73565e-07
186	rs1	1:1	2:0.46225	rs2	1:2	2:0.24225	0	1000	1	9.18317e-25	8.22394	0.781658	0.952196	-0.052207	0.166795	0.987841	-0.38217	2.44324	0.676661	-0.162337	0.183673	0.1008	6.05045	2.82434	0	0	2.00224e-07
187	rs1	1:1	2:0.4605	rs2	1:2	2:0.24875	0	1000	1	7.71735e-25	7.83926	0.743928	0.553299	-1.79287	1.64788	0.96422	-4.34153	16.0828	0.755176	-1.18119	1.57617	0.941651	-372.556	1074.4	0	0	1.56022e-07
188	rs1	1:1	2:0.4545	rs2	1:2	2:0.24025	0	1000	1	2.88579e-36	6.46004	0.504958	0.0497546	-4.2307	1.72699	0.882198	0.508579	1.01578	0.154375	-3.15342	1.63131	0.112027	-79.4187	37.9563	0	0	6.91449e-13
189	rs1	1:1	2:0.477	rs2	1:2	2:0.2495	0	1000	1	1.92291e-16	8.78862	1.03306	0.705257	-1.35826	1.6253	0.996365	-13.1487	154.07	0.870541	-0.806936	1.53243	0.935412	-902.944	2470.94	0	0	8.98953e-05
190	rs1	1:1	2:0.47175	rs2	1:2	2:0.24475	0	1000	0	2.77792e-36	7.14813	0.558613	0.623384	-1.76716	1.81768	0.987155	0.211042	1.31244	0.966618	-0.439158	1.68529	0.999999	-1330.55	917136	0	0	1
191	rs1	1:1	2:0.46875	rs2	1:2	2:0.243	0	1000	1	2.91538e-33	6.96607	0.569098	0.17449	0.253221	0.135512	0.950371	-4.73728	14.8471	0.875095	0.0775453	0.150115	0.716755	9.00709	11.0366	0	0	4.11667e-12
192	rs1	1:1	2:0.4725	rs2	1:2	2:0.25225	0	1000	1	4.65421e-31	7.53301	0.637373	0.289992	-2.80737	1.78419	0.926685	-3.29843	8.45244	0.854262	-0.900475	1.60433	0.474235	-360.953	295.495	0	0	3.98579e-10
193	rs1	1:1	2:0.46125	rs2	1:2	2:0.248	0	1000	1	1.94107e-15	8.45492	1.02719	0.372809	-2.42469	1.72604	0.963375	-1.78126	6.52058	0.449251	-2.2598	1.78633	0.851541	-229.937	405.58	0	0	0.000115404
194	rs1	1:1	2:0.44425	rs2	1:2	2:0.23675	0	1000	1	5.05365e-15	8.29412	1.0222	0.607129	-1.70576	1.70744	0.999499	-0.088135	2.78443	0.802299	-1.07757	1.62349	0.274524	-90.3583	56.1955	0	0	0.000260648
195	rs1	1:1	2:0.47125	rs2	1:2	2:0.2565	0	1000	1	1.33239e-26	8.4102	0.770443	0.810478	-0.0146478	0.022595	0.93722	-1.5053	4.18018	0.403758	-0.0330321	0.0245263	0.375313	1.09927	0.785196	0	0	8.06675e-08
196	rs1	1:1	2:0.47	rs2	1:2	2:0.246	0	1000	1	5.12233e-41	6.7131	0.492832	0.317407	-2.79126	1.84245	0.966879	-0.386385	1.4887	0.445162	-1.75968	1.38312	5.55789e-05	-65.612	14.822	0	0	1.27518e-15
197	rs1	1:1	2:0.463	rs2	1:2	2:0.2445	0	1000	1	0.590694	31.3449	30.5472	0.760657	-1.36056	1.83937	0.52745	36.7321	32.4745	0.713728	-1.54036	1.87555	0.840997	146.773	249.402	0	0	0.698104
198	rs1	1:1	2:0.465	rs2	1:2	2:0.24975	0	1000	1	7.60018e-15	8.2875	1.02777	0.0673406	-3.86101	1.66213	0.973273	-3.09194	13.2833	0.128147	-3.38238	1.66858	0.683842	-108.734	124.722	0	0	0.000160982
199	rs1	1:1	2:0.459	rs2	1:2	2:0.2445	0	1000	0	1.70723e-39	6.91806	0.517758	0.620158	-1.82368	1.86561	0.960441	-39.2941	138.301	0.998583	0.0937755	1.761	0.715937	-5631.52	6888.6	0	1	1
200	rs1	1:1	2:0.4565	rs2	1:2	2:0.245	0	1000	0	3.05464e-26	7.94065	0.732547	0.937678	-0.528536	1.4733	0.992737	-0.265356	2.19762	0.990213	-0.198025	1.41194	0.999998	-2243.77	1.1518e+06	0	0	1
201	rs1	1:1	2:0.467	rs2	1:2	2:0.2455	0	1000	1	3.60967e-30	7.41176	0.636519	0.275129	-2.91416	1.81391	0.993041	0.194808	1.64833	0.826806	-1.07181	1.73785	0.0151754	-70.6188	24.4005	0	0	9.52474e-09
202	rs1	1:1	2:0.469	rs2	1:2	2:0.25125	0	1000	1	2.40816e-24	7.81161	0.74902	0.223509	-3.0684	1.77254	0.421402	1.58329	1.20433	0.472288	-2.22835	1.81924	0.200846	-68.2634	38.0984	0	0	2.57778e-06
203	rs1	1:1	2:0.47375	rs2	1:2	2:0.25175	0	1000	0	0.835195	32.3486	53.9008	0.891027	0.68734	1.43084	0.938557	19.2866	54.1574	0.953557	0.466197	1.51165	0.952476	-4866.72	15595.6	0	1	1
204	rs1	1:1	2:0.47025	rs2	1:2	2:0.24725	0	1000	0	1.64187e-32	7.58368	0.626828	0.642498	-1.5026	1.59744	0.901923	-1.61116	3.54591	0.841764	-0.848105	1.44493	0.999996	-3246.19	1.22239e+06	0	0	1
205	rs1	1:1	2:0.46125	rs2	1:2	2:0.2425	0	1000	1	0.272184	33.2533	20.6127	0.607445	-1.73747	1.74009	0.270266	33.7095	20.839	0.628852	-1.85195	1.92274	0.989927	42.8316	301.002	0	0	0.890594
206	rs1	1:1	2:0.46375	rs2	1:2	2:0.24075	0	1000	1	1.43761e-28	7.32767	0.647128	0.343983	0.135171	0.092524	0.90138	-1.58052	3.46837	0.959251	0.0295693	0.10251	0.677387	4.94447	5.60202	0	0	9.90037e-10
207	rs1	1:1	2:0.4655	rs2	1:2	2:0.24275	0	1000	1	3.07223e-16	8.91632	1.05492	0.985962	-0.117287	0.697502	0.99761	-7.33528	106.043	0.88145	-0.386344	0.769045	0.99785	167.592	2554.42	0	0	7.05667e-05
208	rs1	1:1	2:0.45925	rs2	1:2	2:0.2465	0	1000	1	9.22883e-17	8.77848	1.02156	0.927215	-0.600188	1.54382	0.986708	0.423397	2.58815	0.995738	-0.129752	1.40392	0.127218	-77.8708	38.3469	0	0	0.000284238
209	rs1	1:1	2:0.4495	rs2	1:2	2:0.23675	0	1000	1	0.254969	32.7692	19.8211	0.664302	-1.67177	1.84838	0.135571	40.0943	20.0559	0.60701	-1.87561	1.87709	0.448288	185.633	146.544	0	0	0.385069
210	rs1	1:1	2:0.469	rs2	1:2	2:0.2475	0	1000	1	1.16791e-16	8.77676	1.02463	0.926441	-0.559978	1.4325	0.994493	-15.5392	147.861	0.997205	0.10357	1.38417	0.804413	-1631.37	2472.67	0	0	6.49117e-05
211	rs1	1:1	2:0.4645	rs2	1:2	2:0.248	0	1000	0	8.99438e-33	7.53299	0.620094	0.851318	-0.956942	1.68655	0.919736	-1.04827	2.56258	0.979209	-0.330927	1.61436	0.999998	-2794.59	1.27448e+06	0	0	1
212	rs1	1:1	2:0.46475	rs2	1:2	2:0.2505	0	1000	0	7.45424e-17	8.70226	1.00977	0.848165	-0.753026	1.31212	0.997719	-0.209633	3.1017	0.820072	-0.874825	1.38891	0.999997	-2966.47	1.30225e+06	0	0	1
213	rs1	1:1	2:0.46675	rs2	1:2	2:0.24675	0	1000	1	1.00271e-28	7.07593	0.623147	0.0284184	-4.49224	1.68337	0.991906	-0.243302	1.90841	0.0156234	-4.08689	1.41705	0.00615544	-68.54	21.4809	0	0	6.4634e-09
214	rs1	1:1	2:0.472	rs2	1:2	2:0.25375	0	1000	1	6.17545e-16	8.55279	1.02195	0.250981	0.31389	0.188777	0.970344	0.615941	2.51021	0.317283	0.291792	0.192573	0.250572	7.92551	4.76368	0	0	0.000342228
215	rs1	1:1	2:0.471	rs2	1:2	2:0.25325	0	1000	1	1.37416e-36	7.21933	0.561768	0.268163	-2.85313	1.75854	0.950687	-0.68304	2.14775	0.842286	-0.893253	1.5246	0.0133284	-78.2494	26.6276	0	0	1.69309e-11
216	rs1	1:1	2:0.46775	rs2	1:2	2:0.252	0	1000	1	6.89194e-25	7.92043	0.750866	0.498984	-2.13685	1.81222	0.936783	-1.93088	5.34282	0.783744	-1.27691	1.82912	0.338322	-99.286	67.4383	0	0	2.372e-07
217	rs1	1:1	2:0.4615	rs2	1:2	2:0.2455	0	1000	1	8.03173e-30	7.35006	0.634976	0.402331	0.119207	0.0883388	0.845095	-31.5221	54.3314	0.952894	-0.0338662	0.109018	0.185812	66.1443	36.0523	0	0	1.10951e-10
218	rs1	1:1	2:0.46675	rs2	1:2	2:0.24875	0	1000	1	1.00494e-40	6.95507	0.51246	0.418588	-2.2846	1.73109	0.836285	-2.45543	4.10626	0.895159	0.776706	1.65029	0.486183	-240.056	199.884	0	0	6.78229e-15
219	rs1	1:1	2:0.4695	rs2	1:2	2:0.25525	0	1000	1	4.59974e-36	7.17799	0.562683	0.117117	0.056923	0.0274854	0.987951	-0.274449	1.76258	0.999807	0.0006537	0.0332416	0.0418102	2.72669	1.08212	0	0	2.6771e-12
220	rs1	1:1	2:0.47225	rs2	1:2	2:0.249	0	1000	1	0.977705	32.3861	152.509	0.998713	-0.0650927	1.28244	0.895714	71.9016	153.201	0.997904	-0.0838542	1.2944	0.936115	344.653	948.507	0	0	0.732777
221	rs1	1:1	2:0.4645	rs2	1:2	2:0.246	0	1000	0	4.93704e-39	7.29774	0.549451	0.947942	-0.534451	1.63445	0.840038	-2.25264	3.81522	0.988768	0.226117	1.50441	0.999997	-3749.73	1.44792e+06	0	0	1
222	rs1	1:1	2:0.45925	rs2	1:2	2:0.24475	0	1000	1	0.980798	33.7666	171.473	0.971455	-0.0231898	0.0963557	0.981849	-36.2147	189.203	0.826529	-0.0672373	0.108924	0.568643	151.491	142.574	0	0	0.305285
223	rs1	1:1	2:0.46275	rs2	1:2	2:0.24475	0	1000	1	3.088e-23	7.68527	0.754823	0.181721	-3.25538	1.76274	0.944362	-3.57109	10.5539	0.70763	-1.54681	1.85989	0.474605	-361.568	296.154	0	0	1.46808e-07
224	rs1	1:1	2:0.45425	rs2	1:2	2:0.24275	0	1000	1	0.995068	22.9612	230.906	0.67761	-1.20591	1.36685	0.997218	18.7358	250.987	0.698158	-1.18985	1.40359	0.998889	-210.442	4463.48	0	0	0.962613
225	rs1	1:1	2:0.46175	rs2	1:2	2:0.24475	0	1000	0	0.991986	34.6616	273.241	0.666133	-1.53607	1.70409	0.988548	-44.6184	293.971	0.786886	-1.17226	1.69317	0.591912	-5244.05	5120.61	0	1	1
226	rs1	1:1	2:0.47475	rs2	1:2	2:0.2485	0	1000	0	4.69956e-31	7.81359	0.66116	0.988514	0.0127364	0.0837884	0.542914	1.21624	1.10041	0.803794	-0.064158	0.0970727	0.999998	87.8423	43233	0	0	1
227	rs1	1:1	2:0.46	rs2	1:2	2:0.2445	0	1000	1	5.04705e-30	7.2933	0.627899	0.367422	-2.52341	1.78321	0.895092	-1.79839	3.81981	0.599037	-1.59644	1.57695	0.0882776	-91.1363	41.3635	0	0	1.18552e-09
228	rs1	1:1	2:0.46275	rs2	1:2	2:0.24825	0	1000	1	1.6752e-33	7.58292	0.617215	0.90745	-0.676257	1.53444	0.894428	-2.17093	4.59576	0.978386	-0.270464	1.29377	0.145692	-100.901	51.4071	0	0	4.2804e-10
229	rs1	1:1	2:0.468	rs2	1:2	2:0.24425	0	1000	1	2.29189e-16	8.92465	1.0516	0.990529	-0.0223821	0.162236	0.336688	2.08794	1.41504	0.693855	-0.160423	0.187635	0.368969	29.8142	21.1131	0	0	0.000140975
230	rs1	1:1	2:0.469	rs2	1:2	2:0.246	0	1000	1	3.88819e-17	9.22543	1.06122	0.684486	-0.0804321	0.0923729	0.991967	0.339342	2.67182	0.538502	-0.109396	0.0983227	0.150697	2.89667	1.48891	0	0	0.000146181
231	rs1	1:1	2:0.4645	rs2	1:2	2:0.2495	0	1000	1	2.20274e-32	7.88146	0.652752	0.864178	-0.0407486	0.0754148	1	-0.000402765	1.68817	0.428223	-0.111293	0.085453	0.0239169	2.76397	1.01153	0	0	7.86574e-10
232	rs1	1:1	2:0.473	rs2	1:2	2:0.25125	0	1000	1	0.134784	32.433	16.2	0.999946	-0.0149399	1.43107	0.076466	37.8866	16.7081	0.989896	-0.215604	1.51282	0.437328	159.682	124.156	0	0	0.410705
233	rs1	1:1	2:0.469	rs2	1:2	2:0.24275	0	1000	1	2.32968e-16	8.93085	1.05257	0.998483	-0.0385167	0.698981	0.978144	-0.899429	4.27829	0.587061	-0.899812	0.871817	0.147032	99.8677	51.002	0	0	2.29122e-05
234	rs1	1:1	2:0.457	rs2	1:2	2:0.2415	0	1000	1	5.44155e-31	7.65071	0.648058	0.979198	0.128066	0.624572	0.985114	0.26623	1.53721	0.646359	-0.65545	0.701587	0.00327887	21.7859	6.44098	0	0	4.97552e-09
235	rs1	1:1	2:0.46	rs2	1:2	2:0.2475	0	1000	1	6.8512e-34	6.70397	0.542468	0.00924397	-4.97253	1.62467	0.992144	0.17041	1.35684	0.0872357	-3.76981	1.70681	0.0354118	-72.2605	27.9555	0	0	1.63607e-10
236	rs1	1:1	2:0.4595	rs2	1:2	2:0.2395	0	1000	1	2.7797e-22	7.53803	0.756573	0.0919173	-3.84704	1.76075	0.999985	0.0113946	2.08985	0.348092	-2.55058	1.75565	0.0936249	-72.6186	33.3657	0	0	1.54184e-06
237	rs1	1:1	2:0.45975	rs2	1:2	2:0.24325	0	1000	1	0.814942	32.3146	50.5114	0.9972	-0.118022	1.5759	0.667978	45.6833	50.8534	0.994114	-0.173892	1.60037	0.83775	204.434	343.564	0	0	0.628388
238	rs1	1:1	2:0.45875	rs2	1:2	2:0.24625	0	1000	0	1.60825e-16	8.71263	1.02161	0.979723	-0.316808	1.56515	0.970684	-1.15088	4.71776	0.99173	-0.201307	1.562	0.999995	-4929.39	1.55335e+06	0	0	1
239	rs1	1:1	2:0.47025	rs2	1:2	2:0.24775	0	1000	1	3.15986e-30	7.77845	0.667355	0.95374	0.0133302	0.0433106	0.999368	-10.2678	288.846	0.74061	-0.03884	0.0501187	0.997017	3.802	49.186	0	0	1.76855e-10
240	rs1	1:1	2:0.45525	rs2	1:2	2:0.24275	0	1000	0	2.99498e-31	7.62441	0.64308	0.938802	-0.0310714	0.087429	0.810951	0.749966	1.15847	0.665667	-0.0870861	0.0965282	0.8008	229.365	344.108	0	1	1
241	rs1	1:1	2:0.4625	rs2	1:2	2:0.2425	0	1000	1	1.16549e-22	7.59566	0.755768	0.0790275	-3.94509	1.75106	0.990828	-0.338608	2.49431	0.34778	-2.59243	1.7837	0.0926949	-74.2603	34.0483	0	0	9.9083e-07
242	rs1	1:1	2:0.46625	rs2	1:2	2:0.25075	0	1000	1	5.68919e-32	7.96927	0.664364	0.95023	-0.0370175	0.115848	0.953799	-4.27389	13.8953	0.41892	-0.176659	0.133919	0.715125	6.62692	8.09247	0	0	9.98588e-11
243	rs1	1:1	2:0.4555	rs2	1:2	2:0.2405	0	1000	0	4.75625e-34	6.90372	0.557301	0.442203	0.102247	0.0800373	0.927034	-0.698577	1.79459	0.884335	0.0437534	0.0882445	0.999998	87.0976	48460.3	0	0	1
244	rs1	1:1	2:0.46	rs2	1:2	2:0.24925	0	1000	1	1.97461e-15	8.48661	1.0313	0.658101	0.0105051	0.0114839	0.989341	-5.74442	39.2376	0.911111	0.00546966	0.0126763	0.906527	3.07737	6.94631	0	0	9.42498e-05
245	rs1	1:1	2:0.45825	rs2	1:2	2:0.24475	0	1000	0	8.54775e-25	7.67953	0.729442	0.145995	3.04441	1.55191	0.51937	1.37616	1.20223	0.197772	2.76161	1.53392	0.999997	3980.96	1.53373e+06	0	0	1
246	rs1	1:1	2:0.46675	rs2	1:2	2:0.24475	0	1000	1	2.02619e-29	7.32963	0.63763	0.22558	-3.11888	1.80728	0.909334	-2.55152	5.85226	0.712784	-1.47261	1.78955	0.309126	-97.4611	63.6035	0	0	1.0737e-09
247	rs1	1:1	2:0.463	rs2	1:2	2:0.24775	0	1000	0	5.96149e-16	8.6774	1.03632	0.610741	-1.75668	1.76896	0.761469	-109.616	148.482	0.998311	-0.0935409	1.60881	0.036364	-5256.1	2041.55	0	1	1
248	rs1	1:1	2:0.4685	rs2	1:2	2:0.24875	0	1000	1	1.95138e-17	8.95745	1.02112	0.947925	0.419658	1.28318	0.997484	-7.09976	100.028	0.866364	0.654524	1.22197	0.983992	-168.047	935.399	0	0	7.35347e-05
249	rs1	1:1	2:0.46175	rs2	1:2	2:0.24325	0	1000	1	2.59944e-33	7.61777	0.621864	0.789471	-1.03634	1.5072	0.999949	-0.0174827	1.73259	0.88649	0.673889	1.3728	0.102409	-81.8313	38.3312	0	0	1.59084e-09
250	rs1	1:1	2:0.459	rs2	1:2	2:0.24575	0	1000	1	1.29749e-16	8.76341	1.02454	0.97111	0.394987	1.63123	0.961788	-1.92649	6.90141	0.907909	0.698084	1.58811	0.474679	-108.893	89.2019	0	0	9.45702e-05
251	rs1	1:1	2:0.47	rs2	1:2	2:0.24775	0	1000	0	1.31412e-24	8.07265	0.769775	0.886351	0.0372269	0.0757867	0.961746	-4.3774	15.6727	0.986468	0.0135189	0.0818977	0.991056	182.22	1359.36	0	1	1
252	rs1	1:1	2:0.4615	rs2	1:2	2:0.24175	0	1000	0	5.31933e-18	8.9538	1.00389	0.457155	1.54233	1.23269	0.993835	0.282771	2.54271	0.428854	1.61821	1.24357	0.999998	-2576.02	1.23176e+06	0	0	1
253	rs1	1:1	2:0.46625	rs2	1:2	2:0.2505	0	1000	1	1.14517e-16	8.64125	1.00854	0.191443	2.72339	1.49774	0.180954	2.61675	1.41518	0.356975	2.14411	1.49381	0.236752	75.3973	44.4168	0	0	0.001193
254	rs1	1:1	2:0.4665	rs2	1:2	2:0.24575	0	1000	1	5.63969e-23	7.619	0.752701	0.123144	0.0959138	0.0468637	0.949356	-1.12375	3.48557	0.312759	0.0765409	0.0502013	0.830457	2.9077	4.7702	0	0	4.09523e-07
255	rs1	1:1	2:0.4525	rs2	1:2	2:0.24125	0	1000	1	3.22466e-25	7.78051	0.732618	0.455403	1.87691	1.49644	0.969527	-0.671748	2.70012	0.758187	1.16613	1.56722	0.0540919	95.9994	39.7448	0	0	5.72179e-07
256	rs1	1:1	2:0.46825	rs2	1:2	2:0.24975	0	1000	1	2.26775e-33	7.56127	0.616691	0.892609	-0.789605	1.65651	0.936876	-0.855876	2.37005	0.99843	-0.08827	1.57469	0.647304	-136.444	146.294	0	0	4.66414e-10
257	rs1	1:1	2:0.465	rs2	1:2	2:0.245	0	1000	1	1.37362e-29	7.28846	0.632191	0.232605	-3.06158	1.79263	0.918425	-1.30096	3.15353	0.490664	-1.96515	1.6468	0.0376538	-80.912	31.5941	0	0	2.25163e-09
258	rs1	1:1	2:0.4595	rs2	1:2	2:0.24575	0	1000	1	4.81712e-32	7.20102	0.599625	0.00113046	-4.63776	1.25897	0.940267	-1.29638	3.69367	0.682471	-1.61431	1.8468	0.394346	-95.5523	70.0425	0	0	4.71321e-08
259	rs1	1:1	2:0.45775	rs2	1:2	2:0.24325	0	1000	0	1.82273e-37	6.54428	0.503122	0.0634402	-4.03368	1.71758	0.443194	1.06262	0.83295	0.395759	-2.42803	1.78325	0.999996	-3730.89	1.3991e+06	0	0	1
260	rs1	1:1	2:0.4695	rs2	1:2	2:0.24525	0	1000	1	3.77019e-24	7.95365	0.765802	0.559441	-2.05537	1.90702	0.947513	-1.3261	4.03839	0.923405	-0.750648	1.88029	0.185424	-86.2489	46.9812	0	0	2.98999e-07
261	rs1	1:1	2:0.4615	rs2	1:2	2:0.24625	0	1000	1	0.186557	33.0163	18.0171	0.824726	-1.09695	1.76696	0.406511	26.0059	19.3821	0.99982	0.0414799	2.18463	0.479901	-446.471	368.45	0	0	0.219725
262	rs1	1:1	2:0.4595	rs2	1:2	2:0.24775	0	1000	1	1.25486e-14	8.29296	1.03647	0.0637337	0.0424179	0.0180771	0.307092	2.16905	1.41157	0.270383	0.0310523	0.0191994	0.317193	3.5397	2.33579	0	0	0.000287216
263	rs1	1:1	2:0.466	rs2	1:2	2:0.246	0	1000	1	7.68642e-35	7.00556	0.558923	0.225424	-3.04879	1.76625	0.862688	-1.84375	3.39229	0.887843	-0.867687	1.77888	0.197803	-97.2783	54.0354	0	0	6.14077e-12
264	rs1	1:1	2:0.45875	rs2	1:2	2:0.2465	0	1000	1	3.82602e-27	8.12123	0.7363	0.997716	0.0908041	1.34279	0.951246	-3.53575	11.183	0.902989	0.552139	1.22219	0.696216	-124.129	145.863	0	0	1.02601e-07
265	rs1	1:1	2:0.471	rs2	1:2	2:0.24725	0	1000	1	1.03381e-33	7.01417	0.569104	0.12119	0.143223	0.0697134	0.969141	-5.4271	21.6753	0.771133	0.055739	0.0773117	0.889446	5.1252	10.588	0	0	4.67549e-12
266	rs1	1:1	2:0.46125	rs2	1:2	2:0.246	0	1000	1	1.05929e-16	8.75591	1.02084	0.968501	-0.342079	1.35206	0.991054	-0.492511	3.67379	0.999601	-0.0353675	1.25128	0.184988	-87.0423	47.3803	0	0	0.000171183
267	rs1	1:1	2:0.45775	rs2	1:2	2:0.245	0	1000	1	4.55094e-34	6.91111	0.557737	0.114931	-3.62249	1.74149	0.86192	-1.99141	3.65298	0.66317	-1.5745	1.73721	0.190646	-96.0005	52.7294	0	0	8.5732e-12
268	rs1	1:1	2:0.47075	rs2	1:2	2:0.25125	0	1000	1	0.400046	33.6636	24.8688	0.561112	-0.137112	0.127543	0.195533	45.6289	25.2558	0.661118	-0.116744	0.128325	0.481122	-10.8739	8.98923	0	0	0.355216
269	rs1	1:1	2:0.46075	rs2	1:2	2:0.24575	0	1000	1	2.57665e-16	8.69741	1.0265	0.872158	-0.887055	1.69597	0.306207	2.16674	1.40834	0.99322	-0.185023	1.58616	0.719838	-129.711	159.971	0	0	0.000407218
270	rs1	1:1	2:0.46375	rs2	1:2	2:0.24525	0	1000	0	5.55875e-17	8.82102	1.01953	0.970764	0.348198	1.42934	0.957371	-2.29548	7.77672	0.987208	0.239967	1.49542	0.999801	-5036.48	252428	0	1	1
271	rs1	1:1	2:0.46425	rs2	1:2	2:0.24575	0	1000	1	1.55087e-38	6.86013	0.519888	0.290516	-2.8789	1.83099	0.905749	0.48881	1.09856	0.964616	-0.442668	1.64915	0.863654	-96.7387	178.667	0	0	2.2475e-13
272	rs1	1:1	2:0.4695	rs2	1:2	2:0.252	0	1000	1	3.37825e-15	8.39269	1.02807	0.0461489	-4.13849	1.66856	0.953241	-2.91121	9.40692	0.423112	-2.45013	1.86808	0.144498	-306.947	156.051	0	0	3.02482e-05
273	rs1	1:1	2:0.4585	rs2	1:2	2:0.24025	0	1000	0	1.25907e-35	6.38189	0.503401	0.00832264	1.61497	0.521838	0.954178	-0.465031	1.51829	0.149367	1.11514	0.571852	0.999999	445.646	293050	0	0	1
274	rs1	1:1	2:0.46475	rs2	1:2	2:0.24725	0	1000	1	5.73223e-31	7.45986	0.632128	0.493935	-2.1079	1.77473	0.902565	-2.2038	4.86704	0.861644	-0.880843	1.61405	0.247659	-97.5916	58.4118	0	0	7.35061e-10
275	rs1	1:1	2:0.47525	rs2	1:2	2:0.2495	0	1000	1	2.1436e-33	6.84703	0.558229	0.00694101	-5.21518	1.6541	0.979234	-5.90586	28.8279	0.187474	-3.28512	1.79532	0.995307	-280.751	2894.56	0	0	1.42539e-11
276	rs1	1:1	2:0.46875	rs2	1:2	2:0.24925	0	1000	1	2.61301e-42	6.71649	0.485358	0.254837	0.304659	0.184244	0.816321	-2.53699	3.9821	0.920886	-0.0915595	0.225514	0.830054	16.4026	26.874	0	0	9.99556e-17
277	rs1	1:1	2:0.46825	rs2	1:2	2:0.24925	0	1000	1	1.44589e-35	7.17707	0.566612	0.248559	0.946188	0.567062	0.928812	-0.871564	2.26784	0.995642	0.0611583	0.654358	0.410654	30.741	23.0413	0	0	6.73663e-12
278	rs1	1:1	2:0.45475	rs2	1:2	2:0.23925	0	1000	1	6.19979e-32	6.67417	0.556729	0.0392162	-4.38788	1.72408	0.882753	-1.20864	2.42009	0.146975	-3.08735	1.57654	0.0208539	-78.8491	28.341	0	0	2.7211e-11
279	rs1	1:1	2:0.47475	rs2	1:2	2:0.25075	0	1000	1	1.3197e-36	7.37994	0.574125	0.406123	-2.49367	1.85754	0.99877	0.0771831	1.55553	0.921699	0.60395	1.49558	0.0460861	-113.952	45.9331	0	0	3.04919e-12
280	rs1	1:1	2:0.4535	rs2	1:2	2:0.23825	0	1000	1	3.74517e-15	8.24613	1.01169	0.377345	-2.46499	1.76558	0.871851	1.03667	1.97946	0.42839	-2.32871	1.78844	0.235519	-73.5925	43.2753	0	0	0.000620646
281	rs1	1:1	2:0.46075	rs2	1:2	2:0.247	0	1000	1	4.45661e-27	8.17163	0.741801	0.995118	-0.142458	1.43996	0.969444	-0.739094	2.9667	0.932188	0.470871	1.25647	0.0976056	-86.2524	39.9829	0	0	2.57342e-07
282	rs1	1:1	2:0.46	rs2	1:2	2:0.24825	0	1000	1	1.96631e-39	7.16198	0.536438	0.716306	-1.1593	1.41918	0.983	-0.300169	1.62096	0.548065	-1.38188	1.26005	0.000253582	-73.8674	18.1521	0	0	1.31775e-11
283	rs1	1:1	2:0.461	rs2	1:2	2:0.2395	0	1000	1	7.62457e-25	8.38276	0.795418	0.704145	-0.640776	0.765032	0.525204	1.36891	1.20622	0.35438	-1.24535	0.864582	0.322104	24.3633	16.1856	0	0	3.86213e-07
284	rs1	1:1	2:0.45575	rs2	1:2	2:0.23725	0	1000	1	2.26857e-15	8.48123	1.03277	0.73504	-1.49038	1.89944	0.288217	2.22542	1.41085	0.842702	-1.10881	1.89523	0.0802739	-57.7725	25.7221	0	0	0.00115863
285	rs1	1:1	2:0.4565	rs2	1:2	2:0.23925	0	1000	1	2.04272e-34	7.66107	0.61506	0.929222	0.529771	1.38262	0.901616	-3.00611	6.60511	0.57448	1.30492	1.23937	0.489798	-116.815	97.7702	0	0	2.18383e-10
286	rs1	1:1	2:0.46175	rs2	1:2	2:0.2465	0	1000	1	1.31141e-24	7.79229	0.743027	0.508361	-1.9602	1.68512	0.976076	-0.577921	2.62609	0.688984	-1.39758	1.61912	0.159675	-86.3767	45.093	0	0	4.30061e-07
287	rs1	1:1	2:0.46375	rs2	1:2	2:0.24425	0	1000	1	1.22155e-23	7.67056	0.746728	0.260099	-2.94478	1.79434	0.089114	2.18577	0.993976	0.493963	-2.18156	1.83682	0.119488	-60.9663	29.5763	0	0	8.77194e-06
288	rs1	1:1	2:0.46525	rs2	1:2	2:0.2455	0	1000	1	1.25898e-33	7.60873	0.618146	0.880225	-0.734879	1.45483	0.904313	-1.41457	3.15396	0.953097	0.386811	1.24793	0.421391	-103.179	78.4819	0	0	4.6079e-10
289	rs1	1:1	2:0.46375	rs2	1:2	2:0.24575	0	1000	1	1.45854e-17	9.44495	1.07265	0.182592	-0.151618	0.0822141	0.394097	1.9347	1.41771	0.100058	-0.204848	0.0954691	0.818539	42.6702	67.4281	0	0	0.000123573
290	rs1	1:1	2:0.46225	rs2	1:2	2:0.2445	0	1000	1	3.03959e-16	8.66661	1.02523	0.73167	-1.21987	1.54322	0.997908	-0.212693	3.28652	0.870851	-0.733769	1.39527	0.225383	-82.5618	47.8275	0	0	0.000191032
291	rs1	1:1	2:0.46825	rs2	1:2	2:0.24925	0	1000	1	3.23872e-39	6.91104	0.519097	0.281905	0.104334	0.0655636	0.910869	-0.848108	1.96275	0.987407	-0.0119583	0.0751139	0.0379542	3.00056	1.17306	0	0	7.47678e-14
292	rs1	1:1	2:0.46725	rs2	1:2	2:0.2485	0	1000	1	3.96244e-34	6.86131	0.55322	0.0493508	-4.1792	1.70366	0.984439	0.239783	1.35391	0.282283	-2.75295	1.73087	0.0275376	-69.5643	25.9532	0	0	1.12352e-10
293	rs1	1:1	2:0.4515	rs2	1:2	2:0.24175	0	1000	1	5.5557e-25	7.95062	0.752272	0.958108	-0.522316	1.78534	0.937563	-1.2822	3.57073	0.959463	0.467575	1.6253	0.12784	-92.5616	45.6354	0	0	2.28702e-07
294	rs1	1:1	2:0.467	rs2	1:2	2:0.247	0	1000	1	9.64023e-32	7.56205	0.632739	0.680707	-1.53257	1.74738	0.903636	-2.0508	4.55556	0.96722	-0.390558	1.5127	0.20866	-95.4614	53.9227	0	0	6.02225e-10
295	rs1	1:1	2:0.4685	rs2	1:2	2:0.251	0	1000	1	7.8153e-33	7.61986	0.626648	0.725108	-1.3578	1.69346	0.164798	1.73843	0.91546	0.992097	-0.179205	1.42257	0.358046	-76.263	53.21	0	0	1.41261e-08
296	rs1	1:1	2:0.458	rs2	1:2	2:0.24575	0	1000	1	8.00793e-18	9.28153	1.04603	0.206081	-0.0861485	0.0484702	0.988865	0.364375	2.43482	0.155069	-0.0990235	0.0512877	0.156354	1.63645	0.84946	0	0	0.00012247
297	rs1	1:1	2:0.46375	rs2	1:2	2:0.24975	0	1000	1	1.0469e-36	7.2279	0.561511	0.688552	0.495007	0.572989	0.998981	0.0659749	1.46121	0.993255	-0.0738912	0.635122	0.000519445	20.9572	5.38862	0	0	4.4667e-11
298	rs1	1:1	2:0.456	rs2	1:2	2:0.24475	0	1000	1	7.51901e-25	7.80124	0.740146	0.650895	-1.4784	1.5953	0.550325	1.32133	1.20898	0.830568	-0.894609	1.46817	0.664714	-86.9183	96.1732	0	0	1.27654e-06
299	rs1	1:1	2:0.46175	rs2	1:2	2:0.2505	0	1000	1	5.52296e-27	8.02064	0.729385	0.963438	-0.316428	1.15934	0.972202	-7.22685	30.4352	0.966193	0.263194	1.00354	0.326079	-838.074	559.808	0	0	4.08275e-08
300	rs1	1:1	2:0.45775	rs2	1:2	2:0.246	0	1000	0	2.08204e-35	7.00738	0.554477	0.387788	0.180691	0.131274	0.626819	0.948877	0.981729	0.872635	0.075393	0.144433	0.999999	100.72	69158.6	0	0	1
301	rs1	1:1	2:0.45975	rs2	1:2	2:0.24525	0	1000	1	1.59337e-23	7.74565	0.755944	0.316388	0.134416	0.0886009	0.962367	-0.8511	3.07275	0.732306	0.0733563	0.0929296	0.147761	4.10144	2.0973	0	0	5.14111e-07
302	rs1	1:1	2:0.4675	rs2	1:2	2:0.246	0	1000	0	1.91285e-36	7.11447	0.554721	0.484526	-2.11341	1.7556	0.981849	0.246534	1.28802	0.834558	-0.962129	1.59976	0.999999	-1168.7	874140	0	0	1
303	rs1	1:1	2:0.466	rs2	1:2	2:0.2455	0	1000	1	1.24128e-37	6.64493	0.509704	0.0354607	-4.41726	1.70926	0.857441	0.585559	1.05578	0.647553	-1.70708	1.83112	0.319517	-80.5203	53.3037	0	0	1.19209e-12
304	rs1	1:1	2:0.46525	rs2	1:2	2:0.24575	0	1000	0	7.82077e-26	8.36522	0.777963	0.729028	-0.550401	0.692295	0.946817	-1.07551	3.25317	0.496192	-0.902013	0.761908	0.999996	1069.87	402808	0	0	1
305	rs1	1:1	2:0.469	rs2	1:2	2:0.2485	0	1000	1	5.61095e-35	6.98485	0.556158	0.158232	-3.36259	1.75112	0.919461	-0.925336	2.25802	0.554045	-1.86845	1.71931	0.030911	-80.9605	30.7028	0	0	1.6681e-11
306	rs1	1:1	2:0.47	rs2	1:2	2:0.24675	0	1000	1	2.65008e-36	7.17944	0.560899	0.538947	-1.95486	1.75816	0.903997	-1.10331	2.4557	0.462318	-1.63478	1.31606	0.0102641	-79.9205	26.4091	0	0	5.24321e-12
307	rs1	1:1	2:0.4765	rs2	1:2	2:0.2515	0	1000	1	0.974399	34.0689	149.591	0.360548	-0.191443	0.134028	0.658328	153.023	167.35	0.325065	-0.201576	0.13446	0.713103	-46.6661	56.7474	0	0	0.402534
308	rs1	1:1	2:0.47575	rs2	1:2	2:0.2445	0	1000	1	4.60574e-36	7.31901	0.573741	0.740919	-1.43021	1.84682	0.988734	0.214002	1.42164	0.532812	-1.65211	1.4723	0.000149181	-61.9348	14.7545	0	0	1.69446e-11
309	rs1	1:1	2:0.456	rs2	1:2	2:0.24375	0	1000	1	0.92203	33.7303	83.712	0.662457	-1.44861	1.59623	0.969406	22.1903	89.0157	0.784199	-1.17252	1.68159	0.907223	-686.087	1554.74	0	0	0.642856
310	rs1	1:1	2:0.4615	rs2	1:2	2:0.24675	0	1000	1	1.02672e-16	9.06124	1.05599	0.779069	-0.0956384	0.135346	0.9872	-4.74057	29.5329	0.592147	-0.144969	0.141611	0.889723	7.99493	16.5385	0	0	5.94358e-05
311	rs1	1:1	2:0.4665	rs2	1:2	2:0.24775	0	1000	1	9.03808e-30	7.28029	0.629503	0.0552297	-4.11986	1.71179	0.322118	1.54505	1.02646	0.459661	-2.12034	1.70061	0.102197	-66.9247	31.3345	0	0	5.17683e-08
312	rs1	1:1	2:0.47025	rs2	1:2	2:0.251	0	1000	1	2.32857e-25	8.1172	0.762123	0.932823	0.0373798	0.100232	0.944266	-1.23471	3.64578	0.874515	-0.0594823	0.114864	0.64474	8.80541	9.39827	0	0	1.22972e-07
313	rs1	1:1	2:0.4635	rs2	1:2	2:0.2415	0	1000	1	7.46406e-29	7.26596	0.638422	0.330703	0.134415	0.0903549	0.936933	-0.89551	2.48097	0.811565	0.0632787	0.0979234	0.168833	4.05285	2.1487	0	0	1.70457e-09
314	rs1	1:1	2:0.46725	rs2	1:2	2:0.24525	0	1000	1	1.53254e-29	7.26875	0.631002	0.158101	-3.42396	1.78268	0.173507	1.71246	0.914945	0.562513	-1.98592	1.85133	0.334623	-69.9634	47.2822	0	0	3.53943e-08
315	rs1	1:1	2:0.463	rs2	1:2	2:0.24325	0	1000	1	3.07994e-35	6.398	0.507505	0.00261252	0.281485	0.0816161	0.958939	-5.36967	18.543	0.162724	0.168661	0.0885071	0.779656	6.17358	8.75	0	0	1.70926e-13
316	rs1	1:1	2:0.463	rs2	1:2	2:0.25	0	1000	1	0.995363	21.4411	222.385	0.499403	0.160543	0.136235	0.853373	140.144	248.865	0.468593	0.16899	0.137248	0.881945	-61.9196	123.53	0	0	0.623465
317	rs1	1:1	2:0.4585	rs2	1:2	2:0.24925	0	1000	1	1.56984e-16	8.72758	1.02302	0.940628	-0.517882	1.48017	0.963457	-1.74388	6.39105	0.99666	-0.113906	1.39242	0.891348	-133.499	278.34	0	0	9.5937e-05
318	rs1	1:1	2:0.46175	rs2	1:2	2:0.2455	0	1000	1	6.62558e-43	7.18256	0.515359	0.974309	-0.41615	1.824	0.98005	-0.296759	1.47819	0.473895	1.84084	1.50629	0.106158	-90.3853	42.6761	0	0	2.64257e-14
319	rs1	1:1	2:0.45775	rs2	1:2	2:0.2465	0	1000	1	3.95547e-29	7.16118	0.626154	0.0807358	0.185942	0.0828814	0.950833	-4.50946	14.2011	0.525076	0.103947	0.0915763	0.842033	17.1097	29.1773	0	0	1.00219e-09
320	rs1	1:1	2:0.4715	rs2	1:2	2:0.2525	0	1000	1	9.02748e-16	8.56029	1.02844	0.384579	-2.46523	1.78321	0.98177	-0.847364	4.41739	0.46547	-2.37633	1.92151	0.799875	-132.334	198.022	0	0	0.000137274
321	rs1	1:1	2:0.4665	rs2	1:2	2:0.2495	0	1000	1	1.17194e-30	7.52252	0.640736	0.567107	0.0747037	0.0701385	0.964782	-4.77101	17.817	0.996993	0.00592052	0.0762824	0.791524	4.73235	6.92061	0	0	4.36609e-10
322	rs1	1:1	2:0.4605	rs2	1:2	2:0.24975	0	1000	1	0.405526	32.9222	24.5038	0.857757	0.861263	1.55474	0.332847	38.539	25.9821	0.911504	0.689743	1.60225	0.72941	171.866	216.352	0	0	0.60711
323	rs1	1:1	2:0.4555	rs2	1:2	2:0.245	0	1000	0	1.47027e-24	7.92365	0.756339	0.916534	0.238367	0.570928	0.956041	-4.18649	13.962	0.998922	0.027984	0.602649	0.984191	1464.2	8201.64	0	1	1
324	rs1	1:1	2:0.468	rs2	1:2	2:0.243	0	1000	1	5.2777e-34	7.01924	0.567011	0.276176	0.908727	0.56647	0.869255	-2.37591	4.48815	0.967573	0.160808	0.626282	0.163222	29.5974	15.5447	0	0	4.9379e-12
325	rs1	1:1	2:0.45825	rs2	1:2	2:0.2405	0	1000	1	4.97392e-33	7.60675	0.623667	0.98783	-0.245856	1.57105	0.741316	0.889983	1.15025	0.756877	1.07253	1.43694	0.496663	-86.5801	73.1817	0	0	2.49431e-09
326	rs1	1:1	2:0.469	rs2	1:2	2:0.2515	0	1000	1	1.28543e-25	8.02965	0.749986	0.65194	-1.54384	1.66904	0.939915	-2.42765	6.89595	0.891718	-0.70831	1.47947	0.402306	-102.788	76.1685	0	0	1.85309e-07
327	rs1	1:1	2:0.4685	rs2	1:2	2:0.249	0	1000	0	1.07472e-23	7.64061	0.742911	0.0974796	-3.70076	1.71504	0.998624	-0.114836	2.18859	0.147573	-3.49468	1.78643	0.999998	-1999.71	1.05654e+06	0	0	1
328	rs1	1:1	2:0.46425	rs2	1:2	2:0.24775	0	1000	0	3.54344e-15	8.38832	1.02828	0.217672	-2.97619	1.70429	0.967006	-3.81473	14.7265	0.190428	-3.22974	1.77336	0.996942	-4944.05	63167.2	0	1	1
329	rs1	1:1	2:0.4665	rs2	1:2	2:0.2485	0	1000	1	8.36616e-16	8.69826	1.04387	0.643319	0.145146	0.15453	0.989995	-4.94158	34.8467	0.832419	0.0965109	0.159345	0.93766	10.4848	29.222	0	0	0.000104157
330	rs1	1:1	2:0.464	rs2	1:2	2:0.2495	0	1000	1	6.89996e-16	8.6783	1.03859	0.737426	0.113934	0.145976	0.322555	2.13348	1.41824	0.903388	0.0675514	0.149853	0.643668	5.73325	6.1077	0	0	0.000467271
331	rs1	1:1	2:0.458	rs2	1:2	2:0.2425	0	1000	0	1.04413e-23	7.67542	0.746092	0.310033	-2.80327	1.83171	0.92312	0.633923	1.58484	0.470444	-2.35458	1.9173	0.999999	-1248.68	894373	0	0	1
332	rs1	1:1	2:0.46375	rs2	1:2	2:0.24975	0	1000	1	2.64139e-16	8.82366	1.04176	0.954157	0.0314808	0.102759	0.974276	-1.15731	5.06921	0.99356	-0.0123177	0.108363	0.892577	6.01673	12.6205	0	0	0.000104282
333	rs1	1:1	2:0.46925	rs2	1:2	2:0.245	0	1000	1	7.41559e-33	7.71955	0.634621	0.942272	-0.589348	1.70899	0.920549	-1.20062	2.95061	0.87189	0.726404	1.38726	0.55141	-104.356	95.6409	0	0	4.17924e-10
334	rs1	1:1	2:0.45325	rs2	1:2	2:0.24475	0	1000	1	2.75601e-35	7.22181	0.57245	0.889805	0.0293951	0.0608311	0.891556	-3.43895	7.17736	0.73237	-0.0542953	0.0687923	0.562881	3.70665	3.45741	0	0	9.2818e-13
335	rs1	1:1	2:0.47	rs2	1:2	2:0.247	0	1000	1	9.67316e-26	8.01974	0.747209	0.901099	-0.769977	1.68715	0.927759	-2.09069	5.39875	0.99457	-0.168353	1.61327	0.902562	-172.511	380.979	0	0	1.2984e-07
336	rs1	1:1	2:0.4575	rs2	1:2	2:0.24375	0	1000	1	1.05603e-16	8.59275	1.00178	0.264938	2.44507	1.50015	0.139736	2.8838	1.45357	0.466961	1.86749	1.51323	0.237215	71.3505	42.0614	0	0	0.00226175
337	rs1	1:1	2:0.46225	rs2	1:2	2:0.24125	0	1000	1	4.13228e-33	7.10542	0.581839	0.458252	0.180236	0.144273	0.975615	-8.99245	40.4691	0.861938	-0.100239	0.183887	0.432204	67.2111	51.8897	0	0	8.52934e-13
338	rs1	1:1	2:0.4635	rs2	1:2	2:0.24425	0	1000	0	1.24505e-29	7.24976	0.62837	0.209534	0.978288	0.553338	0.645339	1.04352	1.11496	0.437023	0.767319	0.596357	0.999998	783.471	358077	0	0	1
339	rs1	1:1	2:0.4625	rs2	1:2	2:0.2465	0	1000	0	3.73791e-25	8.17695	0.770957	0.994026	-0.0116089	0.106048	0.947863	-1.08286	3.30897	0.874272	-0.059698	0.11516	0.999997	155.353	64714.6	0	0	1
340	rs1	1:1	2:0.46525	rs2	1:2	2:0.24325	0	1000	1	1.04637e-22	7.58357	0.753761	0.0948612	-3.79097	1.74666	0.981821	-5.77683	30.1583	0.444868	-2.35915	1.85355	0.657836	-887.41	969.63	0	0	2.13587e-07
341	rs1	1:1	2:0.46425	rs2	1:2	2:0.2415	0	1000	1	3.87167e-35	7.89365	0.627046	0.705379	1.32064	1.58068	0.965685	-4.97309	18.8188	0.309291	2.42553	1.58327	0.786774	-135.224	195.255	0	0	1.11325e-10
342	rs1	1:1	2:0.4595	rs2	1:2	2:0.2455	0	1000	1	5.90903e-33	8.36158	0.68635	0.214406	-0.0521529	0.029718	0.137776	1.76767	0.887809	0.0271335	-0.14337	0.053379	0.070483	2.41336	1.04783	0	0	1.37032e-10
343	rs1	1:1	2:0.47225	rs2	1:2	2:0.2505	0	1000	1	5.78085e-24	7.63098	0.737663	0.0236835	4.84332	1.77019	0.994149	-0.272364	2.51407	0.0424413	4.32035	1.71864	0.0615647	85.7369	36.3105	0	0	1.22302e-06
344	rs1	1:1	2:0.464	rs2	1:2	2:0.24775	0	1000	1	1.02061e-15	8.58076	1.03273	0.506813	-2.08282	1.78651	0.318549	2.14316	1.41687	0.701649	-1.48091	1.75919	0.626227	-75.3179	77.8468	0	0	0.000527443
345	rs1	1:1	2:0.464	rs2	1:2	2:0.24625	0	1000	1	4.39756e-39	6.88683	0.518174	0.572292	0.0955898	0.090477	0.875368	-1.04058	2.01675	0.956172	-0.0311707	0.104113	0.128034	4.34074	2.14089	0	0	2.28706e-14
346	rs1	1:1	2:0.46375	rs2	1:2	2:0.241	0	1000	1	1.75698e-24	8.27899	0.791543	0.876079	-0.0157167	0.030554	0.959665	-0.825697	2.87747	0.402618	-0.0532952	0.03951	0.644024	1.96924	2.09917	0	0	8.31243e-08
347	rs1	1:1	2:0.465	rs2	1:2	2:0.244	0	1000	1	1.39652e-28	7.19425	0.635202	0.114112	0.137081	0.0657925	0.956122	-0.699156	2.33389	0.451564	0.0898356	0.0712425	0.300122	3.07876	1.98438	0	0	2.65555e-09
348	rs1	1:1	2:0.462	rs2	1:2	2:0.24475	0	1000	1	1.04836e-15	8.63929	1.04018	0.814335	0.0916584	0.143013	0.973003	-1.1892	5.08301	0.969674	0.0365874	0.147426	0.310474	6.66734	4.35922	0	0	0.00014238
349	rs1	1:1	2:0.46275	rs2	1:2	2:0.24775	0	1000	1	4.38103e-16	8.56559	1.0185	0.332488	2.20256	1.48419	0.969946	-1.22836	4.97223	0.625818	1.51009	1.55971	0.44557	288.644	227.004	0	0	7.67918e-05
350	rs1	1:1	2:0.466	rs2	1:2	2:0.24675	0	1000	1	8.83747e-31	7.51811	0.639053	0.687954	0.511125	0.590958	0.896754	-2.00464	4.294	0.999611	0.0180282	0.645942	0.629728	33.2832	34.6075	0	0	4.75485e-10
351	rs1	1:1	2:0.4575	rs2	1:2	2:0.24475	0	1000	1	3.02057e-17	8.90984	1.02151	0.808939	0.862146	1.32393	0.971388	-3.09724	12.8541	0.680885	1.1185	1.27571	0.669588	-118.626	132.448	0	0	7.74415e-05
352	rs1	1:1	2:0.46575	rs2	1:2	2:0.245	0	1000	1	5.04538e-25	7.9636	0.752851	0.765727	-1.35657	1.85665	0.362105	1.6575	1.16287	0.998923	-0.0805036	1.73395	0.176154	-71.7412	38.4972	0	0	2.63974e-06
353	rs1	1:1	2:0.448	rs2	1:2	2:0.24225	0	1000	1	1.18781e-37	7.15168	0.548433	0.967411	-0.447404	1.73804	0.919637	-0.764315	1.86722	0.865664	0.835776	1.55598	0.064614	-92.293	39.4305	0	0	4.21181e-12
354	rs1	1:1	2:0.4625	rs2	1:2	2:0.245	0	1000	0	3.07781e-34	6.86759	0.552819	0.139278	0.250195	0.126006	0.892254	-1.05957	2.21897	0.475271	0.166927	0.136856	0.999998	170.064	84579.7	0	0	1
355	rs1	1:1	2:0.464	rs2	1:2	2:0.25175	0	1000	1	0.869803	34.0786	64.5204	0.73153	-0.0865614	0.109472	0.94591	23.266	69.7648	0.675243	-0.106146	0.119776	0.9035	27.8278	61.7698	0	0	0.660236
356	rs1	1:1	2:0.47	rs2	1:2	2:0.2485	0	1000	1	5.49644e-26	7.82862	0.725849	0.108667	3.11726	1.47956	0.0513867	2.73665	1.12317	0.0317315	4.71621	1.79532	0.000888545	45.8843	12.2404	0	0	0.000355974
357	rs1	1:1	2:0.46025	rs2	1:2	2:0.24575	0	1000	1	0.992838	37.5367	313.077	0.941282	-0.0548735	0.157734	0.960226	93.2207	327.195	0.935325	-0.0578598	0.158225	0.973342	-36.8892	158.687	0	0	0.822343
358	rs1	1:1	2:0.4635	rs2	1:2	2:0.2455	0	1000	1	0.61288	31.6224	31.957	0.374294	-2.49643	1.7807	0.627569	32.645	33.8185	0.408292	-2.45444	1.83374	0.995407	62.9161	655.662	0	0	0.924536
359	rs1	1:1	2:0.46275	rs2	1:2	2:0.24575	0	1000	1	0.722556	31.5146	39.0914	0.824464	-0.910779	1.46587	0.650506	37.0376	39.9384	0.862826	-0.805613	1.48304	0.877618	144.001	281.82	0	0	0.703103
360	rs1	1:1	2:0.4655	rs2	1:2	2:0.2465	0	1000	1	1.12996e-33	7.54723	0.612713	0.91414	-0.704699	1.6631	0.770473	0.869088	1.20347	0.9986	0.0804053	1.51917	0.0211817	-71.6967	25.8222	0	0	9.26637e-09
