Outcome	Var1_ID	Var1_Pos	Var1_MAF	Var2_ID	Var2_Pos	Var2_MAF	Num_Missing	Num_Cases	Converged	Red_Var1_Pval	Red_Var1_beta	Red_Var1_SE	Red_Var2_Pval	Red_Var2_beta	Red_Var2_SE	Full_Var1_Pval	Full_Var1_beta	Full_Var1_SE	Full_Var2_Pval	Full_Var2_beta	Full_Var2_SE	Full_Var1_Var2_Pval	Full_Var1_Var2_beta	Full_Var1_Var2_SE	Red_Model_Pval	Full_Model_Pval	Overall_Pval_(LRT)
1	rs1	1:1	2:0.457	rs2	1:2	2:0.2485	0	1000	1	9.04012e-71	2.35389	0.132344	5.23027e-12	1.42952	0.207202	0.953726	0.0190941	0.329048	0.723187	-0.117276	0.331099	1.50753e-16	3.96484	0.480243	0	0	1.43568e-27
2	rs1	1:1	2:0.45375	rs2	1:2	2:0.2495	0	1000	1	5.534e-79	2.50297	0.13302	7.09831e-08	1.06567	0.197762	0.462121	0.241264	0.328091	0.492838	-0.21981	0.320515	5.9867e-16	3.53726	0.437261	0	0	2.13875e-23
3	rs1	1:1	2:0.46125	rs2	1:2	2:0.25125	0	1000	1	1.63104e-67	2.2008	0.126768	7.75371e-18	1.72074	0.200012	0.986627	0.00526385	0.314039	0.328975	0.28422	0.291156	3.29899e-17	3.54701	0.420488	0	0	5.80269e-26
4	rs1	1:1	2:0.45875	rs2	1:2	2:0.2475	0	1000	1	4.47682e-73	2.3093	0.127718	2.23735e-11	1.35522	0.202586	0.357451	-0.316558	0.343998	0.11244	-0.624381	0.393355	1.28423e-18	4.5999	0.522294	0	0	3.25779e-35
5	rs1	1:1	2:0.45775	rs2	1:2	2:0.249	0	1000	1	9.13218e-80	2.37817	0.125751	1.51958e-09	1.1672	0.193172	0.906055	-0.037368	0.316634	0.174549	-0.477634	0.351789	3.09065e-19	3.96801	0.44259	0	0	3.83796e-31
6	rs1	1:1	2:0.45425	rs2	1:2	2:0.2485	0	1000	1	2.3262e-79	2.36975	0.125634	1.1479e-08	1.11574	0.195494	0.771166	0.0846087	0.290902	0.0814806	-0.638844	0.366697	1.65796e-19	3.97076	0.439544	0	0	4.72101e-32
7	rs1	1:1	2:0.4575	rs2	1:2	2:0.244	0	1000	1	2.00743e-68	2.29745	0.131427	7.04901e-10	1.3155	0.213383	0.314206	0.277738	0.275962	0.0913782	-0.733201	0.434316	5.08466e-18	3.65328	0.422273	0	0	3.21372e-27
8	rs1	1:1	2:0.4705	rs2	1:2	2:0.256	0	1000	1	1.68016e-80	2.38675	0.125613	8.32724e-10	1.24981	0.2036	0.930164	0.0261655	0.298561	0.00915784	-1.26569	0.485663	1.69426e-20	4.18921	0.451422	0	0	2.08682e-34
9	rs1	1:1	2:0.46125	rs2	1:2	2:0.2505	0	1000	1	2.219e-71	2.26666	0.126879	9.45348e-14	1.50972	0.202693	0.584199	0.156749	0.286424	0.599836	-0.176757	0.336914	2.54853e-18	3.63828	0.41676	0	0	8.48293e-28
10	rs1	1:1	2:0.45825	rs2	1:2	2:0.25475	0	1000	1	2.56966e-81	2.37837	0.124528	1.79244e-08	1.10978	0.197086	0.36202	-0.331998	0.364224	0.0728536	-0.621439	0.346448	1.56782e-19	4.07804	0.451114	0	0	6.15892e-31
11	rs1	1:1	2:0.45475	rs2	1:2	2:0.24825	0	1000	1	2.98693e-73	2.22416	0.122857	1.34565e-11	1.32951	0.196567	0.15683	-0.521783	0.368539	0.152144	-0.490503	0.34253	3.32954e-20	4.4379	0.481973	0	0	5.65173e-37
12	rs1	1:1	2:0.47325	rs2	1:2	2:0.25425	0	1000	1	7.48825e-80	2.35546	0.124481	5.17087e-13	1.42263	0.19702	0.419058	0.224368	0.277663	0.198916	-0.482266	0.375408	9.7583e-20	3.58398	0.394207	0	0	3.66617e-29
13	rs1	1:1	2:0.456	rs2	1:2	2:0.24875	0	1000	1	9.87257e-68	2.20653	0.126887	4.92102e-15	1.56229	0.199554	0.245324	-0.44078	0.3794	0.684368	0.119284	0.293435	1.71729e-17	4.04976	0.4758	0	0	2.90351e-29
14	rs1	1:1	2:0.4555	rs2	1:2	2:0.24425	0	1000	1	5.01692e-70	2.33891	0.132217	1.39261e-11	1.41342	0.209127	0.111802	0.420165	0.264231	0.481675	-0.251829	0.35791	5.20223e-16	3.64986	0.450229	0	0	4.35997e-26
15	rs1	1:1	2:0.46375	rs2	1:2	2:0.2475	0	1000	1	1.98868e-70	2.17135	0.122385	3.41647e-14	1.50556	0.198584	0.614507	-0.146662	0.291198	0.0802806	-0.721533	0.412526	2.04393e-21	4.16818	0.438628	0	0	3.80793e-36
16	rs1	1:1	2:0.45575	rs2	1:2	2:0.24725	0	1000	1	1.1737e-70	2.16099	0.121598	5.85983e-12	1.36356	0.198105	0.41199	-0.266594	0.324958	0.208137	-0.420515	0.334085	2.57631e-20	3.79295	0.410702	0	0	4.95304e-31
17	rs1	1:1	2:0.469	rs2	1:2	2:0.25025	0	1000	1	3.69888e-71	2.45884	0.137857	6.23554e-12	1.4952	0.21751	0.140001	0.443193	0.300309	0.495961	-0.274348	0.402944	2.2104e-15	3.53056	0.445276	0	0	9.70947e-23
18	rs1	1:1	2:0.454	rs2	1:2	2:0.25025	0	1000	1	5.90231e-79	2.41723	0.128487	1.32286e-06	0.993698	0.205467	0.988906	0.00425946	0.306336	0.00688347	-1.26216	0.467045	7.95721e-20	4.30316	0.472161	0	0	1.60599e-33
19	rs1	1:1	2:0.4655	rs2	1:2	2:0.258	0	1000	1	5.92999e-82	2.34974	0.122538	5.67173e-09	1.1321	0.194313	0.0372142	-0.966502	0.463904	0.00746005	-1.20291	0.449587	2.09614e-19	5.06735	0.562531	0	0	5.37853e-41
20	rs1	1:1	2:0.461	rs2	1:2	2:0.25	0	1000	1	6.8577e-74	2.39504	0.131708	2.09557e-13	1.49807	0.204025	0.185921	0.391066	0.295648	0.559568	0.174889	0.299732	2.71451e-15	3.33351	0.421783	0	0	3.8364e-22
21	rs1	1:1	2:0.459	rs2	1:2	2:0.2455	0	1000	1	1.78333e-59	1.98798	0.122233	3.0939e-17	1.70607	0.20207	0.196303	-0.428738	0.3318	0.483453	-0.245903	0.350909	1.76473e-20	3.95769	0.426674	0	0	1.03617e-33
22	rs1	1:1	2:0.457	rs2	1:2	2:0.2505	0	1000	1	8.52899e-77	2.38045	0.128343	4.36426e-07	1.03105	0.204073	0.241727	-0.440792	0.376526	0.00546157	-1.43256	0.515592	1.61255e-19	4.70002	0.520095	0	0	5.58368e-36
23	rs1	1:1	2:0.461	rs2	1:2	2:0.24875	0	1000	1	1.90992e-78	2.23944	0.119432	2.623e-11	1.27418	0.191137	0.254441	-0.362832	0.318377	0.0168178	-0.999382	0.418035	2.06621e-22	4.57982	0.470281	0	0	6.35753e-42
24	rs1	1:1	2:0.45	rs2	1:2	2:0.24525	0	1000	1	1.29194e-66	2.12022	0.122971	5.60981e-15	1.51274	0.193633	0.123306	-0.575334	0.373341	0.907341	0.0333655	0.286664	9.7156e-19	4.22023	0.477492	0	0	1.60215e-33
25	rs1	1:1	2:0.458	rs2	1:2	2:0.24875	0	1000	1	1.42959e-66	2.21546	0.128538	1.4567e-13	1.52582	0.206441	0.396148	-0.317054	0.373655	0.937395	-0.0251608	0.320338	4.02786e-17	3.83428	0.455806	0	0	1.7216e-27
26	rs1	1:1	2:0.46075	rs2	1:2	2:0.2475	0	1000	1	2.43843e-77	2.42812	0.130441	2.16752e-08	1.17898	0.210605	0.416199	0.235154	0.289231	0.0184424	-1.11149	0.471649	1.88141e-18	4.03659	0.460578	0	0	1.1986e-29
27	rs1	1:1	2:0.45875	rs2	1:2	2:0.24475	0	1000	1	3.42262e-65	2.21578	0.129949	8.01319e-14	1.56336	0.209283	0.480146	-0.248168	0.351479	0.635794	-0.165316	0.349071	4.35943e-18	4.01937	0.463649	0	0	5.79925e-30
28	rs1	1:1	2:0.455	rs2	1:2	2:0.24825	0	1000	1	3.52372e-68	2.1813	0.125013	2.9603e-13	1.45444	0.199342	0.669722	-0.138615	0.324983	0.855253	-0.0564953	0.309698	2.22883e-18	3.60522	0.412258	0	0	1.18224e-27
29	rs1	1:1	2:0.467	rs2	1:2	2:0.2535	0	1000	1	2.87463e-73	2.35379	0.130003	6.66324e-14	1.5352	0.204848	0.891712	-0.0462391	0.339649	0.850982	-0.0623339	0.331801	1.65524e-17	3.85979	0.453254	0	0	5.76528e-28
30	rs1	1:1	2:0.458	rs2	1:2	2:0.2485	0	1000	1	4.67063e-73	2.36574	0.130856	1.00594e-08	1.21412	0.211899	0.162376	0.377429	0.270147	0.076099	-0.732971	0.413225	4.71588e-18	3.5394	0.408704	0	0	3.06476e-26
31	rs1	1:1	2:0.4525	rs2	1:2	2:0.248	0	1000	1	3.9982e-70	2.27153	0.128316	2.39963e-10	1.29277	0.204122	0.795611	0.0752953	0.29068	0.141561	-0.552123	0.375593	5.48343e-19	3.88456	0.436368	0	0	2.46308e-30
32	rs1	1:1	2:0.45875	rs2	1:2	2:0.25375	0	1000	1	3.5883e-79	2.37459	0.126044	4.23171e-08	1.09588	0.199946	0.986381	0.00517707	0.303285	0.0160489	-1.02609	0.426151	2.80122e-20	4.06257	0.440324	0	0	1.1817e-32
33	rs1	1:1	2:0.46175	rs2	1:2	2:0.2515	0	1000	1	2.62832e-72	2.3445	0.13037	1.07172e-11	1.40803	0.207168	0.953629	0.0189342	0.325612	0.428185	-0.28109	0.354776	6.87754e-18	3.80418	0.441478	0	0	1.01475e-27
34	rs1	1:1	2:0.45575	rs2	1:2	2:0.24275	0	1000	1	1.14664e-69	2.22774	0.126266	4.82168e-09	1.21873	0.208215	0.936534	0.0227159	0.285279	0.0113471	-1.19637	0.472533	3.85908e-20	3.97134	0.432047	0	0	5.16493e-32
35	rs1	1:1	2:0.45775	rs2	1:2	2:0.24375	0	1000	1	1.04518e-68	2.26691	0.129405	5.66024e-15	1.57828	0.202051	0.429041	0.222947	0.281914	0.696587	0.119324	0.306013	5.82267e-15	3.8066	0.487543	0	0	2.48372e-27
36	rs1	1:1	2:0.46925	rs2	1:2	2:0.25225	0	1000	1	6.05239e-75	2.38965	0.130461	4.4364e-13	1.47805	0.204108	0.278133	0.315874	0.291256	0.603668	-0.184139	0.354705	2.72286e-17	3.4633	0.409476	0	0	4.75351e-25
37	rs1	1:1	2:0.45875	rs2	1:2	2:0.253	0	1000	1	1.87046e-75	2.43262	0.132346	1.81464e-07	1.10502	0.211796	0.190839	-0.561037	0.428895	0.0206292	-1.03612	0.447625	4.40416e-18	4.73021	0.54572	0	0	1.21817e-33
38	rs1	1:1	2:0.46	rs2	1:2	2:0.2525	0	1000	1	3.37757e-73	2.15167	0.118898	1.16821e-15	1.5156	0.189266	0.723915	0.0979081	0.277179	0.985567	-0.00526746	0.291182	3.34361e-19	3.22928	0.360541	0	0	5.34099e-26
39	rs1	1:1	2:0.45	rs2	1:2	2:0.24375	0	1000	1	2.53891e-73	2.25073	0.124264	1.02789e-11	1.30778	0.192248	0.804785	-0.0738027	0.298604	0.400991	-0.266732	0.317594	5.60423e-18	4.11856	0.476666	0	0	1.34355e-32
40	rs1	1:1	2:0.45	rs2	1:2	2:0.24525	0	1000	1	2.08865e-73	2.20823	0.121845	4.67818e-13	1.36841	0.189155	0.280839	-0.364848	0.338312	0.758424	-0.0876878	0.285116	6.67119e-19	4.22298	0.475548	0	0	2.70366e-34
41	rs1	1:1	2:0.44975	rs2	1:2	2:0.243	0	1000	1	2.90891e-66	2.16073	0.125662	1.309e-13	1.4805	0.199925	0.58903	0.151402	0.280248	0.928634	-0.0277826	0.310199	8.01887e-18	3.38422	0.393544	0	0	2.37394e-25
42	rs1	1:1	2:0.45825	rs2	1:2	2:0.24725	0	1000	1	6.34994e-70	2.29022	0.129562	8.34299e-11	1.37261	0.211356	0.406167	-0.281264	0.338604	0.0282566	-1.01737	0.463766	4.36101e-19	4.72564	0.52934	0	0	2.94964e-36
43	rs1	1:1	2:0.46275	rs2	1:2	2:0.24975	0	1000	1	3.27984e-71	2.35291	0.131868	4.86493e-10	1.34054	0.215404	0.318992	-0.378727	0.380046	0.0375169	-0.952614	0.457967	7.58598e-19	4.51198	0.508912	0	0	2.01601e-32
44	rs1	1:1	2:0.45225	rs2	1:2	2:0.24225	0	1000	1	1.16945e-68	2.30067	0.13138	1.71032e-10	1.35673	0.212476	0.387738	0.24378	0.282242	0.239815	-0.441657	0.375735	2.54415e-17	3.75592	0.443658	0	0	4.22708e-27
45	rs1	1:1	2:0.4615	rs2	1:2	2:0.25	0	1000	1	7.02743e-74	2.24133	0.123264	1.03837e-13	1.45259	0.195348	0.189754	-0.468408	0.357207	0.301708	-0.349252	0.338167	4.07184e-20	4.39115	0.478019	0	0	1.13467e-35
46	rs1	1:1	2:0.4575	rs2	1:2	2:0.24625	0	1000	1	4.83284e-74	2.50327	0.137515	3.44897e-06	1.01942	0.219604	0.294818	0.313335	0.299095	0.013053	-1.50486	0.606232	4.80794e-16	4.15866	0.512387	0	0	6.02293e-28
47	rs1	1:1	2:0.455	rs2	1:2	2:0.245	0	1000	1	2.25601e-60	2.04691	0.124888	1.33919e-18	1.76549	0.200569	0.169419	-0.483722	0.352035	0.622058	0.148137	0.300519	3.28363e-18	4.25216	0.488686	0	0	1.46287e-33
48	rs1	1:1	2:0.458	rs2	1:2	2:0.24875	0	1000	1	2.48285e-74	2.33763	0.128159	1.34389e-09	1.25034	0.206257	0.390127	-0.310222	0.360981	0.0861619	-0.651684	0.379769	2.77032e-19	4.2111	0.469073	0	0	1.89406e-31
49	rs1	1:1	2:0.461	rs2	1:2	2:0.2495	0	1000	1	1.0767e-68	2.21565	0.126491	2.52647e-11	1.38092	0.206978	0.181063	-0.477426	0.356957	0.0227713	-1.0638	0.467142	1.41645e-20	4.56627	0.491044	0	0	1.8329e-36
50	rs1	1:1	2:0.46625	rs2	1:2	2:0.2535	0	1000	1	3.43235e-77	2.33023	0.125305	1.4243e-13	1.47885	0.200005	0.665682	-0.135681	0.314017	0.163169	-0.514825	0.369184	5.82092e-18	4.51909	0.523284	0	0	1.11727e-35
51	rs1	1:1	2:0.46225	rs2	1:2	2:0.249	0	1000	1	6.52298e-80	2.66632	0.140856	1.64138e-05	0.946571	0.219683	0.00221545	0.790954	0.258505	0.0187923	-1.48752	0.633089	8.17479e-14	3.87023	0.518279	0	0	1.84201e-24
52	rs1	1:1	2:0.4555	rs2	1:2	2:0.24725	0	1000	1	5.91679e-68	2.30373	0.132253	7.27951e-12	1.43347	0.209203	0.377956	-0.332191	0.376776	0.525095	-0.219917	0.346047	4.46064e-17	4.33192	0.515698	0	0	1.96837e-30
53	rs1	1:1	2:0.45475	rs2	1:2	2:0.24575	0	1000	1	4.92876e-77	2.36048	0.127064	3.36193e-09	1.18668	0.200694	0.843414	0.0581859	0.29457	0.0526707	-0.777474	0.401254	1.22138e-18	4.19307	0.475797	0	0	2.94392e-32
54	rs1	1:1	2:0.4565	rs2	1:2	2:0.25225	0	1000	1	2.52379e-74	2.2616	0.123997	2.98372e-12	1.34133	0.192209	0.292383	-0.393488	0.373715	0.776785	-0.0836267	0.294968	3.32801e-18	3.94817	0.453829	0	0	2.13022e-30
55	rs1	1:1	2:0.46725	rs2	1:2	2:0.253	0	1000	1	2.00561e-69	2.1342	0.121181	1.82041e-20	1.76975	0.190863	0.514021	-0.203395	0.311675	0.393548	0.238952	0.280065	1.83425e-19	3.80262	0.421448	0	0	1.04297e-31
56	rs1	1:1	2:0.456	rs2	1:2	2:0.25375	0	1000	1	3.03088e-81	2.41777	0.126649	6.04369e-07	1.00988	0.202389	0.594073	-0.184293	0.345802	0.0238841	-0.849196	0.375919	8.59586e-20	4.07307	0.447325	0	0	5.66068e-31
57	rs1	1:1	2:0.46225	rs2	1:2	2:0.24775	0	1000	1	8.01593e-70	2.28843	0.129557	1.54291e-11	1.39987	0.207579	0.687374	-0.129663	0.322206	0.0862087	-0.7747	0.451524	5.63885e-19	4.31161	0.484509	0	0	1.29517e-33
58	rs1	1:1	2:0.46175	rs2	1:2	2:0.25075	0	1000	1	1.78041e-72	2.24384	0.124623	1.28608e-15	1.55475	0.194443	0.895513	-0.0412178	0.313846	0.676732	0.120782	0.289696	2.60571e-18	3.65349	0.418623	0	0	2.5508e-28
59	rs1	1:1	2:0.45525	rs2	1:2	2:0.244	0	1000	1	8.42126e-67	2.18075	0.1263	1.14975e-15	1.59101	0.198635	0.0735582	-0.721531	0.403236	0.948782	0.0194094	0.302157	1.10971e-17	4.65917	0.544171	0	0	1.83468e-34
60	rs1	1:1	2:0.466	rs2	1:2	2:0.25	0	1000	1	3.30956e-72	2.2607	0.1258	9.78118e-13	1.44636	0.202755	0.855694	0.0520272	0.286086	0.0727395	-0.767026	0.427441	4.39291e-20	3.94275	0.429589	0	0	5.83089e-32
61	rs1	1:1	2:0.4615	rs2	1:2	2:0.25025	0	1000	1	5.88689e-75	2.41762	0.131977	2.15996e-09	1.24662	0.208281	0.898449	0.0410708	0.321818	0.0992893	-0.699613	0.424443	3.40364e-18	4.10443	0.471929	0	0	2.10846e-30
62	rs1	1:1	2:0.45875	rs2	1:2	2:0.252	0	1000	1	3.27481e-76	2.40302	0.130068	1.23031e-11	1.33385	0.196831	0.443997	-0.306493	0.400403	0.856564	0.0523633	0.289699	3.07111e-16	4.02823	0.493021	0	0	1.25362e-27
63	rs1	1:1	2:0.4555	rs2	1:2	2:0.243	0	1000	1	2.01217e-62	2.19303	0.13152	7.77084e-14	1.60011	0.214086	0.549682	0.174022	0.290892	0.87501	-0.0546902	0.347687	4.09355e-17	3.49096	0.415087	0	0	4.87719e-25
64	rs1	1:1	2:0.46675	rs2	1:2	2:0.25325	0	1000	1	6.85257e-76	2.35225	0.127596	1.53737e-14	1.54978	0.20168	0.594939	-0.183822	0.34573	0.670253	-0.139302	0.327152	3.51445e-18	4.14119	0.476354	0	0	2.13724e-30
65	rs1	1:1	2:0.4495	rs2	1:2	2:0.24225	0	1000	1	5.61828e-68	2.19711	0.126111	1.11258e-10	1.29407	0.200606	0.638779	-0.150871	0.321409	0.376371	-0.296374	0.335036	4.63065e-19	3.73956	0.419197	0	0	1.62287e-29
66	rs1	1:1	2:0.4715	rs2	1:2	2:0.2525	0	1000	1	8.77289e-74	2.37384	0.130639	6.12612e-12	1.44293	0.20983	0.900458	0.0389658	0.311521	0.0576173	-0.917988	0.483508	9.78623e-19	4.17475	0.472389	0	0	8.57227e-32
67	rs1	1:1	2:0.46625	rs2	1:2	2:0.248	0	1000	1	9.86382e-69	2.38213	0.135957	2.72782e-11	1.4648	0.219922	0.833691	0.0684063	0.32579	0.131599	-0.70051	0.464583	2.51227e-17	4.10932	0.485318	0	0	1.12985e-28
68	rs1	1:1	2:0.463	rs2	1:2	2:0.25325	0	1000	1	1.86333e-79	2.46275	0.130483	1.35872e-08	1.16425	0.205027	0.646385	0.144191	0.314286	0.0927388	-0.665828	0.396061	2.3976e-18	3.83551	0.439005	0	0	2.92495e-28
69	rs1	1:1	2:0.45675	rs2	1:2	2:0.2505	0	1000	1	1.33584e-73	2.25488	0.124251	4.51459e-09	1.15197	0.196442	0.0862869	-0.688664	0.401479	0.0265175	-0.920597	0.414955	1.23745e-19	4.49395	0.495707	0	0	2.28051e-35
70	rs1	1:1	2:0.4635	rs2	1:2	2:0.24925	0	1000	1	5.10196e-72	2.35631	0.131296	2.94268e-12	1.43889	0.206132	0.975945	0.0100341	0.332778	0.628252	-0.168299	0.34759	2.31137e-17	3.77753	0.445623	0	0	9.95817e-27
71	rs1	1:1	2:0.4525	rs2	1:2	2:0.24425	0	1000	1	3.30739e-75	2.2861	0.124584	3.87698e-08	1.12218	0.204168	0.885211	0.0401197	0.277902	0.00681148	-1.21345	0.448444	4.17454e-21	4.1318	0.438242	0	0	1.68109e-34
72	rs1	1:1	2:0.453	rs2	1:2	2:0.24275	0	1000	1	2.74085e-69	2.26044	0.128478	2.555e-10	1.32337	0.209274	0.681995	0.116408	0.284102	0.074927	-0.725965	0.407637	5.12375e-19	3.9056	0.43836	0	0	8.91649e-30
73	rs1	1:1	2:0.45225	rs2	1:2	2:0.24775	0	1000	1	4.47766e-76	2.39936	0.129989	1.66272e-06	1.00363	0.209498	0.868293	0.0514556	0.310296	0.0124687	-1.08293	0.433415	2.72879e-19	4.00423	0.445948	0	0	6.70676e-30
74	rs1	1:1	2:0.4485	rs2	1:2	2:0.24725	0	1000	1	2.68722e-75	2.35925	0.128491	8.93299e-08	1.08947	0.203747	0.718796	0.105243	0.292287	0.0343454	-0.824636	0.389716	5.33045e-19	4.02589	0.452085	0	0	1.05396e-30
75	rs1	1:1	2:0.45325	rs2	1:2	2:0.24575	0	1000	1	4.64129e-74	2.44886	0.13451	6.23655e-08	1.15187	0.212842	0.326358	0.292939	0.298468	0.0994832	-0.670164	0.40681	1.97329e-16	3.91735	0.47635	0	0	1.07352e-26
76	rs1	1:1	2:0.46225	rs2	1:2	2:0.25	0	1000	1	6.37712e-74	2.33213	0.128221	5.10991e-10	1.2862	0.206927	0.338781	-0.339447	0.354856	0.0201637	-1.10538	0.475781	7.37e-20	4.59251	0.503451	0	0	7.29986e-36
77	rs1	1:1	2:0.45525	rs2	1:2	2:0.244	0	1000	1	3.87644e-67	2.15916	0.124726	3.41458e-15	1.55009	0.196843	0.874893	0.0453591	0.288092	0.764522	0.0890539	0.297294	2.51897e-18	3.53855	0.405274	0	0	9.17617e-28
78	rs1	1:1	2:0.45925	rs2	1:2	2:0.2495	0	1000	1	1.87411e-77	2.43993	0.130976	2.28296e-11	1.33967	0.200349	0.0931947	0.472955	0.281725	0.977142	-0.00883975	0.308515	1.76049e-15	3.38677	0.425626	0	0	3.56753e-23
79	rs1	1:1	2:0.4465	rs2	1:2	2:0.24625	0	1000	1	1.79118e-73	2.24751	0.123955	1.50494e-11	1.29037	0.191239	0.259863	-0.387035	0.343507	0.464288	-0.217544	0.29727	1.81268e-17	4.49288	0.528251	0	0	1.1012e-34
80	rs1	1:1	2:0.45925	rs2	1:2	2:0.24725	0	1000	1	1.35343e-73	2.33934	0.12891	9.39323e-11	1.33981	0.206875	0.52886	0.184506	0.292984	0.205161	-0.471436	0.372093	2.47415e-18	3.70929	0.424731	0	0	1.99582e-27
81	rs1	1:1	2:0.44775	rs2	1:2	2:0.24475	0	1000	1	9.27668e-72	2.19779	0.12269	4.28051e-15	1.47002	0.187349	0.406137	0.223513	0.269062	0.232437	0.300852	0.251947	9.55923e-17	3.36606	0.405054	0	0	5.3864e-26
82	rs1	1:1	2:0.44625	rs2	1:2	2:0.242	0	1000	1	7.19423e-72	2.22556	0.124142	7.15511e-08	1.08066	0.200596	0.320628	0.247724	0.249428	0.0234171	-0.915439	0.403889	1.67477e-20	3.56711	0.384335	0	0	2.66758e-30
83	rs1	1:1	2:0.47	rs2	1:2	2:0.25025	0	1000	1	7.66537e-68	2.2653	0.130158	2.30317e-19	1.84494	0.205044	0.313915	-0.397734	0.394953	0.216389	0.362489	0.293231	6.28948e-16	4.29962	0.531896	0	0	1.70704e-30
84	rs1	1:1	2:0.4495	rs2	1:2	2:0.24775	0	1000	1	1.45784e-68	2.36508	0.135155	2.48577e-09	1.24693	0.209133	0.404347	0.264558	0.31726	0.74469	-0.106743	0.327786	2.47288e-15	3.34796	0.422991	0	0	1.55042e-21
85	rs1	1:1	2:0.46275	rs2	1:2	2:0.24775	0	1000	1	6.98975e-71	2.33544	0.1312	9.61529e-10	1.29731	0.212128	0.0751293	0.467062	0.262442	0.0787151	-0.773145	0.439739	4.90183e-17	3.38524	0.403532	0	0	1.7166e-24
86	rs1	1:1	2:0.4635	rs2	1:2	2:0.25475	0	1000	1	4.15099e-81	2.3976	0.1257	5.81921e-10	1.21728	0.196485	0.699368	-0.128152	0.331851	0.0879342	-0.633437	0.371213	8.25941e-20	4.06337	0.446048	0	0	1.32685e-31
87	rs1	1:1	2:0.457	rs2	1:2	2:0.24775	0	1000	1	2.19404e-74	2.34918	0.128745	1.63714e-09	1.25735	0.208507	0.890039	0.0414962	0.300142	0.0420123	-0.85105	0.418536	4.53143e-19	4.18191	0.468658	0	0	9.05349e-32
88	rs1	1:1	2:0.4665	rs2	1:2	2:0.25225	0	1000	1	0	2.44835	0.126253	4.59332e-08	1.09822	0.200905	0.471546	0.198319	0.275456	0.00382383	-1.72581	0.596681	1.00191e-18	4.39676	0.497658	0	0	6.90819e-35
89	rs1	1:1	2:0.4585	rs2	1:2	2:0.2455	0	1000	1	4.69375e-71	2.3015	0.129132	7.05615e-11	1.35626	0.208033	0.84144	-0.0617251	0.308544	0.0674564	-0.799175	0.437037	1.09962e-18	4.33436	0.491175	0	0	5.66853e-33
90	rs1	1:1	2:0.454	rs2	1:2	2:0.2405	0	1000	1	3.10245e-63	2.27323	0.135426	1.40903e-11	1.48147	0.219251	0.375078	0.260376	0.293546	0.465698	-0.280797	0.384919	2.32194e-16	3.58678	0.43719	0	0	2.8184e-24
91	rs1	1:1	2:0.44525	rs2	1:2	2:0.24525	0	1000	1	1.65769e-74	2.44961	0.134136	6.86741e-08	1.0912	0.202277	0.156745	0.42032	0.296814	0.731104	-0.103407	0.300902	3.7819e-15	3.33308	0.42395	0	0	1.02435e-21
92	rs1	1:1	2:0.4635	rs2	1:2	2:0.25025	0	1000	1	4.94407e-68	2.19568	0.125976	4.11808e-18	1.71969	0.198224	0.475095	-0.244234	0.341962	0.383245	0.25164	0.288601	8.70859e-18	3.89062	0.452932	0	0	3.39202e-29
93	rs1	1:1	2:0.4605	rs2	1:2	2:0.2475	0	1000	1	1.62408e-69	2.17029	0.123147	2.94623e-15	1.55286	0.196735	0.101714	-0.611716	0.373773	0.442624	-0.256161	0.333643	9.19656e-20	4.53627	0.498597	0	0	3.82771e-37
94	rs1	1:1	2:0.4515	rs2	1:2	2:0.24325	0	1000	1	1.15643e-69	2.21474	0.125532	1.74145e-12	1.39782	0.198166	0.385205	0.233224	0.268584	0.667916	-0.137052	0.319462	4.61688e-18	3.45453	0.398793	0	0	8.20641e-27
95	rs1	1:1	2:0.45925	rs2	1:2	2:0.24525	0	1000	1	3.14508e-73	2.19667	0.121358	1.56482e-14	1.46723	0.190993	0.374525	0.228652	0.257483	0.70009	-0.119822	0.311064	2.1211e-19	3.40518	0.378066	0	0	2.51712e-28
96	rs1	1:1	2:0.451	rs2	1:2	2:0.24425	0	1000	1	8.06745e-76	2.26749	0.123056	2.0054e-07	1.02996	0.198114	0.280729	-0.336811	0.312243	0.00171741	-2.02097	0.644607	4.60724e-20	5.0443	0.549917	0	0	7.30101e-43
97	rs1	1:1	2:0.45975	rs2	1:2	2:0.25325	0	1000	1	3.75928e-79	2.45143	0.130139	4.0815e-10	1.24257	0.198783	0.803954	0.0788217	0.317531	0.283721	-0.371856	0.346882	7.5076e-17	4.13804	0.496242	0	0	5.16113e-30
98	rs1	1:1	2:0.458	rs2	1:2	2:0.24875	0	1000	1	1.64637e-71	2.22367	0.124356	3.51619e-14	1.47891	0.195164	0.789445	-0.0829096	0.310487	0.897761	-0.0390634	0.304018	6.52416e-19	3.7908	0.426761	0	0	2.54985e-30
99	rs1	1:1	2:0.464	rs2	1:2	2:0.25125	0	1000	1	1.03808e-73	2.43936	0.134314	5.1408e-12	1.44367	0.209178	0.141121	0.429777	0.292042	0.87046	-0.0553353	0.339325	1.13988e-15	3.44877	0.430516	0	0	3.80714e-23
100	rs1	1:1	2:0.45975	rs2	1:2	2:0.24925	0	1000	1	6.40046e-75	2.26385	0.123613	9.87998e-12	1.35088	0.198418	0.812135	0.0667984	0.281052	0.100082	-0.611164	0.37165	1.89475e-20	3.84207	0.414547	0	0	1.6681e-31
101	rs1	1:1	2:0.4705	rs2	1:2	2:0.2585	0	1000	1	1.32935e-73	2.24227	0.123554	8.63166e-15	1.56726	0.20202	0.314439	-0.350436	0.348363	0.133431	-0.573896	0.382416	1.5043e-20	4.27475	0.460012	0	0	1.70398e-35
102	rs1	1:1	2:0.4585	rs2	1:2	2:0.25075	0	1000	1	3.13584e-72	2.3369	0.130018	1.27594e-10	1.31874	0.205091	0.547796	-0.207366	0.344997	0.138928	-0.578123	0.390678	1.20879e-18	4.27069	0.484541	0	0	1.33881e-31
103	rs1	1:1	2:0.4575	rs2	1:2	2:0.2485	0	1000	1	1.92314e-72	2.28489	0.126933	1.59298e-09	1.22632	0.203213	0.538002	-0.201851	0.327767	0.0319905	-0.93821	0.43749	5.32748e-20	4.18585	0.457112	0	0	5.24277e-33
104	rs1	1:1	2:0.455	rs2	1:2	2:0.243	0	1000	1	1.57472e-62	2.22868	0.133541	9.4906e-16	1.70051	0.211684	0.289238	0.311846	0.294251	0.305155	0.318533	0.31063	6.38649e-15	3.25393	0.41738	0	0	4.41589e-21
105	rs1	1:1	2:0.46275	rs2	1:2	2:0.251	0	1000	1	1.41123e-75	2.46139	0.1338	3.97641e-11	1.38353	0.209468	0.630507	0.15494	0.322112	0.439565	-0.275561	0.356516	5.26092e-16	4.03753	0.498133	0	0	2.60955e-27
106	rs1	1:1	2:0.4685	rs2	1:2	2:0.253	0	1000	1	1.86377e-67	2.18413	0.125863	1.95684e-21	1.89741	0.199574	0.315497	-0.362224	0.360869	0.237272	0.346099	0.292849	1.4335e-17	3.99351	0.46804	0	0	6.32365e-29
107	rs1	1:1	2:0.4605	rs2	1:2	2:0.2425	0	1000	1	4.21464e-63	2.13742	0.127473	1.13093e-14	1.62482	0.210371	0.38503	-0.279973	0.322303	0.158403	-0.593492	0.420777	1.10061e-19	4.37541	0.481952	0	0	4.83442e-35
108	rs1	1:1	2:0.45975	rs2	1:2	2:0.24825	0	1000	1	1.33432e-65	2.17369	0.12707	1.30936e-15	1.62817	0.203682	0.530278	-0.205763	0.327866	0.71383	-0.123506	0.336787	7.43426e-19	3.93808	0.444068	0	0	4.80887e-30
109	rs1	1:1	2:0.4535	rs2	1:2	2:0.24325	0	1000	1	4.95341e-63	2.14406	0.127943	2.66687e-14	1.55729	0.204542	0.696836	-0.12652	0.324748	0.792384	0.0812813	0.308801	9.19976e-18	3.60517	0.42001	0	0	5.81737e-27
110	rs1	1:1	2:0.46175	rs2	1:2	2:0.25275	0	1000	1	1.05262e-75	2.45359	0.133261	1.36638e-12	1.42256	0.200717	0.196457	0.393035	0.304275	0.602842	0.154387	0.296718	3.78832e-15	3.38793	0.430939	0	0	2.61463e-22
111	rs1	1:1	2:0.45125	rs2	1:2	2:0.24775	0	1000	1	4.59213e-77	2.36961	0.12753	1.83082e-10	1.24089	0.194653	0.804002	0.076117	0.306711	0.617062	-0.149801	0.299591	1.1103e-16	3.94464	0.475696	0	0	5.25087e-29
112	rs1	1:1	2:0.45375	rs2	1:2	2:0.24475	0	1000	1	4.98961e-66	2.17349	0.126635	9.6273e-14	1.50926	0.202696	0.188818	-0.468778	0.356734	0.43844	-0.264833	0.341796	2.27061e-18	4.5062	0.515408	0	0	8.14603e-35
113	rs1	1:1	2:0.45675	rs2	1:2	2:0.248	0	1000	1	3.25156e-70	2.314	0.130629	1.25299e-12	1.45508	0.204958	0.209787	-0.508998	0.40585	0.772234	-0.092918	0.321012	6.18502e-17	4.43534	0.530439	0	0	1.83444e-30
114	rs1	1:1	2:0.45675	rs2	1:2	2:0.24625	0	1000	1	2.99855e-64	2.0632	0.12191	8.38631e-23	1.86219	0.189445	0.655834	-0.132826	0.298035	0.0266337	0.553661	0.249752	1.40623e-16	3.77472	0.456755	0	0	5.31979e-29
115	rs1	1:1	2:0.4525	rs2	1:2	2:0.246	0	1000	1	1.18543e-67	2.13627	0.122921	1.57907e-12	1.38838	0.196449	0.482062	-0.217972	0.310064	0.242431	-0.403213	0.344941	1.35902e-20	3.88425	0.417505	0	0	1.066e-32
116	rs1	1:1	2:0.46975	rs2	1:2	2:0.24825	0	1000	1	1.80895e-66	2.36598	0.137379	2.88266e-14	1.70288	0.22396	0.137428	0.423123	0.284848	0.618372	-0.202887	0.407274	7.56183e-16	3.58168	0.444318	0	0	8.07725e-24
117	rs1	1:1	2:0.4675	rs2	1:2	2:0.25525	0	1000	1	2.2387e-77	2.45512	0.131858	1.52405e-12	1.45156	0.205247	0.828446	-0.0778693	0.359351	0.679724	-0.13817	0.334681	6.06599e-17	4.08069	0.487892	0	0	2.41197e-28
118	rs1	1:1	2:0.4625	rs2	1:2	2:0.25175	0	1000	1	2.47083e-81	2.40773	0.126054	7.10614e-08	1.09562	0.203326	0.7246	0.099158	0.281445	0.00292386	-1.71649	0.576848	1.91875e-19	4.49676	0.498653	0	0	3.85239e-36
119	rs1	1:1	2:0.4565	rs2	1:2	2:0.251	0	1000	1	1.79725e-77	2.23047	0.119717	9.82138e-11	1.2443	0.192328	0.611817	-0.148887	0.293384	0.041832	-0.730717	0.359042	2.44932e-22	4.02388	0.413929	0	0	1.83906e-35
120	rs1	1:1	2:0.4585	rs2	1:2	2:0.249	0	1000	1	1.62257e-75	2.49848	0.135871	1.03889e-08	1.21057	0.211481	0.0310542	0.612557	0.284067	0.480971	-0.249236	0.353656	6.07976e-15	3.18575	0.40831	0	0	1.92103e-20
121	rs1	1:1	2:0.46025	rs2	1:2	2:0.25325	0	1000	1	1.38828e-79	2.43698	0.129012	9.73321e-10	1.23119	0.201381	0.419048	0.235703	0.291685	0.214476	-0.436307	0.351478	3.6487e-18	3.79871	0.437174	0	0	1.20103e-28
122	rs1	1:1	2:0.46175	rs2	1:2	2:0.25125	0	1000	1	1.18352e-70	2.36165	0.132893	4.74018e-15	1.61798	0.206543	0.68109	0.137392	0.334305	0.313	0.297769	0.295129	3.05472e-15	3.54665	0.449589	0	0	7.24495e-23
123	rs1	1:1	2:0.46675	rs2	1:2	2:0.25375	0	1000	1	2.03287e-69	2.26375	0.128542	2.29255e-13	1.52831	0.208486	0.0213678	-1.19329	0.5185	0.0816009	-0.745287	0.427964	1.165e-17	5.35104	0.625389	0	0	6.43683e-39
124	rs1	1:1	2:0.46025	rs2	1:2	2:0.249	0	1000	1	5.30861e-72	2.17015	0.120937	2.46639e-13	1.42691	0.194914	0.0586892	-0.742851	0.392936	0.113219	-0.577072	0.364339	9.83804e-21	4.65745	0.498775	0	0	3.91113e-40
125	rs1	1:1	2:0.4585	rs2	1:2	2:0.2565	0	1000	1	3.29444e-81	2.32997	0.122077	1.29837e-11	1.2592	0.186029	0.78264	-0.0898097	0.325538	0.722675	-0.101022	0.284659	6.56037e-19	3.68148	0.414482	0	0	3.38254e-29
126	rs1	1:1	2:0.466	rs2	1:2	2:0.2505	0	1000	1	5.58927e-72	2.1774	0.121361	1.03685e-15	1.55322	0.193611	0.420073	-0.249174	0.309036	0.271932	-0.390076	0.355058	3.43916e-21	4.16364	0.440669	0	0	1.45626e-36
127	rs1	1:1	2:0.45925	rs2	1:2	2:0.2495	0	1000	1	2.61457e-71	2.37036	0.132752	3.63842e-13	1.5124	0.20808	0.803345	-0.0852986	0.342536	0.805916	-0.0809169	0.329334	1.0131e-12	4.58498	0.64317	0	0	3.34935e-30
128	rs1	1:1	2:0.46625	rs2	1:2	2:0.256	0	1000	1	2.57394e-79	2.36465	0.125399	2.34366e-11	1.33648	0.199987	0.709632	-0.120303	0.323091	0.0823719	-0.66541	0.383061	2.97703e-20	4.17917	0.453283	0	0	9.12915e-34
129	rs1	1:1	2:0.46025	rs2	1:2	2:0.24625	0	1000	1	2.72647e-75	2.2825	0.124317	1.8014e-09	1.20915	0.20103	0.262681	-0.381974	0.341025	0.0103825	-1.22715	0.478828	4.3539e-21	4.51619	0.479236	0	0	3.72819e-37
130	rs1	1:1	2:0.4665	rs2	1:2	2:0.25075	0	1000	1	1.34713e-74	2.32965	0.127488	2.95154e-13	1.48264	0.203196	0.344599	0.264533	0.279895	0.431828	-0.282077	0.358845	2.32551e-18	3.55876	0.407168	0	0	3.8422e-27
131	rs1	1:1	2:0.4585	rs2	1:2	2:0.245	0	1000	1	1.2804e-72	2.24806	0.124731	6.02858e-12	1.3805	0.200685	0.768779	0.0817893	0.278221	0.130836	-0.574784	0.380447	6.49273e-20	3.89113	0.425922	0	0	8.49202e-32
132	rs1	1:1	2:0.4575	rs2	1:2	2:0.24775	0	1000	1	4.84772e-70	2.16368	0.122299	4.07955e-13	1.42986	0.197143	0.241121	-0.393965	0.336093	0.170884	-0.488648	0.356842	5.75265e-21	4.19557	0.446602	0	0	1.58982e-35
133	rs1	1:1	2:0.45875	rs2	1:2	2:0.2555	0	1000	1	3.29444e-83	2.50093	0.129487	3.37399e-08	1.09034	0.197495	0.103941	0.446057	0.274321	0.16822	-0.485574	0.352389	2.24714e-17	3.5678	0.420719	0	0	2.74571e-26
134	rs1	1:1	2:0.46025	rs2	1:2	2:0.24825	0	1000	1	2.44341e-77	2.39945	0.128901	1.39839e-10	1.30781	0.203834	0.0928755	0.446198	0.265527	0.284714	-0.383021	0.358033	3.21016e-17	3.52474	0.41769	0	0	6.36673e-26
135	rs1	1:1	2:0.4575	rs2	1:2	2:0.254	0	1000	1	1.09472e-71	2.44688	0.136666	7.37913e-07	1.08846	0.219842	0.347477	-0.39904	0.42474	0.0309074	-0.948259	0.439362	7.35984e-17	4.43558	0.531774	0	0	6.92791e-30
136	rs1	1:1	2:0.4515	rs2	1:2	2:0.24725	0	1000	1	1.68613e-73	2.21181	0.121963	1.18789e-11	1.31396	0.193752	0.727372	0.0980278	0.281185	0.462063	-0.225655	0.306824	1.8723e-19	3.43852	0.38119	0	0	1.36789e-27
137	rs1	1:1	2:0.45875	rs2	1:2	2:0.2465	0	1000	1	1.31777e-82	2.43434	0.126391	9.13325e-09	1.11592	0.194206	0.108473	0.421674	0.262709	0.0962233	-0.64396	0.387124	6.99332e-18	3.65951	0.424783	0	0	3.29579e-28
138	rs1	1:1	2:0.465	rs2	1:2	2:0.25475	0	1000	1	1.83239e-70	2.26127	0.12742	4.92533e-15	1.59019	0.20312	0.870002	-0.0544675	0.332817	0.864273	0.0537206	0.31427	1.37319e-17	3.62531	0.42464	0	0	4.52e-27
139	rs1	1:1	2:0.4635	rs2	1:2	2:0.24775	0	1000	1	4.27891e-73	2.37953	0.131584	8.14401e-10	1.31839	0.214648	0.254578	0.310982	0.272959	0.0290924	-1.13408	0.51969	7.60987e-18	4.03969	0.469441	0	0	6.28909e-30
140	rs1	1:1	2:0.454	rs2	1:2	2:0.24175	0	1000	1	4.07495e-64	2.18956	0.129515	1.33482e-14	1.5982	0.207492	0.882106	-0.0457596	0.308561	0.824547	-0.074366	0.335434	2.7125e-17	3.94858	0.466828	0	0	8.77345e-29
141	rs1	1:1	2:0.46475	rs2	1:2	2:0.25	0	1000	1	7.82184e-68	2.26738	0.130286	7.85555e-16	1.65498	0.205424	0.87037	0.0537796	0.329556	0.403843	0.253375	0.303524	2.9157e-16	3.41742	0.417943	0	0	1.23358e-23
142	rs1	1:1	2:0.44225	rs2	1:2	2:0.24575	0	1000	1	1.19569e-66	2.22544	0.12904	7.98031e-14	1.46523	0.196132	0.68943	0.121162	0.303186	0.243519	0.307527	0.263692	1.16636e-15	3.48643	0.43537	0	0	3.40834e-24
143	rs1	1:1	2:0.4585	rs2	1:2	2:0.248	0	1000	1	6.32714e-75	2.44504	0.133502	2.58482e-08	1.16278	0.208853	0.946266	-0.0221542	0.328712	0.0328689	-1.0689	0.500968	2.46753e-17	4.53294	0.535217	0	0	1.77352e-32
144	rs1	1:1	2:0.4545	rs2	1:2	2:0.24975	0	1000	0	3.17742e-73	2.37	0.130938	5.88326e-13	1.42936	0.198436	0.625134	0.146567	0.299981	0.782346	0.0804046	0.291044	0.999549	24.0952	42636.5	0	0	1
145	rs1	1:1	2:0.4625	rs2	1:2	2:0.248	0	1000	1	1.3633e-71	2.32909	0.130176	2.47001e-13	1.48883	0.203378	0.938671	-0.0258515	0.335994	0.996021	0.00159664	0.32013	3.70848e-17	3.7151	0.441131	0	0	4.66004e-26
146	rs1	1:1	2:0.465	rs2	1:2	2:0.2455	0	1000	1	1.99618e-61	2.07756	0.125633	3.46815e-17	1.74035	0.206456	0.750437	-0.09329	0.293307	0.528416	-0.234891	0.372591	6.21848e-20	3.83406	0.41946	0	0	3.08764e-32
147	rs1	1:1	2:0.461	rs2	1:2	2:0.2515	0	1000	1	5.63164e-78	2.46142	0.131675	2.24676e-08	1.1544	0.206444	0.00386916	0.735845	0.254738	0.184454	-0.510041	0.384309	1.76749e-15	3.00976	0.37827	0	0	1.41155e-20
148	rs1	1:1	2:0.453	rs2	1:2	2:0.2425	0	1000	1	2.39309e-68	2.20103	0.125984	6.29447e-11	1.33961	0.20494	0.832364	-0.0640458	0.302573	0.14636	-0.541518	0.372816	7.4583e-20	3.80191	0.41684	0	0	3.32002e-30
149	rs1	1:1	2:0.447	rs2	1:2	2:0.23925	0	1000	1	3.72359e-70	2.29376	0.129542	6.77438e-09	1.21319	0.2093	0.094395	0.415984	0.248697	0.100491	-0.645016	0.39271	1.85582e-17	3.64504	0.428703	0	0	1.2918e-27
150	rs1	1:1	2:0.45425	rs2	1:2	2:0.24725	0	1000	1	4.38137e-70	2.31152	0.130613	6.13568e-10	1.27024	0.205311	0.213688	-0.500859	0.402786	0.232407	-0.437803	0.366613	8.1507e-18	4.33303	0.50399	0	0	5.75278e-31
151	rs1	1:1	2:0.454	rs2	1:2	2:0.243	0	1000	1	3.81353e-71	2.22047	0.124504	2.31448e-12	1.37794	0.196454	0.802566	0.0697165	0.278835	0.301508	-0.35999	0.348421	6.3568e-19	3.84037	0.4322	0	0	1.0422e-30
152	rs1	1:1	2:0.4475	rs2	1:2	2:0.244	0	1000	1	1.00935e-69	2.22261	0.125923	6.68382e-13	1.41374	0.196742	0.305384	0.282643	0.275762	0.69897	0.110185	0.284929	7.62818e-17	3.20172	0.384043	0	0	2.18385e-23
153	rs1	1:1	2:0.459	rs2	1:2	2:0.25225	0	1000	1	3.50224e-76	2.46552	0.133477	1.22388e-08	1.1695	0.205307	0.615685	0.163874	0.326459	0.187785	-0.502531	0.381526	6.46044e-17	3.76099	0.450068	0	0	1.23545e-25
154	rs1	1:1	2:0.45275	rs2	1:2	2:0.247	0	1000	1	2.55381e-74	2.20993	0.121168	1.06766e-10	1.23708	0.191587	0.775148	0.0810819	0.283853	0.291662	-0.337469	0.320033	1.63612e-19	3.37229	0.373237	0	0	3.39404e-27
155	rs1	1:1	2:0.462	rs2	1:2	2:0.2475	0	1000	1	3.94157e-71	2.24715	0.126013	6.99835e-10	1.27202	0.206291	0.724502	0.0971435	0.275624	0.00995872	-1.35425	0.52546	1.37078e-19	4.02062	0.444042	0	0	1.2633e-32
156	rs1	1:1	2:0.44925	rs2	1:2	2:0.24625	0	1000	1	2.9387e-68	2.17392	0.124516	2.25459e-15	1.53374	0.193496	0.407349	0.225374	0.272004	0.328729	0.264085	0.270391	9.39414e-17	3.31934	0.399333	0	0	5.63406e-25
157	rs1	1:1	2:0.4515	rs2	1:2	2:0.24425	0	1000	1	1.73771e-66	2.37613	0.13795	1.61601e-08	1.25037	0.221352	0.993785	-0.0026689	0.342612	0.178611	-0.540778	0.402052	8.01086e-17	4.01277	0.481663	0	0	8.65682e-27
158	rs1	1:1	2:0.45125	rs2	1:2	2:0.245	0	1000	1	4.37484e-71	2.27497	0.127615	1.40531e-10	1.29878	0.20245	0.833862	0.0622783	0.296914	0.29652	-0.360167	0.345012	1.69292e-18	3.78882	0.431722	0	0	7.20191e-29
159	rs1	1:1	2:0.45725	rs2	1:2	2:0.244	0	1000	1	8.13833e-63	2.15063	0.128561	1.5186e-14	1.60883	0.20932	0.574975	-0.176909	0.315493	0.390821	-0.321532	0.37469	8.7516e-19	4.11122	0.464544	0	0	1.66964e-31
160	rs1	1:1	2:0.4615	rs2	1:2	2:0.24975	0	1000	1	1.13424e-73	2.35705	0.129816	1.70985e-12	1.44495	0.204775	0.995708	0.00170549	0.317058	0.381332	-0.310562	0.354747	3.86621e-17	4.18465	0.497173	0	0	1.37938e-30
161	rs1	1:1	2:0.45475	rs2	1:2	2:0.25075	0	1000	1	1.55588e-75	2.26122	0.122954	2.75715e-10	1.22594	0.194228	0.281344	-0.382073	0.354657	0.145457	-0.48701	0.334539	5.26316e-20	4.07685	0.445144	0	0	5.36747e-33
162	rs1	1:1	2:0.46125	rs2	1:2	2:0.25275	0	1000	1	1.03577e-79	2.41806	0.127905	4.77131e-10	1.21935	0.195834	0.592601	-0.188067	0.351481	0.211209	-0.445086	0.355998	1.93537e-18	4.27633	0.48811	0	0	6.85146e-33
163	rs1	1:1	2:0.464	rs2	1:2	2:0.2555	0	1000	1	4.09202e-79	2.44451	0.129803	3.24069e-09	1.22787	0.207449	0.514448	-0.235901	0.361852	0.0439629	-0.820258	0.407188	3.47643e-19	4.37772	0.488996	0	0	3.44792e-32
164	rs1	1:1	2:0.454	rs2	1:2	2:0.246	0	1000	1	2.96063e-73	2.25242	0.124415	7.65506e-09	1.17837	0.204015	0.482822	-0.214048	0.305012	0.00524953	-1.39923	0.50128	4.01751e-21	4.62332	0.490166	0	0	9.49534e-40
165	rs1	1:1	2:0.4545	rs2	1:2	2:0.2505	0	1000	1	1.14047e-75	2.4304	0.132032	1.17757e-08	1.17154	0.205427	0.264921	0.324327	0.290919	0.248495	-0.409689	0.355013	5.98562e-17	3.62813	0.433701	0	0	1.1597e-25
166	rs1	1:1	2:0.4665	rs2	1:2	2:0.25825	0	1000	1	1.80206e-80	2.42808	0.127814	6.01189e-11	1.31479	0.200933	0.665879	-0.150893	0.349442	0.188589	-0.46642	0.354755	7.01847e-19	4.06089	0.457586	0	0	8.599e-30
167	rs1	1:1	2:0.45	rs2	1:2	2:0.243	0	1000	1	1.25231e-71	2.37607	0.132766	2.08476e-09	1.25003	0.208649	0.254559	0.326913	0.28693	0.389569	-0.298483	0.346912	5.1528e-16	3.67012	0.452663	0	0	2.60643e-25
168	rs1	1:1	2:0.4625	rs2	1:2	2:0.24825	0	1000	1	3.7093e-65	2.05763	0.120707	2.80474e-17	1.66703	0.197178	0.325866	-0.314967	0.320586	0.651684	-0.148064	0.327994	1.84104e-20	3.79512	0.409346	0	0	3.3487e-32
169	rs1	1:1	2:0.4595	rs2	1:2	2:0.2525	0	1000	1	1.75996e-71	2.28905	0.12804	1.31867e-13	1.49298	0.201638	0.168973	-0.585807	0.425883	0.942942	-0.0220052	0.30745	7.37856e-17	4.36549	0.523389	0	0	2.57561e-31
170	rs1	1:1	2:0.451	rs2	1:2	2:0.24425	0	1000	1	2.71323e-72	2.40521	0.133759	4.59921e-06	0.991338	0.216341	0.460979	0.219319	0.297488	0.00891131	-1.36704	0.522681	1.73034e-17	3.9783	0.467453	0	0	6.49829e-28
171	rs1	1:1	2:0.45525	rs2	1:2	2:0.24875	0	1000	1	2.13928e-77	2.35596	0.126516	4.37071e-09	1.15667	0.197064	0.138181	-0.592256	0.399471	0.0626129	-0.71387	0.383403	3.34541e-19	4.7363	0.5288	0	0	1.20689e-36
172	rs1	1:1	2:0.4565	rs2	1:2	2:0.2475	0	1000	1	1.50806e-73	2.23105	0.122983	3.4301e-15	1.50527	0.191166	0.621204	0.139109	0.281515	0.666261	0.121006	0.28057	5.99964e-18	3.51321	0.406973	0	0	2.05117e-27
173	rs1	1:1	2:0.4615	rs2	1:2	2:0.25075	0	1000	1	4.30304e-63	2.08578	0.124403	1.85306e-19	1.79343	0.198792	0.520232	-0.214414	0.333465	0.167115	0.385871	0.279306	1.32514e-17	3.57367	0.41839	0	0	1.28668e-27
174	rs1	1:1	2:0.4565	rs2	1:2	2:0.2475	0	1000	1	3.27417e-70	2.32369	0.131178	5.68667e-13	1.48172	0.205572	0.741785	-0.111605	0.338721	0.87878	-0.0487461	0.319612	1.00288e-14	4.35375	0.56258	0	0	2.61954e-30
175	rs1	1:1	2:0.4585	rs2	1:2	2:0.24925	0	1000	1	1.60099e-69	2.26341	0.128425	1.63182e-12	1.45383	0.205843	0.690908	-0.134745	0.338876	0.578726	-0.186023	0.335028	4.21628e-18	3.80731	0.438994	0	0	4.07623e-28
176	rs1	1:1	2:0.44925	rs2	1:2	2:0.2475	0	1000	1	1.25031e-70	2.22268	0.125095	2.30569e-14	1.47689	0.193505	0.759731	-0.0976857	0.319407	0.602912	0.142983	0.274852	2.41998e-17	3.78837	0.447184	0	0	6.85735e-28
177	rs1	1:1	2:0.4545	rs2	1:2	2:0.24575	0	1000	1	6.83934e-76	2.29958	0.124738	5.51836e-12	1.3353	0.193758	0.453639	0.201165	0.268448	0.361824	-0.299717	0.328675	2.79085e-16	4.00828	0.489888	0	0	3.13579e-31
178	rs1	1:1	2:0.458	rs2	1:2	2:0.24475	0	1000	1	4.7989e-62	2.2483	0.135257	4.20215e-13	1.57431	0.21718	0.176388	-0.583633	0.431694	0.692396	-0.143379	0.36243	2.2201e-16	4.38587	0.53424	0	0	3.86367e-29
179	rs1	1:1	2:0.46	rs2	1:2	2:0.24625	0	1000	1	5.85359e-69	2.24799	0.128084	5.76057e-13	1.47613	0.204847	0.506958	-0.224781	0.338739	0.381496	-0.314837	0.359755	6.77756e-19	4.09528	0.461259	0	0	1.64033e-31
180	rs1	1:1	2:0.459	rs2	1:2	2:0.2445	0	1000	1	2.77594e-67	2.29787	0.132592	6.6497e-12	1.4639	0.213241	0.201941	0.352467	0.276219	0.401688	-0.324795	0.387302	8.0624e-17	3.51402	0.421835	0	0	5.79884e-25
181	rs1	1:1	2:0.455	rs2	1:2	2:0.2475	0	1000	1	1.29628e-72	2.35938	0.130913	1.37217e-10	1.32457	0.206353	0.502355	0.194203	0.289514	0.246649	-0.425234	0.367047	7.53298e-16	4.09239	0.507642	0	0	2.08137e-29
182	rs1	1:1	2:0.4605	rs2	1:2	2:0.25225	0	1000	1	9.4724e-78	2.32106	0.124351	8.24583e-13	1.3761	0.192273	0.249413	0.310887	0.26992	0.715283	-0.112225	0.307661	3.83178e-18	3.4049	0.392103	0	0	1.68317e-26
183	rs1	1:1	2:0.45425	rs2	1:2	2:0.24875	0	1000	1	8.42211e-76	2.55374	0.138609	1.72448e-07	1.1198	0.21424	0.0374759	0.596998	0.286944	0.350644	-0.329159	0.352667	6.20654e-15	3.39633	0.435445	0	0	1.80301e-21
184	rs1	1:1	2:0.45975	rs2	1:2	2:0.2485	0	1000	1	2.4856e-68	2.20975	0.126499	7.33022e-13	1.47143	0.205131	0.578225	-0.180758	0.325116	0.263123	-0.409678	0.366098	1.6411e-19	3.93947	0.436027	0	0	7.95136e-31
185	rs1	1:1	2:0.4555	rs2	1:2	2:0.2475	0	1000	1	1.35657e-70	2.19695	0.123678	4.29015e-13	1.43087	0.197468	0.230989	-0.434238	0.362525	0.634651	-0.146981	0.309309	5.68367e-19	3.95106	0.444036	0	0	6.25707e-30
186	rs1	1:1	2:0.45725	rs2	1:2	2:0.24625	0	1000	1	1.64425e-79	2.3263	0.12321	1.94359e-09	1.17278	0.195383	0.117594	0.378438	0.241821	0.0457177	-0.801524	0.401165	1.50357e-19	3.69676	0.408731	0	0	4.08158e-31
187	rs1	1:1	2:0.4665	rs2	1:2	2:0.25325	0	1000	1	7.73257e-72	2.36703	0.132063	2.2742e-10	1.35517	0.213695	0.395515	-0.31784	0.37408	0.0355577	-1.0308	0.490402	1.55213e-18	4.53824	0.51654	0	0	2.81493e-33
188	rs1	1:1	2:0.465	rs2	1:2	2:0.25275	0	1000	1	1.62438e-77	2.44823	0.131367	4.39533e-11	1.34621	0.204277	0.42922	0.236179	0.298761	0.272085	-0.413337	0.376351	5.19706e-17	3.94192	0.470275	0	0	1.92386e-28
189	rs1	1:1	2:0.45775	rs2	1:2	2:0.246	0	1000	1	3.1547e-75	2.38778	0.130107	6.56362e-10	1.26094	0.204159	0.326815	0.277115	0.282612	0.182571	-0.510918	0.383319	1.75069e-17	3.81535	0.448377	0	0	3.19377e-28
190	rs1	1:1	2:0.458	rs2	1:2	2:0.24625	0	1000	1	4.93542e-70	2.32997	0.131705	1.94496e-10	1.3547	0.212814	0.442223	-0.274935	0.35778	0.0972012	-0.689137	0.415499	1.77031e-18	4.45638	0.508079	0	0	1.60752e-32
191	rs1	1:1	2:0.46225	rs2	1:2	2:0.24875	0	1000	1	6.88614e-77	2.33197	0.125651	4.53601e-09	1.17757	0.200836	0.382078	-0.288491	0.330054	0.00556329	-1.50461	0.542695	2.8096e-20	4.66323	0.505445	0	0	1.88644e-37
192	rs1	1:1	2:0.45825	rs2	1:2	2:0.24975	0	1000	1	8.10836e-71	2.38584	0.134094	5.5101e-10	1.32193	0.213082	0.706819	-0.130018	0.345672	0.111355	-0.673675	0.423128	4.06312e-17	4.46689	0.531074	0	0	3.6755e-31
193	rs1	1:1	2:0.45975	rs2	1:2	2:0.24725	0	1000	1	2.53352e-65	2.26361	0.132617	3.3784e-12	1.50488	0.216186	0.623824	-0.169335	0.345272	0.255266	-0.452445	0.397701	4.93102e-18	4.05645	0.468685	0	0	1.30854e-28
194	rs1	1:1	2:0.463	rs2	1:2	2:0.24575	0	1000	1	2.28152e-65	2.24397	0.131419	1.12799e-15	1.69416	0.211451	0.966914	0.0131489	0.317006	0.983982	0.00690073	0.343724	4.74854e-17	3.83656	0.457127	0	0	3.03717e-27
195	rs1	1:1	2:0.46175	rs2	1:2	2:0.25375	0	1000	1	5.01838e-72	2.31427	0.128947	5.35795e-14	1.51842	0.20184	0.782542	-0.0955582	0.346215	0.824193	0.0678283	0.305319	4.71139e-17	3.74315	0.445949	0	0	2.89795e-26
196	rs1	1:1	2:0.4515	rs2	1:2	2:0.2465	0	1000	1	2.66968e-73	2.26076	0.124837	4.15571e-09	1.17391	0.199717	0.748519	-0.097925	0.305449	0.048002	-0.752211	0.380413	1.6404e-20	3.95298	0.425809	0	0	5.44263e-32
197	rs1	1:1	2:0.4595	rs2	1:2	2:0.25125	0	1000	1	9.93931e-75	2.42806	0.132753	1.67722e-09	1.26376	0.209706	0.250906	0.334146	0.291029	0.20669	-0.480717	0.3807	4.13027e-17	3.65209	0.4343	0	0	1.00778e-25
198	rs1	1:1	2:0.4645	rs2	1:2	2:0.2515	0	1000	1	7.35536e-74	2.35483	0.129524	1.3322e-12	1.44251	0.20343	0.960859	0.015901	0.324007	0.493636	-0.238774	0.348812	5.87522e-18	3.80879	0.441089	0	0	1.82161e-27
199	rs1	1:1	2:0.461	rs2	1:2	2:0.2475	0	1000	1	4.16097e-67	2.11699	0.122319	1.01055e-15	1.60598	0.200108	0.137748	-0.523289	0.352566	0.259493	-0.401211	0.355813	8.08385e-21	4.35024	0.464841	0	0	2.09542e-36
200	rs1	1:1	2:0.46425	rs2	1:2	2:0.25125	0	1000	1	9.42983e-74	2.26925	0.124911	2.94586e-13	1.44562	0.198116	0.397576	-0.284635	0.336465	0.20961	-0.463443	0.369383	6.49436e-20	4.29955	0.470628	0	0	3.52959e-35
201	rs1	1:1	2:0.4565	rs2	1:2	2:0.252	0	1000	1	9.66084e-75	2.28802	0.125086	1.10114e-13	1.44402	0.194398	0.79651	0.077466	0.300411	0.925329	0.0271152	0.289312	4.40603e-18	3.63742	0.419648	0	0	6.22969e-28
202	rs1	1:1	2:0.459	rs2	1:2	2:0.24975	0	1000	1	2.42362e-71	2.30018	0.128791	2.04506e-11	1.38908	0.20724	0.839297	-0.0653084	0.322045	0.241665	-0.428721	0.366166	8.13438e-19	3.98641	0.450026	0	0	2.15731e-30
203	rs1	1:1	2:0.4665	rs2	1:2	2:0.24925	0	1000	1	2.11973e-74	2.25743	0.123704	3.85217e-13	1.44758	0.199373	0.345831	-0.310567	0.329442	0.0630203	-0.804015	0.432487	3.40881e-20	4.63515	0.503533	0	0	8.35595e-40
204	rs1	1:1	2:0.4565	rs2	1:2	2:0.24725	0	1000	1	1.59121e-80	2.26748	0.119319	1.12761e-11	1.25429	0.184749	0.16966	0.331814	0.241618	0.313781	-0.315997	0.313701	5.66244e-20	3.43742	0.375651	0	0	4.38538e-30
205	rs1	1:1	2:0.45375	rs2	1:2	2:0.2465	0	1000	1	1.48255e-76	2.3364	0.12617	6.67829e-09	1.15167	0.198604	0.0984617	0.414439	0.250817	0.11607	-0.584951	0.372228	1.04673e-18	3.44533	0.390184	0	0	1.94752e-27
206	rs1	1:1	2:0.45	rs2	1:2	2:0.24075	0	1000	1	2.74199e-62	2.20093	0.132141	4.53528e-12	1.47479	0.213139	0.0806862	-0.752152	0.430609	0.350858	-0.341234	0.365768	2.07759e-17	4.75674	0.560317	0	0	2.03159e-33
207	rs1	1:1	2:0.4465	rs2	1:2	2:0.2445	0	1000	1	1.12135e-72	2.41643	0.134019	2.36417e-08	1.1555	0.206968	0.344792	0.286688	0.303457	0.485725	-0.225074	0.322861	6.74578e-16	3.6015	0.446005	0	0	4.49646e-24
208	rs1	1:1	2:0.45975	rs2	1:2	2:0.24975	0	1000	1	1.72776e-76	2.42551	0.131041	2.53625e-07	1.08604	0.210676	0.516287	0.19605	0.302043	0.018604	-1.06999	0.45466	2.92687e-18	3.83788	0.440414	0	0	8.55317e-28
209	rs1	1:1	2:0.4515	rs2	1:2	2:0.244	0	1000	1	1.01418e-69	2.12664	0.120488	2.74856e-14	1.47109	0.193319	0.835172	0.0540977	0.259993	0.399357	-0.270768	0.321283	2.85485e-19	3.87843	0.432176	0	0	2.28452e-33
210	rs1	1:1	2:0.45775	rs2	1:2	2:0.251	0	1000	1	4.09627e-75	2.22411	0.121282	2.35042e-12	1.37417	0.195976	0.540913	-0.182149	0.297905	0.0710577	-0.656295	0.363576	1.20356e-20	4.3592	0.467906	0	0	9.57877e-38
211	rs1	1:1	2:0.45875	rs2	1:2	2:0.24925	0	1000	1	1.73388e-73	2.36308	0.130316	1.36097e-09	1.26012	0.20794	0.517038	0.190911	0.294652	0.113021	-0.62566	0.394798	2.0879e-18	3.74127	0.427455	0	0	7.60445e-28
212	rs1	1:1	2:0.45425	rs2	1:2	2:0.25075	0	1000	1	3.7886e-76	2.17892	0.117988	6.47084e-11	1.2465	0.190817	0.313211	-0.308565	0.305962	0.0341105	-0.753458	0.355612	5.09755e-23	4.20316	0.425433	0	0	6.45325e-39
213	rs1	1:1	2:0.44775	rs2	1:2	2:0.24325	0	1000	1	6.89819e-75	2.39564	0.130838	4.49781e-08	1.1172	0.204238	0.265614	0.315501	0.283413	0.162521	-0.50321	0.3603	1.3811e-16	3.75683	0.454472	0	0	1.10272e-26
214	rs1	1:1	2:0.45725	rs2	1:2	2:0.25	0	1000	1	9.46656e-69	2.26344	0.129165	1.22787e-13	1.50892	0.203531	0.216229	-0.494415	0.399812	0.924818	-0.029644	0.314137	3.82656e-17	4.31554	0.51265	0	0	8.52268e-31
215	rs1	1:1	2:0.46925	rs2	1:2	2:0.24675	0	1000	1	2.5993e-63	2.18776	0.130253	2.5156e-15	1.70954	0.216046	0.617637	-0.159917	0.320346	0.119999	-0.743973	0.478507	4.01482e-19	4.30205	0.481399	0	0	2.30795e-33
216	rs1	1:1	2:0.461	rs2	1:2	2:0.25025	0	1000	1	1.95929e-74	2.36236	0.129423	2.97104e-10	1.3178	0.209164	0.427513	-0.279144	0.351809	0.0502327	-0.836202	0.427074	1.44462e-18	4.69389	0.533766	0	0	6.93044e-36
217	rs1	1:1	2:0.4465	rs2	1:2	2:0.2445	0	1000	1	9.77771e-73	2.29005	0.126956	7.33814e-10	1.22118	0.198288	0.959921	0.0155659	0.309755	0.444882	-0.237154	0.310421	2.85647e-18	3.68567	0.422813	0	0	2.00486e-27
218	rs1	1:1	2:0.46475	rs2	1:2	2:0.249	0	1000	1	5.08438e-73	2.43993	0.134995	5.78369e-11	1.40668	0.214786	0.923576	0.0319511	0.333067	0.164007	-0.593824	0.426683	1.04731e-16	4.31708	0.520175	0	0	1.45002e-29
219	rs1	1:1	2:0.46525	rs2	1:2	2:0.24525	0	1000	1	2.16733e-61	2.18547	0.132198	6.45408e-16	1.74795	0.216319	0.435883	-0.276627	0.355031	0.54236	-0.237621	0.390024	5.03242e-18	4.12643	0.476899	0	0	6.00837e-30
220	rs1	1:1	2:0.46225	rs2	1:2	2:0.24525	0	1000	1	5.37628e-66	2.20786	0.12867	1.84582e-17	1.74793	0.205564	0.166801	0.365525	0.264384	0.479679	0.222336	0.314558	1.68065e-16	3.28296	0.398277	0	0	6.38185e-24
221	rs1	1:1	2:0.45975	rs2	1:2	2:0.25275	0	1000	1	2.22751e-77	2.36034	0.126766	9.88387e-09	1.15776	0.201957	0.741774	-0.107196	0.325326	0.0377419	-0.846965	0.407656	6.99553e-20	4.07124	0.446031	0	0	4.71116e-32
222	rs1	1:1	2:0.461	rs2	1:2	2:0.24375	0	1000	1	3.394e-76	2.26151	0.122421	2.20252e-11	1.29621	0.193698	0.592486	-0.158133	0.295445	0.0387258	-0.909204	0.439848	9.56767e-21	4.40348	0.471428	0	0	7.68786e-38
223	rs1	1:1	2:0.45025	rs2	1:2	2:0.24675	0	1000	1	3.14359e-67	2.18871	0.126346	2.43944e-13	1.46561	0.20016	0.857496	-0.0556528	0.309936	0.960103	-0.0151602	0.303053	3.67878e-18	3.7035	0.426262	0	0	2.45162e-28
224	rs1	1:1	2:0.4515	rs2	1:2	2:0.2475	0	1000	1	2.19024e-66	2.26754	0.131748	2.00356e-14	1.56678	0.204797	0.285747	0.319436	0.299238	0.183071	0.376228	0.282589	1.08205e-14	3.13622	0.405761	0	0	2.74981e-20
225	rs1	1:1	2:0.46025	rs2	1:2	2:0.24375	0	1000	1	2.72895e-69	2.27031	0.129037	5.82101e-12	1.43318	0.208192	0.145326	0.381318	0.261851	0.222236	-0.490262	0.401655	1.26637e-17	3.46387	0.405286	0	0	8.76123e-26
226	rs1	1:1	2:0.4645	rs2	1:2	2:0.251	0	1000	1	9.63308e-72	2.27377	0.126946	4.41136e-13	1.48101	0.204494	0.675631	0.123345	0.294779	0.363052	-0.327151	0.359679	9.5356e-19	3.57601	0.404506	0	0	2.49621e-27
227	rs1	1:1	2:0.457	rs2	1:2	2:0.252	0	1000	1	4.84456e-69	2.42739	0.138221	9.4328e-11	1.39506	0.215428	0.678545	0.146636	0.353809	0.924487	0.030904	0.32605	1.0977e-14	3.57475	0.462607	0	0	1.43022e-21
228	rs1	1:1	2:0.45675	rs2	1:2	2:0.2485	0	1000	1	1.87177e-77	2.30103	0.123519	2.47979e-08	1.09087	0.195683	0.489224	-0.224661	0.324869	0.0162904	-1.02618	0.427158	9.08184e-21	4.153	0.44435	0	0	2.14605e-34
229	rs1	1:1	2:0.455	rs2	1:2	2:0.24775	0	1000	1	1.05872e-73	2.33401	0.128521	2.54092e-09	1.21094	0.203219	0.331289	-0.350206	0.360472	0.0626463	-0.744922	0.400131	2.20406e-19	4.40724	0.489552	0	0	2.42596e-33
230	rs1	1:1	2:0.45925	rs2	1:2	2:0.2425	0	1000	1	1.02674e-60	2.09458	0.127425	2.13896e-20	1.90097	0.205396	0.987613	-0.00452075	0.291177	0.397941	0.264282	0.312647	1.32456e-15	3.96418	0.496001	0	0	2.94063e-29
231	rs1	1:1	2:0.4515	rs2	1:2	2:0.245	0	1000	1	1.57286e-72	2.26361	0.125674	2.29047e-10	1.26655	0.199757	0.915361	0.0315417	0.296782	0.238711	-0.400262	0.339719	2.63925e-19	3.72146	0.414286	0	0	4.21855e-29
232	rs1	1:1	2:0.46225	rs2	1:2	2:0.25275	0	1000	1	1.17672e-68	2.23448	0.127603	1.3332e-14	1.56317	0.20294	0.0572698	-0.890176	0.468207	0.748483	-0.104509	0.325939	6.14364e-17	4.60021	0.550104	0	0	9.17243e-33
233	rs1	1:1	2:0.46225	rs2	1:2	2:0.2535	0	1000	1	3.61044e-78	2.41215	0.128876	1.29841e-10	1.3105	0.203894	0.449596	-0.268479	0.355089	0.108797	-0.611112	0.381082	2.09644e-16	4.81624	0.586172	0	0	1.12068e-35
234	rs1	1:1	2:0.44875	rs2	1:2	2:0.25275	0	1000	1	4.90542e-79	2.47692	0.131591	1.26311e-06	0.981906	0.202644	0.22679	0.352604	0.291729	0.149115	-0.47914	0.332121	3.16578e-17	3.51691	0.416682	0	0	8.67461e-25
235	rs1	1:1	2:0.458	rs2	1:2	2:0.24925	0	1000	1	1.23593e-75	2.32038	0.126085	8.5236e-10	1.24744	0.203337	0.947328	-0.020026	0.303135	0.0581329	-0.739083	0.39008	3.75347e-20	4.02748	0.438013	0	0	3.55739e-32
236	rs1	1:1	2:0.45725	rs2	1:2	2:0.25125	0	1000	1	6.48151e-75	2.42046	0.13217	2.18803e-09	1.24887	0.20873	0.43106	0.239452	0.304113	0.287108	-0.37498	0.352263	2.10415e-17	3.63768	0.428573	0	0	9.86203e-26
237	rs1	1:1	2:0.4625	rs2	1:2	2:0.254	0	1000	1	2.78368e-76	2.35534	0.127427	3.25767e-13	1.40548	0.192973	0.536319	-0.223586	0.361562	0.950531	0.0183763	0.296198	1.36208e-17	3.95578	0.463298	0	0	6.61757e-29
238	rs1	1:1	2:0.46775	rs2	1:2	2:0.25425	0	1000	1	8.79676e-75	2.34991	0.128434	1.39249e-13	1.47372	0.199232	0.055446	-0.990958	0.517373	0.594091	-0.178775	0.335465	5.19181e-16	4.86333	0.599898	0	0	1.92924e-34
239	rs1	1:1	2:0.459	rs2	1:2	2:0.24775	0	1000	1	1.31094e-74	2.49053	0.136281	2.75815e-06	1.03593	0.220973	0.202934	0.360956	0.283495	0.00581538	-2.10256	0.762345	4.70631e-15	4.41107	0.56303	0	0	1.10578e-29
240	rs1	1:1	2:0.46	rs2	1:2	2:0.252	0	1000	1	3.78638e-72	2.33859	0.130188	2.97717e-11	1.39023	0.20913	0.86378	-0.0581701	0.339058	0.386098	-0.302503	0.349023	6.77981e-18	3.83765	0.445277	0	0	1.18994e-27
241	rs1	1:1	2:0.45475	rs2	1:2	2:0.2425	0	1000	1	7.80435e-64	2.22744	0.132056	4.86031e-13	1.54484	0.213696	0.985112	0.00558366	0.299229	0.2434	-0.473245	0.405686	5.02419e-15	4.4423	0.567612	0	0	1.96554e-31
242	rs1	1:1	2:0.45575	rs2	1:2	2:0.25075	0	1000	1	1.15444e-78	2.47462	0.131787	3.15722e-07	1.05567	0.206435	0.521222	0.194919	0.303867	0.0494126	-0.78205	0.397987	2.56042e-18	3.91416	0.448388	0	0	1.15303e-28
243	rs1	1:1	2:0.4665	rs2	1:2	2:0.251	0	1000	1	9.37189e-73	2.25338	0.124907	3.57035e-15	1.57317	0.199916	0.365294	0.242267	0.267602	0.634433	-0.161136	0.338878	6.40584e-19	3.52971	0.397277	0	0	2.36954e-28
244	rs1	1:1	2:0.4545	rs2	1:2	2:0.248	0	1000	1	2.38863e-73	2.33026	0.128631	1.09424e-12	1.41382	0.198623	0.320315	0.277582	0.279311	0.954873	0.0169717	0.299916	5.53902e-15	3.77441	0.48303	0	0	3.99068e-27
245	rs1	1:1	2:0.459	rs2	1:2	2:0.25025	0	1000	1	4.55805e-73	2.32925	0.128828	5.22884e-12	1.39719	0.202515	0.701103	0.115232	0.300216	0.548492	-0.201016	0.335015	9.91703e-18	3.81329	0.444703	0	0	1.0102e-28
246	rs1	1:1	2:0.469	rs2	1:2	2:0.257	0	1000	1	1.23443e-79	2.40359	0.127202	3.01086e-12	1.37519	0.197098	0.921363	-0.0339062	0.343469	0.591998	-0.176083	0.328547	1.039e-17	3.67128	0.428411	0	0	7.23328e-27
247	rs1	1:1	2:0.46025	rs2	1:2	2:0.25	0	1000	1	2.22387e-72	2.31458	0.12864	1.26617e-13	1.49308	0.201505	0.899609	-0.0423866	0.335987	0.870203	0.049869	0.305196	3.8254e-17	3.68744	0.438036	0	0	8.19423e-26
248	rs1	1:1	2:0.46425	rs2	1:2	2:0.25075	0	1000	1	1.14363e-73	2.2343	0.123059	6.31886e-13	1.43624	0.199661	0.117167	-0.579186	0.369668	0.0484058	-0.819529	0.415206	9.72285e-21	4.80849	0.514881	0	0	9.85707e-41
249	rs1	1:1	2:0.45575	rs2	1:2	2:0.24825	0	1000	1	6.89506e-77	2.35386	0.126831	2.12172e-10	1.25714	0.197904	0.879977	0.046811	0.310009	0.313553	-0.332789	0.330215	1.23592e-18	3.78352	0.429389	0	0	1.73147e-28
250	rs1	1:1	2:0.45925	rs2	1:2	2:0.25	0	1000	1	2.86101e-75	2.22695	0.121308	1.51329e-11	1.3084	0.193934	0.243878	-0.394615	0.338624	0.088646	-0.619459	0.363835	2.31776e-21	4.21438	0.444102	0	0	6.76827e-36
251	rs1	1:1	2:0.4565	rs2	1:2	2:0.24625	0	1000	1	2.1139e-77	2.35659	0.126546	1.45497e-09	1.22663	0.202774	0.0539771	0.474674	0.246326	0.0654427	-0.730251	0.396397	5.55671e-18	3.63464	0.420612	0	0	4.21966e-28
252	rs1	1:1	2:0.452	rs2	1:2	2:0.2495	0	1000	1	1.25789e-74	2.31501	0.126661	6.23938e-10	1.21457	0.196398	0.60213	-0.182851	0.350733	0.515439	-0.199391	0.30657	5.07476e-18	3.79008	0.438074	0	0	1.49594e-28
253	rs1	1:1	2:0.46525	rs2	1:2	2:0.24375	0	1000	1	3.53939e-61	2.07742	0.125888	1.20248e-19	1.86466	0.205611	0.729248	-0.105056	0.303519	0.59362	0.17021	0.318986	8.32993e-19	3.75442	0.423964	0	0	1.51998e-30
254	rs1	1:1	2:0.463	rs2	1:2	2:0.2515	0	1000	1	2.13515e-68	2.18606	0.12508	1.01401e-14	1.57055	0.20298	0.338074	-0.334959	0.349652	0.42904	-0.275632	0.348532	2.20854e-19	4.0592	0.450902	0	0	2.06879e-32
255	rs1	1:1	2:0.46225	rs2	1:2	2:0.251	0	1000	1	1.24775e-73	2.28378	0.125817	6.31845e-15	1.52903	0.196094	0.761231	0.0904641	0.297712	0.895911	0.0394733	0.301718	2.92983e-18	3.66258	0.420303	0	0	1.15161e-28
256	rs1	1:1	2:0.4705	rs2	1:2	2:0.25625	0	1000	1	4.15911e-72	2.24493	0.12501	7.54989e-17	1.67611	0.201018	0.637041	-0.151535	0.321158	0.528952	-0.219126	0.348036	1.40905e-19	4.0459	0.446983	0	0	1.4946e-32
257	rs1	1:1	2:0.46875	rs2	1:2	2:0.25575	0	1000	1	1.55653e-76	2.27788	0.123027	5.9198e-14	1.48018	0.197099	0.10742	-0.640492	0.397846	0.170311	-0.4908	0.357934	5.41337e-20	4.51604	0.493263	0	0	1.57391e-36
258	rs1	1:1	2:0.44775	rs2	1:2	2:0.2395	0	1000	1	8.43817e-65	2.11696	0.124539	2.2052e-12	1.41126	0.20101	0.210013	-0.426697	0.340397	0.326979	-0.331083	0.337764	4.23423e-20	4.12955	0.449747	0	0	2.63054e-33
259	rs1	1:1	2:0.45275	rs2	1:2	2:0.2495	0	1000	1	2.88978e-76	2.34924	0.12711	1.11064e-07	1.06859	0.201331	0.854984	-0.0587659	0.321541	0.0599876	-0.699386	0.371839	1.76203e-19	3.86558	0.428217	0	0	3.48208e-30
260	rs1	1:1	2:0.4615	rs2	1:2	2:0.2475	0	1000	1	1.04856e-71	2.31677	0.129381	5.42624e-11	1.36874	0.208689	0.166431	0.361496	0.261241	0.121183	-0.645888	0.416749	2.74319e-18	3.62521	0.41566	0	0	7.30067e-28
261	rs1	1:1	2:0.44675	rs2	1:2	2:0.246	0	1000	1	1.10604e-73	2.33601	0.128648	4.21112e-09	1.17722	0.200354	0.585514	0.161742	0.296585	0.303075	-0.33622	0.326471	1.43593e-17	3.68512	0.431908	0	0	9.3902e-27
262	rs1	1:1	2:0.4585	rs2	1:2	2:0.25125	0	1000	1	4.76621e-73	2.3233	0.128516	3.47853e-10	1.28505	0.204764	0.567801	0.168259	0.294523	0.192924	-0.481856	0.370095	1.74954e-18	3.59857	0.410217	0	0	3.97499e-27
263	rs1	1:1	2:0.4525	rs2	1:2	2:0.24225	0	1000	1	1.13712e-70	2.32587	0.130863	7.48081e-10	1.26105	0.204863	0.070937	0.469351	0.259901	0.292657	-0.394277	0.374677	1.12945e-16	3.37716	0.407362	0	0	1.41497e-24
264	rs1	1:1	2:0.4545	rs2	1:2	2:0.24875	0	1000	1	8.52897e-79	2.42003	0.128769	1.53313e-06	0.988272	0.205596	0.672826	0.120719	0.28588	0.00408295	-1.57422	0.548187	7.98477e-19	4.43253	0.500272	0	0	1.39539e-34
265	rs1	1:1	2:0.46875	rs2	1:2	2:0.25225	0	1000	1	1.54389e-71	2.28767	0.12791	3.59698e-13	1.49464	0.205592	0.142532	-0.582971	0.397545	0.0851632	-0.749371	0.435306	2.50958e-19	4.6975	0.522621	0	0	1.94117e-36
266	rs1	1:1	2:0.4565	rs2	1:2	2:0.245	0	1000	1	9.66718e-74	2.30475	0.126874	1.99647e-08	1.16596	0.20775	0.329423	0.253925	0.260362	0.0079855	-1.34873	0.508441	2.76345e-19	3.97648	0.442926	0	0	9.99107e-32
267	rs1	1:1	2:0.461	rs2	1:2	2:0.252	0	1000	1	8.7632e-81	2.38718	0.12541	1.16424e-09	1.1968	0.196678	0.0548478	0.469465	0.244503	0.0900339	-0.651147	0.384108	6.66512e-19	3.53225	0.39776	0	0	1.15427e-28
268	rs1	1:1	2:0.46825	rs2	1:2	2:0.254	0	1000	1	5.74043e-72	2.4004	0.133801	8.10174e-13	1.52238	0.21264	0.577161	-0.210685	0.377886	0.448012	-0.285132	0.3758	3.96843e-17	4.22285	0.501894	0	0	4.65473e-29
269	rs1	1:1	2:0.46675	rs2	1:2	2:0.2545	0	1000	1	7.45529e-77	2.33837	0.126025	2.11331e-14	1.48947	0.194866	0.761505	0.0953401	0.314131	0.875355	0.0471801	0.300777	1.31786e-17	3.46106	0.405176	0	0	2.89467e-25
270	rs1	1:1	2:0.4585	rs2	1:2	2:0.2485	0	1000	1	6.65596e-68	2.27051	0.130397	5.47335e-13	1.51521	0.210066	0.803969	0.07529	0.303328	0.459057	-0.267237	0.360936	1.11354e-17	3.86347	0.451258	0	0	2.80786e-28
271	rs1	1:1	2:0.4565	rs2	1:2	2:0.25225	0	1000	1	2.15239e-70	2.25256	0.126994	4.09306e-15	1.54114	0.196273	0.393101	-0.302974	0.354768	0.79603	0.075484	0.292021	6.83953e-17	4.2697	0.511355	0	0	1.16033e-31
272	rs1	1:1	2:0.45225	rs2	1:2	2:0.252	0	1000	1	5.30408e-78	2.36262	0.126368	2.92394e-09	1.16845	0.196848	0.186394	0.361379	0.273499	0.43002	-0.243716	0.30883	9.56007e-18	3.28959	0.383441	0	0	1.25025e-24
273	rs1	1:1	2:0.45075	rs2	1:2	2:0.24425	0	1000	1	8.23575e-67	2.1901	0.126832	8.69301e-15	1.54521	0.199201	0.440656	-0.265603	0.344453	0.701204	0.111787	0.291344	1.17399e-17	3.92936	0.459281	0	0	1.22295e-28
274	rs1	1:1	2:0.462	rs2	1:2	2:0.24575	0	1000	1	1.77658e-71	2.30192	0.128763	6.71751e-12	1.42288	0.20731	0.889189	-0.0441232	0.316679	0.194784	-0.503311	0.388191	5.11861e-19	3.98414	0.44717	0	0	3.18767e-30
275	rs1	1:1	2:0.4645	rs2	1:2	2:0.24875	0	1000	1	1.22617e-70	2.17059	0.122155	5.35645e-14	1.49726	0.199026	0.0906934	-0.625816	0.369922	0.0532814	-0.795913	0.411828	2.54968e-21	4.66505	0.492108	0	0	3.4253e-40
276	rs1	1:1	2:0.45775	rs2	1:2	2:0.246	0	1000	1	9.25984e-73	2.25115	0.124779	4.68695e-11	1.33556	0.202955	0.636487	0.125902	0.266394	0.0415727	-0.86141	0.422722	4.71595e-20	4.04531	0.441131	0	0	9.47754e-34
277	rs1	1:1	2:0.46175	rs2	1:2	2:0.24875	0	1000	1	3.3176e-76	2.32963	0.126101	1.28696e-10	1.2787	0.198905	0.235902	0.327587	0.276377	0.300804	-0.364119	0.351904	5.7068e-18	3.28201	0.379938	0	0	7.4216e-25
278	rs1	1:1	2:0.45575	rs2	1:2	2:0.25175	0	1000	1	1.24771e-73	2.29466	0.126417	1.3991e-12	1.37889	0.194644	0.992324	0.00308198	0.320349	0.925489	0.027272	0.291612	1.56508e-17	3.59166	0.421446	0	0	2.42305e-26
279	rs1	1:1	2:0.45725	rs2	1:2	2:0.24925	0	1000	1	4.62018e-71	2.33955	0.13126	8.72584e-10	1.27611	0.208137	0.318472	-0.399043	0.400003	0.258448	-0.412431	0.364962	2.69292e-17	4.16236	0.492053	0	0	2.74959e-29
280	rs1	1:1	2:0.44975	rs2	1:2	2:0.24025	0	1000	1	1.98811e-67	2.11629	0.121979	1.82698e-12	1.39144	0.197448	0.272112	-0.335466	0.305465	0.0792628	-0.675195	0.384731	4.37256e-19	4.65718	0.52169	0	0	1.31489e-40
281	rs1	1:1	2:0.468	rs2	1:2	2:0.247	0	1000	1	1.3811e-64	2.16979	0.127864	3.38857e-19	1.83947	0.205407	0.162814	-0.525651	0.37663	0.908848	0.0381089	0.332853	3.74146e-18	4.45882	0.513312	0	0	1.39497e-33
282	rs1	1:1	2:0.46775	rs2	1:2	2:0.25375	0	1000	1	2.59333e-75	2.34564	0.127737	3.27826e-11	1.35659	0.204506	0.8913	0.041118	0.30088	0.0481415	-0.904529	0.457731	1.44751e-19	4.0779	0.450665	0	0	2.54476e-32
283	rs1	1:1	2:0.46125	rs2	1:2	2:0.247	0	1000	1	1.65435e-70	2.16346	0.121869	5.55699e-14	1.48741	0.197843	0.947437	0.0183373	0.27815	0.283558	-0.377251	0.351794	8.81606e-21	3.68332	0.393964	0	0	1.06543e-31
284	rs1	1:1	2:0.46275	rs2	1:2	2:0.24925	0	1000	1	1.04496e-70	2.14728	0.120783	7.27236e-15	1.50976	0.194066	0.293816	-0.334226	0.318375	0.217998	-0.441898	0.358721	2.26081e-21	4.22762	0.445376	0	0	1.18381e-37
285	rs1	1:1	2:0.456	rs2	1:2	2:0.2495	0	1000	1	2.57705e-77	2.34775	0.126143	2.50681e-08	1.12042	0.201052	0.617893	0.13967	0.27999	0.0278263	-0.912978	0.415042	4.3005e-20	3.92078	0.427088	0	0	5.02402e-32
286	rs1	1:1	2:0.45525	rs2	1:2	2:0.24125	0	1000	1	5.31028e-61	2.2244	0.134995	1.74864e-11	1.49953	0.222958	0.507816	-0.228185	0.344564	0.0990307	-0.765113	0.463826	4.26363e-18	4.36015	0.502813	0	0	1.22468e-30
287	rs1	1:1	2:0.46475	rs2	1:2	2:0.255	0	1000	1	3.52127e-70	2.31832	0.130906	8.43008e-12	1.43296	0.209771	0.383552	-0.345935	0.397002	0.38253	-0.31696	0.362968	6.78127e-17	4.02216	0.48165	0	0	2.86801e-28
288	rs1	1:1	2:0.45725	rs2	1:2	2:0.25025	0	1000	1	3.3333e-72	2.14678	0.119463	5.36646e-13	1.37469	0.190514	0.145366	-0.509665	0.350021	0.217284	-0.409126	0.331603	3.87678e-21	4.17964	0.442951	0	0	9.55221e-37
289	rs1	1:1	2:0.46075	rs2	1:2	2:0.24575	0	1000	1	1.14653e-66	2.11982	0.122898	6.22896e-17	1.6483	0.197145	0.484991	-0.220384	0.315602	0.99133	-0.00338808	0.311784	1.06104e-19	3.75959	0.413937	0	0	2.55244e-30
290	rs1	1:1	2:0.453	rs2	1:2	2:0.24725	0	1000	1	1.22981e-79	2.59978	0.137584	1.56718e-06	0.993904	0.206957	0.0163139	0.669812	0.278877	0.208293	-0.463986	0.368748	2.22105e-14	3.50312	0.458696	0	0	2.51943e-22
291	rs1	1:1	2:0.46325	rs2	1:2	2:0.249	0	1000	1	1.51493e-67	2.20969	0.127248	5.29098e-19	1.77677	0.199503	0.758591	-0.0981507	0.319364	0.320241	0.289135	0.290891	1.74191e-16	3.95733	0.480339	0	0	9.74252e-29
292	rs1	1:1	2:0.4615	rs2	1:2	2:0.25475	0	1000	1	7.48184e-76	2.22631	0.120795	1.29923e-14	1.47169	0.190983	0.0463023	-0.853554	0.428356	0.532282	-0.188708	0.302162	4.23861e-19	4.5855	0.513461	0	0	1.34262e-36
293	rs1	1:1	2:0.4585	rs2	1:2	2:0.24825	0	1000	1	5.4914e-78	2.33229	0.124758	3.337e-07	1.03208	0.202235	0.573853	-0.171569	0.305074	0.00102304	-2.16073	0.657934	1.56234e-19	4.80995	0.532056	0	0	3.78376e-39
294	rs1	1:1	2:0.4665	rs2	1:2	2:0.2505	0	1000	1	6.74684e-72	2.33195	0.130051	1.22332e-13	1.54985	0.209038	0.213704	0.344708	0.27722	0.618408	-0.177963	0.357279	1.95506e-17	3.47253	0.408704	0	0	1.96062e-25
295	rs1	1:1	2:0.46025	rs2	1:2	2:0.24725	0	1000	1	2.34586e-76	2.33991	0.126529	4.28895e-09	1.19936	0.204228	0.994975	-0.00188748	0.299681	0.0163096	-1.1007	0.458259	3.91299e-20	4.14028	0.450499	0	0	1.01817e-32
296	rs1	1:1	2:0.464	rs2	1:2	2:0.2515	0	1000	1	2.48121e-74	2.30007	0.1261	9.29891e-14	1.46796	0.197028	0.376832	0.247134	0.279642	0.737755	-0.108493	0.324026	2.73827e-18	3.4346	0.393795	0	0	1.43218e-26
297	rs1	1:1	2:0.4555	rs2	1:2	2:0.24975	0	1000	1	2.28363e-69	2.28397	0.129739	2.59472e-12	1.43615	0.205221	0.601824	-0.180165	0.34529	0.599914	-0.173562	0.330894	9.63993e-18	4.00593	0.466991	0	0	1.07533e-28
298	rs1	1:1	2:0.452	rs2	1:2	2:0.2495	0	1000	1	1.16724e-76	2.30746	0.124521	1.90547e-10	1.22635	0.192556	0.695904	-0.127029	0.325003	0.432257	-0.239908	0.305484	5.33573e-19	3.8847	0.436236	0	0	1.67847e-30
299	rs1	1:1	2:0.462	rs2	1:2	2:0.256	0	1000	1	0	2.54533	0.129417	6.57646e-05	0.814273	0.204022	0.453309	0.217661	0.29025	0.00073008	-2.40874	0.713062	5.47044e-17	4.56308	0.544773	0	0	1.51581e-33
300	rs1	1:1	2:0.45975	rs2	1:2	2:0.24975	0	1000	1	2.12841e-77	2.41477	0.129673	8.25367e-07	1.04494	0.211986	0.731647	0.100937	0.294333	0.0025818	-1.70341	0.565243	4.66596e-19	4.34931	0.487595	0	0	2.05046e-33
301	rs1	1:1	2:0.46225	rs2	1:2	2:0.2485	0	1000	1	2.69192e-72	2.25911	0.125631	1.2367e-09	1.24197	0.204426	0.733048	-0.102378	0.300162	0.00648766	-1.49403	0.548861	5.65382e-20	4.34431	0.474749	0	0	1.15776e-35
302	rs1	1:1	2:0.458	rs2	1:2	2:0.24875	0	1000	1	6.28441e-74	2.13759	0.11752	1.07946e-14	1.46159	0.189091	0.102791	-0.549	0.336506	0.168836	-0.449516	0.326695	3.68076e-22	4.4739	0.462198	0	0	2.20829e-40
303	rs1	1:1	2:0.45325	rs2	1:2	2:0.24825	0	1000	1	3.29444e-83	2.52646	0.130593	2.34423e-06	0.950963	0.201423	0.0275736	0.558868	0.253651	0.0322245	-0.890662	0.415883	4.46134e-16	3.86867	0.476124	0	0	3.09692e-28
304	rs1	1:1	2:0.456	rs2	1:2	2:0.24675	0	1000	1	4.67432e-72	2.2526	0.125483	9.00748e-13	1.40555	0.196722	0.208798	-0.47304	0.376361	0.645531	-0.143391	0.311732	1.39776e-18	4.26677	0.484992	0	0	9.99537e-33
305	rs1	1:1	2:0.45375	rs2	1:2	2:0.2515	0	1000	1	7.44872e-80	2.47812	0.130962	6.19916e-07	1.02442	0.205505	0.350281	0.271481	0.290651	0.0407156	-0.798979	0.390429	4.00759e-18	3.8985	0.449209	0	0	1.31868e-28
306	rs1	1:1	2:0.46	rs2	1:2	2:0.249	0	1000	1	9.59986e-77	2.42055	0.13055	9.79437e-10	1.22975	0.201178	0.81933	0.0724704	0.317286	0.178036	-0.519361	0.385619	5.59925e-18	3.98803	0.461554	0	0	2.14611e-29
307	rs1	1:1	2:0.45275	rs2	1:2	2:0.248	0	1000	1	5.96293e-81	2.50259	0.131335	5.96318e-06	0.924847	0.204265	0.457017	0.221271	0.297501	0.0125736	-1.18906	0.476456	1.06716e-17	4.19053	0.489179	0	0	2.70599e-30
308	rs1	1:1	2:0.469	rs2	1:2	2:0.2535	0	1000	1	1.61931e-77	2.34657	0.125911	1.36539e-13	1.45745	0.196962	0.919154	0.0311727	0.307121	0.368446	-0.315752	0.351074	2.54032e-19	3.81239	0.424211	0	0	6.95502e-30
309	rs1	1:1	2:0.46625	rs2	1:2	2:0.24925	0	1000	1	8.36267e-69	2.28911	0.130577	5.4936e-14	1.57717	0.209741	0.509211	-0.227633	0.344864	0.314597	-0.394463	0.392257	2.04093e-18	4.28573	0.489518	0	0	1.67498e-31
310	rs1	1:1	2:0.455	rs2	1:2	2:0.244	0	1000	1	8.42094e-74	2.28693	0.125841	1.22206e-08	1.16249	0.204066	0.413301	0.217457	0.265808	0.0194509	-1.03567	0.443204	9.76756e-20	3.77856	0.415615	0	0	1.84513e-30
311	rs1	1:1	2:0.46675	rs2	1:2	2:0.249	0	1000	1	9.30778e-75	2.45046	0.133952	1.53358e-07	1.15444	0.219956	0.844008	0.0603575	0.306742	0.00138203	-3.49602	1.09306	3.63325e-13	5.58248	0.768031	0	0	1.5635e-36
312	rs1	1:1	2:0.45675	rs2	1:2	2:0.2535	0	1000	1	7.96529e-76	2.4026	0.130384	2.50959e-10	1.28199	0.202641	0.314725	0.296075	0.294498	0.495473	-0.224086	0.32875	9.08445e-17	3.5686	0.429115	0	0	3.97103e-25
313	rs1	1:1	2:0.46525	rs2	1:2	2:0.24475	0	1000	1	6.66059e-62	2.26091	0.136177	1.09482e-15	1.77614	0.221582	0.762953	0.0947022	0.313994	0.870906	-0.0622584	0.383109	8.64581e-16	3.98123	0.494889	0	0	5.02803e-27
314	rs1	1:1	2:0.4615	rs2	1:2	2:0.25	0	1000	1	4.2509e-72	2.37019	0.131994	1.08019e-13	1.52669	0.205457	0.196616	0.362383	0.280644	0.769035	0.0921209	0.313723	2.93356e-15	3.64008	0.461137	0	0	1.2892e-25
315	rs1	1:1	2:0.46725	rs2	1:2	2:0.253	0	1000	1	5.39013e-78	2.36744	0.126632	5.93357e-10	1.25588	0.202817	0.987241	0.00485781	0.303765	0.0176817	-1.11744	0.471054	5.66599e-20	4.14561	0.453046	0	0	4.40003e-33
316	rs1	1:1	2:0.4635	rs2	1:2	2:0.25525	0	1000	1	5.87991e-79	2.5547	0.135792	6.14648e-08	1.14114	0.210756	0.189213	0.4007	0.3052	0.164879	-0.542131	0.390346	1.51815e-16	3.57685	0.433291	0	0	3.87201e-24
317	rs1	1:1	2:0.45825	rs2	1:2	2:0.24875	0	1000	1	3.98606e-70	2.29976	0.129909	6.08028e-11	1.37081	0.209548	0.213832	-0.493238	0.396781	0.151755	-0.548738	0.382834	1.99973e-18	4.48257	0.511866	0	0	3.69537e-33
318	rs1	1:1	2:0.4605	rs2	1:2	2:0.2545	0	1000	1	8.68218e-75	2.40435	0.131404	1.92281e-08	1.19104	0.211974	0.580403	-0.200133	0.362038	0.0375826	-0.863755	0.415391	1.33245e-18	4.17615	0.474402	0	0	8.16102e-30
319	rs1	1:1	2:0.465	rs2	1:2	2:0.24925	0	1000	1	1.44662e-64	2.22063	0.130881	3.06791e-16	1.71848	0.210325	0.131393	-0.690388	0.457625	0.787844	0.0881376	0.327514	6.36934e-16	4.46453	0.552401	0	0	1.02909e-31
320	rs1	1:1	2:0.458	rs2	1:2	2:0.2435	0	1000	1	1.6887e-62	2.21773	0.132919	4.30145e-14	1.63012	0.215866	0.287405	-0.385841	0.36269	0.299553	-0.415039	0.400079	1.78454e-17	4.59727	0.540409	0	0	3.56965e-32
321	rs1	1:1	2:0.459	rs2	1:2	2:0.25075	0	1000	1	3.22676e-74	2.3209	0.127342	4.19852e-11	1.32806	0.201316	0.850916	-0.060535	0.322081	0.29081	-0.367441	0.347842	6.10002e-19	3.91318	0.440168	0	0	2.56061e-30
322	rs1	1:1	2:0.45775	rs2	1:2	2:0.24725	0	1000	1	9.8729e-69	2.26789	0.129437	8.31023e-12	1.40886	0.206182	0.656159	-0.150773	0.338647	0.417863	-0.286512	0.35366	2.71914e-18	3.90784	0.448014	0	0	3.56904e-29
323	rs1	1:1	2:0.4675	rs2	1:2	2:0.253	0	1000	1	3.1565e-78	2.44726	0.130702	1.85906e-08	1.17533	0.208961	0.576902	0.168318	0.301691	0.011227	-1.37086	0.540654	3.80858e-18	4.10895	0.473143	0	0	4.30204e-30
324	rs1	1:1	2:0.46575	rs2	1:2	2:0.251	0	1000	1	3.66006e-74	2.29805	0.126136	5.19704e-15	1.54151	0.197072	0.920091	0.0307803	0.306823	0.922824	-0.0305409	0.315254	1.93007e-18	3.73627	0.426451	0	0	1.00376e-28
325	rs1	1:1	2:0.46325	rs2	1:2	2:0.2545	0	1000	1	1.32173e-79	2.4858	0.131578	1.07397e-07	1.11111	0.209102	0.976048	-0.00961954	0.320399	0.00750977	-1.58736	0.593773	8.07609e-18	4.75194	0.552647	0	0	1.05482e-34
326	rs1	1:1	2:0.467	rs2	1:2	2:0.254	0	1000	1	1.61328e-75	2.4142	0.131286	6.09939e-13	1.48274	0.205986	0.164258	0.395596	0.284419	0.667061	-0.148677	0.345611	1.04964e-16	3.48857	0.420359	0	0	1.38279e-24
327	rs1	1:1	2:0.454	rs2	1:2	2:0.25125	0	1000	1	5.45613e-76	2.35202	0.127498	8.37518e-09	1.15474	0.20045	0.335339	0.266604	0.276728	0.190565	-0.450328	0.344048	7.54179e-19	3.49104	0.393729	0	0	2.69442e-27
328	rs1	1:1	2:0.4595	rs2	1:2	2:0.246	0	1000	1	2.73833e-66	2.27293	0.132161	6.4437e-11	1.41808	0.217061	0.628535	-0.160154	0.33104	0.0417091	-0.973788	0.478189	7.17099e-19	4.33526	0.488634	0	0	1.20093e-31
329	rs1	1:1	2:0.459	rs2	1:2	2:0.24875	0	1000	1	1.53572e-71	2.25574	0.126123	4.49087e-13	1.44626	0.199763	0.852946	-0.0598676	0.322977	0.775517	-0.0903444	0.316813	3.87029e-18	3.60796	0.415542	0	0	1.48901e-26
330	rs1	1:1	2:0.46525	rs2	1:2	2:0.255	0	1000	1	3.2645e-77	2.39834	0.128949	2.25541e-10	1.30355	0.205515	0.504604	0.203162	0.30447	0.251972	-0.413634	0.361072	5.13205e-18	3.54173	0.409429	0	0	5.30674e-26
331	rs1	1:1	2:0.4525	rs2	1:2	2:0.24525	0	1000	1	7.62506e-67	2.16	0.125057	7.38244e-15	1.55331	0.199712	0.217494	-0.440292	0.357027	0.842368	-0.0613866	0.308683	1.35323e-18	4.22906	0.480508	0	0	2.32978e-32
332	rs1	1:1	2:0.46275	rs2	1:2	2:0.25375	0	1000	1	1.39376e-73	2.38026	0.131176	6.92421e-12	1.40655	0.20506	0.753151	-0.112836	0.358793	0.61922	-0.166766	0.335575	3.26044e-17	3.88927	0.460987	0	0	2.84088e-27
333	rs1	1:1	2:0.471	rs2	1:2	2:0.24725	0	1000	1	1.29138e-66	2.25534	0.130807	2.76336e-14	1.64628	0.216361	0.562325	0.161447	0.27865	0.0694758	-0.941315	0.518541	2.43638e-18	4.12829	0.472614	0	0	8.5591e-32
334	rs1	1:1	2:0.455	rs2	1:2	2:0.246	0	1000	1	1.64508e-76	2.42844	0.13118	4.60143e-09	1.2116	0.206724	0.194889	0.358599	0.276643	0.158247	-0.526967	0.373473	2.77278e-16	3.88972	0.475352	0	0	7.22292e-28
335	rs1	1:1	2:0.46425	rs2	1:2	2:0.25025	0	1000	1	1.58458e-73	2.3653	0.130402	3.70881e-13	1.48831	0.204838	0.112699	0.441203	0.278155	0.789258	-0.0906776	0.339268	2.70717e-16	3.30881	0.404218	0	0	4.97407e-23
336	rs1	1:1	2:0.4565	rs2	1:2	2:0.25125	0	1000	1	5.72208e-77	2.26692	0.122081	1.53272e-09	1.18966	0.196934	0.948153	-0.018391	0.282823	0.0186706	-0.9373	0.398505	9.76711e-22	4.0168	0.419319	0	0	1.02008e-34
337	rs1	1:1	2:0.4565	rs2	1:2	2:0.24875	0	1000	1	8.26816e-72	2.38743	0.133229	2.93967e-07	1.11815	0.218079	0.588891	0.164092	0.303625	0.0206797	-1.0513	0.454365	2.51239e-18	3.86059	0.442143	0	0	6.79623e-28
338	rs1	1:1	2:0.463	rs2	1:2	2:0.249	0	1000	1	2.43232e-70	2.2527	0.127051	1.01511e-10	1.34222	0.207623	0.591835	-0.165178	0.308066	0.00640669	-1.60051	0.587085	1.96723e-19	4.66271	0.517212	0	0	7.28059e-38
339	rs1	1:1	2:0.45375	rs2	1:2	2:0.246	0	1000	1	6.02296e-71	2.4556	0.137886	5.83361e-06	1.01159	0.223195	0.559753	0.181691	0.311537	0.00680491	-1.66079	0.613689	1.86696e-16	4.3065	0.523247	0	0	7.3329e-29
340	rs1	1:1	2:0.4605	rs2	1:2	2:0.252	0	1000	1	1.85147e-80	2.41142	0.126946	6.72255e-10	1.20656	0.195474	0.24019	0.32459	0.276361	0.13756	-0.551039	0.371085	3.91825e-18	3.68058	0.423974	0	0	5.95713e-28
341	rs1	1:1	2:0.4525	rs2	1:2	2:0.24825	0	1000	1	3.12187e-77	2.19586	0.118047	5.19831e-13	1.32485	0.183497	0.398897	-0.248751	0.29487	0.243182	-0.357726	0.306516	6.53315e-19	4.3944	0.494721	0	0	2.49438e-38
342	rs1	1:1	2:0.458	rs2	1:2	2:0.25125	0	1000	1	7.00658e-72	2.29272	0.127878	3.67514e-11	1.33857	0.202304	0.611823	-0.171904	0.338745	0.281895	-0.379846	0.352993	8.58998e-19	3.96997	0.448478	0	0	2.7886e-30
343	rs1	1:1	2:0.468	rs2	1:2	2:0.252	0	1000	1	6.63013e-70	2.24632	0.127096	3.29544e-13	1.4992	0.205885	0.106995	-0.644247	0.399695	0.0691569	-0.786485	0.432754	1.30854e-19	4.63612	0.511732	0	0	5.85032e-36
344	rs1	1:1	2:0.4725	rs2	1:2	2:0.246	0	1000	1	7.60972e-64	2.18315	0.129418	2.05956e-19	1.9088	0.211852	0.916253	-0.0319786	0.30411	0.740045	-0.126443	0.381088	2.73553e-18	3.9914	0.457629	0	0	5.61293e-30
345	rs1	1:1	2:0.4715	rs2	1:2	2:0.25925	0	1000	1	9.88331e-83	2.5051	0.129963	2.10966e-09	1.22401	0.204373	0.536846	0.188303	0.3049	0.0378428	-0.955773	0.460269	9.15299e-19	4.00338	0.452615	0	0	3.79609e-30
346	rs1	1:1	2:0.4565	rs2	1:2	2:0.24675	0	1000	1	2.96499e-82	2.32629	0.121084	1.75826e-09	1.11974	0.186044	0.632409	-0.14258	0.298073	0.0311016	-0.85761	0.397821	8.4306e-21	4.36286	0.466412	0	0	1.94162e-37
347	rs1	1:1	2:0.45425	rs2	1:2	2:0.2475	0	1000	1	4.45007e-73	2.42215	0.133957	4.17795e-09	1.24528	0.211891	0.0223105	0.59122	0.258735	0.251237	-0.427695	0.372768	7.23723e-16	3.41678	0.42358	0	0	1.6537e-23
348	rs1	1:1	2:0.46525	rs2	1:2	2:0.25075	0	1000	1	6.18767e-70	2.37553	0.134377	3.1422e-11	1.43663	0.216368	0.441821	-0.290146	0.377243	0.117649	-0.703073	0.449329	1.01607e-17	4.52965	0.528417	0	0	8.37975e-32
349	rs1	1:1	2:0.45325	rs2	1:2	2:0.2485	0	1000	1	5.80902e-75	2.35522	0.128565	9.14078e-11	1.30416	0.201244	0.464449	0.212085	0.289916	0.447122	-0.245647	0.323125	2.35116e-17	3.73466	0.440668	0	0	2.28162e-27
350	rs1	1:1	2:0.46875	rs2	1:2	2:0.251	0	1000	1	6.69867e-76	2.40064	0.130211	2.31771e-10	1.33085	0.209958	0.700202	0.115947	0.301124	0.0288912	-1.08498	0.496567	9.3924e-19	4.12465	0.466478	0	0	8.85304e-31
351	rs1	1:1	2:0.46	rs2	1:2	2:0.24675	0	1000	1	7.31616e-69	2.33533	0.133156	4.87415e-13	1.53583	0.212462	0.102671	0.436861	0.267678	0.667282	-0.155085	0.360761	3.62702e-15	3.65807	0.464978	0	0	2.9366e-25
352	rs1	1:1	2:0.45925	rs2	1:2	2:0.2515	0	1000	1	5.30404e-81	2.46267	0.129197	5.34801e-08	1.1058	0.203297	0.47673	0.208837	0.293487	0.034585	-0.883762	0.418213	1.45015e-18	4.01983	0.457138	0	0	4.09576e-30
353	rs1	1:1	2:0.46275	rs2	1:2	2:0.24775	0	1000	1	8.42726e-68	2.3796	0.136768	4.65145e-08	1.23648	0.22629	0.676588	-0.14412	0.345509	0.00399197	-2.21751	0.770292	3.79618e-16	4.94195	0.606755	0	0	4.2397e-33
354	rs1	1:1	2:0.46175	rs2	1:2	2:0.25575	0	1000	1	6.25943e-82	2.50477	0.130642	2.0808e-05	0.893156	0.209856	0.697525	0.120628	0.310365	0.00270492	-1.57802	0.526109	7.37078e-19	4.14335	0.467164	0	0	4.03306e-31
355	rs1	1:1	2:0.4595	rs2	1:2	2:0.254	0	1000	1	1.26885e-78	2.47941	0.132077	4.04678e-11	1.31698	0.199471	0.378787	0.275208	0.312689	0.940389	-0.0226773	0.30325	1.38836e-15	3.69743	0.46296	0	0	7.19406e-25
356	rs1	1:1	2:0.4555	rs2	1:2	2:0.24475	0	1000	1	1.88894e-72	2.29725	0.127613	1.61601e-12	1.43358	0.202937	0.143356	0.374796	0.256112	0.492043	-0.233214	0.339436	2.4207e-15	3.79126	0.478837	0	0	4.69666e-28
357	rs1	1:1	2:0.45975	rs2	1:2	2:0.25125	0	1000	1	1.4636e-75	2.45516	0.133475	1.26896e-08	1.21032	0.212702	0.935829	-0.0270851	0.336405	0.0404696	-0.909774	0.444025	5.30559e-18	4.34804	0.502861	0	0	1.94587e-30
358	rs1	1:1	2:0.47225	rs2	1:2	2:0.254	0	1000	1	1.21907e-68	2.31849	0.132416	9.12235e-13	1.53616	0.215054	0.22164	-0.482653	0.394912	0.0386203	-1.21719	0.588525	4.86297e-18	4.93302	0.569861	0	0	1.86006e-36
359	rs1	1:1	2:0.452	rs2	1:2	2:0.243	0	1000	1	1.16248e-71	2.32152	0.129688	5.03954e-10	1.26284	0.203098	0.517722	0.191814	0.29653	0.383937	-0.300681	0.345346	1.84722e-17	3.57611	0.420569	0	0	8.43459e-26
360	rs1	1:1	2:0.45675	rs2	1:2	2:0.24925	0	1000	1	1.29902e-76	2.34647	0.126665	2.46842e-09	1.19636	0.200613	0.821921	-0.0694735	0.308668	0.0407851	-0.844784	0.412954	1.43367e-19	4.27628	0.472533	0	0	1.31296e-33
361	rs1	1:1	2:0.456	rs2	1:2	2:0.24975	0	1000	1	3.81834e-75	2.32347	0.126674	3.39364e-09	1.20975	0.204649	0.159138	0.367782	0.261213	0.118313	-0.566686	0.362819	6.84559e-19	3.37285	0.379937	0	0	2.95061e-26
362	rs1	1:1	2:0.4585	rs2	1:2	2:0.25175	0	1000	1	1.64751e-71	2.21962	0.12413	6.6984e-16	1.57395	0.194895	0.360251	-0.322186	0.352159	0.720882	0.102446	0.286738	4.92969e-18	4.08667	0.472175	0	0	1.2829e-31
363	rs1	1:1	2:0.4625	rs2	1:2	2:0.252	0	1000	1	1.01011e-75	2.29594	0.124683	5.63153e-13	1.38718	0.192421	0.618548	-0.163448	0.328269	0.461182	-0.242263	0.328758	1.99192e-19	3.92113	0.435018	0	0	3.52923e-31
364	rs1	1:1	2:0.46125	rs2	1:2	2:0.248	0	1000	1	1.58801e-65	2.23917	0.130976	2.62757e-13	1.55955	0.21328	0.0313167	-1.10805	0.514649	0.147092	-0.607353	0.418898	2.15008e-16	5.49739	0.669319	0	0	5.55758e-39
365	rs1	1:1	2:0.446	rs2	1:2	2:0.2405	0	1000	1	4.98654e-70	2.28394	0.129107	3.52928e-09	1.21904	0.206446	0.433073	0.215602	0.275022	0.121566	-0.575546	0.371743	3.37567e-18	3.77357	0.433839	0	0	1.72626e-28
366	rs1	1:1	2:0.4515	rs2	1:2	2:0.24525	0	1000	1	1.71772e-79	2.41407	0.127875	3.55246e-07	1.00851	0.198077	0.425857	0.227489	0.285682	0.0497867	-0.77951	0.397346	1.5531e-18	3.81947	0.434734	0	0	4.66935e-29
367	rs1	1:1	2:0.46475	rs2	1:2	2:0.254	0	1000	1	8.37673e-75	2.32671	0.127147	5.06056e-12	1.4065	0.203726	0.882289	0.0451281	0.30478	0.211334	-0.463334	0.370695	2.27764e-19	3.87061	0.430115	0	0	9.77129e-31
368	rs1	1:1	2:0.4485	rs2	1:2	2:0.25	0	1000	1	5.08599e-77	2.33241	0.125565	4.08112e-08	1.06541	0.194159	0.601101	-0.16979	0.324759	0.0608692	-0.66947	0.357157	5.71551e-20	4.12506	0.450847	0	0	4.43178e-33
369	rs1	1:1	2:0.45125	rs2	1:2	2:0.248	0	1000	1	3.45362e-76	2.32251	0.12573	2.34297e-08	1.12367	0.20121	0.994205	-0.002155	0.296683	0.0356001	-0.803085	0.382155	3.36269e-20	4.03484	0.43825	0	0	2.60002e-32
370	rs1	1:1	2:0.4525	rs2	1:2	2:0.248	0	1000	1	8.63079e-73	2.28327	0.126532	6.29051e-09	1.17418	0.202136	0.853905	-0.0562884	0.305685	0.0407077	-0.822744	0.402026	4.78299e-20	3.97841	0.433907	0	0	1.63123e-31
371	rs1	1:1	2:0.4495	rs2	1:2	2:0.2475	0	1000	1	3.05394e-80	2.36341	0.124591	8.14938e-10	1.17412	0.191162	0.471945	0.205478	0.285657	0.5124	-0.190584	0.290921	1.11957e-17	3.64223	0.425448	0	0	1.42771e-27
372	rs1	1:1	2:0.45975	rs2	1:2	2:0.2505	0	1000	1	2.44024e-71	2.29672	0.1286	1.09259e-13	1.49875	0.201738	0.806415	-0.0813525	0.331979	0.852817	-0.0591001	0.318555	9.02595e-18	3.84884	0.448283	0	0	7.02305e-28
373	rs1	1:1	2:0.4595	rs2	1:2	2:0.25125	0	1000	1	1.25228e-76	2.19016	0.118215	7.31623e-15	1.45195	0.186653	0.323035	-0.309484	0.313167	0.357109	-0.283534	0.307892	1.37985e-21	4.10968	0.430622	0	0	3.84625e-36
374	rs1	1:1	2:0.4705	rs2	1:2	2:0.251	0	1000	1	2.57724e-70	2.21865	0.125154	2.13191e-17	1.69825	0.200115	0.400732	-0.283439	0.3373	0.656663	-0.153022	0.344237	1.27805e-19	4.13069	0.455814	0	0	2.23529e-33
375	rs1	1:1	2:0.46375	rs2	1:2	2:0.25875	0	1000	1	8.56554e-82	2.53767	0.132477	1.2879e-08	1.17563	0.206699	0.754887	0.104389	0.334365	0.111228	-0.59653	0.37454	9.65165e-18	4.00809	0.467251	0	0	5.88717e-28
376	rs1	1:1	2:0.46375	rs2	1:2	2:0.2525	0	1000	1	3.52007e-78	2.482	0.132598	3.87814e-08	1.17134	0.213115	0.035327	0.550632	0.261634	0.0227088	-1.09969	0.482681	4.94744e-17	3.71246	0.442595	0	0	1.83023e-26
377	rs1	1:1	2:0.46225	rs2	1:2	2:0.24975	0	1000	1	4.40048e-71	2.1864	0.122649	1.46784e-15	1.55626	0.195029	0.289702	-0.34892	0.32955	0.44158	-0.25551	0.332035	1.59662e-20	4.15859	0.447817	0	0	4.74458e-34
378	rs1	1:1	2:0.46075	rs2	1:2	2:0.25375	0	1000	1	6.12699e-79	2.39662	0.127405	2.70107e-10	1.25838	0.199268	0.28481	0.299377	0.279902	0.248029	-0.401581	0.347644	2.41292e-18	3.58685	0.410578	0	0	2.47967e-27
379	rs1	1:1	2:0.45725	rs2	1:2	2:0.24975	0	1000	1	2.02588e-77	2.40133	0.128933	6.38066e-07	1.02953	0.20676	0.601842	-0.172809	0.331208	0.00437688	-1.55464	0.545557	1.73991e-19	4.56864	0.506023	0	0	7.04728e-35
380	rs1	1:1	2:0.46375	rs2	1:2	2:0.252	0	1000	1	4.0884e-80	2.32465	0.122646	4.0172e-13	1.39093	0.19172	0.166079	0.351555	0.253846	0.54498	-0.192068	0.31731	4.93668e-19	3.46541	0.388775	0	0	9.89291e-29
381	rs1	1:1	2:0.44775	rs2	1:2	2:0.245	0	1000	1	1.34485e-74	2.52453	0.138152	0.000526269	0.769712	0.22201	0.514616	0.206687	0.317167	0.00316457	-1.72343	0.58396	9.0451e-17	4.1919	0.504035	0	0	9.07927e-28
382	rs1	1:1	2:0.456	rs2	1:2	2:0.2535	0	1000	1	2.65924e-78	2.47598	0.132172	1.2456e-06	0.974386	0.200977	0.521059	0.201429	0.313892	0.0772871	-0.711087	0.402506	2.12752e-17	3.68	0.433624	0	0	2.59946e-26
383	rs1	1:1	2:0.46125	rs2	1:2	2:0.24875	0	1000	1	1.17343e-66	2.1918	0.127081	6.25066e-14	1.54969	0.20655	0.635929	-0.158976	0.335818	0.676088	-0.142127	0.340172	3.72924e-18	3.69419	0.425267	0	0	7.19652e-28
384	rs1	1:1	2:0.45975	rs2	1:2	2:0.25	0	1000	1	4.98779e-73	2.32601	0.128684	5.2327e-12	1.40271	0.203318	0.18329	0.368246	0.276733	0.676764	-0.13864	0.332563	4.59941e-17	3.30598	0.393733	0	0	5.71428e-24
385	rs1	1:1	2:0.458	rs2	1:2	2:0.24675	0	1000	1	7.87481e-72	2.26343	0.12629	2.45254e-10	1.28909	0.20365	0.971147	0.0110752	0.306205	0.147741	-0.544497	0.376149	4.21211e-19	3.65365	0.409086	0	0	4.04289e-28
386	rs1	1:1	2:0.4545	rs2	1:2	2:0.253	0	1000	1	4.24745e-78	2.42604	0.129678	2.19862e-08	1.14357	0.204369	0.409672	0.236406	0.286737	0.0986168	-0.600906	0.363833	9.69751e-18	3.93115	0.458311	0	0	2.5626e-29
387	rs1	1:1	2:0.46575	rs2	1:2	2:0.25125	0	1000	1	1.42845e-74	2.30695	0.126268	1.24631e-12	1.42602	0.200844	0.349784	-0.324671	0.347239	0.0718205	-0.765944	0.425464	1.48965e-19	4.6511	0.514188	0	0	4.7156e-38
