Outcome	Var1_ID	Var1_Pos	Var1_MAF	Var2_ID	Var2_Pos	Var2_MAF	Num_Missing	Num_Cases	Converged	Red_Var1_Pval	Red_Var1_beta	Red_Var1_SE	Red_Var2_Pval	Red_Var2_beta	Red_Var2_SE	Full_Var1_Pval	Full_Var1_beta	Full_Var1_SE	Full_Var2_Pval	Full_Var2_beta	Full_Var2_SE	Full_Var1_Var2_Pval	Full_Var1_Var2_beta	Full_Var1_Var2_SE	Red_Model_Pval	Full_Model_Pval	Overall_Pval_(LRT)
1	rs1	1:1	2:0.457	rs2	1:2	2:0.2485	0	1000	0	7.7409e-18	8.81939	1.02511	0.64627	-1.19228	2.59784	3.47373e-18	8.73644	1.00479	0.999986	-28.2034	1.55172e+06	0.999975	51.6693	1.62073e+06	0	0	1
2	rs1	1:1	2:0.45375	rs2	1:2	2:0.2495	0	1000	0	0.999657	32.1757	74780.4	0.979502	0.0275668	1.0729	0.999661	32.1764	75724.2	0.979502	0.0275668	1.0729	1	-0.0275668	484871	1	0	1
3	rs1	1:1	2:0.46125	rs2	1:2	2:0.25125	0	1000	0	4.53237e-29	8.07467	0.721557	0.881501	-0.372235	2.4971	2.33769e-29	8.02997	0.713827	0.99999	-28.2108	2.19446e+06	0.999981	52.3758	2.23627e+06	0	0	1
4	rs1	1:1	2:0.45875	rs2	1:2	2:0.2475	0	1000	0	1.19022e-17	8.81428	1.03044	0.54789	-1.39671	2.32427	4.40248e-18	8.7087	1.00471	0.999982	-28.2264	1.26697e+06	0.999969	51.6971	1.34709e+06	0	0	1
5	rs1	1:1	2:0.45775	rs2	1:2	2:0.249	0	1000	0	2.18325e-29	8.03357	0.713765	0.834207	0.219697	1.04963	2.86526e-29	8.01629	0.713751	0.867593	0.18071	1.08394	0.999963	23.9784	517294	0	0	1
6	rs1	1:1	2:0.45425	rs2	1:2	2:0.2485	0	1000	0	1.23349e-45	7.3211	0.516329	0.47509	-1.05756	1.48072	4.08008e-46	7.25625	0.508975	0.999977	-28.2878	981393	0.999962	53.1495	1.10302e+06	0	0	1
7	rs1	1:1	2:0.4575	rs2	1:2	2:0.244	0	1000	0	1.79479e-38	7.59181	0.585307	0.159753	1.97387	1.40399	1.94662e-38	7.58859	0.585339	0.167711	1.95499	1.41707	0.999964	22.6143	503497	0	0	1
8	rs1	1:1	2:0.4705	rs2	1:2	2:0.256	0	1000	0	8.26372e-56	7.26726	0.461756	0.826512	-0.409865	1.87001	4.51654e-56	7.23488	0.458586	0.999986	-28.1143	1.55172e+06	0.999974	53.1709	1.63567e+06	0	0	1
9	rs1	1:1	2:0.46125	rs2	1:2	2:0.2505	0	1000	0	2.14043e-29	8.03596	0.713867	0.999938	28.6531	370124	2.14043e-29	8.03596	0.713867	0.999988	32.2034	2.19469e+06	0.999997	-8.03596	2.23354e+06	1	0	1
10	rs1	1:1	2:0.45825	rs2	1:2	2:0.25475	0	1000	0	0.999554	50.0953	89554.7	0.99972	-22.2352	63387.3	0.99966	32.1804	75455.2	0.999982	-28.2254	1.26697e+06	0.999984	28.2254	1.38274e+06	1	0	1
11	rs1	1:1	2:0.45475	rs2	1:2	2:0.24825	0	1000	0	5.30859e-46	7.30798	0.513266	0.735528	-0.656124	1.94245	2.7398e-46	7.27092	0.509013	0.999985	-28.2779	1.55172e+06	0.999974	53.1349	1.64587e+06	0	0	1
12	rs1	1:1	2:0.47325	rs2	1:2	2:0.25425	0	1000	0	9.02618e-49	7.49053	0.510352	0.0338737	2.12262	1.0005	9.76519e-49	7.48837	0.51039	0.03534	2.11425	1.00466	0.999968	22.7145	566668	0	0	1
13	rs1	1:1	2:0.456	rs2	1:2	2:0.24875	0	1000	0	4.75333e-18	8.69971	1.00469	0.999937	29.3233	372436	4.75333e-18	8.69971	1.00469	0.999983	32.1752	1.55188e+06	0.999996	-8.69971	1.61525e+06	1	0	1
14	rs1	1:1	2:0.4555	rs2	1:2	2:0.24425	0	1000	0	7.31938e-38	7.61038	0.591673	0.728385	-0.688228	1.9818	3.32491e-38	7.56295	0.585217	0.999985	-28.27	1.55172e+06	0.999974	52.8428	1.62747e+06	0	0	1
15	rs1	1:1	2:0.46375	rs2	1:2	2:0.2475	0	1000	0	3.76619e-46	7.36384	0.51632	0.58687	-0.822407	1.51351	1.27223e-46	7.30161	0.50926	0.999979	-28.2448	1.09723e+06	0.999964	53.1042	1.18884e+06	0	0	1
16	rs1	1:1	2:0.45575	rs2	1:2	2:0.24725	0	1000	0	9.63032e-38	7.51089	0.584903	0.999969	24.5729	633554	9.63032e-38	7.51089	0.584903	0.999969	24.5729	633554	nan	nan	nan	1	0	1
17	rs1	1:1	2:0.469	rs2	1:2	2:0.25025	0	1000	0	0.999546	50.508	88805.5	0.99972	-22.0632	62900.6	0.999656	32.337	74969.3	0.999982	-28.0688	1.26697e+06	0.999983	28.0688	1.34295e+06	1	0	1
18	rs1	1:1	2:0.454	rs2	1:2	2:0.25025	0	1000	0	1.79096e-28	8.02035	0.724635	0.703796	-0.789837	2.07742	7.20748e-29	7.95529	0.713516	0.999985	-28.2759	1.55172e+06	0.999974	52.4505	1.61261e+06	0	0	1
19	rs1	1:1	2:0.4655	rs2	1:2	2:0.258	0	1000	0	7.2023e-39	7.77912	0.596537	0.514908	-1.00903	1.54946	1.95194e-39	7.6998	0.585999	0.999977	-28.1474	981393	0.999961	52.706	1.07508e+06	0	0	1
20	rs1	1:1	2:0.461	rs2	1:2	2:0.25	0	1000	0	0.999555	49.6718	89152	0.999725	-21.76	63104.1	0.999657	32.2411	75100.9	0.999986	-28.1647	1.55172e+06	0.999986	28.1647	1.64758e+06	1	0	1
21	rs1	1:1	2:0.459	rs2	1:2	2:0.2455	0	1000	0	7.41696e-60	6.83874	0.419106	0.154502	1.96525	1.38027	9.22069e-60	6.83392	0.419152	0.177609	1.9103	1.41697	0.999956	23.369	422369	0	0	1
22	rs1	1:1	2:0.457	rs2	1:2	2:0.2505	0	1000	0	1.29875e-28	8.10154	0.730073	0.4464	-1.30538	1.71438	3.45437e-29	8.00413	0.713719	0.999977	-28.2366	981393	0.999961	52.4017	1.08285e+06	0	0	1
23	rs1	1:1	2:0.461	rs2	1:2	2:0.24875	0	1000	0	3.17951e-60	6.92035	0.42277	0.556556	-0.91463	1.55559	1.64025e-60	6.88125	0.41935	0.999979	-28.268	1.09723e+06	0.999966	53.5245	1.25476e+06	0	0	1
24	rs1	1:1	2:0.45	rs2	1:2	2:0.24525	0	1000	0	7.13521e-37	7.54565	0.594835	0.516032	-1.03953	1.60058	2.22919e-37	7.47165	0.584814	0.999979	-28.3456	1.09723e+06	0.999965	52.9341	1.19284e+06	0	0	1
25	rs1	1:1	2:0.458	rs2	1:2	2:0.24875	0	1000	0	7.92381e-39	7.63164	0.585555	0.999947	28.9618	433674	7.92381e-39	7.63164	0.585555	0.999988	32.195	2.19469e+06	0.999997	-7.63164	2.25171e+06	1	0	1
26	rs1	1:1	2:0.46075	rs2	1:2	2:0.2475	0	1000	0	0.999564	48.8615	89517.8	0.999734	-21.1336	63357.9	0.999659	32.1824	75366.1	0.99999	-28.2234	2.19446e+06	0.99999	28.2234	2.27275e+06	1	0	1
27	rs1	1:1	2:0.45875	rs2	1:2	2:0.24475	0	1000	0	1.34874e-38	7.67525	0.590743	0.697367	-0.849232	2.1838	7.0612e-39	7.63671	0.585549	0.999986	-28.2128	1.55172e+06	0.999975	52.7691	1.65888e+06	0	0	1
28	rs1	1:1	2:0.455	rs2	1:2	2:0.24825	0	1000	0	2.10894e-28	8.034	0.72683	0.5881	-1.02781	1.89777	7.18441e-29	7.95549	0.713516	0.999982	-28.2769	1.26697e+06	0.999969	52.4503	1.34384e+06	0	0	1
29	rs1	1:1	2:0.467	rs2	1:2	2:0.2535	0	1000	0	1.14569e-39	7.8258	0.593769	0.671658	-0.777606	1.83452	4.43686e-40	7.77024	0.586377	0.999982	-28.0886	1.26697e+06	0.999969	52.6356	1.35062e+06	0	0	1
30	rs1	1:1	2:0.458	rs2	1:2	2:0.2485	0	1000	0	2.08277e-46	7.33486	0.512804	0.970898	-0.0790961	2.16806	1.16663e-46	7.30463	0.509257	0.99999	-28.2418	2.19446e+06	0.999981	53.1012	2.24167e+06	0	0	1
31	rs1	1:1	2:0.4525	rs2	1:2	2:0.248	0	1000	0	4.75969e-45	7.25627	0.515211	0.865872	-0.273969	1.62203	1.75937e-45	7.20135	0.508779	0.999985	-28.3184	1.55172e+06	0.999973	53.2044	1.59671e+06	0	0	1
32	rs1	1:1	2:0.45875	rs2	1:2	2:0.25375	0	1000	0	8.14977e-38	7.64537	0.594777	0.670566	-0.703298	1.65337	2.5976e-38	7.57579	0.585352	0.999982	-28.2499	1.26697e+06	0.999968	52.83	1.33091e+06	0	0	1
33	rs1	1:1	2:0.46175	rs2	1:2	2:0.2515	0	1000	0	6.93083e-39	7.74524	0.593806	0.659404	-0.785747	1.78281	2.57085e-39	7.68619	0.585893	0.999982	-28.161	1.26697e+06	0.999969	52.7196	1.34709e+06	0	0	1
34	rs1	1:1	2:0.45575	rs2	1:2	2:0.24275	0	1000	0	1.6836e-37	7.53611	0.588853	0.835105	-0.52792	2.53613	1.03907e-37	7.50749	0.584906	0.99999	-28.323	2.19446e+06	0.999981	52.8983	2.2715e+06	0	0	1
35	rs1	1:1	2:0.45775	rs2	1:2	2:0.24375	0	1000	0	1.43351e-28	8.06578	0.727429	0.495349	-1.26516	1.85555	4.67629e-29	7.98378	0.713612	0.999979	-28.257	1.09723e+06	0.999965	52.422	1.20198e+06	0	0	1
36	rs1	1:1	2:0.46925	rs2	1:2	2:0.25225	0	1000	0	1.16747e-29	8.22632	0.727333	0.535985	-1.17799	1.90337	3.85692e-30	8.14868	0.714356	0.99998	-28.1133	1.09723e+06	0.999965	52.2571	1.1972e+06	0	0	1
37	rs1	1:1	2:0.45875	rs2	1:2	2:0.253	0	1000	0	8.38156e-30	8.09702	0.714067	0.14358	2.05881	1.40765	8.91743e-30	8.09349	0.714098	0.149067	2.04494	1.41731	0.999961	22.1094	457625	0	0	1
38	rs1	1:1	2:0.46	rs2	1:2	2:0.2525	0	1000	0	0.999558	50.1359	90469.1	0.999727	-21.9341	64089.3	0.999665	32.098	76363.2	0.999985	-28.3078	1.55172e+06	0.999986	28.3078	1.6169e+06	1	0	1
39	rs1	1:1	2:0.45	rs2	1:2	2:0.24375	0	1000	0	6.29789e-17	8.69508	1.04014	0.386277	-1.73351	2.00085	1.72599e-17	8.54723	1.00427	0.999977	-28.3638	981393	0.999962	51.8586	1.08285e+06	0	0	1
40	rs1	1:1	2:0.45	rs2	1:2	2:0.24525	0	1000	0	1.33732e-28	7.91315	0.713264	0.0597428	1.885	1.00123	1.39962e-28	7.91055	0.713292	0.0610988	1.87987	1.00378	0.99997	22.2923	586557	0	0	1
41	rs1	1:1	2:0.44975	rs2	1:2	2:0.243	0	1000	0	0.999566	49.5946	91240.7	0.999737	-21.3348	64665.2	0.999668	32.0221	77066.1	0.99999	-28.3837	2.19446e+06	0.99999	28.3837	2.23607e+06	1	0	1
42	rs1	1:1	2:0.45825	rs2	1:2	2:0.24725	0	1000	0	1.45806e-38	7.60268	0.585426	0.999957	24.5705	457625	1.45806e-38	7.60268	0.585426	0.999957	24.5705	457625	nan	nan	nan	1	0	1
43	rs1	1:1	2:0.46275	rs2	1:2	2:0.24975	0	1000	0	3.18903e-18	8.85449	1.01723	0.778007	-0.933313	3.3106	1.93188e-18	8.80482	1.00498	0.99999	-28.1492	2.19446e+06	0.999982	51.601	2.2581e+06	0	0	1
44	rs1	1:1	2:0.45225	rs2	1:2	2:0.24225	0	1000	0	8.15714e-18	8.63578	1.00447	0.999964	23.4767	517294	8.15714e-18	8.63578	1.00447	0.999964	23.4767	517294	nan	nan	nan	1	0	1
45	rs1	1:1	2:0.4615	rs2	1:2	2:0.25	0	1000	0	6.46275e-29	8.096	0.725505	0.584913	-1.09643	2.00729	2.44874e-29	8.02658	0.713786	0.999982	-28.2201	1.26697e+06	0.999969	52.3792	1.3587e+06	0	0	1
46	rs1	1:1	2:0.4575	rs2	1:2	2:0.24625	0	1000	0	5.57894e-29	8.13221	0.727898	0.517716	-1.19206	1.8428	1.75277e-29	8.0489	0.7139	0.999979	-28.199	1.09723e+06	0.999965	52.3569	1.19284e+06	0	0	1
47	rs1	1:1	2:0.455	rs2	1:2	2:0.245	0	1000	0	2.57311e-45	7.27328	0.514833	0.840972	-0.335741	1.67326	1.01768e-45	7.22202	0.508857	0.999985	-28.3051	1.55172e+06	0.999974	53.1838	1.60262e+06	0	0	1
48	rs1	1:1	2:0.458	rs2	1:2	2:0.24875	0	1000	0	3.6324e-18	8.73083	1.00473	0.999954	29.259	506370	3.6324e-18	8.73083	1.00473	0.999988	32.1897	2.19469e+06	0.999997	-8.73083	2.27754e+06	1	0	1
49	rs1	1:1	2:0.461	rs2	1:2	2:0.2495	0	1000	0	6.88793e-29	8.05613	0.722299	0.905206	-0.284836	2.39181	3.32581e-29	8.00698	0.71376	0.99999	-28.2254	2.19446e+06	0.999981	52.3988	2.22958e+06	0	0	1
50	rs1	1:1	2:0.46625	rs2	1:2	2:0.2535	0	1000	0	3.69487e-39	7.73043	0.590504	0.933767	-0.196859	2.36878	2.03694e-39	7.69716	0.585942	0.99999	-28.1512	2.19446e+06	0.999981	52.7086	2.24167e+06	0	0	1
51	rs1	1:1	2:0.46225	rs2	1:2	2:0.249	0	1000	0	1.44687e-29	8.24092	0.729839	0.417031	-1.41896	1.74839	3.91016e-30	8.14783	0.714356	0.999975	-28.1154	895885	0.999959	52.258	1.02149e+06	0	0	1
52	rs1	1:1	2:0.4555	rs2	1:2	2:0.24725	0	1000	0	6.26474e-29	8.08461	0.724305	0.711354	-0.787235	2.12745	2.60049e-29	8.02283	0.713789	0.999986	-28.2191	1.55172e+06	0.999974	52.383	1.61509e+06	0	0	1
53	rs1	1:1	2:0.45475	rs2	1:2	2:0.24575	0	1000	0	0.999555	50.3479	90215.3	0.999721	-22.3206	63880.3	0.999663	32.1104	76087.3	0.999982	-28.2954	1.26697e+06	0.999983	28.2954	1.36082e+06	1	0	1
54	rs1	1:1	2:0.4565	rs2	1:2	2:0.25225	0	1000	0	8.85187e-38	7.66202	0.59637	0.480303	-1.07506	1.52315	2.37381e-38	7.57978	0.585347	0.999977	-28.2519	981393	0.999961	52.826	1.07881e+06	0	0	1
55	rs1	1:1	2:0.46725	rs2	1:2	2:0.253	0	1000	0	2.31712e-47	7.36656	0.509606	0.373209	0.981655	1.10239	3.47064e-47	7.35272	0.509629	0.431222	0.911769	1.15839	0.999952	23.9488	400695	0	0	1
56	rs1	1:1	2:0.456	rs2	1:2	2:0.25375	0	1000	0	4.22132e-18	8.7131	1.00466	0.162127	1.97621	1.41364	4.3193e-18	8.71062	1.00468	0.164208	1.97128	1.41711	0.99997	21.4923	566668	0	0	1
57	rs1	1:1	2:0.46225	rs2	1:2	2:0.24775	0	1000	0	7.88301e-47	7.43057	0.517057	0.629464	-0.714554	1.481	2.4817e-47	7.36522	0.509679	0.999979	-28.186	1.09723e+06	0.999964	53.0406	1.17572e+06	0	0	1
58	rs1	1:1	2:0.46175	rs2	1:2	2:0.25075	0	1000	0	2.67734e-38	7.6937	0.594569	0.546739	-1.00827	1.67306	8.91494e-39	7.62643	0.585559	0.999979	-28.2148	1.09723e+06	0.999965	52.7794	1.1972e+06	0	0	1
59	rs1	1:1	2:0.45525	rs2	1:2	2:0.244	0	1000	0	0.999555	50.1118	89924.1	0.999721	-22.2929	63650.4	0.999662	32.1309	75769.3	0.999982	-28.2749	1.26697e+06	0.999984	28.2749	1.38275e+06	1	0	1
60	rs1	1:1	2:0.466	rs2	1:2	2:0.25	0	1000	0	2.31556e-38	7.69434	0.594106	0.659432	-0.761971	1.72901	8.11885e-39	7.63125	0.585608	0.999982	-28.2064	1.26697e+06	0.999969	52.7745	1.34085e+06	0	0	1
61	rs1	1:1	2:0.4615	rs2	1:2	2:0.25025	0	1000	0	1.99846e-47	7.4791	0.517027	0.52778	-0.946828	1.49957	6.56178e-48	7.41582	0.509958	0.999977	-28.1484	981393	0.999961	52.99	1.09202e+06	0	0	1
62	rs1	1:1	2:0.45875	rs2	1:2	2:0.252	0	1000	0	5.94693e-18	8.91797	1.03294	0.381413	-1.94569	2.2229	1.97841e-18	8.80214	1.00498	0.999975	-28.1542	895885	0.999961	51.6037	1.06006e+06	0	0	1
63	rs1	1:1	2:0.4555	rs2	1:2	2:0.243	0	1000	0	2.26026e-38	7.58133	0.585296	0.99996	24.5705	490749	2.26026e-38	7.58133	0.585296	0.99996	24.5705	490749	nan	nan	nan	1	0	1
64	rs1	1:1	2:0.46675	rs2	1:2	2:0.25325	0	1000	0	0.999561	48.8971	88772.8	0.999733	-21.0019	62832.1	0.999655	32.2975	74751.6	0.99999	-28.1083	2.19446e+06	0.99999	28.1083	2.26768e+06	1	0	1
65	rs1	1:1	2:0.4495	rs2	1:2	2:0.24225	0	1000	0	1.10542e-45	7.21597	0.508638	0.616877	0.537933	1.07526	1.5491e-45	7.20442	0.508674	0.666685	0.482991	1.1214	0.999965	24.3848	548674	0	0	1
66	rs1	1:1	2:0.4715	rs2	1:2	2:0.2525	0	1000	0	1.74596e-48	7.54866	0.515887	0.718107	-0.619522	1.71618	7.26948e-49	7.50068	0.510533	0.999982	-28.0728	1.26697e+06	0.999969	52.9051	1.35062e+06	0	0	1
67	rs1	1:1	2:0.46625	rs2	1:2	2:0.248	0	1000	0	9.65616e-40	7.80745	0.591797	0.75228	-0.670187	2.1233	4.74634e-40	7.76643	0.586314	0.999986	-28.0959	1.55172e+06	0.999974	52.6394	1.63567e+06	0	0	1
68	rs1	1:1	2:0.463	rs2	1:2	2:0.25325	0	1000	0	1.55704e-29	8.19738	0.726398	0.518233	-1.26627	1.95996	5.54163e-30	8.12458	0.71422	0.99998	-28.1374	1.09723e+06	0.999966	52.2812	1.21306e+06	0	0	1
69	rs1	1:1	2:0.45675	rs2	1:2	2:0.2505	0	1000	0	5.97313e-18	8.67349	1.00468	0.744433	0.350346	1.07472	7.28161e-18	8.64973	1.00457	0.769203	0.322486	1.09907	0.999955	23.1626	414758	0	0	1
70	rs1	1:1	2:0.4635	rs2	1:2	2:0.24925	0	1000	0	1.61903e-18	8.82507	1.00501	0.393313	0.980517	1.14865	1.7555e-18	8.81623	1.00504	0.403013	0.968853	1.15857	0.999963	22.4853	490749	0	0	1
71	rs1	1:1	2:0.4525	rs2	1:2	2:0.24425	0	1000	0	1.92523e-37	7.47771	0.584766	0.999967	24.5801	586557	1.92523e-37	7.47771	0.584766	0.999967	24.5801	586557	nan	nan	nan	1	0	1
72	rs1	1:1	2:0.453	rs2	1:2	2:0.24275	0	1000	0	1.17285e-17	8.59291	1.00436	0.999961	23.4863	478922	1.17285e-17	8.59291	1.00436	0.999961	23.4863	478922	nan	nan	nan	1	0	1
73	rs1	1:1	2:0.45225	rs2	1:2	2:0.24775	0	1000	0	1.54214e-17	8.68279	1.01864	0.761847	-0.940066	3.10195	8.89254e-18	8.62564	1.00445	0.99999	-28.3011	2.19446e+06	0.999982	51.7802	2.25148e+06	0	0	1
74	rs1	1:1	2:0.4485	rs2	1:2	2:0.24725	0	1000	0	3.46351e-17	8.6168	1.02219	0.784792	-0.764316	2.79888	1.75772e-17	8.54512	1.00427	0.99999	-28.3597	2.19446e+06	0.999981	51.8607	2.23331e+06	0	0	1
75	rs1	1:1	2:0.45325	rs2	1:2	2:0.24575	0	1000	0	0.999556	50.0753	90059.9	0.999726	-21.877	63790.7	0.999663	32.1458	75996.1	0.999985	-28.26	1.55172e+06	0.999986	28.26	1.61958e+06	1	0	1
76	rs1	1:1	2:0.46225	rs2	1:2	2:0.25	0	1000	0	9.94102e-39	7.71872	0.593024	0.629362	-0.89385	1.85206	4.01557e-39	7.66438	0.585741	0.999982	-28.184	1.26697e+06	0.999969	52.7414	1.36335e+06	0	0	1
77	rs1	1:1	2:0.45525	rs2	1:2	2:0.244	0	1000	0	9.2036e-29	7.93862	0.713414	0.612803	0.550684	1.08815	1.18168e-28	7.92245	0.713391	0.648325	0.511497	1.12148	0.999959	23.6667	457625	0	0	1
78	rs1	1:1	2:0.45925	rs2	1:2	2:0.2495	0	1000	0	2.92116e-18	8.75613	1.00478	0.423959	0.918543	1.14879	3.15578e-18	8.74761	1.00481	0.433476	0.907295	1.15836	0.999965	22.5539	517294	0	0	1
79	rs1	1:1	2:0.4465	rs2	1:2	2:0.24625	0	1000	0	5.54984e-17	8.65039	1.03295	0.516266	-1.43973	2.218	1.9449e-17	8.53299	1.00423	0.999982	-28.3743	1.26697e+06	0.999969	51.8728	1.34384e+06	0	0	1
80	rs1	1:1	2:0.45925	rs2	1:2	2:0.24725	0	1000	0	0.999563	49.06	89613.9	0.999734	-21.1363	63442	0.99966	32.1824	75499.8	0.99999	-28.2234	2.19446e+06	0.99999	28.2234	2.25936e+06	1	0	1
81	rs1	1:1	2:0.44775	rs2	1:2	2:0.24475	0	1000	0	2.93692e-37	7.4569	0.584642	0.493318	0.77184	1.12671	3.66808e-37	7.44718	0.584674	0.526002	0.734221	1.15786	0.999964	23.8543	532292	0	0	1
82	rs1	1:1	2:0.44625	rs2	1:2	2:0.242	0	1000	0	3.71556e-44	7.18046	0.515167	0.50933	-1.01397	1.53659	1.36522e-44	7.12042	0.50826	0.999979	-28.403	1.09723e+06	0.999965	53.2854	1.21306e+06	0	0	1
83	rs1	1:1	2:0.47	rs2	1:2	2:0.25025	0	1000	0	1.2995e-49	7.56413	0.510812	0.332842	1.10099	1.13692	1.55684e-49	7.55898	0.510884	0.353759	1.07473	1.15896	0.999969	23.7425	608699	0	0	1
84	rs1	1:1	2:0.4495	rs2	1:2	2:0.24775	0	1000	0	0.999549	51.2165	90698.8	0.999719	-22.6229	64315.1	0.999666	32.1094	76782.6	0.999979	-28.2964	1.09723e+06	0.999981	28.2964	1.16079e+06	1	0	1
85	rs1	1:1	2:0.46275	rs2	1:2	2:0.24775	0	1000	0	3.53237e-38	7.65055	0.592209	0.756407	-0.600905	1.93714	1.52563e-38	7.60067	0.585428	0.999985	-28.2346	1.55172e+06	0.999974	52.8051	1.61779e+06	0	0	1
86	rs1	1:1	2:0.4635	rs2	1:2	2:0.25475	0	1000	0	8.22735e-18	8.87544	1.03246	0.482343	-1.57679	2.24441	2.80202e-18	8.76164	1.00487	0.999979	-28.183	1.09723e+06	0.999966	51.6441	1.1972e+06	0	0	1
87	rs1	1:1	2:0.457	rs2	1:2	2:0.24775	0	1000	0	5.63436e-18	8.67956	1.00461	0.99996	23.4743	467910	5.63436e-18	8.67956	1.00461	0.99996	23.4743	467910	nan	nan	nan	1	0	1
88	rs1	1:1	2:0.4665	rs2	1:2	2:0.25225	0	1000	0	3.40589e-29	8.15587	0.727169	0.516031	-1.23024	1.89421	1.13516e-29	8.07745	0.714015	0.999979	-28.1764	1.09723e+06	0.999965	52.3283	1.20198e+06	0	0	1
89	rs1	1:1	2:0.4585	rs2	1:2	2:0.2455	0	1000	0	1.18225e-17	8.78019	1.02636	0.644598	-1.16416	2.52377	5.08624e-18	8.69174	1.00466	0.999985	-28.2398	1.55172e+06	0.999974	51.7141	1.61509e+06	0	0	1
90	rs1	1:1	2:0.454	rs2	1:2	2:0.2405	0	1000	0	1.25578e-17	8.70607	1.01853	0.765124	-0.931677	3.11849	7.26109e-18	8.64958	1.00451	0.99999	-28.2807	2.19446e+06	0.999982	51.7562	2.25148e+06	0	0	1
91	rs1	1:1	2:0.44525	rs2	1:2	2:0.24525	0	1000	0	1.08235e-17	8.60219	1.00436	0.0600342	1.88437	1.00204	1.1177e-17	8.59867	1.00439	0.0609607	1.88087	1.00378	0.999966	21.6042	503497	0	0	1
92	rs1	1:1	2:0.4635	rs2	1:2	2:0.25025	0	1000	0	1.06534e-29	8.08099	0.713976	0.262362	1.35723	1.21092	1.20876e-29	8.07355	0.714019	0.276937	1.3354	1.22827	0.999959	22.8225	447990	0	0	1
93	rs1	1:1	2:0.4605	rs2	1:2	2:0.2475	0	1000	0	1.03312e-38	7.61803	0.58542	0.276802	1.311	1.20548	1.21329e-38	7.61147	0.585469	0.296411	1.28234	1.22811	0.999962	23.2846	490749	0	0	1
94	rs1	1:1	2:0.4515	rs2	1:2	2:0.24325	0	1000	0	1.04756e-27	7.95555	0.729285	0.483493	-1.21597	1.73538	2.99407e-28	7.86043	0.71316	0.999979	-28.3574	1.09723e+06	0.999965	52.5454	1.18516e+06	0	0	1
95	rs1	1:1	2:0.45925	rs2	1:2	2:0.24525	0	1000	0	8.93367e-18	8.62477	1.00441	0.480998	0.807993	1.14658	9.77515e-18	8.61454	1.00443	0.492659	0.7945	1.15802	0.999964	22.687	503497	0	0	1
96	rs1	1:1	2:0.451	rs2	1:2	2:0.24425	0	1000	0	9.75619e-28	7.96356	0.729588	0.488652	-1.19268	1.72239	2.72361e-28	7.86682	0.713188	0.999979	-28.351	1.09723e+06	0.999965	52.539	1.18177e+06	0	0	1
97	rs1	1:1	2:0.45975	rs2	1:2	2:0.25325	0	1000	0	6.19546e-29	8.16204	0.731177	0.472955	-1.20226	1.6752	1.50584e-29	8.05937	0.713983	0.999977	-28.185	981393	0.999961	52.3464	1.06842e+06	0	0	1
98	rs1	1:1	2:0.458	rs2	1:2	2:0.24875	0	1000	0	7.2193e-38	7.6538	0.595	0.547268	-0.97712	1.6235	2.25879e-38	7.58199	0.585345	0.999979	-28.2509	1.09723e+06	0.999965	52.8238	1.18884e+06	0	0	1
99	rs1	1:1	2:0.464	rs2	1:2	2:0.25125	0	1000	0	4.03986e-18	8.93167	1.02927	0.571967	-1.34924	2.38737	1.53136e-18	8.83222	1.00511	0.999982	-28.1194	1.26697e+06	0.999969	51.5736	1.34709e+06	0	0	1
100	rs1	1:1	2:0.45975	rs2	1:2	2:0.24925	0	1000	0	1.29082e-17	8.71475	1.01992	0.78121	-0.830755	2.9911	7.07114e-18	8.65285	1.00454	0.99999	-28.2739	2.19446e+06	0.999982	51.7529	2.24167e+06	0	0	1
101	rs1	1:1	2:0.4705	rs2	1:2	2:0.2585	0	1000	0	6.0128e-63	7.04648	0.420775	0.999948	25.2541	387971	6.0128e-63	7.04648	0.420775	0.999948	25.2541	387971	nan	nan	nan	1	0	1
102	rs1	1:1	2:0.4585	rs2	1:2	2:0.25075	0	1000	0	1.48337e-17	8.83149	1.03553	0.572294	-1.21383	2.14961	4.55096e-18	8.70519	1.00474	0.999982	-28.2191	1.26697e+06	0.999969	51.7006	1.32332e+06	0	0	1
103	rs1	1:1	2:0.4575	rs2	1:2	2:0.2485	0	1000	0	2.12616e-28	8.06234	0.729442	0.515224	-1.13582	1.74546	5.93499e-29	7.96838	0.713584	0.999979	-28.264	1.09723e+06	0.999964	52.4374	1.17863e+06	0	0	1
104	rs1	1:1	2:0.455	rs2	1:2	2:0.243	0	1000	0	6.65215e-18	8.65985	1.00454	0.999964	23.4731	517294	6.65215e-18	8.65985	1.00454	0.999964	23.4731	517294	nan	nan	nan	1	0	1
105	rs1	1:1	2:0.46275	rs2	1:2	2:0.251	0	1000	0	3.17962e-18	8.90171	1.02261	0.64972	-1.25963	2.7736	1.55927e-18	8.82987	1.00507	0.999986	-28.1265	1.55172e+06	0.999975	51.5759	1.63567e+06	0	0	1
106	rs1	1:1	2:0.4685	rs2	1:2	2:0.253	0	1000	0	1.61358e-18	8.82603	1.00507	0.999959	23.4553	457625	1.61358e-18	8.82603	1.00507	0.999959	23.4553	457625	nan	nan	nan	1	0	1
107	rs1	1:1	2:0.4605	rs2	1:2	2:0.2425	0	1000	0	1.37919e-46	7.34521	0.512501	0.937099	-0.17882	2.26594	8.18767e-47	7.31775	0.5093	0.99999	-28.2346	2.19446e+06	0.999981	53.088	2.25148e+06	0	0	1
108	rs1	1:1	2:0.45975	rs2	1:2	2:0.24825	0	1000	0	1.04162e-28	8.02467	0.721864	0.885301	-0.350439	2.42934	5.19381e-29	7.9772	0.713618	0.99999	-28.254	2.19446e+06	0.999981	52.4286	2.23331e+06	0	0	1
109	rs1	1:1	2:0.4535	rs2	1:2	2:0.24325	0	1000	0	1.82427e-37	7.58934	0.593302	0.612397	-0.890351	1.75731	6.82302e-38	7.52854	0.585064	0.999982	-28.2984	1.26697e+06	0.999969	52.8772	1.35447e+06	0	0	1
110	rs1	1:1	2:0.46175	rs2	1:2	2:0.25275	0	1000	0	1.89813e-18	8.80677	1.00497	0.537641	0.682093	1.1066	2.1566e-18	8.79241	1.00499	0.553724	0.664418	1.12197	0.999959	22.7968	447990	0	0	1
111	rs1	1:1	2:0.45125	rs2	1:2	2:0.24775	0	1000	0	2.60732e-28	8.01615	0.726468	0.473827	-1.36463	1.9052	9.17677e-29	7.93881	0.713415	0.999979	-28.2984	1.09723e+06	0.999966	52.467	1.21953e+06	0	0	1
112	rs1	1:1	2:0.45375	rs2	1:2	2:0.24475	0	1000	0	2.46602e-28	8.00489	0.725118	0.7103	-0.755699	2.03444	9.54331e-29	7.93676	0.713455	0.999985	-28.2896	1.55172e+06	0.999974	52.469	1.60818e+06	0	0	1
113	rs1	1:1	2:0.45675	rs2	1:2	2:0.248	0	1000	0	0.999556	49.8596	89508.1	0.999725	-21.8063	63373.7	0.999659	32.2034	75455.2	0.999986	-28.2024	1.55172e+06	0.999986	28.2024	1.63311e+06	1	0	1
114	rs1	1:1	2:0.45675	rs2	1:2	2:0.24625	0	1000	0	3.49195e-17	8.7103	1.0334	0.532509	-1.37798	2.20766	1.18839e-17	8.59161	1.00439	0.999982	-28.323	1.26697e+06	0.999969	51.8142	1.33809e+06	0	0	1
115	rs1	1:1	2:0.4525	rs2	1:2	2:0.246	0	1000	0	1.89595e-37	7.4795	0.584852	0.460857	0.818707	1.11021	2.63644e-37	7.46411	0.584822	0.511768	0.7597	1.15793	0.999954	23.8374	414758	0	0	1
116	rs1	1:1	2:0.46975	rs2	1:2	2:0.24825	0	1000	0	3.3954e-49	7.5289	0.510664	0.999963	24.8242	532292	3.3954e-49	7.5289	0.510664	0.999963	24.8242	532292	nan	nan	nan	1	0	1
117	rs1	1:1	2:0.4675	rs2	1:2	2:0.25525	0	1000	0	1.013e-30	8.23526	0.714694	0.224599	1.47906	1.21795	1.10004e-30	8.23071	0.71474	0.232923	1.46567	1.2287	0.999966	22.6653	532292	0	0	1
118	rs1	1:1	2:0.4625	rs2	1:2	2:0.25175	0	1000	0	6.26474e-29	8.08461	0.724305	0.711354	-0.787235	2.12745	2.60049e-29	8.02283	0.713789	0.999986	-28.2191	1.55172e+06	0.999974	52.383	1.61509e+06	0	0	1
119	rs1	1:1	2:0.4565	rs2	1:2	2:0.251	0	1000	0	2.74196e-28	7.95521	0.721241	0.85371	-0.456487	2.4757	1.42741e-28	7.90971	0.713329	0.99999	-28.3154	2.19446e+06	0.999981	52.4961	2.23972e+06	0	0	1
120	rs1	1:1	2:0.4585	rs2	1:2	2:0.249	0	1000	0	2.77879e-18	8.76207	1.00481	0.276012	1.33013	1.22107	2.93515e-18	8.7561	1.00484	0.28204	1.32125	1.22822	0.999965	22.1399	503497	0	0	1
121	rs1	1:1	2:0.46025	rs2	1:2	2:0.25325	0	1000	0	5.67779e-47	7.4145	0.515125	0.672305	-0.719811	1.70173	2.37713e-47	7.36579	0.509614	0.999982	-28.1925	1.26697e+06	0.999969	53.04	1.3587e+06	0	0	1
122	rs1	1:1	2:0.46175	rs2	1:2	2:0.25125	0	1000	0	2.94886e-18	8.86329	1.0172	0.779219	-0.929969	3.31733	1.7882e-18	8.81384	1.00501	0.99999	-28.1413	2.19446e+06	0.999982	51.592	2.2581e+06	0	0	1
123	rs1	1:1	2:0.46675	rs2	1:2	2:0.25375	0	1000	0	2.78103e-18	8.90862	1.02163	0.839495	-0.587265	2.89951	1.40885e-18	8.84225	1.00518	0.99999	-28.1012	2.19446e+06	0.999982	51.5635	2.22849e+06	0	0	1
124	rs1	1:1	2:0.46025	rs2	1:2	2:0.249	0	1000	0	1.02064e-53	7.1271	0.461883	0.685991	-0.650856	1.60983	4.64493e-54	7.08323	0.457537	0.999982	-28.2448	1.26697e+06	0.999969	53.3226	1.36335e+06	0	0	1
125	rs1	1:1	2:0.4585	rs2	1:2	2:0.2565	0	1000	0	8.28578e-39	7.62853	0.585469	0.188107	1.09175	0.829472	1.07223e-38	7.61828	0.585567	0.203285	1.07078	0.841642	0.999957	23.5009	438939	0	0	1
126	rs1	1:1	2:0.466	rs2	1:2	2:0.2505	0	1000	0	1.47521e-46	7.40526	0.51686	0.616618	-0.743643	1.48536	4.7083e-47	7.34036	0.509517	0.999979	-28.2084	1.09723e+06	0.999964	53.0654	1.17863e+06	0	0	1
127	rs1	1:1	2:0.45925	rs2	1:2	2:0.2495	0	1000	0	1.73161e-29	8.1274	0.720794	0.860442	-0.466072	2.65098	9.63932e-30	8.08813	0.714054	0.99999	-28.1657	2.19446e+06	0.999981	52.3177	2.24611e+06	0	0	1
128	rs1	1:1	2:0.46625	rs2	1:2	2:0.256	0	1000	0	4.41335e-48	7.42989	0.509974	0.135039	2.09201	1.39978	4.93968e-48	7.42658	0.510016	0.144854	2.06646	1.41737	0.999961	22.7763	467910	0	0	1
129	rs1	1:1	2:0.46025	rs2	1:2	2:0.24625	0	1000	0	6.67082e-29	8.06963	0.723325	0.462212	-1.60729	2.18617	3.01432e-29	8.01218	0.71367	0.999979	-28.2428	1.09723e+06	0.999968	52.3936	1.2983e+06	0	0	1
130	rs1	1:1	2:0.4665	rs2	1:2	2:0.25075	0	1000	0	5.19172e-39	7.76028	0.593957	0.546848	-1.06086	1.76079	1.90805e-39	7.70002	0.585938	0.99998	-28.1542	1.09723e+06	0.999965	52.7058	1.21306e+06	0	0	1
131	rs1	1:1	2:0.4585	rs2	1:2	2:0.245	0	1000	0	5.21984e-29	7.97575	0.713516	0.167104	1.94653	1.40893	5.49212e-29	7.97281	0.713541	0.172097	1.93494	1.41702	0.999967	22.2301	532292	0	0	1
132	rs1	1:1	2:0.4575	rs2	1:2	2:0.24775	0	1000	0	2.75568e-46	7.27015	0.508974	0.285287	1.27569	1.19389	3.48323e-46	7.26254	0.509023	0.31578	1.23186	1.22797	0.99996	23.6335	467910	0	0	1
133	rs1	1:1	2:0.45875	rs2	1:2	2:0.2555	0	1000	0	4.58221e-38	7.72046	0.598549	0.453659	-1.05838	1.41244	9.68692e-39	7.62346	0.585616	0.999975	-28.2095	895885	0.999957	52.7823	984227	0	0	1
134	rs1	1:1	2:0.46025	rs2	1:2	2:0.24825	0	1000	0	5.42447e-29	8.07491	0.722607	0.673795	-0.967411	2.29818	2.58665e-29	8.02268	0.713746	0.999985	-28.2264	1.55172e+06	0.999975	52.3831	1.64048e+06	0	0	1
135	rs1	1:1	2:0.4575	rs2	1:2	2:0.254	0	1000	0	6.57472e-39	7.71031	0.590946	0.965408	-0.0979338	2.25818	3.38429e-39	7.67338	0.585847	0.99999	-28.1667	2.19446e+06	0.999981	52.7324	2.23331e+06	0	0	1
136	rs1	1:1	2:0.4515	rs2	1:2	2:0.24725	0	1000	0	6.05169e-28	7.89604	0.720542	0.82195	-0.572732	2.54505	3.31514e-28	7.85322	0.713099	0.99999	-28.367	2.19446e+06	0.999981	52.5526	2.24867e+06	0	0	1
137	rs1	1:1	2:0.45875	rs2	1:2	2:0.2465	0	1000	0	0.999547	50.9492	89701.5	0.999709	-23.1178	63474.6	0.999661	32.1478	75634.2	0.999973	-28.258	829429	0.999977	28.258	997354	1	0	1
138	rs1	1:1	2:0.465	rs2	1:2	2:0.25475	0	1000	0	2.6188e-39	7.77873	0.59301	0.80708	-0.469453	1.92246	1.08468e-39	7.72791	0.586158	0.999986	-28.1204	1.55172e+06	0.999974	52.6779	1.60818e+06	0	0	1
139	rs1	1:1	2:0.4635	rs2	1:2	2:0.24775	0	1000	0	7.93523e-39	7.71789	0.592178	0.76284	-0.5995	1.98672	3.54179e-39	7.67063	0.585792	0.999986	-28.1754	1.55172e+06	0.999974	52.7352	1.62073e+06	0	0	1
140	rs1	1:1	2:0.454	rs2	1:2	2:0.24175	0	1000	0	8.41737e-18	8.63217	1.00447	0.999945	28.8144	421037	8.41737e-18	8.63217	1.00447	0.999988	32.1124	2.19469e+06	0.999997	-8.63217	2.24889e+06	1	0	1
141	rs1	1:1	2:0.46475	rs2	1:2	2:0.25	0	1000	0	1.79075e-29	8.18862	0.726414	0.51624	-1.26974	1.956	6.36005e-30	8.1155	0.714178	0.99998	-28.1453	1.09723e+06	0.999966	52.2903	1.21306e+06	0	0	1
142	rs1	1:1	2:0.44225	rs2	1:2	2:0.24575	0	1000	0	2.16215e-36	7.43545	0.590203	0.915109	-0.230544	2.16278	1.09155e-36	7.39499	0.584495	0.99999	-28.4051	2.19446e+06	0.999981	53.0108	2.23627e+06	0	0	1
143	rs1	1:1	2:0.4585	rs2	1:2	2:0.248	0	1000	0	7.40324e-29	8.1439	0.730589	0.462535	-1.24752	1.69805	1.88611e-29	8.04434	0.713904	0.999977	-28.2	981393	0.999961	52.3615	1.07508e+06	0	0	1
144	rs1	1:1	2:0.4545	rs2	1:2	2:0.24975	0	1000	0	9.51527e-39	7.62283	0.585506	0.402324	0.934785	1.11619	1.29157e-38	7.60938	0.585523	0.445789	0.883144	1.15829	0.999954	23.6921	414758	0	0	1
145	rs1	1:1	2:0.4625	rs2	1:2	2:0.248	0	1000	0	0.999549	50.3637	89123.7	0.999716	-22.4543	63076.6	0.999658	32.2391	75100.9	0.999979	-28.1667	1.09723e+06	0.999982	28.1667	1.22906e+06	1	0	1
146	rs1	1:1	2:0.465	rs2	1:2	2:0.2455	0	1000	0	1.05394e-67	6.78918	0.390498	0.025899	2.7167	1.2195	1.20063e-67	6.78699	0.39054	0.0282141	2.69503	1.2282	0.999958	22.7228	430415	0	0	1
147	rs1	1:1	2:0.461	rs2	1:2	2:0.2515	0	1000	0	2.20852e-29	8.03292	0.713772	0.0803436	1.59475	0.911966	2.4607e-29	8.02676	0.71383	0.0841269	1.58462	0.917437	0.999959	22.5816	438939	0	0	1
148	rs1	1:1	2:0.453	rs2	1:2	2:0.2425	0	1000	0	1.96628e-37	7.54716	0.590273	0.665366	-0.933185	2.15757	1.03453e-37	7.50768	0.584906	0.999985	-28.324	1.55172e+06	0.999975	52.8981	1.66684e+06	0	0	1
149	rs1	1:1	2:0.447	rs2	1:2	2:0.23925	0	1000	0	6.54293e-28	7.88885	0.720351	0.814806	-0.602074	2.57044	3.63769e-28	7.84695	0.713072	0.99999	-28.3733	2.19446e+06	0.999981	52.5588	2.25148e+06	0	0	1
150	rs1	1:1	2:0.45425	rs2	1:2	2:0.24725	0	1000	0	4.29901e-18	8.7111	1.00467	0.08489	1.57599	0.914683	4.54319e-18	8.70512	1.00471	0.0868011	1.57103	0.917379	0.999961	21.9032	447990	0	0	1
151	rs1	1:1	2:0.454	rs2	1:2	2:0.243	0	1000	0	0.999551	51.1046	90729.5	0.999716	-22.8918	64268.9	0.999666	32.0622	76642.1	0.999977	-28.3436	981393	0.999979	28.3436	1.07781e+06	1	0	1
152	rs1	1:1	2:0.4475	rs2	1:2	2:0.244	0	1000	0	1.74203e-17	8.54564	1.00421	0.193269	1.83717	1.41215	1.79452e-17	8.54232	1.00423	0.196331	1.83058	1.41678	0.999968	21.6606	532292	0	0	1
153	rs1	1:1	2:0.459	rs2	1:2	2:0.25225	0	1000	0	0.999655	32.1982	74533.2	0.576164	0.627104	1.12184	0.999662	32.2163	75950.5	0.576164	0.627104	1.12184	0.999999	-0.627104	401429	1	0	1
154	rs1	1:1	2:0.45275	rs2	1:2	2:0.247	0	1000	0	5.40339e-17	8.68631	1.03685	0.381187	-1.82627	2.08547	1.65487e-17	8.5521	1.00427	0.999977	-28.3638	981393	0.999963	51.8537	1.10302e+06	0	0	1
155	rs1	1:1	2:0.462	rs2	1:2	2:0.2475	0	1000	0	4.44298e-46	7.34806	0.515631	0.693427	-0.627994	1.59305	1.64243e-46	7.29191	0.509213	0.999982	-28.2509	1.26697e+06	0.999968	53.1139	1.34085e+06	0	0	1
156	rs1	1:1	2:0.44925	rs2	1:2	2:0.24625	0	1000	0	3.64987e-37	7.44764	0.584693	0.17898	1.87397	1.39443	4.15845e-37	7.44204	0.58472	0.193769	1.84115	1.4168	0.999955	22.7609	407545	0	0	1
157	rs1	1:1	2:0.4515	rs2	1:2	2:0.24425	0	1000	0	7.54776e-29	8.03466	0.7209	0.853366	-0.474876	2.56932	4.0878e-29	7.99267	0.713646	0.99999	-28.2469	2.19446e+06	0.999981	52.4131	2.24379e+06	0	0	1
158	rs1	1:1	2:0.45125	rs2	1:2	2:0.245	0	1000	0	2.7786e-17	8.72162	1.03147	0.528903	-1.43309	2.2759	1.00879e-17	8.61092	1.00443	0.999982	-28.3098	1.26697e+06	0.999969	51.7949	1.34709e+06	0	0	1
159	rs1	1:1	2:0.45725	rs2	1:2	2:0.244	0	1000	0	1.38032e-28	8.00826	0.722021	0.888287	-0.337402	2.40191	6.7777e-29	7.9596	0.713552	0.99999	-28.268	2.19446e+06	0.999981	52.4462	2.23198e+06	0	0	1
160	rs1	1:1	2:0.4615	rs2	1:2	2:0.24975	0	1000	0	1.06052e-29	8.08138	0.713986	0.146977	2.04243	1.40829	1.12331e-29	8.07811	0.714015	0.152137	2.02955	1.41726	0.999963	22.1248	478922	0	0	1
161	rs1	1:1	2:0.45475	rs2	1:2	2:0.25075	0	1000	0	1.94506e-37	7.58106	0.592886	0.598692	-0.944625	1.7949	7.62376e-38	7.52301	0.585024	0.999982	-28.3051	1.26697e+06	0.999969	52.8828	1.36335e+06	0	0	1
162	rs1	1:1	2:0.46125	rs2	1:2	2:0.25275	0	1000	0	1.01429e-39	7.72944	0.586049	0.748827	0.330617	1.03258	1.52452e-39	7.71141	0.586048	0.802866	0.270673	1.08426	0.99996	24.2832	478922	0	0	1
163	rs1	1:1	2:0.464	rs2	1:2	2:0.2555	0	1000	0	2.93316e-18	8.87279	1.01822	0.79222	-0.843453	3.20183	1.70665e-18	8.8194	1.00504	0.99999	-28.1334	2.19446e+06	0.999982	51.5864	2.24867e+06	0	0	1
164	rs1	1:1	2:0.454	rs2	1:2	2:0.246	0	1000	0	8.40258e-46	7.27953	0.512424	0.946352	-0.147041	2.18525	4.79633e-46	7.24985	0.50893	0.99999	-28.2906	2.19446e+06	0.999981	53.1559	2.24611e+06	0	0	1
165	rs1	1:1	2:0.4545	rs2	1:2	2:0.2505	0	1000	0	3.69957e-29	7.99918	0.713664	0.281274	1.2983	1.20496	4.35373e-29	7.98918	0.71369	0.301465	1.26896	1.22807	0.999954	22.9069	400695	0	0	1
166	rs1	1:1	2:0.4665	rs2	1:2	2:0.25825	0	1000	0	0.999651	32.2644	73844.5	0.139484	2.09457	1.41744	0.999657	32.2975	75233.2	0.139484	2.09457	1.41744	0.999996	-2.09457	445340	1	0	1
167	rs1	1:1	2:0.45	rs2	1:2	2:0.243	0	1000	0	2.0594e-17	8.69853	1.02451	0.615948	-1.3111	2.61383	9.58934e-18	8.61674	1.00443	0.999985	-28.3088	1.55172e+06	0.999975	51.789	1.63136e+06	0	0	1
168	rs1	1:1	2:0.4625	rs2	1:2	2:0.24825	0	1000	0	2.08672e-53	7.09484	0.461174	0.822324	-0.390221	1.73774	1.03894e-53	7.05708	0.45738	0.999985	-28.265	1.55172e+06	0.999974	53.3487	1.62394e+06	0	0	1
169	rs1	1:1	2:0.4595	rs2	1:2	2:0.2525	0	1000	0	2.25108e-39	7.69159	0.585855	0.141484	2.06371	1.40361	2.45581e-39	7.6882	0.585891	0.149267	2.04393	1.41731	0.999962	22.5147	467910	0	0	1
170	rs1	1:1	2:0.451	rs2	1:2	2:0.24425	0	1000	0	0.999558	50.1806	90556.5	0.999727	-21.9429	64157.8	0.999665	32.0914	76455.8	0.999985	-28.3144	1.55172e+06	0.999986	28.3144	1.61442e+06	1	0	1
171	rs1	1:1	2:0.45525	rs2	1:2	2:0.24875	0	1000	0	1.23713e-28	8.09401	0.729108	0.375116	-1.55727	1.7558	3.5529e-29	8.0019	0.713679	0.999975	-28.2448	895885	0.99996	52.4039	1.04209e+06	0	0	1
172	rs1	1:1	2:0.4565	rs2	1:2	2:0.2475	0	1000	0	6.65517e-18	8.65962	1.00452	0.0540752	1.93098	1.00246	6.84062e-18	8.65665	1.00454	0.0548015	1.92802	1.00394	0.999968	21.5462	532292	0	0	1
173	rs1	1:1	2:0.4615	rs2	1:2	2:0.25075	0	1000	0	1.32462e-54	7.12446	0.457819	0.364915	0.985564	1.08777	2.18758e-54	7.11004	0.457838	0.439298	0.895836	1.15834	0.999951	24.1915	394179	0	0	1
174	rs1	1:1	2:0.4565	rs2	1:2	2:0.2475	0	1000	0	3.62738e-29	8.109	0.723349	0.695958	-0.87172	2.2307	1.6338e-29	8.05328	0.713897	0.999986	-28.197	1.55172e+06	0.999974	52.3525	1.62747e+06	0	0	1
175	rs1	1:1	2:0.4585	rs2	1:2	2:0.24925	0	1000	0	3.71752e-29	8.07639	0.720579	0.847333	-0.510158	2.64986	2.08494e-29	8.0371	0.713821	0.99999	-28.2108	2.19446e+06	0.999981	52.3687	2.24867e+06	0	0	1
176	rs1	1:1	2:0.44925	rs2	1:2	2:0.2475	0	1000	0	2.64343e-17	8.63074	1.02002	0.765667	-0.883593	2.9646	1.452e-17	8.56764	1.00431	0.99999	-28.347	2.19446e+06	0.999982	51.8382	2.24379e+06	0	0	1
177	rs1	1:1	2:0.4545	rs2	1:2	2:0.24575	0	1000	0	5.58243e-28	7.9915	0.728768	0.488491	-1.22377	1.76664	1.6512e-28	7.90009	0.7133	0.999979	-28.325	1.09723e+06	0.999965	52.5057	1.18884e+06	0	0	1
178	rs1	1:1	2:0.458	rs2	1:2	2:0.24475	0	1000	0	2.65036e-18	8.76778	1.00485	0.150948	2.02917	1.41288	2.72852e-18	8.76465	1.00487	0.153469	2.02295	1.41724	0.999965	21.4382	490749	0	0	1
179	rs1	1:1	2:0.46	rs2	1:2	2:0.24625	0	1000	0	5.84812e-39	7.64514	0.585551	0.271148	1.32953	1.2082	6.75262e-39	7.63938	0.5856	0.288236	1.30432	1.22817	0.999964	23.2567	517294	0	0	1
180	rs1	1:1	2:0.459	rs2	1:2	2:0.2445	0	1000	0	9.90196e-29	8.08163	0.726692	0.598592	-1.00988	1.91836	3.40965e-29	8.00495	0.713718	0.999982	-28.2346	1.26697e+06	0.999969	52.4008	1.34384e+06	0	0	1
181	rs1	1:1	2:0.455	rs2	1:2	2:0.2475	0	1000	0	1.61858e-28	8.0363	0.725482	0.72573	-0.707241	2.01601	6.08907e-29	7.96677	0.713586	0.999985	-28.262	1.55172e+06	0.999974	52.439	1.60435e+06	0	0	1
182	rs1	1:1	2:0.4605	rs2	1:2	2:0.25225	0	1000	0	0.999657	32.1519	74761.3	0.451706	0.871665	1.15824	0.999663	32.1732	76087.3	0.451706	0.871665	1.15824	0.999998	-0.871665	421680	1	0	1
183	rs1	1:1	2:0.45425	rs2	1:2	2:0.24875	0	1000	0	7.50816e-18	8.79774	1.02218	0.625429	-1.35861	2.78306	3.77456e-18	8.72647	1.00473	0.999986	-28.2181	1.55172e+06	0.999975	51.6793	1.64587e+06	0	0	1
184	rs1	1:1	2:0.45975	rs2	1:2	2:0.2485	0	1000	0	2.98044e-38	7.63548	0.590446	0.935104	-0.185457	2.27763	1.5742e-38	7.59929	0.58543	0.99999	-28.2336	2.19446e+06	0.999981	52.8065	2.23793e+06	0	0	1
185	rs1	1:1	2:0.4555	rs2	1:2	2:0.2475	0	1000	0	0.999657	32.0992	74743	0.999951	29.0476	470583	0.999662	32.127	75814.5	0.999988	32.127	2.19469e+06	0.999989	-32.127	2.26794e+06	1	0	1
186	rs1	1:1	2:0.45725	rs2	1:2	2:0.24625	0	1000	0	4.46417e-38	7.54766	0.585061	0.449876	0.851074	1.12632	5.62649e-38	7.53773	0.5851	0.482829	0.812692	1.15808	0.999962	23.7638	503497	0	0	1
187	rs1	1:1	2:0.4665	rs2	1:2	2:0.25325	0	1000	0	1.51392e-39	7.80584	0.593201	0.818568	-0.440037	1.91832	6.20952e-40	7.75475	0.586326	0.999986	-28.0959	1.55172e+06	0.999974	52.651	1.60619e+06	0	0	1
188	rs1	1:1	2:0.465	rs2	1:2	2:0.25275	0	1000	0	1.93139e-29	8.21158	0.728882	0.550756	-1.07722	1.80551	5.61552e-30	8.12434	0.714272	0.99998	-28.1295	1.09723e+06	0.999965	52.2815	1.17863e+06	0	0	1
189	rs1	1:1	2:0.45775	rs2	1:2	2:0.246	0	1000	0	1.06157e-28	8.08082	0.727025	0.495293	-1.28489	1.88424	3.57365e-29	8.00154	0.713679	0.999979	-28.2428	1.09723e+06	0.999965	52.4043	1.20724e+06	0	0	1
190	rs1	1:1	2:0.458	rs2	1:2	2:0.24625	0	1000	0	2.94241e-29	8.08533	0.720048	0.829891	-0.591947	2.75528	1.73028e-29	8.04921	0.713856	0.99999	-28.2034	2.19446e+06	0.999982	52.3566	2.2581e+06	0	0	1
191	rs1	1:1	2:0.46225	rs2	1:2	2:0.24875	0	1000	0	1.24593e-17	8.82511	1.03235	0.470141	-1.62062	2.24385	4.30435e-18	8.71127	1.00471	0.999979	-28.2274	1.09723e+06	0.999966	51.6945	1.20198e+06	0	0	1
192	rs1	1:1	2:0.45825	rs2	1:2	2:0.24975	0	1000	0	8.91114e-18	8.8416	1.02962	0.680252	-0.980966	2.38029	3.36422e-18	8.74063	1.00485	0.999986	-28.1885	1.55172e+06	0.999974	51.6652	1.59806e+06	0	0	1
193	rs1	1:1	2:0.45975	rs2	1:2	2:0.24725	0	1000	0	3.30657e-18	8.74232	1.00482	0.999956	23.4695	430415	3.30657e-18	8.74232	1.00482	0.999956	23.4695	430415	nan	nan	nan	1	0	1
194	rs1	1:1	2:0.463	rs2	1:2	2:0.24575	0	1000	0	1.95502e-18	8.80348	1.00498	0.999947	29.05	440857	1.95502e-18	8.80348	1.00498	0.999988	32.2576	2.19469e+06	0.999997	-8.80348	2.25483e+06	1	0	1
195	rs1	1:1	2:0.46175	rs2	1:2	2:0.25375	0	1000	0	6.22733e-18	8.86472	1.0274	0.671229	-1.05421	2.48365	2.54754e-18	8.773	1.00493	0.999986	-28.1657	1.55172e+06	0.999974	51.6328	1.60619e+06	0	0	1
196	rs1	1:1	2:0.4515	rs2	1:2	2:0.2465	0	1000	0	3.23282e-17	8.66481	1.0269	0.620582	-1.22892	2.48254	1.38784e-17	8.57307	1.00433	0.999985	-28.3416	1.55172e+06	0.999974	51.8327	1.61779e+06	0	0	1
197	rs1	1:1	2:0.4595	rs2	1:2	2:0.25125	0	1000	0	7.83975e-18	8.83951	1.02762	0.666523	-1.06417	2.4695	3.19152e-18	8.74661	1.00485	0.999986	-28.1885	1.55172e+06	0.999974	51.6592	1.60619e+06	0	0	1
198	rs1	1:1	2:0.4645	rs2	1:2	2:0.2515	0	1000	0	0.999654	32.232	74230.3	0.26801	1.36058	1.22834	0.999659	32.2566	75410.6	0.26801	1.36058	1.22834	0.999998	-1.36058	454293	1	0	1
199	rs1	1:1	2:0.461	rs2	1:2	2:0.2475	0	1000	0	1.26851e-46	7.3009	0.509203	0.99996	24.857	490749	1.26851e-46	7.3009	0.509203	0.99996	24.857	490749	nan	nan	nan	1	0	1
200	rs1	1:1	2:0.46425	rs2	1:2	2:0.25125	0	1000	0	5.5896e-47	7.43901	0.516789	0.618888	-0.751207	1.51019	1.84474e-47	7.37638	0.509732	0.999979	-28.1784	1.09723e+06	0.999964	53.0294	1.18177e+06	0	0	1
201	rs1	1:1	2:0.4565	rs2	1:2	2:0.252	0	1000	0	6.46278e-38	7.61833	0.591849	0.736759	-0.659985	1.96337	2.88205e-38	7.56991	0.585259	0.999985	-28.263	1.55172e+06	0.999974	52.8359	1.62394e+06	0	0	1
202	rs1	1:1	2:0.459	rs2	1:2	2:0.24975	0	1000	0	6.89973e-47	7.37662	0.512974	0.976368	-0.0648045	2.18769	3.89277e-47	7.34695	0.50951	0.99999	-28.2054	2.19446e+06	0.999981	53.0588	2.24167e+06	0	0	1
203	rs1	1:1	2:0.4665	rs2	1:2	2:0.24925	0	1000	0	3.0428e-69	6.87939	0.391141	0.0360662	2.08773	0.995968	3.58052e-69	6.87676	0.391196	0.03929	2.0704	1.00449	0.999965	23.3261	532292	0	0	1
204	rs1	1:1	2:0.4565	rs2	1:2	2:0.24725	0	1000	0	6.81103e-45	7.2648	0.516747	0.394246	-1.20507	1.41449	2.07332e-45	7.19347	0.508637	0.999975	-28.3421	895885	0.999959	53.2123	1.03451e+06	0	0	1
205	rs1	1:1	2:0.45375	rs2	1:2	2:0.2465	0	1000	0	5.26756e-38	7.54036	0.585074	0.594939	0.571911	1.07564	7.36558e-38	7.52513	0.585067	0.644663	0.517224	1.1215	0.999959	24.0641	467910	0	0	1
206	rs1	1:1	2:0.45	rs2	1:2	2:0.24075	0	1000	0	1.40491e-17	8.69019	1.01822	0.759052	-0.964972	3.14605	8.22858e-18	8.63477	1.00447	0.99999	-28.2944	2.19446e+06	0.999982	51.771	2.25461e+06	0	0	1
207	rs1	1:1	2:0.4465	rs2	1:2	2:0.2445	0	1000	0	0.99956	49.8443	90378.9	0.999726	-21.9442	63989.7	0.999664	32.0848	76179	0.999985	-28.321	1.55172e+06	0.999986	28.321	1.63745e+06	1	0	1
208	rs1	1:1	2:0.45975	rs2	1:2	2:0.24975	0	1000	0	8.59412e-18	8.79157	1.0233	0.629977	-1.30264	2.70392	4.14185e-18	8.71565	1.00471	0.999986	-28.2254	1.55172e+06	0.999975	51.6901	1.63567e+06	0	0	1
209	rs1	1:1	2:0.4515	rs2	1:2	2:0.244	0	1000	0	9.09858e-52	6.9114	0.456561	0.99994	28.5532	381992	9.09858e-52	6.9114	0.456561	0.999988	32.0242	2.19469e+06	0.999998	-6.9114	2.2365e+06	1	0	1
210	rs1	1:1	2:0.45775	rs2	1:2	2:0.251	0	1000	0	2.61876e-53	7.0275	0.457235	0.999953	25.0945	422369	2.61876e-53	7.0275	0.457235	0.999953	25.0945	422369	nan	nan	nan	1	0	1
211	rs1	1:1	2:0.45875	rs2	1:2	2:0.24925	0	1000	0	3.37386e-38	7.65066	0.592055	0.749782	-0.624094	1.95686	1.48503e-38	7.60187	0.585427	0.999985	-28.2346	1.55172e+06	0.999974	52.8039	1.62073e+06	0	0	1
212	rs1	1:1	2:0.45425	rs2	1:2	2:0.25075	0	1000	0	9.26681e-59	6.8096	0.42132	0.937449	0.149186	1.90104	5.4203e-59	6.78254	0.41879	0.99999	-28.3391	2.19446e+06	0.999981	53.6232	2.23793e+06	0	0	1
213	rs1	1:1	2:0.44775	rs2	1:2	2:0.24325	0	1000	0	0.999556	50.4652	90714.3	0.999722	-22.3847	64248.4	0.999666	32.0578	76548.8	0.999982	-28.348	1.26697e+06	0.999983	28.348	1.35278e+06	1	0	1
214	rs1	1:1	2:0.45725	rs2	1:2	2:0.25	0	1000	0	1.70989e-29	8.05014	0.713872	0.150088	2.0233	1.40583	1.83729e-29	8.04597	0.713903	0.156744	2.00691	1.4172	0.999959	22.1569	430415	0	0	1
215	rs1	1:1	2:0.46925	rs2	1:2	2:0.24675	0	1000	0	8.43996e-56	7.25606	0.461084	0.974923	0.067554	2.14903	5.13872e-56	7.23122	0.458591	0.99999	-28.1133	2.19446e+06	0.999981	53.1746	2.24379e+06	0	0	1
216	rs1	1:1	2:0.461	rs2	1:2	2:0.25025	0	1000	0	1.44364e-47	7.43064	0.512884	0.948529	-0.14904	2.30877	8.68739e-48	7.40422	0.509834	0.99999	-28.16	2.19446e+06	0.999981	53.0016	2.25148e+06	0	0	1
217	rs1	1:1	2:0.4465	rs2	1:2	2:0.2445	0	1000	0	0.999562	49.8024	90725.4	0.999727	-21.9968	64231.1	0.999666	32.0397	76455.8	0.999985	-28.366	1.55172e+06	0.999986	28.366	1.64226e+06	1	0	1
218	rs1	1:1	2:0.46475	rs2	1:2	2:0.249	0	1000	0	2.82462e-18	8.94243	1.02571	0.561068	-1.49224	2.56727	1.22624e-18	8.85782	1.00517	0.999982	-28.1032	1.26697e+06	0.99997	51.548	1.37425e+06	0	0	1
219	rs1	1:1	2:0.46525	rs2	1:2	2:0.24525	0	1000	0	2.88203e-39	7.7329	0.589843	0.888131	-0.356798	2.53643	1.73412e-39	7.70421	0.585935	0.99999	-28.1512	2.19446e+06	0.999981	52.7016	2.2581e+06	0	0	1
220	rs1	1:1	2:0.46225	rs2	1:2	2:0.24525	0	1000	0	1.79148e-38	7.64709	0.589562	0.876289	-0.38735	2.4882	1.06526e-38	7.61722	0.585463	0.99999	-28.2264	2.19446e+06	0.999981	52.7886	2.2581e+06	0	0	1
221	rs1	1:1	2:0.45975	rs2	1:2	2:0.25275	0	1000	0	9.39706e-18	8.84882	1.0312	0.559193	-1.34229	2.29829	3.35992e-18	8.7405	1.00482	0.999982	-28.197	1.26697e+06	0.999969	51.6653	1.34085e+06	0	0	1
222	rs1	1:1	2:0.461	rs2	1:2	2:0.24375	0	1000	0	1.52683e-28	8.06522	0.727748	0.362275	-1.66307	1.82546	4.8768e-29	7.9807	0.713574	0.999975	-28.266	895885	0.999961	52.4251	1.07082e+06	0	0	1
223	rs1	1:1	2:0.45025	rs2	1:2	2:0.24675	0	1000	0	1.26117e-37	7.49938	0.584959	0.999939	28.5693	374478	1.26117e-37	7.49938	0.584959	0.999988	32.0904	2.19469e+06	0.999997	-7.49938	2.23497e+06	1	0	1
224	rs1	1:1	2:0.4515	rs2	1:2	2:0.2475	0	1000	0	8.56242e-29	7.9436	0.713449	0.999958	24.1746	457625	8.56242e-29	7.9436	0.713449	0.999958	24.1746	457625	nan	nan	nan	1	0	1
225	rs1	1:1	2:0.46025	rs2	1:2	2:0.24375	0	1000	0	0.999657	32.1311	74831.8	0.306112	1.25678	1.22802	0.999662	32.1528	75950.5	0.306112	1.25678	1.22802	0.999998	-1.25678	474034	1	0	1
226	rs1	1:1	2:0.4645	rs2	1:2	2:0.251	0	1000	0	2.88851e-29	8.12613	0.723577	0.704338	-0.840297	2.21439	1.27951e-29	8.0695	0.713975	0.999986	-28.1819	1.55172e+06	0.999974	52.3363	1.62394e+06	0	0	1
227	rs1	1:1	2:0.457	rs2	1:2	2:0.252	0	1000	0	0.999558	49.662	89642.1	0.999735	-21.0797	63541.7	0.99966	32.2421	75769.3	0.99999	-28.1637	2.19446e+06	0.99999	28.1637	2.23087e+06	1	0	1
228	rs1	1:1	2:0.45675	rs2	1:2	2:0.2485	0	1000	0	1.59208e-37	7.62366	0.595492	0.383619	-1.36224	1.56355	4.70099e-38	7.54632	0.585138	0.999975	-28.2878	895885	0.99996	52.8595	1.04209e+06	0	0	1
229	rs1	1:1	2:0.455	rs2	1:2	2:0.24775	0	1000	0	1.85354e-17	8.78759	1.03352	0.463602	-1.61244	2.19999	6.19181e-18	8.66853	1.00459	0.999979	-28.263	1.09723e+06	0.999966	51.7373	1.1972e+06	0	0	1
230	rs1	1:1	2:0.45925	rs2	1:2	2:0.2425	0	1000	0	2.20024e-38	7.58252	0.585295	0.999961	24.5693	503497	2.20024e-38	7.58252	0.585295	0.999961	24.5693	503497	nan	nan	nan	1	0	1
231	rs1	1:1	2:0.4515	rs2	1:2	2:0.245	0	1000	0	2.44268e-17	8.67504	1.02414	0.608977	-1.34659	2.63246	1.15644e-17	8.59453	1.00436	0.999985	-28.3286	1.55172e+06	0.999975	51.8113	1.63567e+06	0	0	1
232	rs1	1:1	2:0.46225	rs2	1:2	2:0.25275	0	1000	0	5.91266e-18	8.87369	1.02773	0.675623	-1.03309	2.46888	2.38558e-18	8.78072	1.00496	0.999986	-28.158	1.55172e+06	0.999974	51.6251	1.60435e+06	0	0	1
233	rs1	1:1	2:0.46225	rs2	1:2	2:0.2535	0	1000	0	3.08611e-39	7.76172	0.592276	0.771324	-0.583174	2.00649	1.39051e-39	7.71544	0.586045	0.999986	-28.1364	1.55172e+06	0.999974	52.6904	1.62073e+06	0	0	1
234	rs1	1:1	2:0.44875	rs2	1:2	2:0.25275	0	1000	0	4.14404e-28	7.97427	0.725416	0.709008	-0.747892	2.00406	1.56605e-28	7.90384	0.713333	0.999985	-28.3164	1.55172e+06	0.999974	52.5019	1.60619e+06	0	0	1
235	rs1	1:1	2:0.458	rs2	1:2	2:0.24925	0	1000	0	6.00803e-29	8.04347	0.720379	0.83661	-0.548799	2.66107	3.40582e-29	8.00455	0.713677	0.99999	-28.2398	2.19446e+06	0.999981	52.4012	2.25148e+06	0	0	1
236	rs1	1:1	2:0.45725	rs2	1:2	2:0.25125	0	1000	0	1.72002e-38	7.67565	0.591621	0.734071	-0.691323	2.03501	8.07257e-39	7.63081	0.585555	0.999986	-28.2128	1.55172e+06	0.999974	52.775	1.63136e+06	0	0	1
237	rs1	1:1	2:0.4625	rs2	1:2	2:0.254	0	1000	0	0.999654	32.2527	74323	0.806346	0.265791	1.08423	0.999659	32.2604	75544.5	0.806346	0.265791	1.08423	1	-0.265791	421582	1	0	1
238	rs1	1:1	2:0.46775	rs2	1:2	2:0.25425	0	1000	0	6.28648e-30	8.29651	0.730042	0.433218	-1.37211	1.75082	1.67492e-30	8.20366	0.714643	0.999975	-28.0653	895885	0.999959	52.2021	1.01586e+06	0	0	1
239	rs1	1:1	2:0.459	rs2	1:2	2:0.24775	0	1000	0	5.57158e-29	8.14251	0.728812	0.530757	-1.12425	1.79349	1.62763e-29	8.05402	0.713942	0.999979	-28.1915	1.09723e+06	0.999965	52.3518	1.18177e+06	0	0	1
240	rs1	1:1	2:0.46	rs2	1:2	2:0.252	0	1000	0	1.67455e-29	8.12764	0.720627	0.854491	-0.491603	2.68063	9.45799e-30	8.08931	0.714053	0.99999	-28.1657	2.19446e+06	0.999981	52.3165	2.24867e+06	0	0	1
241	rs1	1:1	2:0.45475	rs2	1:2	2:0.2425	0	1000	0	1.77847e-17	8.69947	1.02257	0.806634	-0.682106	2.78671	8.8182e-18	8.62706	1.0045	0.99999	-28.2876	2.19446e+06	0.999981	51.7787	2.22958e+06	0	0	1
242	rs1	1:1	2:0.45575	rs2	1:2	2:0.25075	0	1000	0	7.66536e-29	8.07846	0.72492	0.57256	-1.15607	2.04874	3.0416e-29	8.01209	0.713713	0.999982	-28.2346	1.26697e+06	0.999969	52.3937	1.36851e+06	0	0	1
243	rs1	1:1	2:0.4665	rs2	1:2	2:0.251	0	1000	0	7.21115e-39	7.72626	0.592488	0.777701	-0.550911	1.9514	3.10801e-39	7.67712	0.585844	0.999986	-28.1677	1.55172e+06	0.999974	52.7287	1.61509e+06	0	0	1
244	rs1	1:1	2:0.4545	rs2	1:2	2:0.248	0	1000	0	1.13076e-37	7.62128	0.594075	0.64272	-0.789004	1.70081	3.89215e-38	7.55594	0.585224	0.999982	-28.271	1.26697e+06	0.999969	52.8498	1.34085e+06	0	0	1
245	rs1	1:1	2:0.459	rs2	1:2	2:0.25025	0	1000	0	2.02535e-38	7.70277	0.594286	0.66707	-0.738542	1.71685	6.96913e-39	7.63869	0.585656	0.999982	-28.199	1.26697e+06	0.999969	52.7671	1.33809e+06	0	0	1
246	rs1	1:1	2:0.469	rs2	1:2	2:0.257	0	1000	0	7.68617e-30	8.27908	0.729635	0.374459	-1.56739	1.76478	2.11664e-30	8.18802	0.714542	0.999973	-28.0833	829429	0.999958	52.2178	985538	0	0	1
247	rs1	1:1	2:0.46025	rs2	1:2	2:0.25	0	1000	0	0.999556	49.8018	89424	0.999725	-21.7968	63308.3	0.999659	32.2108	75366.1	0.999986	-28.195	1.55172e+06	0.999986	28.195	1.63741e+06	1	0	1
248	rs1	1:1	2:0.46425	rs2	1:2	2:0.25075	0	1000	0	9.08252e-55	7.19506	0.46164	0.841765	-0.354702	1.77674	4.62939e-55	7.15898	0.458061	0.999986	-28.1774	1.55172e+06	0.999974	53.2468	1.62394e+06	0	0	1
249	rs1	1:1	2:0.45575	rs2	1:2	2:0.24825	0	1000	0	1.44476e-17	8.74616	1.02516	0.516733	-1.6645	2.56714	6.55042e-18	8.6616	1.00453	0.999982	-28.2759	1.26697e+06	0.99997	51.7442	1.39616e+06	0	0	1
250	rs1	1:1	2:0.45925	rs2	1:2	2:0.25	0	1000	0	1.65415e-38	7.59536	0.585298	0.42793	0.89289	1.12633	2.09232e-38	7.58538	0.585342	0.460718	0.854365	1.1582	0.999961	23.7161	490749	0	0	1
251	rs1	1:1	2:0.4565	rs2	1:2	2:0.24625	0	1000	0	1.77588e-17	8.67584	1.01978	0.772063	-0.867585	2.99501	9.80994e-18	8.61413	1.00443	0.99999	-28.3078	2.19446e+06	0.999982	51.7917	2.24379e+06	0	0	1
252	rs1	1:1	2:0.452	rs2	1:2	2:0.2495	0	1000	0	9.50889e-46	7.31864	0.515492	0.451214	-1.17834	1.56404	3.55839e-46	7.26102	0.50897	0.999977	-28.2878	981393	0.999963	53.1448	1.13325e+06	0	0	1
253	rs1	1:1	2:0.46525	rs2	1:2	2:0.24375	0	1000	0	1.16818e-61	7.00766	0.422939	0.68085	-0.690559	1.67895	6.53007e-62	6.97408	0.420027	0.999982	-28.187	1.26697e+06	0.999969	53.4317	1.39616e+06	0	0	1
254	rs1	1:1	2:0.463	rs2	1:2	2:0.2515	0	1000	0	1.64774e-54	7.16454	0.460808	0.95002	0.12742	2.03279	9.37634e-55	7.13654	0.457945	0.99999	-28.1915	2.19446e+06	0.999981	53.2692	2.23627e+06	0	0	1
255	rs1	1:1	2:0.46225	rs2	1:2	2:0.251	0	1000	0	1.39393e-38	7.71786	0.594137	0.54207	-1.04981	1.72188	4.92861e-39	7.65465	0.585695	0.999979	-28.1925	1.09723e+06	0.999965	52.7511	1.20724e+06	0	0	1
256	rs1	1:1	2:0.4705	rs2	1:2	2:0.25625	0	1000	0	4.77604e-48	7.48669	0.514063	0.947885	0.137244	2.09972	2.49709e-48	7.45413	0.510277	0.99999	-28.1042	2.19446e+06	0.999981	52.9517	2.22958e+06	0	0	1
257	rs1	1:1	2:0.46875	rs2	1:2	2:0.25575	0	1000	0	2.21675e-39	7.77095	0.591847	0.752425	-0.65598	2.07955	1.06009e-39	7.72809	0.586094	0.999986	-28.1285	1.55172e+06	0.999974	52.6777	1.63136e+06	0	0	1
258	rs1	1:1	2:0.44775	rs2	1:2	2:0.2395	0	1000	0	8.21844e-28	7.89739	0.722494	0.635102	-1.06201	2.2379	3.90062e-28	7.84215	0.713043	0.999985	-28.3806	1.55172e+06	0.999974	52.5636	1.64587e+06	0	0	1
259	rs1	1:1	2:0.45275	rs2	1:2	2:0.2495	0	1000	0	2.35696e-46	7.27559	0.508967	0.435677	0.87258	1.11939	3.12466e-46	7.26633	0.509018	0.476035	0.825385	1.15812	0.999963	24.0352	517294	0	0	1
260	rs1	1:1	2:0.4615	rs2	1:2	2:0.2475	0	1000	0	1.36861e-46	7.37186	0.514342	0.807163	-0.442843	1.81428	6.24088e-47	7.32886	0.509407	0.999986	-28.2211	1.55172e+06	0.999974	53.0769	1.61779e+06	0	0	1
261	rs1	1:1	2:0.44675	rs2	1:2	2:0.246	0	1000	0	0.999559	50.2798	91060.8	0.999728	-22.0061	64532	0.999668	32.0397	76924	0.999985	-28.366	1.55172e+06	0.999986	28.366	1.61001e+06	1	0	1
262	rs1	1:1	2:0.4585	rs2	1:2	2:0.25125	0	1000	0	1.23857e-38	7.6102	0.585442	0.268414	1.32362	1.19598	1.54752e-38	7.60071	0.58548	0.296411	1.28234	1.22811	0.999954	23.2953	407545	0	0	1
263	rs1	1:1	2:0.4525	rs2	1:2	2:0.24225	0	1000	0	1.06465e-17	8.60419	1.00437	0.103686	1.48697	0.913802	1.13631e-17	8.59699	1.00441	0.106314	1.481	0.917039	0.999959	22.0114	430415	0	0	1
264	rs1	1:1	2:0.4545	rs2	1:2	2:0.24875	0	1000	0	3.85657e-38	7.5554	0.58515	0.288087	1.27203	1.1974	4.7564e-38	7.54641	0.585186	0.315385	1.23286	1.22797	0.999957	23.3496	430415	0	0	1
265	rs1	1:1	2:0.46875	rs2	1:2	2:0.25225	0	1000	0	4.81926e-40	7.76509	0.586263	0.230997	1.44348	1.20512	5.72693e-40	7.75827	0.586322	0.249808	1.41381	1.22852	0.999959	23.1378	447990	0	0	1
266	rs1	1:1	2:0.4565	rs2	1:2	2:0.245	0	1000	0	1.71334e-37	7.54893	0.589918	0.90178	-0.2837	2.2988	9.31125e-38	7.51351	0.584989	0.99999	-28.3098	2.19446e+06	0.999981	52.8923	2.24379e+06	0	0	1
267	rs1	1:1	2:0.461	rs2	1:2	2:0.252	0	1000	0	3.55324e-60	6.95078	0.424804	0.589826	-0.685227	1.27108	1.28223e-60	6.89072	0.419545	0.999977	-28.2478	981393	0.99996	53.5151	1.07508e+06	0	0	1
268	rs1	1:1	2:0.46825	rs2	1:2	2:0.254	0	1000	0	2.85163e-30	8.27996	0.724198	0.748733	-0.712391	2.22407	1.23252e-30	8.22376	0.714745	0.999986	-28.0441	1.55172e+06	0.999974	52.182	1.61509e+06	0	0	1
269	rs1	1:1	2:0.46675	rs2	1:2	2:0.2545	0	1000	0	0.999545	50.8607	89165.5	0.999714	-22.6646	63128.7	0.999658	32.2536	75233.2	0.999977	-28.1522	981393	0.999979	28.1522	1.0946e+06	1	0	1
270	rs1	1:1	2:0.4585	rs2	1:2	2:0.2485	0	1000	0	2.35911e-38	7.65054	0.59079	0.957469	-0.118879	2.2291	1.20123e-38	7.61259	0.58552	0.99999	-28.2191	2.19446e+06	0.999981	52.7932	2.23331e+06	0	0	1
271	rs1	1:1	2:0.4565	rs2	1:2	2:0.25225	0	1000	0	1.90473e-38	7.59003	0.585375	0.269469	1.31553	1.19129	2.44735e-38	7.57908	0.585399	0.301848	1.26795	1.22807	0.999951	23.317	382047	0	0	1
272	rs1	1:1	2:0.45225	rs2	1:2	2:0.252	0	1000	0	2.64409e-37	7.56291	0.592573	0.758647	-0.567751	1.8478	1.06121e-37	7.50767	0.584995	0.999985	-28.3108	1.55172e+06	0.999974	52.8981	1.61031e+06	0	0	1
273	rs1	1:1	2:0.45075	rs2	1:2	2:0.24425	0	1000	0	1.86667e-17	8.65121	1.01757	0.74576	-1.03881	3.20388	1.12271e-17	8.59795	1.00436	0.99999	-28.3276	2.19446e+06	0.999982	51.8078	2.26201e+06	0	0	1
274	rs1	1:1	2:0.462	rs2	1:2	2:0.24575	0	1000	0	2.48813e-29	8.10523	0.72087	0.646069	-1.17699	2.56296	1.37812e-29	8.06386	0.713888	0.999986	-28.197	1.55172e+06	0.999975	52.3419	1.68692e+06	0	0	1
275	rs1	1:1	2:0.4645	rs2	1:2	2:0.24875	0	1000	0	2.71684e-54	7.1535	0.461049	0.794364	-0.481372	1.84682	1.47442e-54	7.12034	0.457756	0.999986	-28.2148	1.55172e+06	0.999974	53.2854	1.64048e+06	0	0	1
276	rs1	1:1	2:0.45775	rs2	1:2	2:0.246	0	1000	0	7.15542e-46	7.28692	0.512539	0.956065	-0.119366	2.16665	4.0315e-46	7.25667	0.508976	0.99999	-28.2838	2.19446e+06	0.999981	53.1491	2.24379e+06	0	0	1
277	rs1	1:1	2:0.46175	rs2	1:2	2:0.24875	0	1000	0	2.1657e-29	8.03383	0.713743	0.0832379	1.58339	0.914094	2.31319e-29	8.03013	0.713783	0.0855604	1.5773	0.917408	0.999968	22.5782	566668	0	0	1
278	rs1	1:1	2:0.45575	rs2	1:2	2:0.25175	0	1000	0	5.04629e-18	8.69301	1.0047	0.590501	0.592211	1.10054	5.98027e-18	8.673	1.00464	0.612773	0.567688	1.12165	0.999954	22.9162	400695	0	0	1
279	rs1	1:1	2:0.45725	rs2	1:2	2:0.24925	0	1000	0	1.11211e-29	8.07779	0.713932	0.406067	0.945556	1.13808	1.30035e-29	8.06849	0.713976	0.426416	0.921329	1.15841	0.999962	23.233	490749	0	0	1
280	rs1	1:1	2:0.44975	rs2	1:2	2:0.24025	0	1000	0	5.17827e-58	6.78523	0.422594	0.702368	-0.556165	1.45545	2.3679e-58	6.73987	0.418505	0.999982	-28.3794	1.26697e+06	0.999968	53.6659	1.35447e+06	0	0	1
281	rs1	1:1	2:0.468	rs2	1:2	2:0.247	0	1000	0	1.04172e-29	8.17713	0.722345	0.687534	-0.95981	2.38638	5.16523e-30	8.12892	0.714217	0.999986	-28.1354	1.55172e+06	0.999975	52.2769	1.64587e+06	0	0	1
282	rs1	1:1	2:0.46775	rs2	1:2	2:0.25375	0	1000	0	2.83359e-48	7.44713	0.510099	0.345665	1.04474	1.10785	4.14178e-48	7.43467	0.510151	0.396762	0.981837	1.15862	0.999953	23.8668	407545	0	0	1
283	rs1	1:1	2:0.46125	rs2	1:2	2:0.247	0	1000	0	2.51987e-46	7.33996	0.513637	0.759411	-0.583242	1.90444	1.25484e-46	7.30127	0.509203	0.999985	-28.2499	1.55172e+06	0.999974	53.1045	1.63567e+06	0	0	1
284	rs1	1:1	2:0.46275	rs2	1:2	2:0.24925	0	1000	0	4.55964e-61	6.9188	0.419655	0.0430342	2.00595	0.991388	5.73358e-61	6.91422	0.41973	0.0486587	1.97974	1.00415	0.999956	23.2887	422369	0	0	1
285	rs1	1:1	2:0.456	rs2	1:2	2:0.2495	0	1000	0	8.63332e-38	7.62895	0.593706	0.633004	-0.829184	1.7365	3.11126e-38	7.56651	0.585262	0.999982	-28.264	1.26697e+06	0.999969	52.8393	1.34709e+06	0	0	1
286	rs1	1:1	2:0.45525	rs2	1:2	2:0.24125	0	1000	0	5.63436e-18	8.67956	1.00461	0.99996	23.4743	467910	5.63436e-18	8.67956	1.00461	0.99996	23.4743	467910	nan	nan	nan	1	0	1
287	rs1	1:1	2:0.46475	rs2	1:2	2:0.255	0	1000	0	2.73577e-39	7.77848	0.59314	0.813262	-0.450377	1.9066	1.11438e-39	7.72673	0.586159	0.999986	-28.1204	1.55172e+06	0.999974	52.6791	1.60619e+06	0	0	1
288	rs1	1:1	2:0.45725	rs2	1:2	2:0.25025	0	1000	0	1.14873e-52	7.07763	0.463393	0.638251	-0.641362	1.36418	3.84339e-53	7.01544	0.45719	0.999979	-28.2946	1.09723e+06	0.999964	53.3904	1.17572e+06	0	0	1
289	rs1	1:1	2:0.46075	rs2	1:2	2:0.24575	0	1000	0	4.41212e-29	7.98662	0.713537	0.298297	1.26385	1.21513	4.84167e-29	7.98116	0.713574	0.30959	1.24776	1.22801	0.999967	22.9149	548674	0	0	1
290	rs1	1:1	2:0.453	rs2	1:2	2:0.24725	0	1000	0	1.88556e-17	8.82324	1.03795	0.362728	-1.87489	2.05991	5.36599e-18	8.68537	1.00463	0.999975	-28.2509	895885	0.99996	51.7204	1.02768e+06	0	0	1
291	rs1	1:1	2:0.46325	rs2	1:2	2:0.249	0	1000	0	0.999554	50.0957	89563.1	0.999726	-21.7935	63440.9	0.99966	32.2183	75589.3	0.999986	-28.1875	1.55172e+06	0.999986	28.1875	1.61686e+06	1	0	1
292	rs1	1:1	2:0.4615	rs2	1:2	2:0.25475	0	1000	0	4.90558e-29	8.09247	0.723601	0.69792	-0.852905	2.19748	2.15943e-29	8.03491	0.713823	0.999986	-28.2118	1.55172e+06	0.999974	52.3709	1.62394e+06	0	0	1
293	rs1	1:1	2:0.4585	rs2	1:2	2:0.24825	0	1000	0	1.93963e-28	8.03304	0.72625	0.57966	-1.07211	1.93562	6.91498e-29	7.9579	0.713514	0.999982	-28.2769	1.26697e+06	0.999969	52.4479	1.35062e+06	0	0	1
294	rs1	1:1	2:0.4665	rs2	1:2	2:0.2505	0	1000	0	7.47976e-48	7.45685	0.513096	0.961033	-0.112166	2.29581	4.45773e-48	7.4301	0.510012	0.99999	-28.1364	2.19446e+06	0.999981	52.9757	2.24867e+06	0	0	1
295	rs1	1:1	2:0.46025	rs2	1:2	2:0.24725	0	1000	0	9.71878e-18	8.76428	1.02181	0.616682	-1.40332	2.80351	4.96897e-18	8.69414	1.00463	0.999985	-28.2469	1.55172e+06	0.999975	51.7116	1.65195e+06	0	0	1
296	rs1	1:1	2:0.464	rs2	1:2	2:0.2515	0	1000	0	7.26998e-29	8.12594	0.728872	0.526831	-1.13075	1.78675	2.11438e-29	8.03672	0.713865	0.999979	-28.2064	1.09723e+06	0.999965	52.3691	1.18177e+06	0	0	1
297	rs1	1:1	2:0.4555	rs2	1:2	2:0.24975	0	1000	0	0.999561	49.6514	90141.3	0.999736	-21.1649	63894.2	0.999663	32.168	76179	0.99999	-28.2378	2.19446e+06	0.99999	28.2378	2.23204e+06	1	0	1
298	rs1	1:1	2:0.452	rs2	1:2	2:0.2495	0	1000	0	4.27851e-38	7.54984	0.585082	0.597394	0.57124	1.08158	5.75479e-38	7.53672	0.585101	0.640338	0.524004	1.12152	0.999962	24.0525	503497	0	0	1
299	rs1	1:1	2:0.462	rs2	1:2	2:0.256	0	1000	0	1.25844e-17	8.92705	1.04441	0.347903	-1.79338	1.91056	2.78351e-18	8.76268	1.0049	0.999973	-28.1784	829429	0.999956	51.6431	938413	0	0	1
300	rs1	1:1	2:0.45975	rs2	1:2	2:0.24975	0	1000	0	1.86952e-38	7.64675	0.589684	0.884375	-0.357195	2.45621	1.09421e-38	7.61603	0.585464	0.99999	-28.2264	2.19446e+06	0.999981	52.7898	2.25461e+06	0	0	1
301	rs1	1:1	2:0.46225	rs2	1:2	2:0.2485	0	1000	0	4.16411e-38	7.66961	0.594267	0.659457	-0.750929	1.70409	1.42036e-38	7.6045	0.585476	0.999982	-28.2284	1.26697e+06	0.999969	52.8013	1.33809e+06	0	0	1
302	rs1	1:1	2:0.458	rs2	1:2	2:0.24875	0	1000	0	1.28229e-45	7.25793	0.511972	0.906375	-0.26798	2.2785	7.75052e-46	7.23085	0.508795	0.99999	-28.3108	2.19446e+06	0.999981	53.1749	2.2581e+06	0	0	1
303	rs1	1:1	2:0.45325	rs2	1:2	2:0.24825	0	1000	0	2.09995e-37	7.61319	0.595676	0.454991	-1.16068	1.55354	6.04684e-38	7.53451	0.585103	0.999977	-28.2936	981393	0.999961	52.8713	1.09202e+06	0	0	1
304	rs1	1:1	2:0.456	rs2	1:2	2:0.24675	0	1000	0	2.92929e-29	8.01357	0.713633	0.439847	0.88197	1.14178	3.32215e-29	8.00611	0.713675	0.456474	0.862488	1.15822	0.999967	23.2954	566668	0	0	1
305	rs1	1:1	2:0.45375	rs2	1:2	2:0.2515	0	1000	0	1.52391e-28	8.02812	0.72439	0.700463	-0.808041	2.10047	6.25689e-29	7.96462	0.713548	0.999985	-28.269	1.55172e+06	0.999974	52.4412	1.61509e+06	0	0	1
306	rs1	1:1	2:0.46	rs2	1:2	2:0.249	0	1000	0	1.02358e-29	8.08372	0.713997	0.799448	0.266262	1.04802	1.36502e-29	8.06547	0.713978	0.835466	0.225162	1.08409	0.999961	23.9292	490749	0	0	1
307	rs1	1:1	2:0.45275	rs2	1:2	2:0.248	0	1000	0	0.999549	51.0408	90209.9	0.999715	-22.8202	63891.4	0.999664	32.122	76179	0.999977	-28.2838	981393	0.999979	28.2838	1.08149e+06	1	0	1
308	rs1	1:1	2:0.469	rs2	1:2	2:0.2535	0	1000	0	4.15956e-30	8.14241	0.714218	0.515853	0.71399	1.09887	5.00998e-30	8.13138	0.714266	0.540283	0.687129	1.12205	0.999963	23.4578	503497	0	0	1
309	rs1	1:1	2:0.46625	rs2	1:2	2:0.24925	0	1000	0	3.87508e-18	8.90643	1.0258	0.67066	-1.09426	2.57326	1.67724e-18	8.82167	1.00508	0.999986	-28.1265	1.55172e+06	0.999974	51.5841	1.61261e+06	0	0	1
310	rs1	1:1	2:0.455	rs2	1:2	2:0.244	0	1000	0	3.04473e-28	7.96446	0.722697	0.652971	-1.00755	2.2408	1.4265e-28	7.90935	0.713293	0.999985	-28.323	1.55172e+06	0.999974	52.4964	1.64048e+06	0	0	1
311	rs1	1:1	2:0.46675	rs2	1:2	2:0.249	0	1000	0	9.57275e-30	8.19615	0.723552	0.717651	-0.813638	2.25011	4.29764e-30	8.14142	0.71431	0.999986	-28.1194	1.55172e+06	0.999974	52.2644	1.62394e+06	0	0	1
312	rs1	1:1	2:0.45675	rs2	1:2	2:0.2535	0	1000	0	1.46501e-17	8.7935	1.03091	0.676291	-0.970262	2.32382	5.31983e-18	8.68687	1.00469	0.999985	-28.2326	1.55172e+06	0.999974	51.7189	1.59545e+06	0	0	1
313	rs1	1:1	2:0.46525	rs2	1:2	2:0.24475	0	1000	0	1.24934e-39	7.77682	0.590345	0.917845	-0.254696	2.46923	7.23568e-40	7.74639	0.586203	0.99999	-28.1113	2.19446e+06	0.999981	52.6594	2.24867e+06	0	0	1
314	rs1	1:1	2:0.4615	rs2	1:2	2:0.25	0	1000	0	1.70795e-55	7.18998	0.458186	0.239089	1.40288	1.19164	2.22852e-55	7.18332	0.458255	0.269782	1.35555	1.22834	0.99996	23.7127	467910	0	0	1
315	rs1	1:1	2:0.46725	rs2	1:2	2:0.253	0	1000	0	5.95687e-30	8.1191	0.714135	0.25383	1.38488	1.21364	6.64211e-30	8.11283	0.71418	0.265973	1.36641	1.22836	0.999962	22.7832	478922	0	0	1
316	rs1	1:1	2:0.4635	rs2	1:2	2:0.25525	0	1000	0	2.44206e-39	7.80627	0.594869	0.579421	-0.941172	1.69816	8.18103e-40	7.74104	0.586208	0.99998	-28.1143	1.09723e+06	0.999965	52.6648	1.19284e+06	0	0	1
317	rs1	1:1	2:0.45825	rs2	1:2	2:0.24875	0	1000	0	9.52282e-39	7.68004	0.589904	0.896898	-0.316775	2.44461	5.51487e-39	7.649	0.585645	0.99999	-28.197	2.19446e+06	0.999981	52.7568	2.25148e+06	0	0	1
318	rs1	1:1	2:0.4605	rs2	1:2	2:0.2545	0	1000	0	2.64348e-18	8.76852	1.0049	0.999941	28.7797	389241	2.64348e-18	8.76852	1.0049	0.999988	32.2345	2.19469e+06	0.999997	-8.76852	2.23816e+06	1	0	1
319	rs1	1:1	2:0.465	rs2	1:2	2:0.24925	0	1000	0	1.2461e-56	7.2756	0.458809	0.221267	1.46641	1.19886	1.55997e-56	7.27026	0.458881	0.244955	1.42846	1.22858	0.999963	23.6258	503497	0	0	1
320	rs1	1:1	2:0.458	rs2	1:2	2:0.2435	0	1000	0	0.999661	32.1762	75814.5	1	-3.24523e-11	463863	0.999661	32.1762	75814.5	1	-3.24523e-11	463863	nan	nan	nan	1	0	1
321	rs1	1:1	2:0.459	rs2	1:2	2:0.25075	0	1000	0	2.00002e-38	7.694	0.593565	0.641888	-0.827953	1.78031	7.48822e-39	7.63482	0.585605	0.999982	-28.2064	1.26697e+06	0.999969	52.771	1.35062e+06	0	0	1
322	rs1	1:1	2:0.45775	rs2	1:2	2:0.24725	0	1000	0	3.4259e-38	7.66916	0.593542	0.636273	-0.837213	1.77032	1.275e-38	7.60927	0.585471	0.999982	-28.2284	1.26697e+06	0.999969	52.7965	1.35062e+06	0	0	1
323	rs1	1:1	2:0.4675	rs2	1:2	2:0.253	0	1000	0	0.999545	50.7227	89036.9	0.999716	-22.4062	63051.7	0.999657	32.2864	75144.9	0.99998	-28.1194	1.09723e+06	0.999981	28.1194	1.19121e+06	1	0	1
324	rs1	1:1	2:0.46575	rs2	1:2	2:0.251	0	1000	0	7.20549e-30	8.10687	0.714103	0.0398885	2.05776	1.00139	7.61595e-30	8.10381	0.714138	0.041079	2.05172	1.0044	0.999964	22.0991	490749	0	0	1
325	rs1	1:1	2:0.46325	rs2	1:2	2:0.2545	0	1000	0	7.0655e-18	8.91468	1.03493	0.592241	-1.1651	2.17534	2.17484e-18	8.79177	1.00502	0.999982	-28.1433	1.26697e+06	0.999969	51.614	1.3217e+06	0	0	1
326	rs1	1:1	2:0.467	rs2	1:2	2:0.254	0	1000	0	3.67152e-18	8.91577	1.02615	0.675184	-1.07092	2.55563	1.56609e-18	8.82971	1.00511	0.999986	-28.1184	1.55172e+06	0.999974	51.5761	1.61031e+06	0	0	1
327	rs1	1:1	2:0.454	rs2	1:2	2:0.25125	0	1000	0	3.42825e-60	6.86004	0.419203	0.266897	1.30242	1.1731	4.9734e-60	6.85145	0.419258	0.316572	1.22984	1.22797	0.999956	24.0446	438939	0	0	1
328	rs1	1:1	2:0.4595	rs2	1:2	2:0.246	0	1000	0	0.999661	32.1907	75814.5	1	2.38538e-10	445438	0.999661	32.1907	75814.5	1	2.38538e-10	445438	nan	nan	nan	1	0	1
329	rs1	1:1	2:0.459	rs2	1:2	2:0.24875	0	1000	0	0.999553	50.2762	89757.1	0.999721	-22.2546	63547.7	0.999661	32.166	75679.1	0.999982	-28.2398	1.26697e+06	0.999983	28.2398	1.36545e+06	1	0	1
330	rs1	1:1	2:0.46525	rs2	1:2	2:0.255	0	1000	0	2.94833e-39	7.76184	0.592128	0.764565	-0.607379	2.02804	1.35366e-39	7.71661	0.586044	0.999986	-28.1364	1.55172e+06	0.999974	52.6892	1.62394e+06	0	0	1
331	rs1	1:1	2:0.4525	rs2	1:2	2:0.24525	0	1000	0	1.13484e-28	7.9246	0.713353	0.999962	24.1734	503497	1.13484e-28	7.9246	0.713353	0.999962	24.1734	503497	nan	nan	nan	1	0	1
332	rs1	1:1	2:0.46275	rs2	1:2	2:0.25375	0	1000	0	5.42067e-30	8.12549	0.71418	0.249566	1.39523	1.21176	6.12719e-30	8.11838	0.714226	0.263227	1.37432	1.22839	0.999959	22.7777	447990	0	0	1
333	rs1	1:1	2:0.471	rs2	1:2	2:0.24725	0	1000	0	5.36425e-63	7.08122	0.422678	0.955935	0.116639	2.11089	3.52084e-63	7.05955	0.420756	0.99999	-28.1062	2.19446e+06	0.999981	53.3462	2.24867e+06	0	0	1
334	rs1	1:1	2:0.455	rs2	1:2	2:0.246	0	1000	0	9.80626e-29	8.03402	0.722355	0.660767	-1.01332	2.309	4.75066e-29	7.98235	0.713573	0.999985	-28.262	1.55172e+06	0.999975	52.4234	1.64587e+06	0	0	1
335	rs1	1:1	2:0.46425	rs2	1:2	2:0.25025	0	1000	0	0.99955	50.5006	89550.1	0.999721	-22.1995	63427.9	0.99966	32.2173	75589.3	0.999982	-28.1885	1.26697e+06	0.999983	28.1885	1.34597e+06	1	0	1
336	rs1	1:1	2:0.4565	rs2	1:2	2:0.25125	0	1000	0	2.19068e-45	7.25202	0.512917	0.999581	0.00107334	2.04177	1.13229e-45	7.21755	0.508811	0.99999	-28.3108	2.19446e+06	0.999981	53.1882	2.23331e+06	0	0	1
337	rs1	1:1	2:0.4565	rs2	1:2	2:0.24875	0	1000	0	1.64434e-38	7.59671	0.585381	0.999959	24.5693	478922	1.64434e-38	7.59671	0.585381	0.999959	24.5693	478922	nan	nan	nan	1	0	1
338	rs1	1:1	2:0.463	rs2	1:2	2:0.249	0	1000	0	7.10616e-54	7.14081	0.462073	0.902068	-0.20103	1.63374	3.14066e-54	7.09755	0.457718	0.999986	-28.2221	1.55172e+06	0.999973	53.3082	1.60435e+06	0	0	1
339	rs1	1:1	2:0.45375	rs2	1:2	2:0.246	0	1000	0	1.52124e-17	8.76673	1.02829	0.652901	-1.09249	2.4292	6.10709e-18	8.67035	1.00461	0.999985	-28.254	1.55172e+06	0.999974	51.7354	1.60619e+06	0	0	1
340	rs1	1:1	2:0.4605	rs2	1:2	2:0.252	0	1000	0	0.999546	51.2951	90173.7	0.999716	-22.7859	63908	0.999664	32.1569	76270.9	0.999977	-28.2489	981393	0.999979	28.2489	1.06034e+06	1	0	1
341	rs1	1:1	2:0.4525	rs2	1:2	2:0.24825	0	1000	0	2.80227e-28	7.86409	0.713106	0.110304	1.45346	0.910214	3.183e-28	7.85654	0.713163	0.116036	1.44103	0.916901	0.999958	22.7518	430415	0	0	1
342	rs1	1:1	2:0.458	rs2	1:2	2:0.25125	0	1000	0	5.03201e-38	7.66965	0.594943	0.681666	-0.676681	1.64967	1.58299e-38	7.5997	0.585481	0.999982	-28.2284	1.26697e+06	0.999968	52.8061	1.32883e+06	0	0	1
343	rs1	1:1	2:0.468	rs2	1:2	2:0.252	0	1000	0	1.47451e-29	8.17862	0.724428	0.734321	-0.730713	2.15306	6.12719e-30	8.11838	0.714226	0.999986	-28.1354	1.55172e+06	0.999974	52.2874	1.61261e+06	0	0	1
344	rs1	1:1	2:0.4725	rs2	1:2	2:0.246	0	1000	0	4.0734e-40	7.77308	0.586308	0.999967	24.5388	586557	4.0734e-40	7.77308	0.586308	0.999967	24.5388	586557	nan	nan	nan	1	0	1
345	rs1	1:1	2:0.4715	rs2	1:2	2:0.25925	0	1000	0	3.94599e-30	8.33147	0.730508	0.515261	-1.13276	1.74092	1.01294e-30	8.23713	0.714856	0.999977	-28.0296	981393	0.999961	52.1687	1.06842e+06	0	0	1
346	rs1	1:1	2:0.4565	rs2	1:2	2:0.24675	0	1000	0	7.78453e-18	8.64172	1.00453	0.9807	-0.0254117	1.05042	9.3713e-18	8.61961	1.00445	0.962722	-0.0501333	1.07265	0.999964	23.5292	517294	0	0	1
347	rs1	1:1	2:0.45425	rs2	1:2	2:0.2475	0	1000	0	0.999562	49.5488	90203.5	0.999736	-21.1869	63920.8	0.999663	32.1468	76179	0.99999	-28.259	2.19446e+06	0.99999	28.259	2.23604e+06	1	0	1
348	rs1	1:1	2:0.46525	rs2	1:2	2:0.25075	0	1000	0	6.47235e-30	8.23288	0.724604	0.749588	-0.68952	2.16027	2.6742e-30	8.17304	0.714499	0.999986	-28.0866	1.55172e+06	0.999974	52.2327	1.61031e+06	0	0	1
349	rs1	1:1	2:0.45325	rs2	1:2	2:0.2485	0	1000	0	1.67309e-28	7.97937	0.720535	0.833706	-0.544364	2.59282	9.26311e-29	7.93822	0.713416	0.99999	-28.2954	2.19446e+06	0.999981	52.4676	2.24867e+06	0	0	1
350	rs1	1:1	2:0.46875	rs2	1:2	2:0.251	0	1000	0	3.11094e-18	8.91215	1.02352	0.657419	-1.20314	2.71296	1.47107e-18	8.83674	1.0051	0.999986	-28.1184	1.55172e+06	0.999975	51.569	1.62747e+06	0	0	1
351	rs1	1:1	2:0.46	rs2	1:2	2:0.24675	0	1000	0	4.10625e-29	8.08271	0.721711	0.888025	-0.349277	2.48059	2.09327e-29	8.03735	0.713865	0.99999	-28.2034	2.19446e+06	0.999981	52.3684	2.23474e+06	0	0	1
352	rs1	1:1	2:0.45925	rs2	1:2	2:0.2515	0	1000	0	3.54078e-18	8.73379	1.00473	0.282977	1.3095	1.21967	3.77629e-18	8.72669	1.00476	0.290217	1.29895	1.22815	0.999962	22.1694	467910	0	0	1
353	rs1	1:1	2:0.46275	rs2	1:2	2:0.24775	0	1000	0	4.03493e-18	8.85563	1.02049	0.815233	-0.695773	2.97746	2.14432e-18	8.79306	1.00499	0.99999	-28.1492	2.19446e+06	0.999982	51.6127	2.23474e+06	0	0	1
354	rs1	1:1	2:0.46175	rs2	1:2	2:0.25575	0	1000	0	2.47519e-47	7.45535	0.51591	0.583201	-0.886222	1.61509	9.4831e-48	7.4012	0.509837	0.999979	-28.163	1.09723e+06	0.999965	53.0046	1.20724e+06	0	0	1
355	rs1	1:1	2:0.4595	rs2	1:2	2:0.254	0	1000	0	8.15971e-18	8.88672	1.03366	0.487888	-1.52861	2.20366	2.65416e-18	8.76806	1.0049	0.999979	-28.1754	1.09723e+06	0.999965	51.6377	1.18884e+06	0	0	1
356	rs1	1:1	2:0.4555	rs2	1:2	2:0.24475	0	1000	0	1.23029e-37	7.56451	0.589951	0.903911	-0.278462	2.30664	6.7014e-38	7.52935	0.585063	0.99999	-28.2964	2.19446e+06	0.999981	52.8764	2.24379e+06	0	0	1
357	rs1	1:1	2:0.45975	rs2	1:2	2:0.25125	0	1000	0	0.999654	32.203	74222.2	0.151733	2.03156	1.41726	0.99966	32.2345	75544.5	0.151733	2.03156	1.41726	0.999996	-2.03156	454315	1	0	1
358	rs1	1:1	2:0.47225	rs2	1:2	2:0.254	0	1000	0	9.98071e-50	7.5771	0.511076	0.290749	1.16808	1.10564	1.51044e-49	7.56389	0.511145	0.341882	1.10164	1.15906	0.999949	23.7376	370971	0	0	1
359	rs1	1:1	2:0.452	rs2	1:2	2:0.243	0	1000	0	0.999553	50.5893	90328.4	0.999718	-22.6316	63950.9	0.999664	32.0894	76179	0.999979	-28.3164	1.09723e+06	0.999981	28.3164	1.20964e+06	1	0	1
360	rs1	1:1	2:0.45675	rs2	1:2	2:0.24925	0	1000	0	5.67254e-18	8.67867	1.0046	0.29662	1.26991	1.21673	6.17184e-18	8.66914	1.00462	0.306498	1.25578	1.22802	0.999957	22.2269	414758	0	0	1
361	rs1	1:1	2:0.456	rs2	1:2	2:0.24975	0	1000	0	6.17865e-46	7.28845	0.512276	0.929477	-0.198077	2.23807	3.63678e-46	7.26027	0.508971	0.99999	-28.2838	2.19446e+06	0.999981	53.1455	2.25148e+06	0	0	1
362	rs1	1:1	2:0.4585	rs2	1:2	2:0.25175	0	1000	0	1.70768e-46	7.36356	0.514314	0.805546	-0.445809	1.81093	7.77241e-47	7.3204	0.509357	0.999985	-28.2284	1.55172e+06	0.999974	53.0854	1.61779e+06	0	0	1
363	rs1	1:1	2:0.4625	rs2	1:2	2:0.252	0	1000	0	1.56828e-29	8.05674	0.713976	0.806346	0.254692	1.03896	2.22583e-29	8.03351	0.713868	0.851676	0.202689	1.08401	0.999956	23.9611	438939	0	0	1
364	rs1	1:1	2:0.46125	rs2	1:2	2:0.248	0	1000	0	3.31278e-39	7.73834	0.590734	0.948926	-0.149214	2.32943	1.78074e-39	7.70383	0.585995	0.99999	-28.1433	2.19446e+06	0.999981	52.702	2.23793e+06	0	0	1
365	rs1	1:1	2:0.446	rs2	1:2	2:0.2405	0	1000	0	1.02135e-27	7.85986	0.720361	0.810706	-0.611692	2.55388	5.65867e-28	7.81738	0.712969	0.99999	-28.398	2.19446e+06	0.999981	52.5884	2.25148e+06	0	0	1
366	rs1	1:1	2:0.4515	rs2	1:2	2:0.24525	0	1000	0	8.6069e-18	8.62945	1.00445	0.780287	0.301622	1.0813	9.9474e-18	8.61253	1.00443	0.797715	0.281664	1.09894	0.999963	23.1998	503497	0	0	1
367	rs1	1:1	2:0.46475	rs2	1:2	2:0.254	0	1000	0	5.62464e-62	7.03374	0.423391	0.914739	-0.177881	1.66147	2.96245e-62	6.99881	0.420317	0.999986	-28.1552	1.55172e+06	0.999974	53.407	1.61509e+06	0	0	1
368	rs1	1:1	2:0.4485	rs2	1:2	2:0.25	0	1000	0	1.44305e-37	7.49452	0.585057	0.74316	0.337268	1.02929	2.35083e-37	7.4698	0.584858	0.817672	0.253333	1.09886	0.999953	24.3425	414758	0	0	1
369	rs1	1:1	2:0.45125	rs2	1:2	2:0.248	0	1000	0	3.47174e-28	7.93996	0.721247	0.85157	-0.461685	2.46737	1.80343e-28	7.89412	0.71327	0.99999	-28.3286	2.19446e+06	0.999981	52.5117	2.23972e+06	0	0	1
370	rs1	1:1	2:0.4525	rs2	1:2	2:0.248	0	1000	0	9.82453e-18	8.61393	1.00443	0.316867	1.21655	1.21544	1.07669e-17	8.60342	1.00443	0.32803	1.20097	1.22787	0.999956	22.2926	407545	0	0	1
371	rs1	1:1	2:0.4495	rs2	1:2	2:0.2475	0	1000	0	2.62851e-17	8.66666	1.02419	0.4983	-1.76944	2.61301	1.24766e-17	8.58536	1.00432	0.999982	-28.3426	1.26697e+06	0.999971	51.8204	1.41655e+06	0	0	1
372	rs1	1:1	2:0.45975	rs2	1:2	2:0.2505	0	1000	0	9.49653e-18	8.80436	1.02616	0.649061	-1.15482	2.5377	4.10318e-18	8.71698	1.00474	0.999986	-28.2181	1.55172e+06	0.999974	51.6888	1.61509e+06	0	0	1
373	rs1	1:1	2:0.4595	rs2	1:2	2:0.25125	0	1000	0	5.60495e-29	7.97141	0.713531	0.00870759	3.03617	1.15737	5.70515e-29	7.97042	0.713543	0.0088101	3.03355	1.15814	0.999968	21.1339	532292	0	0	1
374	rs1	1:1	2:0.4705	rs2	1:2	2:0.251	0	1000	0	1.34432e-48	7.47614	0.510312	0.00554399	3.21011	1.15738	1.38847e-48	7.47526	0.510328	0.00566615	3.20556	1.15871	0.999967	21.629	517294	0	0	1
375	rs1	1:1	2:0.46375	rs2	1:2	2:0.25875	0	1000	0	3.5747e-18	8.91526	1.02574	0.672285	-1.09072	2.57846	1.54979e-18	8.83088	1.00511	0.999986	-28.1184	1.55172e+06	0.999974	51.5749	1.61261e+06	0	0	1
376	rs1	1:1	2:0.46375	rs2	1:2	2:0.2525	0	1000	0	3.25413e-29	8.09928	0.721864	0.895642	-0.323938	2.46963	1.64234e-29	8.05346	0.713942	0.99999	-28.1885	2.19446e+06	0.999981	52.3523	2.23331e+06	0	0	1
377	rs1	1:1	2:0.46225	rs2	1:2	2:0.24975	0	1000	0	4.78346e-18	8.69856	1.00464	0.292804	1.28187	1.21852	5.1399e-18	8.69054	1.00466	0.301082	1.26996	1.22807	0.99996	22.2055	447990	0	0	1
378	rs1	1:1	2:0.46075	rs2	1:2	2:0.25375	0	1000	0	1.64929e-29	8.05235	0.713867	0.268163	1.33793	1.20828	1.9032e-29	8.04378	0.713905	0.285136	1.31276	1.2282	0.999957	22.8523	422369	0	0	1
379	rs1	1:1	2:0.45725	rs2	1:2	2:0.24975	0	1000	0	1.46521e-17	8.80056	1.03174	0.549198	-1.36161	2.27328	5.18527e-18	8.68954	1.00466	0.999982	-28.2408	1.26697e+06	0.999969	51.7163	1.34085e+06	0	0	1
380	rs1	1:1	2:0.46375	rs2	1:2	2:0.252	0	1000	0	6.54447e-55	7.14491	0.457808	0.527081	0.676717	1.06996	9.75357e-55	7.13432	0.457877	0.583799	0.61458	1.12182	0.999963	24.4549	532292	0	0	1
381	rs1	1:1	2:0.44775	rs2	1:2	2:0.245	0	1000	0	0.999555	50.4029	90355.9	0.999721	-22.3373	63986.4	0.999664	32.097	76224.9	0.999982	-28.3088	1.26697e+06	0.999983	28.3088	1.35661e+06	1	0	1
382	rs1	1:1	2:0.456	rs2	1:2	2:0.2535	0	1000	0	2.4027e-28	8.1645	0.73942	0.343119	-1.3289	1.40176	3.171e-29	8.01092	0.713842	0.999971	-28.2178	775859	0.999951	52.3949	857761	0	0	1
383	rs1	1:1	2:0.46125	rs2	1:2	2:0.24875	0	1000	0	5.65652e-47	7.39798	0.513968	0.779287	-0.534088	1.90576	2.79421e-47	7.3593	0.509558	0.999986	-28.199	1.55172e+06	0.999974	53.0465	1.63136e+06	0	0	1
384	rs1	1:1	2:0.45975	rs2	1:2	2:0.25	0	1000	0	1.21217e-17	8.82547	1.03201	0.556445	-1.33257	2.26577	4.22726e-18	8.71359	1.00474	0.999982	-28.2191	1.26697e+06	0.999969	51.6922	1.33809e+06	0	0	1
385	rs1	1:1	2:0.458	rs2	1:2	2:0.24675	0	1000	0	1.12493e-28	8.06069	0.725552	0.476881	-1.40986	1.98201	4.25288e-29	7.98973	0.713607	0.999979	-28.257	1.09723e+06	0.999966	52.4161	1.23492e+06	0	0	1
386	rs1	1:1	2:0.4545	rs2	1:2	2:0.253	0	1000	0	1.0102e-28	8.03158	0.722308	0.901819	-0.293483	2.379	4.85738e-29	7.98186	0.713655	0.99999	-28.2469	2.19446e+06	0.999981	52.4239	2.22958e+06	0	0	1
387	rs1	1:1	2:0.46575	rs2	1:2	2:0.25125	0	1000	0	3.90022e-55	7.24343	0.463141	0.627248	-0.736505	1.51668	1.60592e-55	7.19385	0.458318	0.99998	-28.1484	1.09723e+06	0.999965	53.2119	1.20198e+06	0	0	1
