Outcome	Var1_ID	Var1_Pos	Var1_MAF	Var2_ID	Var2_Pos	Var2_MAF	Num_Missing	Num_Cases	Converged	Red_Var1_Pval	Red_Var1_beta	Red_Var1_SE	Red_Var2_Pval	Red_Var2_beta	Red_Var2_SE	Full_Var1_Pval	Full_Var1_beta	Full_Var1_SE	Full_Var2_Pval	Full_Var2_beta	Full_Var2_SE	Full_Var1_Var2_Pval	Full_Var1_Var2_beta	Full_Var1_Var2_SE	Red_Model_Pval	Full_Model_Pval	Overall_Pval_(LRT)
1	rs1	1:1	2:0.457	rs2	1:2	2:0.2485	0	1000	1	2.63641e-15	8.48807	1.03591	0.572427	0.313857	0.297132	0.35616	2.03553	1.41658	0.747387	0.23204	0.304069	0.705141	12.1753	14.5657	0	0	0.000505663
2	rs1	1:1	2:0.45375	rs2	1:2	2:0.2495	0	1000	1	0.865178	31.7992	59.0863	0.971334	0.0543186	0.225214	0.76923	44.7397	61.7625	0.957383	0.0668502	0.226507	0.896541	-22.1402	47.3732	0	0	0.705851
3	rs1	1:1	2:0.46125	rs2	1:2	2:0.25125	0	1000	1	3.08895e-22	7.40032	0.743542	0.0104829	0.933727	0.309255	0.526516	1.38806	1.22547	0.0470347	0.785702	0.317764	0.719049	15.1202	18.6166	0	0	3.43236e-06
4	rs1	1:1	2:0.45875	rs2	1:2	2:0.2475	0	1000	1	2.56184e-16	8.85859	1.04544	0.899703	-0.145386	0.316221	0.988455	-0.550206	3.6104	0.789359	-0.225705	0.328155	0.306914	13.0387	8.48321	0	0	0.000119749
5	rs1	1:1	2:0.45775	rs2	1:2	2:0.249	0	1000	0	8.98593e-25	8.07338	0.767198	0.987619	-0.0370621	0.234789	0.954623	-4.22715	13.8704	0.89807	-0.117218	0.252791	0.991544	604.262	4636.66	0	1	1
6	rs1	1:1	2:0.45425	rs2	1:2	2:0.2485	0	1000	1	1.47003e-35	7.20541	0.568909	0.930203	0.0870632	0.228872	0.842786	-2.1777	3.72332	0.662628	-0.233968	0.25789	0.418246	13.1383	9.95047	0	0	1.15121e-12
7	rs1	1:1	2:0.4575	rs2	1:2	2:0.244	0	1000	1	1.03498e-29	7.47385	0.646896	0.856	0.196598	0.352549	0.718292	0.922374	1.13385	0.867267	-0.210421	0.394283	0.477971	14.9108	12.2715	0	0	3.63707e-09
8	rs1	1:1	2:0.4705	rs2	1:2	2:0.256	0	1000	1	2.44669e-41	7.19303	0.525975	0.958485	0.0889791	0.30555	0.872971	-3.31866	6.36669	0.446679	-0.457658	0.36048	0.458103	18.4268	14.747	0	0	2.35271e-15
9	rs1	1:1	2:0.46125	rs2	1:2	2:0.2505	0	1000	0	7.44774e-25	7.73466	0.733766	0.230543	2.58847	1.51101	0.995072	2173.02	21861.2	0.0356675	-4.5345	1.75615	0.995111	-16777.7	169461	0	1	1
10	rs1	1:1	2:0.45825	rs2	1:2	2:0.25475	0	1000	0	0.284557	32.0904	20.2406	0.897303	-0.125049	0.268613	0.486833	24.5155	20.4319	0.982745	-0.050569	0.271032	0.999803	656.784	33088.6	0	1	1
11	rs1	1:1	2:0.45475	rs2	1:2	2:0.24825	0	1000	1	1.44802e-35	7.01067	0.55348	0.582204	0.276258	0.2656	0.621553	0.949982	0.974113	0.994351	0.0307096	0.288508	0.00783479	9.88816	3.17517	0	0	1.51892e-10
12	rs1	1:1	2:0.47325	rs2	1:2	2:0.25425	0	1000	1	1.3085e-36	7.36001	0.572546	0.844057	0.172983	0.297069	0.872994	-1.79463	3.44323	0.753367	-0.253094	0.336292	0.0727413	14.322	6.25558	0	0	1.90604e-12
13	rs1	1:1	2:0.456	rs2	1:2	2:0.24875	0	1000	0	1.18841e-15	8.28438	0.999263	0.0526654	3.26578	1.34592	0.969009	0.568155	2.26425	0.0509285	3.37186	1.38179	0.942944	758.16	2211.81	0	1	1
14	rs1	1:1	2:0.4555	rs2	1:2	2:0.24425	0	1000	1	3.24333e-29	7.24652	0.632657	0.254233	0.456315	0.27572	0.530072	1.18952	1.05574	0.999882	-0.00512494	0.33371	0.12517	20.0387	9.82932	0	0	4.88966e-09
15	rs1	1:1	2:0.46375	rs2	1:2	2:0.2475	0	1000	1	3.46799e-34	7.05116	0.568035	0.584964	0.2621	0.253096	0.854366	-2.21057	3.93997	0.993056	-0.0332412	0.281582	0.163047	13.0281	6.8404	0	0	2.77498e-12
16	rs1	1:1	2:0.45575	rs2	1:2	2:0.24725	0	1000	1	8.16329e-30	7.18157	0.620496	0.361649	2.90136	2.03427	0.8833	-1.56565	3.14275	0.717765	1.8415	2.26121	0.698054	147.521	173.986	0	0	8.75413e-10
17	rs1	1:1	2:0.469	rs2	1:2	2:0.25025	0	1000	1	0.40637	32.2626	24.0406	0.886435	0.155073	0.315821	0.332617	36.9994	24.9363	0.83808	0.189497	0.318817	0.73093	-21.3481	26.9631	0	0	0.620839
18	rs1	1:1	2:0.454	rs2	1:2	2:0.25025	0	1000	1	4.10976e-26	8.4487	0.781391	0.337855	-0.567282	0.385072	0.990453	-6.54939	47.2826	0.128143	-0.859195	0.42385	0.939451	26.5503	75.1198	0	0	2.95282e-08
19	rs1	1:1	2:0.4655	rs2	1:2	2:0.258	0	1000	0	1.38305e-33	7.76887	0.631549	0.921873	-0.112057	0.277813	0.783355	0.83177	1.19026	0.642131	-0.292968	0.311259	0.999999	135.719	114118	0	0	1
20	rs1	1:1	2:0.461	rs2	1:2	2:0.25	0	1000	1	0.935325	35.3697	96.7227	0.457679	0.340199	0.2721	0.72913	77.8273	97.9128	0.423053	0.35965	0.274189	0.812921	-61.6649	95.81	0	0	0.552851
21	rs1	1:1	2:0.459	rs2	1:2	2:0.2455	0	1000	1	1.60027e-38	6.19105	0.469266	0.0181065	0.901721	0.31835	0.846563	-1.00446	1.74027	0.418242	0.470434	0.356288	0.0639249	15.7844	6.73042	0	0	3.30088e-15
22	rs1	1:1	2:0.457	rs2	1:2	2:0.2505	0	1000	1	1.68735e-25	8.14262	0.762349	0.888845	-0.131559	0.271002	0.995032	-0.218458	2.18882	0.646931	-0.27169	0.29111	0.0311241	10.2697	3.89845	0	0	3.00372e-07
23	rs1	1:1	2:0.461	rs2	1:2	2:0.24875	0	1000	1	8.38713e-43	6.69619	0.481045	0.712467	0.173708	0.210956	0.828299	-3.23857	5.27618	0.700743	-0.207461	0.245998	0.201786	12.6672	7.07999	0	0	3.76468e-17
24	rs1	1:1	2:0.45	rs2	1:2	2:0.24525	0	1000	1	3.75105e-28	6.94101	0.617618	0.0581337	0.520537	0.21822	0.999936	-0.0182657	1.60874	0.210231	0.402339	0.227813	0.0185931	9.30464	3.29589	0	0	1.41634e-08
25	rs1	1:1	2:0.458	rs2	1:2	2:0.24875	0	1000	1	4.38998e-30	7.13533	0.613665	0.0561599	4.13397	1.72262	0.908988	-1.23824	2.83441	0.114337	3.49455	1.67798	0.574947	182.573	173.529	0	0	1.34261e-09
26	rs1	1:1	2:0.46075	rs2	1:2	2:0.2475	0	1000	1	0.57094	32.3188	30.5256	0.532037	-0.435183	0.387372	0.718434	26.2175	32.2382	0.453008	-0.540386	0.429407	0.797308	76.3856	113.488	0	0	0.516367
27	rs1	1:1	2:0.45875	rs2	1:2	2:0.24475	0	1000	1	2.39497e-28	7.09491	0.629081	0.0773366	0.560149	0.247573	0.64519	1.0471	1.11849	0.353523	0.37816	0.262231	0.0987088	9.50581	4.41717	0	0	2.32852e-08
28	rs1	1:1	2:0.455	rs2	1:2	2:0.24825	0	1000	0	2.73813e-23	7.54302	0.739994	0.209139	0.450981	0.254929	0.403915	1.5304	1.13656	0.266215	0.434753	0.267223	0.999999	255.376	147355	0	0	1
29	rs1	1:1	2:0.467	rs2	1:2	2:0.2535	0	1000	0	5.32156e-30	7.36312	0.634159	0.232697	0.456615	0.267395	0.94391	-4.42561	13.025	0.551305	0.315216	0.288845	0.998551	728.878	13535.3	0	1	1
30	rs1	1:1	2:0.458	rs2	1:2	2:0.2485	0	1000	1	1.67292e-35	7.267	0.574234	0.926047	0.142398	0.363266	0.948645	-0.603266	1.85782	0.613198	-0.40926	0.413809	0.0050188	14.7499	4.53271	0	0	7.40325e-12
31	rs1	1:1	2:0.4525	rs2	1:2	2:0.248	0	1000	1	5.03359e-34	6.99372	0.564775	0.527552	0.357016	0.315682	0.83809	-1.7992	3.02714	0.896438	-0.179411	0.383683	0.404684	29.9431	22.2609	0	0	1.84438e-12
32	rs1	1:1	2:0.45875	rs2	1:2	2:0.25375	0	1000	1	1.09304e-31	7.65623	0.641183	0.992518	-0.0376953	0.307564	0.904277	-3.19482	7.1218	0.558438	-0.393175	0.364235	0.854528	34.0061	60.6466	0	0	1.58428e-10
33	rs1	1:1	2:0.46175	rs2	1:2	2:0.2515	0	1000	1	6.75289e-30	7.35792	0.634834	0.36392	0.382959	0.269339	0.974904	-5.58627	24.7772	0.857457	0.166002	0.299324	0.955853	64.6029	214.983	0	0	5.65232e-10
34	rs1	1:1	2:0.45575	rs2	1:2	2:0.24275	0	1000	0	1.80779e-30	7.54994	0.645103	0.99583	-0.0306217	0.334943	0.948545	-1288.03	3962.67	0.638771	-0.35053	0.370229	0.947267	1454.58	4419.02	0	1	1
35	rs1	1:1	2:0.45775	rs2	1:2	2:0.24375	0	1000	1	2.07463e-22	7.57552	0.758105	0.183624	0.426508	0.231657	0.961207	-0.815973	2.9007	0.581091	0.254706	0.244447	0.544319	11.9671	10.8503	0	0	5.39089e-07
36	rs1	1:1	2:0.46925	rs2	1:2	2:0.25225	0	1000	1	8.34626e-24	7.79394	0.756015	0.24182	0.411161	0.244016	0.993559	-0.279408	2.45781	0.716051	0.211583	0.258875	0.101656	10.6255	4.96912	0	0	7.27424e-07
37	rs1	1:1	2:0.45875	rs2	1:2	2:0.253	0	1000	1	4.35326e-26	8.27238	0.76546	0.805599	-0.272543	0.414499	0.997333	-0.157914	2.16086	0.538155	-0.500391	0.449507	0.104686	16.2599	7.65344	0	0	1.91258e-07
38	rs1	1:1	2:0.46	rs2	1:2	2:0.2525	0	1000	1	0.669276	33.0388	36.8667	0.222897	0.469049	0.270711	0.824697	24.5592	39.5561	0.189371	0.519772	0.284915	0.87266	61.9363	118.666	0	0	0.589492
39	rs1	1:1	2:0.45	rs2	1:2	2:0.24375	0	1000	1	3.97372e-15	8.44452	1.03695	0.865032	0.126428	0.234779	0.98742	-11.6391	73.1458	0.997697	-0.0174177	0.256502	0.567502	198.329	186.323	0	0	5.4974e-05
40	rs1	1:1	2:0.45	rs2	1:2	2:0.24525	0	1000	1	2.96459e-24	7.73956	0.743533	0.849431	0.153591	0.268847	0.39616	1.54288	1.13378	0.98589	0.04722	0.280095	0.150158	10.2255	5.25102	0	0	2.90307e-06
41	rs1	1:1	2:0.44975	rs2	1:2	2:0.243	0	1000	1	0.97441	31.1133	136.642	0.648423	0.318978	0.342685	0.891483	67.981	141.831	0.62847	0.331806	0.344264	0.925083	-56.8007	143.929	0	0	0.715846
42	rs1	1:1	2:0.45825	rs2	1:2	2:0.24725	0	1000	0	3.66977e-30	7.57742	0.650824	0.983148	0.39541	2.14471	0.810865	-116.11	179.31	0.639135	-2.5497	2.69469	0.781807	977.749	1393.53	0	1	1
43	rs1	1:1	2:0.46275	rs2	1:2	2:0.24975	0	1000	1	1.74657e-16	8.82765	1.03627	0.994379	-0.0392748	0.369894	0.996806	0.2191	2.73932	0.957408	-0.11277	0.382212	0.0919729	13.5628	6.20834	0	0	0.000234517
44	rs1	1:1	2:0.45225	rs2	1:2	2:0.24225	0	1000	0	1.77923e-15	8.73583	1.05996	0.975255	-0.516984	2.30941	0.971284	2105.14	8720.65	0.0211826	7.68744	2.76872	0.971546	-16254.3	67648.2	0	1	1
45	rs1	1:1	2:0.4615	rs2	1:2	2:0.25	0	1000	1	1.69826e-24	7.85172	0.75046	0.808504	0.174494	0.267619	0.996331	-0.186486	2.17503	0.9737	0.06492	0.281188	0.21861	12.0116	6.88807	0	0	4.28025e-07
46	rs1	1:1	2:0.4575	rs2	1:2	2:0.24625	0	1000	1	4.01684e-25	8.46446	0.798576	0.598719	-0.332073	0.327851	0.97278	-0.628944	2.67709	0.216401	-0.653077	0.373264	0.0819879	11.6358	5.20246	0	0	1.06965e-07
47	rs1	1:1	2:0.455	rs2	1:2	2:0.245	0	1000	1	2.01167e-31	6.57465	0.552976	0.0163412	0.800322	0.279007	0.894469	-1.04831	2.21968	0.18428	0.546601	0.297198	0.0554093	13.2218	5.49667	0	0	4.38019e-11
48	rs1	1:1	2:0.458	rs2	1:2	2:0.24875	0	1000	1	3.86516e-16	8.52458	1.01183	0.557743	1.63407	1.51218	0.991546	-0.446601	3.42738	0.609456	1.5519	1.55942	0.803618	157.07	237.532	0	0	0.0001384
49	rs1	1:1	2:0.461	rs2	1:2	2:0.2495	0	1000	0	2.12823e-25	8.14687	0.764303	0.88339	-0.214391	0.430527	0.999217	0.0747101	1.88795	0.747618	-0.359711	0.471622	0.999998	379.72	206113	0	0	1
50	rs1	1:1	2:0.46625	rs2	1:2	2:0.2535	0	1000	1	1.54616e-31	7.67884	0.644647	0.986027	0.0632059	0.376759	0.983384	-6.09054	33.2709	0.758214	-0.308527	0.41467	0.9147	28.2828	66.9769	0	0	1.89223e-10
51	rs1	1:1	2:0.46225	rs2	1:2	2:0.249	0	1000	1	2.06258e-26	8.53282	0.784558	0.711172	-0.235313	0.285007	0.0446514	2.50108	1.00302	0.232973	-0.574334	0.336469	0.147783	8.00679	4.09448	0	0	3.10146e-06
52	rs1	1:1	2:0.4555	rs2	1:2	2:0.24725	0	1000	1	1.21042e-23	7.78844	0.758138	0.652213	0.285146	0.308421	0.941511	-1.1928	3.4356	0.92634	0.127248	0.325286	0.343791	14.8962	10.1937	0	0	2.67168e-07
53	rs1	1:1	2:0.45475	rs2	1:2	2:0.24575	0	1000	1	0.956293	27.9186	93.3837	0.51034	-0.371983	0.320704	0.97998	19.3863	96.3967	0.480435	-0.408519	0.337386	0.922181	143.651	356.873	0	0	0.69933
54	rs1	1:1	2:0.4565	rs2	1:2	2:0.25225	0	1000	1	2.07078e-29	7.12517	0.619945	0.111068	0.458296	0.218603	0.933505	-0.879008	2.36948	0.330316	0.35208	0.236545	0.626543	16.1708	16.7228	0	0	1.67814e-09
55	rs1	1:1	2:0.46725	rs2	1:2	2:0.253	0	1000	1	3.84624e-33	6.72139	0.550128	0.0144755	0.754904	0.259379	0.858558	-2.15565	3.90324	0.164451	0.538518	0.28342	0.805878	26.3067	40.0409	0	0	1.23934e-11
56	rs1	1:1	2:0.456	rs2	1:2	2:0.25375	0	1000	0	2.83679e-17	8.96527	1.02702	0.586142	-0.383173	0.370707	0.998642	-0.150953	2.89594	0.635647	-0.366581	0.385081	0.999997	510.995	221777	0	0	1
57	rs1	1:1	2:0.46225	rs2	1:2	2:0.24775	0	1000	1	9.97097e-34	7.1806	0.582468	0.7471	0.215324	0.281978	0.963614	-5.42228	19.9153	0.855468	-0.182263	0.326192	0.884831	19.6302	39.6818	0	0	1.02112e-12
58	rs1	1:1	2:0.46175	rs2	1:2	2:0.25075	0	1000	1	9.70499e-29	7.08751	0.624009	0.0424545	0.559327	0.222512	0.976301	-6.21046	28.3563	0.19539	0.434926	0.24068	0.765871	99.2429	135.875	0	0	1.01086e-09
59	rs1	1:1	2:0.45525	rs2	1:2	2:0.244	0	1000	1	0.338757	31.4595	21.381	0.461722	0.297061	0.238945	0.205893	42.5913	23.9565	0.520893	0.273364	0.239349	0.486351	-25.4893	21.2289	0	0	0.338845
60	rs1	1:1	2:0.466	rs2	1:2	2:0.25	0	1000	1	5.32714e-30	7.42217	0.63925	0.605183	0.280894	0.280271	0.901778	-3.08796	6.79084	0.942712	-0.116481	0.339105	0.499069	46.8466	39.7345	0	0	2.79035e-10
61	rs1	1:1	2:0.4615	rs2	1:2	2:0.25025	0	1000	1	1.05862e-34	7.22218	0.577383	0.703832	0.205779	0.245527	0.935233	-4.42293	12.0861	0.867457	-0.156478	0.293431	0.950474	31.6728	99.3721	0	0	1.10753e-12
62	rs1	1:1	2:0.45875	rs2	1:2	2:0.252	0	1000	1	2.706e-15	8.35465	1.02002	0.168445	0.356594	0.188933	0.213559	2.44048	1.38886	0.220667	0.335413	0.192938	0.38527	7.14004	5.16957	0	0	0.00113104
63	rs1	1:1	2:0.4555	rs2	1:2	2:0.243	0	1000	0	3.42269e-28	7.15562	0.636252	0.246748	3.5197	2.10388	0.999364	2611.16	73209	3.05102e-05	-10.0874	2.21209	0.999368	-19399.9	545685	0	1	1
64	rs1	1:1	2:0.46675	rs2	1:2	2:0.25325	0	1000	1	0.577011	31.7502	30.2755	0.887589	0.163583	0.334966	0.547202	35.089	31.9536	0.907609	0.148178	0.336522	0.875812	-22.5354	43.7596	0	0	0.760604
65	rs1	1:1	2:0.4495	rs2	1:2	2:0.24225	0	1000	0	2.6848e-33	6.86993	0.560936	0.412223	0.293729	0.220632	0.829397	-1.747	2.85622	0.843607	0.142671	0.244628	0.999997	374.655	159818	0	0	1
66	rs1	1:1	2:0.4715	rs2	1:2	2:0.2525	0	1000	1	4.49423e-35	7.27158	0.578175	0.596031	0.291726	0.286762	0.871894	-2.40761	4.59804	0.865263	-0.194014	0.36062	0.731794	25.6835	32.4999	0	0	1.42181e-12
67	rs1	1:1	2:0.46625	rs2	1:2	2:0.248	0	1000	1	1.11852e-29	7.52532	0.65173	0.608867	0.302495	0.303664	0.897949	-2.02839	4.37165	0.953056	-0.114926	0.370608	0.674391	26.726	30.1094	0	0	4.11583e-10
68	rs1	1:1	2:0.463	rs2	1:2	2:0.25325	0	1000	1	4.12756e-25	8.0782	0.762319	0.967254	0.0662414	0.256701	0.540102	1.36365	1.22857	0.970628	-0.069353	0.284024	0.951954	101.221	322.554	0	0	6.78635e-07
69	rs1	1:1	2:0.45675	rs2	1:2	2:0.2505	0	1000	1	1.25735e-16	8.61484	1.00674	0.999209	0.0107676	0.270578	0.786508	1.28082	1.84811	0.99997	0.00219823	0.284611	0.447771	11.4202	9.00891	0	0	0.000370338
70	rs1	1:1	2:0.4635	rs2	1:2	2:0.24925	0	1000	0	9.61942e-16	8.66739	1.04226	0.856415	0.160424	0.288129	0.972668	-4.08247	17.341	0.83186	0.181914	0.299803	0.990673	691.816	5053.44	0	1	1
71	rs1	1:1	2:0.4525	rs2	1:2	2:0.24425	0	1000	0	1.12512e-30	7.69061	0.65486	0.771106	-1.36653	1.89529	1	-43059.3	1.99727e+16	1	-561.386	3.43301e+13	1	359114	1.66033e+17	0	1	1
72	rs1	1:1	2:0.453	rs2	1:2	2:0.24275	0	1000	0	2.37588e-15	8.77701	1.06952	0.908493	-0.976867	2.22975	0.740226	-578.41	745.731	0.000763916	-9.79258	2.58469	0.73092	4658.4	5883.52	0	1	1
73	rs1	1:1	2:0.45225	rs2	1:2	2:0.24775	0	1000	1	1.32129e-16	8.95052	1.04668	0.58819	-0.401181	0.389403	0.97379	-3.74644	16.2553	0.410969	-0.538911	0.404104	0.826834	23.7603	38.5289	0	0	5.82507e-05
74	rs1	1:1	2:0.4485	rs2	1:2	2:0.24725	0	1000	1	2.87127e-16	8.76948	1.03657	0.832911	-0.238234	0.393973	0.967831	-1.0374	4.05667	0.412054	-0.605343	0.454592	0.222385	57.7329	33.295	0	0	3.05616e-05
75	rs1	1:1	2:0.45325	rs2	1:2	2:0.24575	0	1000	1	0.730431	30.7808	38.8345	0.534336	-0.424491	0.379152	0.616635	38.4845	39.1365	0.562006	-0.408625	0.380633	0.848301	-25.1091	43.773	0	0	0.669082
76	rs1	1:1	2:0.46225	rs2	1:2	2:0.25	0	1000	1	7.04303e-31	7.57622	0.642939	0.934579	0.102141	0.277666	0.899326	-1.66187	3.60748	0.893442	-0.144504	0.304407	0.0759914	12.668	5.57986	0	0	5.32541e-10
77	rs1	1:1	2:0.45525	rs2	1:2	2:0.244	0	1000	0	1.75645e-22	7.53725	0.753021	0.278301	0.385142	0.240803	0.938249	-3.73322	10.4559	0.403306	0.341053	0.253075	0.996864	652.652	8234.34	0	1	1
78	rs1	1:1	2:0.45925	rs2	1:2	2:0.2495	0	1000	1	5.03745e-16	8.6588	1.03162	0.842279	0.157702	0.269158	0.937765	0.81134	2.26325	0.991287	0.0368031	0.278185	0.0672685	9.82185	4.22739	0	0	0.000540453
79	rs1	1:1	2:0.4465	rs2	1:2	2:0.24625	0	1000	1	2.29262e-15	8.43669	1.0275	0.903778	0.120389	0.267635	0.991444	-0.431074	3.2883	0.964573	0.0732528	0.272733	0.145612	12.1032	6.16547	0	0	0.000216794
80	rs1	1:1	2:0.45925	rs2	1:2	2:0.24725	0	1000	0	0.976677	32.7571	150.779	0.916171	-0.155118	0.370691	0.956047	8.74714	29.1739	0.996625	-0.0306388	0.372595	0.721638	938.197	1161.49	0	1	1
81	rs1	1:1	2:0.44775	rs2	1:2	2:0.24475	0	1000	1	4.03761e-28	6.96782	0.620365	0.0613701	0.519227	0.219773	0.790766	0.791125	1.15458	0.312999	0.349148	0.229073	0.563187	11.1267	10.3835	0	0	1.38937e-08
82	rs1	1:1	2:0.44625	rs2	1:2	2:0.242	0	1000	1	1.74667e-34	6.98421	0.560154	0.827239	0.139682	0.226796	0.138846	1.52013	0.764981	0.914372	-0.105535	0.249417	0.411166	9.61582	7.2124	0	0	1.77913e-10
83	rs1	1:1	2:0.47	rs2	1:2	2:0.25025	0	1000	0	4.6727e-33	6.81631	0.558625	0.0128085	0.670996	0.227289	0.922827	-0.926568	2.3119	0.164187	0.469706	0.247094	0.999998	262.3	134672	0	0	1
84	rs1	1:1	2:0.4495	rs2	1:2	2:0.24775	0	1000	1	0.968774	28.6132	113.595	0.626595	0.267796	0.276961	0.86854	63.0089	118.677	0.602847	0.280014	0.278323	0.922189	-46.5592	115.674	0	0	0.705311
85	rs1	1:1	2:0.46275	rs2	1:2	2:0.24775	0	1000	1	3.91844e-30	7.41434	0.637125	0.554445	0.321617	0.296126	0.990958	0.210729	1.56352	0.981968	-0.0625476	0.327874	0.00705515	11.3781	3.61474	0	0	7.35889e-09
86	rs1	1:1	2:0.4635	rs2	1:2	2:0.25475	0	1000	1	3.16964e-16	8.75875	1.03673	0.994848	0.0267115	0.262817	0.969534	-2.98945	12.0175	0.987842	-0.0422157	0.269903	0.714763	15.8823	19.3801	0	0	8.72601e-05
87	rs1	1:1	2:0.457	rs2	1:2	2:0.24775	0	1000	1	5.74753e-15	9.09543	1.12315	0.560807	-2.18971	2.03594	0.977701	-3.99507	18.8113	0.347779	-4.17601	2.87326	0.805456	154.835	235.385	0	0	4.2999e-05
88	rs1	1:1	2:0.4665	rs2	1:2	2:0.25225	0	1000	1	1.1889e-26	8.68919	0.795241	0.268431	-0.542271	0.334358	0.943985	-1.1278	3.32151	0.0753899	-0.867148	0.381365	0.178435	13.1293	7.07158	0	0	4.2202e-08
89	rs1	1:1	2:0.4585	rs2	1:2	2:0.2455	0	1000	0	1.78007e-16	9.02264	1.05944	0.657169	-0.347776	0.379539	0.96711	-3.21706	12.4391	0.587877	-0.412334	0.400028	0.980767	821.392	4167.85	0	1	1
90	rs1	1:1	2:0.454	rs2	1:2	2:0.2405	0	1000	1	4.16829e-15	8.4559	1.0391	0.678932	0.300416	0.341366	0.99817	-0.186088	3.07457	0.932778	0.133541	0.357957	0.433497	15.0864	11.6681	0	0	0.000201464
91	rs1	1:1	2:0.44525	rs2	1:2	2:0.24525	0	1000	1	6.88214e-16	8.62843	1.03259	0.999315	0.0112659	0.304225	0.995802	0.237854	2.59308	0.937342	-0.112865	0.313738	0.0737798	11.8997	5.21166	0	0	0.000319992
92	rs1	1:1	2:0.4635	rs2	1:2	2:0.25025	0	1000	0	4.42915e-23	7.57363	0.74646	0.121318	0.588255	0.286403	0.956369	-0.890871	2.98248	0.196696	0.539959	0.299414	0.999997	475.775	200912	0	0	1
93	rs1	1:1	2:0.4605	rs2	1:2	2:0.2475	0	1000	1	3.44315e-30	7.3568	0.631578	0.667109	0.265815	0.295422	0.999408	-0.0572771	1.66423	0.982556	0.0597865	0.318683	0.0795188	12.3608	5.49311	0	0	2.72092e-09
94	rs1	1:1	2:0.4515	rs2	1:2	2:0.24325	0	1000	1	9.65075e-23	7.59725	0.754518	0.442249	0.307985	0.241102	0.924622	-1.50315	3.79675	0.850137	0.143904	0.252535	0.272425	12.4169	7.69945	0	0	3.37714e-07
95	rs1	1:1	2:0.45925	rs2	1:2	2:0.24525	0	1000	1	3.30863e-15	8.45461	1.03534	0.754835	0.193511	0.258013	0.395538	1.93066	1.41753	0.917203	0.109858	0.264236	0.611585	10.601	10.6901	0	0	0.000489252
96	rs1	1:1	2:0.451	rs2	1:2	2:0.24425	0	1000	0	2.1691e-26	8.6341	0.794208	0.105948	-0.78147	0.368814	0.44443	1.44221	1.13243	0.0526682	-1.045	0.430677	0.999998	264.756	150899	0	0	1
97	rs1	1:1	2:0.45975	rs2	1:2	2:0.25325	0	1000	1	1.45922e-24	7.96311	0.760054	0.835106	0.155591	0.259176	0.926875	-1.65168	4.23825	0.924459	-0.116524	0.293993	0.365467	37.7829	26.6291	0	0	8.36711e-08
98	rs1	1:1	2:0.458	rs2	1:2	2:0.24875	0	1000	1	5.08832e-29	7.14277	0.62575	0.153495	0.45329	0.234135	0.702534	0.950104	1.13066	0.511352	0.29395	0.253803	0.874139	14.4004	27.7634	0	0	9.87213e-09
99	rs1	1:1	2:0.464	rs2	1:2	2:0.25125	0	1000	1	1.39608e-15	8.58457	1.03791	0.509508	0.324688	0.27959	0.27646	2.26777	1.41422	0.765864	0.210826	0.28864	0.345669	9.73265	6.67725	0	0	0.000735373
100	rs1	1:1	2:0.45975	rs2	1:2	2:0.24925	0	1000	1	6.13857e-16	8.68875	1.03811	0.999476	-0.0118712	0.366701	0.399001	1.92105	1.41715	0.950365	-0.120181	0.376639	0.954411	18.3213	59.9739	0	0	0.000342418
101	rs1	1:1	2:0.4705	rs2	1:2	2:0.2585	0	1000	1	4.5112e-43	6.64038	0.475516	0.240317	3.48374	2.06301	0.804148	-1.92751	2.91931	0.999948	0.024828	2.42979	0.472031	125.182	102.162	0	0	1.7383e-16
102	rs1	1:1	2:0.4585	rs2	1:2	2:0.25075	0	1000	1	7.39946e-16	8.70024	1.04226	0.990084	0.0455197	0.322436	0.963023	-2.11867	7.71804	0.991352	-0.0438231	0.332499	0.496099	16.2025	13.684	0	0	0.000100009
103	rs1	1:1	2:0.4575	rs2	1:2	2:0.2485	0	1000	1	2.4044e-24	7.92789	0.760158	0.977541	0.0589007	0.27634	0.930536	-1.41828	3.73765	0.959188	-0.084684	0.293349	0.213519	13.013	7.40515	0	0	1.7833e-07
104	rs1	1:1	2:0.455	rs2	1:2	2:0.243	0	1000	0	3.11593e-14	8.09075	1.02588	0.0351711	5.02188	1.94084	1	-3939.82	1.02642e+17	0.999996	-213.468	79656	1	31812	7.54389e+17	0	1	1
105	rs1	1:1	2:0.46275	rs2	1:2	2:0.251	0	1000	1	3.66716e-16	8.78758	1.04228	0.953901	0.0954241	0.310593	0.976601	-1.01482	4.6635	0.989614	-0.0481438	0.333166	0.895007	22.7869	48.3791	0	0	0.000104945
106	rs1	1:1	2:0.4685	rs2	1:2	2:0.253	0	1000	0	3.88836e-15	8.26977	1.01516	0.0870993	4.37794	1.98151	0.984988	0.433438	2.49202	0.0761002	4.60552	2.02916	0.938498	823.841	2312.22	0	1	1
107	rs1	1:1	2:0.4605	rs2	1:2	2:0.2425	0	1000	0	2.25836e-33	7.12251	0.58089	0.79388	0.241533	0.355485	0.849081	-1.69733	2.96728	0.93391	-0.152748	0.413057	0.999997	571.906	235869	0	0	1
108	rs1	1:1	2:0.45975	rs2	1:2	2:0.24825	0	1000	1	1.4826e-22	7.52347	0.750375	0.119091	0.683379	0.331264	0.880211	-89.0999	176.379	0.70749	0.317915	0.382154	0.418996	641.32	486.213	0	0	1.22345e-07
109	rs1	1:1	2:0.4535	rs2	1:2	2:0.24325	0	1000	0	1.44493e-27	6.97637	0.6275	0.060317	0.569781	0.240427	0.870792	-2.34952	4.46654	0.1367	0.514113	0.257704	0.999996	543.6	197400	0	0	1
110	rs1	1:1	2:0.46175	rs2	1:2	2:0.25275	0	1000	1	2.4864e-15	8.41419	1.026	0.153166	0.475519	0.245476	0.956663	0.700542	2.35342	0.460736	0.32917	0.264408	0.480659	12.4159	10.2572	0	0	0.000343862
111	rs1	1:1	2:0.45125	rs2	1:2	2:0.24775	0	1000	1	7.33736e-24	7.77234	0.753007	0.699502	0.190648	0.225501	0.920026	-2.26986	5.55935	0.984455	0.0421352	0.238032	0.873263	15.4116	29.6028	0	0	1.78945e-07
112	rs1	1:1	2:0.45375	rs2	1:2	2:0.24475	0	1000	0	6.53793e-24	7.81682	0.756498	0.914101	0.137457	0.324323	0.999323	-0.0731531	1.9883	0.998931	0.0159576	0.344988	0.999998	333.081	182450	0	0	1
113	rs1	1:1	2:0.45675	rs2	1:2	2:0.248	0	1000	0	0.345881	31.9384	21.9182	0.927553	0.117391	0.302689	0.458444	27.5198	22.0346	0.867371	0.1625	0.304617	0.999919	725.489	56910.2	0	1	1
114	rs1	1:1	2:0.45675	rs2	1:2	2:0.24625	0	1000	0	5.69951e-14	7.92002	1.01412	0.00856632	0.730725	0.236832	0.969644	-1.07063	4.3119	0.00807151	0.748625	0.24113	0.999996	628.368	212926	0	0	1
115	rs1	1:1	2:0.4525	rs2	1:2	2:0.246	0	1000	1	9.0007e-29	7.1095	0.62558	0.289993	0.418173	0.265766	0.723375	0.896764	1.11431	0.702424	0.236394	0.281255	0.126172	10.9088	5.36123	0	0	1.30395e-08
116	rs1	1:1	2:0.46975	rs2	1:2	2:0.24825	0	1000	1	1.35664e-33	7.08265	0.575691	0.166699	4.03363	2.13091	0.997122	-0.12596	1.6591	0.974199	0.558983	2.44475	0.0206578	83.5973	30.011	0	0	4.14829e-11
117	rs1	1:1	2:0.4675	rs2	1:2	2:0.25525	0	1000	1	7.29732e-25	8.00716	0.759478	0.668392	0.268048	0.298614	0.982222	-5.21415	27.5283	0.961899	0.0878556	0.315197	0.923714	22.0172	55.2671	0	0	1.46189e-07
118	rs1	1:1	2:0.4625	rs2	1:2	2:0.25175	0	1000	1	1.29443e-26	8.69712	0.796533	0.190682	-0.764112	0.419722	0.920047	-2.17684	5.33223	0.0545565	-1.15325	0.47816	0.374602	18.4553	13.1696	0	0	2.47234e-08
119	rs1	1:1	2:0.4565	rs2	1:2	2:0.251	0	1000	1	2.56138e-25	7.99917	0.751673	0.940409	-0.129664	0.369894	0.554347	1.29039	1.18793	0.751423	-0.296339	0.39197	0.671772	17.2379	19.3249	0	0	7.22075e-07
120	rs1	1:1	2:0.4585	rs2	1:2	2:0.249	0	1000	1	1.49244e-16	8.74194	1.024	0.945637	0.103175	0.308582	0.752305	1.47066	1.94925	0.984819	-0.0563331	0.322066	0.0376472	9.97383	3.89442	0	0	0.00110667
121	rs1	1:1	2:0.46025	rs2	1:2	2:0.25325	0	1000	1	3.62508e-36	7.18421	0.562348	0.578164	0.27269	0.260499	0.918826	-0.8681	2.1097	0.919236	-0.1224	0.298249	0.395093	14.5811	10.6992	0	0	4.11936e-12
122	rs1	1:1	2:0.46175	rs2	1:2	2:0.25125	0	1000	1	6.87447e-15	8.32939	1.03137	0.0889809	0.666833	0.303148	0.967605	-2.01204	7.84006	0.182656	0.569671	0.308933	0.56606	17.5238	16.4262	0	0	0.000173757
123	rs1	1:1	2:0.46675	rs2	1:2	2:0.25375	0	1000	0	7.39147e-18	8.95069	1.00772	0.88482	-0.221507	0.447748	0.299536	2.50973	1.61631	0.836915	-0.280608	0.470257	0.999999	183.359	161915	0	0	1
124	rs1	1:1	2:0.46025	rs2	1:2	2:0.249	0	1000	1	3.79854e-39	6.77964	0.509686	0.502366	0.297253	0.253327	0.987201	-0.217023	1.3521	0.998952	-0.0130849	0.285733	0.0363284	11.1203	4.31868	0	0	1.12707e-13
125	rs1	1:1	2:0.4585	rs2	1:2	2:0.2565	0	1000	0	5.4118e-31	7.36999	0.624255	0.560002	0.258279	0.239844	0.88232	-1.75796	3.5131	0.82416	0.159137	0.255881	0.999997	478.937	184395	0	0	1
126	rs1	1:1	2:0.466	rs2	1:2	2:0.2505	0	1000	1	2.42706e-34	6.9642	0.559735	0.287091	0.398561	0.252278	0.768083	0.771005	1.06135	0.883815	0.136994	0.275638	0.0944295	10.1588	4.67604	0	0	7.50513e-11
127	rs1	1:1	2:0.45925	rs2	1:2	2:0.2495	0	1000	1	5.07231e-24	7.8814	0.760941	0.675244	0.310824	0.350735	0.993402	-9.54118	82.9178	0.999033	0.0169005	0.384125	0.574833	412.811	392.291	0	0	9.08654e-08
128	rs1	1:1	2:0.46625	rs2	1:2	2:0.256	0	1000	1	7.74685e-37	7.31246	0.567051	0.859649	0.197985	0.359996	0.98495	-8.18845	47.0193	0.694598	-0.371445	0.435088	0.688792	164.968	191.045	0	0	5.91579e-13
129	rs1	1:1	2:0.46025	rs2	1:2	2:0.24625	0	1000	1	2.02053e-25	8.11565	0.761027	0.904826	-0.0994699	0.222408	0.999337	-0.0738355	2.02702	0.685457	-0.208409	0.239798	0.192557	9.2101	5.07405	0	0	2.42289e-07
130	rs1	1:1	2:0.4665	rs2	1:2	2:0.25075	0	1000	1	6.91264e-30	7.37115	0.636086	0.328882	0.349178	0.234136	0.89807	-2.00986	4.33443	0.907163	0.111493	0.252568	0.415073	13.0064	9.80785	0	0	9.0837e-10
131	rs1	1:1	2:0.4585	rs2	1:2	2:0.245	0	1000	1	1.55063e-24	8.02308	0.766202	0.990753	-0.0491715	0.360743	0.612756	1.21515	1.22775	0.777963	-0.280662	0.396064	0.998486	24.0311	436.525	0	0	5.79709e-07
132	rs1	1:1	2:0.4575	rs2	1:2	2:0.24775	0	1000	1	1.11024e-34	6.987	0.558751	0.541214	0.322465	0.291008	0.879239	-1.15036	2.26742	0.991823	0.0410994	0.320716	0.355852	15.4932	10.7777	0	0	4.33957e-12
133	rs1	1:1	2:0.45875	rs2	1:2	2:0.2555	0	1000	1	1.03401e-31	7.58897	0.635303	0.882791	0.124156	0.248643	0.996243	-0.155566	1.79295	0.826664	-0.168668	0.273359	0.0787082	10.9862	4.87243	0	0	1.69674e-09
134	rs1	1:1	2:0.46025	rs2	1:2	2:0.24825	0	1000	1	3.78094e-25	8.04933	0.759002	0.985811	0.0504786	0.298586	0.987567	0.293266	1.85397	0.826222	-0.197763	0.320064	0.0227923	11.1636	4.05945	0	0	8.97101e-07
135	rs1	1:1	2:0.4575	rs2	1:2	2:0.254	0	1000	1	3.64347e-31	7.56109	0.638631	0.881495	0.190429	0.379139	0.89618	-1.73229	3.69976	0.954349	-0.126535	0.413921	0.151241	18.6003	9.5698	0	0	4.73082e-10
136	rs1	1:1	2:0.4515	rs2	1:2	2:0.24725	0	1000	1	1.44653e-23	7.6667	0.74755	0.633794	0.302104	0.316332	0.942049	-3.48617	10.0891	0.931471	0.123611	0.328051	0.56124	20.9859	19.5252	0	0	1.86218e-07
137	rs1	1:1	2:0.45875	rs2	1:2	2:0.2465	0	1000	1	0.660349	31.2795	34.3343	0.678499	-0.201865	0.229194	0.506267	40.4848	34.6978	0.719587	-0.187001	0.230504	0.771333	-17.4136	24.1653	0	0	0.582821
138	rs1	1:1	2:0.465	rs2	1:2	2:0.25475	0	1000	1	1.47193e-29	7.15365	0.620822	0.038165	0.732117	0.286463	0.112397	1.86016	0.88969	0.179109	0.567949	0.306239	0.543304	13.1446	11.8997	0	0	6.26972e-08
139	rs1	1:1	2:0.4635	rs2	1:2	2:0.24775	0	1000	1	5.8137e-31	7.86627	0.666634	0.910396	-0.154996	0.357706	0.930823	-0.965371	2.54953	0.314395	-0.636525	0.418422	0.0959025	14.3379	6.62146	0	0	2.55252e-10
140	rs1	1:1	2:0.454	rs2	1:2	2:0.24175	0	1000	0	4.84541e-15	8.29679	1.02187	0.191036	2.82614	1.55325	0.986265	-5.17282	31.1027	0.324211	2.30822	1.53789	0.78119	965.802	1374.3	0	1	1
141	rs1	1:1	2:0.46475	rs2	1:2	2:0.25	0	1000	1	4.95807e-22	7.39742	0.746826	0.00501965	0.687615	0.211311	0.986921	-5.91143	36.4304	0.0278144	0.612186	0.228714	0.886	85.3057	173.381	0	0	4.62051e-07
142	rs1	1:1	2:0.44225	rs2	1:2	2:0.24575	0	1000	1	2.99953e-27	6.81995	0.617088	0.00677017	0.925305	0.292747	0.889782	-1.36403	2.82246	0.175939	0.600866	0.322319	0.423337	25.4331	19.3972	0	0	2.46016e-09
143	rs1	1:1	2:0.4585	rs2	1:2	2:0.248	0	1000	1	1.66797e-24	8.13147	0.77707	0.995069	-0.0277878	0.279481	0.9136	-2.37558	5.58804	0.368516	-0.512442	0.362665	0.0637267	55.7419	23.7548	0	0	1.04984e-08
144	rs1	1:1	2:0.4545	rs2	1:2	2:0.24975	0	1000	0	1.50244e-29	7.32383	0.635688	0.423393	0.370283	0.282427	0.738432	0.899873	1.15554	0.994567	0.0326306	0.31261	0.999245	732.091	18835.5	0	1	1
145	rs1	1:1	2:0.4625	rs2	1:2	2:0.248	0	1000	0	0.872637	32.3726	62.0179	0.545956	0.256403	0.233052	0.998314	3.641	62.6728	0.329991	0.352114	0.236463	0.796546	642.74	952.924	0	1	1
146	rs1	1:1	2:0.465	rs2	1:2	2:0.2455	0	1000	1	2.98116e-40	6.1806	0.458108	0.0426581	0.842854	0.335559	0.994071	-10.5527	96.7607	0.92986	0.159795	0.419004	0.883234	241.029	483.675	0	0	2.62174e-18
147	rs1	1:1	2:0.461	rs2	1:2	2:0.2515	0	1000	1	1.67574e-25	7.99913	0.748869	0.878535	0.147494	0.289819	0.6634	1.28157	1.4146	0.917707	-0.129846	0.313311	0.0046567	9.57468	2.92176	0	0	7.41644e-06
148	rs1	1:1	2:0.453	rs2	1:2	2:0.2425	0	1000	1	1.68322e-29	7.29601	0.633817	0.686557	0.22166	0.255587	0.886184	-2.83816	5.77342	0.983718	0.0516928	0.285288	0.810958	34.1522	52.7559	0	0	3.84853e-10
149	rs1	1:1	2:0.447	rs2	1:2	2:0.23925	0	1000	1	2.46541e-24	8.03838	0.770931	0.881777	-0.188216	0.375209	0.171947	1.88192	1.00291	0.502726	-0.475751	0.40566	0.229185	12.5484	7.31037	0	0	1.77605e-06
150	rs1	1:1	2:0.45425	rs2	1:2	2:0.24725	0	1000	1	2.27467e-16	8.70334	1.02542	0.9969	-0.0246622	0.312966	0.887967	0.991323	2.03355	0.97248	-0.0765439	0.324	0.143955	10.8865	5.52925	0	0	0.00039435
151	rs1	1:1	2:0.454	rs2	1:2	2:0.243	0	1000	1	0.999652	33.6156	1274.81	0.999464	0.00844245	0.257737	0.999989	6.14709	1315.74	0.999967	0.00217701	0.268253	0.996255	385.971	4455.67	0	0	0.931516
152	rs1	1:1	2:0.4475	rs2	1:2	2:0.244	0	1000	1	1.76369e-14	8.17136	1.02675	0.190229	0.532968	0.292546	0.396317	1.9264	1.4159	0.340814	0.437469	0.298155	0.519434	12.7235	11.1164	0	0	0.000687738
153	rs1	1:1	2:0.459	rs2	1:2	2:0.25225	0	1000	1	0.692223	32.116	37.4431	0.997609	0.0207991	0.300569	0.892482	19.6947	41.2915	0.966969	-0.0874651	0.33746	0.710335	80.7279	97.6077	0	0	0.420606
154	rs1	1:1	2:0.45275	rs2	1:2	2:0.247	0	1000	1	4.73304e-15	8.33751	1.02652	0.611321	0.207215	0.208865	0.951609	-2.08559	6.62167	0.549131	0.240497	0.219649	0.519521	51.2107	44.7481	0	0	5.57282e-05
155	rs1	1:1	2:0.462	rs2	1:2	2:0.2475	0	1000	0	5.51572e-35	7.30393	0.581501	0.997634	0.0208864	0.30347	0.919365	-80.9389	197.386	0.824143	-0.220733	0.354905	0.653205	978.565	1060.33	0	1	1
156	rs1	1:1	2:0.44925	rs2	1:2	2:0.24625	0	1000	1	4.41165e-28	7.00603	0.624206	0.0907332	0.704924	0.321763	0.886845	-1.65106	3.36903	0.456746	0.422866	0.337779	0.0997079	17.0555	7.94266	0	0	2.63615e-09
157	rs1	1:1	2:0.4515	rs2	1:2	2:0.24425	0	1000	0	5.17283e-24	7.99438	0.771991	0.997295	0.0280642	0.381306	0.985425	-9.85327	57.5006	0.96171	-0.115519	0.413402	0.892033	916.095	1916.43	0	1	1
158	rs1	1:1	2:0.45125	rs2	1:2	2:0.245	0	1000	0	1.00371e-15	8.60068	1.03487	0.997245	0.0212962	0.286723	0.3823	1.94575	1.40309	0.999587	0.008508	0.296124	0.999996	621.287	223972	0	0	1
159	rs1	1:1	2:0.45725	rs2	1:2	2:0.244	0	1000	0	2.24009e-23	7.82474	0.766153	0.871981	0.201793	0.385524	0.919287	-1.71186	4.1726	0.986394	0.0684741	0.413679	0.999978	717.565	108399	0	1	1
160	rs1	1:1	2:0.4615	rs2	1:2	2:0.24975	0	1000	1	1.97018e-24	7.9759	0.763365	0.881074	0.182716	0.363096	0.927177	-2.75753	7.0911	0.878235	-0.211907	0.415837	0.34564	83.6606	57.3945	0	0	5.83618e-08
161	rs1	1:1	2:0.45475	rs2	1:2	2:0.25075	0	1000	1	5.14775e-30	7.22439	0.622057	0.356782	0.342522	0.238573	0.886194	-2.07204	4.21515	0.773119	0.179991	0.250898	0.149337	13.3673	6.85446	0	0	1.10721e-09
162	rs1	1:1	2:0.46125	rs2	1:2	2:0.25275	0	1000	1	4.6006e-31	7.59298	0.642395	0.911106	0.103886	0.240755	0.625658	1.075	1.11002	0.919048	-0.108723	0.264601	0.226843	9.34237	5.42374	0	0	4.02368e-09
163	rs1	1:1	2:0.464	rs2	1:2	2:0.2555	0	1000	1	9.98066e-17	8.93748	1.04117	0.933397	-0.14188	0.382136	0.965714	-1.82664	6.91521	0.824979	-0.244606	0.394322	0.433282	19.0229	14.7083	0	0	8.73335e-05
164	rs1	1:1	2:0.454	rs2	1:2	2:0.246	0	1000	0	1.26113e-36	7.5319	0.585786	0.601191	-0.412515	0.408914	0.249384	1.36807	0.82088	0.155248	-0.96132	0.498055	0.999999	290.667	189878	0	0	1
165	rs1	1:1	2:0.4545	rs2	1:2	2:0.2505	0	1000	1	5.72083e-25	8.08745	0.76542	0.989626	-0.0507543	0.351437	0.976036	-0.566599	2.57251	0.687779	-0.326489	0.377355	0.065482	14.4614	6.19346	0	0	2.70156e-07
166	rs1	1:1	2:0.4665	rs2	1:2	2:0.25825	0	1000	1	0.882381	32.5105	64.9869	0.946416	-0.132414	0.398979	0.902449	30.9314	68.2686	0.95667	-0.123667	0.415481	0.997293	21.4593	291.44	0	0	0.940918
167	rs1	1:1	2:0.45	rs2	1:2	2:0.243	0	1000	1	6.98624e-16	8.67638	1.03855	0.999595	-0.00880166	0.309097	0.99999	-0.0126226	2.85032	0.908372	-0.140451	0.320365	0.14048	12.1404	6.12761	0	0	0.000221315
168	rs1	1:1	2:0.4625	rs2	1:2	2:0.24825	0	1000	1	1.11673e-36	6.42902	0.499643	0.0142398	0.747744	0.256422	0.84889	-1.25727	2.19645	0.223098	0.484832	0.279905	0.266365	14.4609	8.89032	0	0	2.02895e-13
169	rs1	1:1	2:0.4595	rs2	1:2	2:0.2525	0	1000	0	1.6292e-30	7.32412	0.625334	0.359203	0.482038	0.336856	0.998467	-0.0947139	1.7097	0.703768	0.302626	0.361034	0.999999	285.57	181527	0	0	1
170	rs1	1:1	2:0.451	rs2	1:2	2:0.24425	0	1000	1	0.924334	38.6595	97.4549	0.272382	-0.658653	0.408393	0.764442	71.1298	97.0458	0.2971	-0.637807	0.409374	0.841565	-59.2437	100.865	0	0	0.609988
171	rs1	1:1	2:0.45525	rs2	1:2	2:0.24875	0	1000	1	7.51098e-25	7.96559	0.755731	0.994655	0.0225971	0.218258	0.991504	0.240533	1.84128	0.944797	-0.0777609	0.230743	0.0170378	8.08029	2.83134	0	0	9.08489e-07
172	rs1	1:1	2:0.4565	rs2	1:2	2:0.2475	0	1000	1	3.96247e-15	8.38109	1.02912	0.513644	0.314932	0.272829	0.385116	1.95297	1.41371	0.662751	0.258787	0.285311	0.9764	21.4023	97.927	0	0	0.000482559
173	rs1	1:1	2:0.4615	rs2	1:2	2:0.25075	0	1000	0	3.53846e-35	6.2867	0.499111	0.000643002	0.961949	0.250907	0.846089	-1.29542	2.24061	0.0166873	0.778173	0.271979	0.999998	331.308	163965	0	0	1
174	rs1	1:1	2:0.4565	rs2	1:2	2:0.2475	0	1000	0	5.56286e-24	7.83192	0.756815	0.704612	0.249305	0.29793	0.488299	1.42681	1.19164	0.939984	0.110637	0.314459	0.999997	427.164	188821	0	0	1
175	rs1	1:1	2:0.4585	rs2	1:2	2:0.24925	0	1000	1	9.27894e-24	7.70395	0.748032	0.389473	0.449022	0.326968	0.474728	1.44713	1.18553	0.648046	0.326505	0.350537	0.782799	17.7679	25.3889	0	0	1.68833e-06
176	rs1	1:1	2:0.44925	rs2	1:2	2:0.2475	0	1000	1	1.31598e-14	8.20581	1.02634	0.21407	0.54051	0.307839	0.972344	-3.56214	15.0405	0.320133	0.471616	0.31247	0.787004	22.1513	32.0045	0	0	0.000136119
177	rs1	1:1	2:0.4545	rs2	1:2	2:0.24575	0	1000	1	5.77063e-24	7.82026	0.755947	0.837273	0.150465	0.25246	0.96642	-0.66869	2.55841	0.919397	-0.116412	0.283953	0.347795	28.6306	19.6994	0	0	1.45719e-07
178	rs1	1:1	2:0.458	rs2	1:2	2:0.24475	0	1000	1	3.92241e-15	8.41815	1.03351	0.462618	0.430716	0.346889	0.984074	0.449544	2.50881	0.576386	0.373803	0.356091	0.106107	12.6521	5.97315	0	0	0.000418768
179	rs1	1:1	2:0.46	rs2	1:2	2:0.24625	0	1000	1	1.28783e-29	7.38457	0.640217	0.630428	0.281478	0.29303	0.888016	-2.14661	4.40445	0.994117	0.0348194	0.320519	0.690381	16.7658	19.4764	0	0	5.29734e-10
180	rs1	1:1	2:0.459	rs2	1:2	2:0.2445	0	1000	1	3.11015e-23	7.78992	0.765155	0.602138	0.284465	0.282419	0.97841	-0.538462	2.5772	0.983179	0.0556355	0.302047	0.147865	11.8963	6.08434	0	0	4.67625e-07
181	rs1	1:1	2:0.455	rs2	1:2	2:0.2475	0	1000	1	1.98541e-24	8.00241	0.765956	0.994467	0.0360499	0.342226	0.951472	-0.932914	2.95767	0.786354	-0.264925	0.38211	0.785602	24.8539	35.7764	0	0	1.50467e-07
182	rs1	1:1	2:0.4605	rs2	1:2	2:0.25225	0	1000	0	0.99993	74.3731	6282.98	0.918087	0.121657	0.294261	0.987912	1019.21	6535.03	0.912468	0.126783	0.296204	0.9882	-1006.94	6535.12	0	1	1
183	rs1	1:1	2:0.45425	rs2	1:2	2:0.24875	0	1000	1	1.8759e-16	8.65657	1.01719	0.836924	0.167394	0.280535	0.211764	2.47824	1.40651	0.99702	-0.0241428	0.312504	0.446504	12.8222	10.0971	0	0	0.000669582
184	rs1	1:1	2:0.45975	rs2	1:2	2:0.2485	0	1000	0	5.79206e-30	7.37547	0.635622	0.665242	0.321219	0.355768	0.878164	-1.91138	3.74965	0.916089	0.162536	0.38822	0.999996	703.929	253634	0	0	1
185	rs1	1:1	2:0.4555	rs2	1:2	2:0.2475	0	1000	0	0.235574	32.1939	18.9328	0.282836	2.37037	1.49149	0.505134	22.3049	19.0852	0.205184	2.77878	1.56128	0.627379	1071.18	1109.33	0	1	1
186	rs1	1:1	2:0.45725	rs2	1:2	2:0.24625	0	1000	1	1.44757e-31	7.78957	0.653639	0.766061	-0.219889	0.301193	0.248307	1.5218	0.911701	0.245516	-0.57141	0.340948	0.189191	10.7017	5.86451	0	0	3.90866e-09
187	rs1	1:1	2:0.4665	rs2	1:2	2:0.25325	0	1000	1	5.13721e-31	7.69412	0.651466	0.967474	0.09089	0.353434	0.903503	-1.5777	3.50209	0.827905	-0.244348	0.397583	0.362794	16.8425	11.8274	0	0	3.05591e-10
188	rs1	1:1	2:0.465	rs2	1:2	2:0.25275	0	1000	1	8.28628e-25	8.07068	0.76638	0.910495	0.123691	0.285626	0.970389	-0.700824	2.85833	0.931984	-0.116221	0.309643	0.535808	13.811	12.363	0	0	2.1674e-07
189	rs1	1:1	2:0.45775	rs2	1:2	2:0.246	0	1000	1	2.08872e-24	7.99995	0.766077	0.97502	0.0581587	0.258563	0.9812	-0.48202	2.4741	0.846458	-0.161444	0.279605	0.263875	11.4052	6.98698	0	0	2.69253e-07
190	rs1	1:1	2:0.458	rs2	1:2	2:0.24625	0	1000	1	1.25473e-24	8.07198	0.769388	0.998253	-0.0216712	0.36647	0.928232	-1.62165	4.20185	0.827891	-0.242264	0.394174	0.380122	17.3459	12.4712	0	0	1.22014e-07
191	rs1	1:1	2:0.46225	rs2	1:2	2:0.24875	0	1000	1	8.11359e-17	9.02219	1.0481	0.627313	-0.287585	0.297793	0.978699	-0.85828	4.13602	0.496717	-0.36767	0.310797	0.223934	12.0115	6.94315	0	0	9.38001e-05
192	rs1	1:1	2:0.45825	rs2	1:2	2:0.24975	0	1000	1	2.73953e-16	8.92834	1.05466	0.895266	-0.18301	0.389059	0.971732	-3.25569	13.595	0.738907	-0.31606	0.406285	0.756964	20.5305	27.5118	0	0	6.87712e-05
193	rs1	1:1	2:0.45975	rs2	1:2	2:0.24725	0	1000	0	1.28918e-15	8.67501	1.04762	0.973621	0.536004	2.3181	0.973495	-1.00321	4.32815	0.97553	0.561771	2.52373	0.733235	781.45	991.979	0	1	1
194	rs1	1:1	2:0.463	rs2	1:2	2:0.24575	0	1000	0	1.11192e-15	8.43361	1.01628	0.194072	2.81052	1.55208	1	-67312.8	4.45998e+21	1	142.614	4.36542e+06	1	495934	3.26554e+22	0	1	1
195	rs1	1:1	2:0.46175	rs2	1:2	2:0.25375	0	1000	0	2.40331e-15	8.43841	1.02843	0.35277	0.438858	0.30401	0.962397	-1.58211	5.71428	0.311006	0.477872	0.31267	0.999988	713.078	147781	0	1	1
196	rs1	1:1	2:0.4515	rs2	1:2	2:0.2465	0	1000	1	6.23921e-16	8.63224	1.03159	0.98234	-0.0594344	0.314843	0.386734	1.93983	1.40728	0.928355	-0.124756	0.323542	0.414533	11.9086	8.97339	0	0	0.000434197
197	rs1	1:1	2:0.4595	rs2	1:2	2:0.25125	0	1000	1	3.82217e-16	8.78594	1.04269	0.998657	0.0178235	0.343813	0.336105	2.08965	1.41508	0.944757	-0.120296	0.356828	0.543803	12.7236	11.5272	0	0	0.000422618
198	rs1	1:1	2:0.4645	rs2	1:2	2:0.2515	0	1000	1	0.996958	32.1419	411.741	0.975206	0.0745419	0.332656	0.999703	-10.4732	429.651	0.951906	0.109022	0.347235	0.952212	506.584	1618.75	0	0	0.746218
199	rs1	1:1	2:0.461	rs2	1:2	2:0.2475	0	1000	1	1.69161e-34	6.95523	0.557715	0.429379	2.73472	2.10311	0.949418	-0.570665	1.77116	0.956559	0.699431	2.3468	0.176393	102.3	54.917	0	0	1.00951e-11
200	rs1	1:1	2:0.46425	rs2	1:2	2:0.25125	0	1000	1	8.4942e-35	7.10456	0.567183	0.532277	0.29369	0.261517	0.858163	-2.07915	3.75906	0.999832	-0.0053512	0.291606	0.435038	14.4312	11.1852	0	0	2.49537e-12
201	rs1	1:1	2:0.4565	rs2	1:2	2:0.252	0	1000	1	3.28426e-29	7.10146	0.620051	0.0505409	0.630519	0.258055	0.745025	0.890285	1.16036	0.547678	0.319187	0.290876	0.414796	45.4459	34.2567	0	0	5.96383e-09
202	rs1	1:1	2:0.459	rs2	1:2	2:0.24975	0	1000	0	5.21559e-35	7.14427	0.568588	0.681838	0.30871	0.352741	0.952842	-5.4847	17.6456	0.999122	-0.0166075	0.396271	0.961584	782.299	2794.86	0	1	1
203	rs1	1:1	2:0.4665	rs2	1:2	2:0.24925	0	1000	0	5.58401e-44	6.75384	0.478541	0.926498	0.123497	0.316049	0.762442	-2.37062	3.21869	0.264367	-0.712277	0.436657	0.999997	551.588	216944	0	0	1
204	rs1	1:1	2:0.4565	rs2	1:2	2:0.24725	0	1000	1	9.57479e-35	6.9839	0.557976	0.493072	0.230955	0.19421	0.80372	0.694713	1.0509	0.993313	-0.024606	0.212412	0.0670466	8.32081	3.57914	0	0	6.66009e-11
205	rs1	1:1	2:0.45375	rs2	1:2	2:0.2465	0	1000	1	1.70672e-30	7.51763	0.642073	0.982947	0.0487126	0.262643	0.252057	1.51742	0.914007	0.732598	-0.227467	0.288346	0.414079	10.5402	7.93732	0	0	8.44308e-09
206	rs1	1:1	2:0.45	rs2	1:2	2:0.24075	0	1000	1	8.67385e-16	8.51754	1.02271	0.940654	0.122714	0.350812	0.818761	1.2108	1.91462	0.982291	0.0682955	0.361283	0.115139	11.7776	5.66437	0	0	0.000648091
207	rs1	1:1	2:0.4465	rs2	1:2	2:0.2445	0	1000	1	0.935361	32.1683	87.9938	0.994274	0.0313535	0.292578	0.919005	37.7207	91.7763	0.99195	0.0374093	0.294227	0.978307	-21.47	102.513	0	0	0.88596
208	rs1	1:1	2:0.45975	rs2	1:2	2:0.24975	0	1000	1	2.07594e-16	8.87351	1.04415	0.922421	-0.126883	0.315723	0.97844	-0.874695	4.18942	0.717033	-0.269458	0.330365	0.459255	15.0475	12.062	0	0	0.000103466
209	rs1	1:1	2:0.4515	rs2	1:2	2:0.244	0	1000	0	1.39347e-40	6.60692	0.487675	0.163001	2.9626	1.55539	1	-22885.7	3.60908e+23	1	-304.186	1.04388e+14	1	186853	2.92546e+24	0	1	1
210	rs1	1:1	2:0.45775	rs2	1:2	2:0.251	0	1000	0	6.87543e-40	6.92149	0.515395	0.869819	1.06787	2.02191	1	-416816	2.10471e+17	1	1974.68	2.3556e+11	1	3.41876e+06	1.72547e+18	0	1	1
211	rs1	1:1	2:0.45875	rs2	1:2	2:0.24925	0	1000	1	2.47946e-30	7.43086	0.636398	0.646245	0.275819	0.295175	0.922153	-1.03803	2.57831	0.962743	-0.0948718	0.344277	0.514349	17.3696	15.063	0	0	7.06893e-10
212	rs1	1:1	2:0.45425	rs2	1:2	2:0.25075	0	1000	0	9.77156e-44	6.70353	0.476317	0.936492	0.127067	0.350767	0.748154	-1.95807	2.57043	0.671514	-0.364418	0.408341	0.999997	599.216	247043	0	0	1
213	rs1	1:1	2:0.44775	rs2	1:2	2:0.24325	0	1000	1	0.666092	30.9781	34.3638	0.681531	-0.273812	0.312683	0.534712	38.807	34.6815	0.713664	-0.257968	0.314062	0.800154	-23.3638	34.9884	0	0	0.621188
214	rs1	1:1	2:0.45725	rs2	1:2	2:0.25	0	1000	0	4.62904e-24	7.76789	0.749344	0.582642	0.371531	0.357445	0.99999	0.00870397	1.98819	0.776103	0.26832	0.376855	0.999998	348.881	195817	0	0	1
215	rs1	1:1	2:0.46925	rs2	1:2	2:0.24675	0	1000	0	1.70971e-36	6.89862	0.537524	0.484643	0.43902	0.364752	0.859665	-3.18761	5.79637	0.973738	-0.102639	0.444892	0.999819	728.672	38268.5	0	1	1
216	rs1	1:1	2:0.461	rs2	1:2	2:0.25025	0	1000	0	3.91941e-36	7.47613	0.585478	0.974586	-0.0868717	0.38286	0.853352	-2.1236	3.77077	0.435156	-0.585139	0.453596	0.999996	719.935	268569	0	0	1
217	rs1	1:1	2:0.4465	rs2	1:2	2:0.2445	0	1000	1	0.928749	32.5497	84.6567	0.892891	0.129231	0.271491	0.895663	42.9815	91.5575	0.907503	0.120238	0.272904	0.960387	-27.5813	97.0081	0	0	0.824364
218	rs1	1:1	2:0.46475	rs2	1:2	2:0.249	0	1000	1	3.91198e-16	8.84849	1.05046	0.990429	0.0403645	0.291053	0.974718	-4.9826	22.0171	0.798993	-0.223198	0.333166	0.200796	125.489	70.031	0	0	1.98807e-05
219	rs1	1:1	2:0.46525	rs2	1:2	2:0.24525	0	1000	1	4.7653e-28	7.14093	0.636614	0.078585	0.703213	0.311781	0.920771	-3.09377	7.61433	0.427163	0.435096	0.333588	0.444728	17.6143	13.8366	0	0	1.52905e-09
220	rs1	1:1	2:0.46225	rs2	1:2	2:0.24525	0	1000	1	8.30425e-28	7.00654	0.627409	0.012739	0.85179	0.28835	0.587257	1.13525	1.10028	0.215652	0.54337	0.31021	0.309853	12.6715	8.27775	0	0	3.33782e-08
221	rs1	1:1	2:0.45975	rs2	1:2	2:0.25275	0	1000	0	2.65766e-17	8.88436	1.01688	0.839761	-0.189857	0.32125	0.0615152	2.93263	1.24182	0.844232	-0.194939	0.334981	0.999999	258.276	156444	0	0	1
222	rs1	1:1	2:0.461	rs2	1:2	2:0.24375	0	1000	0	1.11232e-24	8.20395	0.781111	0.794888	-0.154669	0.228268	0.916638	-2.10225	5.03855	0.571564	-0.266055	0.251538	0.999966	500.049	60934.9	0	1	1
223	rs1	1:1	2:0.45025	rs2	1:2	2:0.24675	0	1000	1	4.38646e-30	7.09303	0.610023	0.101528	3.49464	1.63386	0.750588	0.861674	1.13753	0.213925	2.73529	1.5575	0.853197	165.613	293.901	0	0	9.45087e-09
224	rs1	1:1	2:0.4515	rs2	1:2	2:0.2475	0	1000	0	4.89042e-22	7.37831	0.744793	0.0256022	5.15287	1.90323	1	-13143	1.94029e+18	1	-376.945	3.11728e+09	1	103553	1.48382e+19	0	1	1
225	rs1	1:1	2:0.46025	rs2	1:2	2:0.24375	0	1000	1	0.834522	32.2485	53.6142	0.970218	-0.0839594	0.341429	0.775182	39.5277	55.3872	0.980771	-0.067746	0.34378	0.920053	-25.0127	61.2716	0	0	0.769327
226	rs1	1:1	2:0.4645	rs2	1:2	2:0.251	0	1000	1	9.51655e-24	7.74172	0.751879	0.357531	0.409248	0.28534	0.53851	1.36308	1.22512	0.682982	0.261421	0.299363	0.898474	14.6715	31.7067	0	0	1.49063e-06
227	rs1	1:1	2:0.457	rs2	1:2	2:0.252	0	1000	0	0.998737	37.6259	748.307	0.677431	0.331859	0.376023	0.916861	-315.412	757.017	0.44539	0.483314	0.380008	0.676484	3912.51	4425.24	0	1	1
228	rs1	1:1	2:0.45675	rs2	1:2	2:0.2485	0	1000	1	1.09268e-30	7.44983	0.634223	0.9214	0.0840611	0.20775	0.888321	-1.54201	3.16853	0.948597	-0.0732138	0.225362	0.203982	10.7767	6.0438	0	0	4.96669e-10
229	rs1	1:1	2:0.455	rs2	1:2	2:0.24775	0	1000	1	7.46698e-16	8.64383	1.03564	0.991167	0.0347906	0.261168	0.994441	-0.353937	3.35206	0.997055	-0.0205926	0.268113	0.103557	10.5551	4.95636	0	0	0.000212932
230	rs1	1:1	2:0.45925	rs2	1:2	2:0.2425	0	1000	0	3.74976e-27	6.9464	0.629682	0.0302483	5.21485	1.9715	0.999996	5867.63	2.02344e+06	2.24569e-13	-15.4437	2.02352	0.999996	-42885.3	1.48098e+07	0	1	1
231	rs1	1:1	2:0.4515	rs2	1:2	2:0.245	0	1000	1	1.42921e-15	8.54035	1.03291	0.968319	0.0728746	0.287194	0.405353	1.89609	1.41092	0.99378	0.03401	0.304462	0.888441	31.1642	64.0727	0	0	0.000350843
232	rs1	1:1	2:0.46225	rs2	1:2	2:0.25275	0	1000	0	3.55171e-16	8.48476	1.00591	0.544955	0.350338	0.31795	0.54676	1.85473	1.68787	0.537225	0.365369	0.327758	0.999999	196.63	148674	0	0	1
233	rs1	1:1	2:0.46225	rs2	1:2	2:0.2535	0	1000	0	5.23079e-32	7.83091	0.652449	0.93708	-0.123833	0.343488	0.892256	-1.92053	4.02206	0.518334	-0.443146	0.386549	0.999996	689.205	236721	0	0	1
234	rs1	1:1	2:0.44875	rs2	1:2	2:0.25275	0	1000	1	3.95757e-25	7.94445	0.749416	0.989084	0.0466306	0.314722	0.997644	-0.14342	2.08802	0.82059	-0.211106	0.335698	0.143117	14.8392	7.52555	0	0	3.95784e-07
235	rs1	1:1	2:0.458	rs2	1:2	2:0.24925	0	1000	0	2.11425e-25	8.13571	0.763213	0.898453	-0.173392	0.374679	0.570615	1.28069	1.20901	0.75332	-0.302933	0.402471	0.999996	738.054	276898	0	1	1
236	rs1	1:1	2:0.45725	rs2	1:2	2:0.25125	0	1000	1	1.96573e-30	7.37506	0.630547	0.414309	0.366977	0.27644	0.913512	-1.18216	2.77931	0.998916	0.0149148	0.320264	0.443867	21.1432	16.5889	0	0	6.86431e-10
237	rs1	1:1	2:0.4625	rs2	1:2	2:0.254	0	1000	1	0.439246	32.1964	25.1	0.542142	0.270493	0.244447	0.481252	32.3936	26.7841	0.568133	0.269109	0.253067	0.999774	-1.37027	64.4577	0	0	0.98237
238	rs1	1:1	2:0.46775	rs2	1:2	2:0.25425	0	1000	1	3.0185e-24	7.76738	0.74633	0.259733	0.367513	0.223818	0.795483	1.01026	1.49342	0.467861	0.289214	0.234648	0.0532361	8.12106	3.35305	0	0	2.94052e-06
239	rs1	1:1	2:0.459	rs2	1:2	2:0.24775	0	1000	1	1.93801e-25	8.61576	0.807627	0.400389	-0.488898	0.361341	0.94685	-1.06623	3.22614	0.123909	-0.861236	0.421425	0.216348	13.374	7.64323	0	0	4.70003e-08
240	rs1	1:1	2:0.46	rs2	1:2	2:0.252	0	1000	1	2.01787e-24	7.83126	0.749686	0.583941	0.350134	0.337556	0.446581	1.50181	1.18276	0.849295	0.202776	0.354768	0.493003	14.3511	12.0666	0	0	1.66793e-06
241	rs1	1:1	2:0.45475	rs2	1:2	2:0.2425	0	1000	1	1.72517e-15	8.66672	1.05109	0.999024	0.018264	0.413287	0.95426	-2.41813	7.90235	0.743764	-0.363991	0.47305	0.182415	130.827	70.92	0	0	2.099e-05
242	rs1	1:1	2:0.45575	rs2	1:2	2:0.25075	0	1000	1	6.32511e-25	7.9923	0.757096	0.960192	0.075253	0.264014	0.567799	1.29516	1.21732	0.663373	-0.289737	0.319798	0.153764	32.5882	16.8404	0	0	1.96498e-07
243	rs1	1:1	2:0.4665	rs2	1:2	2:0.251	0	1000	0	4.82813e-30	7.36761	0.634089	0.411797	0.399357	0.299798	0.203357	1.63715	0.917263	0.750113	0.245634	0.323914	0.977993	795.249	3769.57	0	1	1
244	rs1	1:1	2:0.4545	rs2	1:2	2:0.248	0	1000	1	1.84774e-29	7.28447	0.63326	0.381211	0.370402	0.266704	0.93949	-0.83676	2.36827	0.940219	0.100526	0.2863	0.0964493	12.4876	5.77396	0	0	2.10992e-09
245	rs1	1:1	2:0.459	rs2	1:2	2:0.25025	0	1000	0	5.34065e-30	7.40172	0.6375	0.58647	0.292376	0.283012	0.736006	0.906994	1.15841	0.94109	0.107016	0.307099	0.96365	713.863	2623.27	0	1	1
246	rs1	1:1	2:0.469	rs2	1:2	2:0.257	0	1000	1	9.47226e-24	7.68942	0.746766	0.0851614	0.417392	0.188052	0.94239	-1.50147	4.35856	0.221915	0.339271	0.195522	0.466395	11.0696	8.96262	0	0	4.2263e-07
247	rs1	1:1	2:0.46025	rs2	1:2	2:0.25	0	1000	0	0.846864	31.6954	54.9726	0.563868	0.299715	0.279988	0.993052	6.56388	55.5863	0.359347	0.406035	0.283799	0.804727	731.392	1109.57	0	1	1
248	rs1	1:1	2:0.46425	rs2	1:2	2:0.25075	0	1000	0	6.74949e-40	7.06911	0.526333	0.964088	0.0857419	0.317028	0.939661	-0.55972	1.58648	0.611007	-0.376674	0.379475	0.999999	263.607	163798	0	0	1
249	rs1	1:1	2:0.45575	rs2	1:2	2:0.24825	0	1000	1	1.77611e-15	8.51015	1.03255	0.738595	0.181435	0.233067	0.957665	-1.90758	6.48537	0.990115	0.0363971	0.258222	0.603982	32.7748	32.6377	0	0	7.89967e-05
250	rs1	1:1	2:0.45925	rs2	1:2	2:0.25	0	1000	0	1.29195e-31	7.54239	0.632391	0.99815	0.0170912	0.280829	0.99434	-0.1797	1.68659	0.905838	-0.137059	0.30818	0.999999	259.466	151687	0	0	1
251	rs1	1:1	2:0.4565	rs2	1:2	2:0.24625	0	1000	1	4.51305e-17	8.90362	1.02623	0.745792	-0.302678	0.395188	0.269324	2.28915	1.41325	0.472876	-0.509107	0.415983	0.301572	13.2367	8.5487	0	0	0.000617802
252	rs1	1:1	2:0.452	rs2	1:2	2:0.2495	0	1000	1	8.38872e-34	6.77509	0.548951	0.0613676	0.435061	0.184147	0.884574	-3.20333	6.46776	0.42105	0.257303	0.195623	0.432153	12.5722	9.70559	0	0	7.96936e-12
253	rs1	1:1	2:0.46525	rs2	1:2	2:0.24375	0	1000	1	5.33428e-37	6.11098	0.472821	0.000897585	0.786113	0.209861	0.951657	0.332126	1.05502	0.140504	0.476174	0.24035	0.805661	17.2693	26.2688	0	0	4.63851e-14
254	rs1	1:1	2:0.463	rs2	1:2	2:0.2515	0	1000	1	5.77837e-38	6.66123	0.508671	0.114718	0.691255	0.332175	0.825948	-1.749	2.82815	0.747606	0.288873	0.378735	0.744548	22.9929	29.9353	0	0	4.29848e-14
255	rs1	1:1	2:0.46225	rs2	1:2	2:0.251	0	1000	1	1.04448e-28	7.06619	0.622487	0.0188513	0.603258	0.214057	0.192137	1.6688	0.918768	0.400332	0.330875	0.244528	0.419901	338.132	256.671	0	0	2.32662e-08
256	rs1	1:1	2:0.4705	rs2	1:2	2:0.25625	0	1000	1	5.89017e-35	7.0096	0.5583	0.148346	0.686988	0.351659	0.761408	0.806768	1.09265	0.716327	0.312155	0.382147	0.206798	15.0323	8.46699	0	0	7.59514e-11
257	rs1	1:1	2:0.46875	rs2	1:2	2:0.25575	0	1000	1	1.95718e-31	7.43979	0.625618	0.516635	0.328718	0.286022	0.995859	-0.167924	1.84334	0.887371	0.149105	0.305006	0.0237938	12.1212	4.43292	0	0	3.0818e-09
258	rs1	1:1	2:0.44775	rs2	1:2	2:0.2395	0	1000	0	1.51565e-23	7.67026	0.74823	0.833613	0.164344	0.272408	0.997866	-0.126911	1.94166	0.920668	0.117419	0.288794	0.999998	295.387	160979	0	0	1
259	rs1	1:1	2:0.45275	rs2	1:2	2:0.2495	0	1000	1	6.36786e-36	7.17544	0.56361	0.922234	0.105435	0.262026	0.882254	-3.49169	6.97571	0.85263	-0.170644	0.302198	0.88518	30.1002	60.9451	0	0	7.8748e-13
260	rs1	1:1	2:0.4615	rs2	1:2	2:0.2475	0	1000	1	1.54547e-34	7.12373	0.570895	0.566089	0.321504	0.30138	0.740472	0.812232	1.04777	0.914726	-0.145481	0.344571	0.186826	12.4711	6.80844	0	0	4.13421e-11
261	rs1	1:1	2:0.44675	rs2	1:2	2:0.246	0	1000	1	0.894777	31.8782	67.6026	0.982925	-0.0601913	0.324321	0.859682	38.3021	69.6534	0.987998	-0.0506907	0.326192	0.954588	-25.0211	82.0692	0	0	0.83226
262	rs1	1:1	2:0.4585	rs2	1:2	2:0.25125	0	1000	1	2.28794e-30	7.45767	0.638318	0.777026	0.229102	0.32253	0.902019	-2.84939	6.27431	0.965951	-0.0920524	0.34972	0.394174	18.4193	13.4987	0	0	4.22787e-10
263	rs1	1:1	2:0.4525	rs2	1:2	2:0.24225	0	1000	1	7.37124e-16	8.62115	1.03273	0.986855	0.0494366	0.303891	0.28358	2.22867	1.40379	0.895292	-0.165952	0.35284	0.593813	14.2249	13.9328	0	0	0.000520119
264	rs1	1:1	2:0.4545	rs2	1:2	2:0.24875	0	1000	1	3.93018e-32	8.09357	0.672998	0.313564	-0.613791	0.403017	0.876871	-1.70151	3.31918	0.0580494	-1.24601	0.522221	0.728284	33.0404	41.4913	0	0	3.45585e-11
265	rs1	1:1	2:0.46875	rs2	1:2	2:0.25225	0	1000	1	7.73108e-31	7.58652	0.644246	0.847022	0.191737	0.332736	0.974667	-0.482207	2.12861	0.971784	-0.0879324	0.367526	0.0247212	12.9978	4.77804	0	0	1.34969e-09
266	rs1	1:1	2:0.4565	rs2	1:2	2:0.245	0	1000	1	2.50236e-31	7.84515	0.660855	0.661537	-0.371419	0.408578	0.913982	-1.06495	2.51087	0.163765	-0.894718	0.470341	0.0475672	16.7388	6.78221	0	0	2.18628e-10
267	rs1	1:1	2:0.461	rs2	1:2	2:0.252	0	1000	1	4.60485e-43	6.69308	0.479341	0.413098	0.311463	0.234233	0.995699	-0.113909	1.22686	0.707228	-0.233073	0.280019	0.0136646	10.5271	3.59266	0	0	1.68685e-15
268	rs1	1:1	2:0.46825	rs2	1:2	2:0.254	0	1000	1	2.18462e-24	7.95456	0.762045	0.576008	0.336972	0.320814	0.936463	-2.07684	5.73176	0.899186	0.156997	0.340551	0.640871	17.4025	18.4481	0	0	1.95033e-07
269	rs1	1:1	2:0.46675	rs2	1:2	2:0.2545	0	1000	1	0.959946	32.0245	112	0.248576	0.371489	0.222643	0.999424	-3.97712	117.2	0.174398	0.431436	0.230849	0.728511	266.632	334.995	0	0	0.385031
270	rs1	1:1	2:0.4585	rs2	1:2	2:0.2485	0	1000	1	2.08542e-29	7.35082	0.639613	0.509304	0.418344	0.360131	0.934553	-3.91426	10.6386	0.987623	0.0618704	0.392019	0.914223	25.5604	60.3534	0	0	5.09028e-10
271	rs1	1:1	2:0.4565	rs2	1:2	2:0.25225	0	1000	1	1.09559e-28	7.08976	0.624795	0.0631319	0.688919	0.293089	0.785845	-54.2984	78.2108	0.804528	0.223135	0.338318	0.082064	447.433	200.088	0	0	1.08227e-10
272	rs1	1:1	2:0.45225	rs2	1:2	2:0.252	0	1000	1	8.87843e-31	7.38557	0.627808	0.718952	0.240381	0.295906	0.953499	-0.669542	2.16961	0.987214	-0.0506383	0.315649	0.0129211	13.3766	4.53566	0	0	2.428e-09
273	rs1	1:1	2:0.45075	rs2	1:2	2:0.24425	0	1000	1	2.01776e-14	8.15449	1.02681	0.130811	0.580598	0.287862	0.964329	-1.51086	5.60557	0.198155	0.525703	0.292174	0.363061	15.6527	10.9959	0	0	0.000198006
274	rs1	1:1	2:0.462	rs2	1:2	2:0.24575	0	1000	1	3.85678e-24	7.92712	0.763408	0.861249	0.144208	0.263839	0.98829	-6.26774	40.8364	0.999989	0.00138246	0.291922	0.959838	89.8836	313.923	0	0	1.16736e-07
275	rs1	1:1	2:0.4645	rs2	1:2	2:0.24875	0	1000	1	1.10598e-38	6.777	0.512593	0.379491	0.378892	0.272179	0.886078	-0.965926	1.96393	0.996566	0.0253711	0.305861	0.00671952	11.9725	3.78499	0	0	8.22932e-14
276	rs1	1:1	2:0.45775	rs2	1:2	2:0.246	0	1000	1	3.0452e-35	7.2798	0.577409	0.998403	0.0208886	0.369419	0.897083	0.520052	1.11584	0.490007	-0.514925	0.431104	0.930259	20.2496	53.2544	0	0	6.13638e-12
277	rs1	1:1	2:0.46175	rs2	1:2	2:0.24875	0	1000	1	2.45607e-24	7.91541	0.759111	0.861605	0.140707	0.257792	0.94196	-1.21512	3.51385	0.985924	-0.0458996	0.272593	0.116215	11.9893	5.77866	0	0	2.6916e-07
278	rs1	1:1	2:0.45575	rs2	1:2	2:0.25175	0	1000	0	2.89803e-15	8.41481	1.02842	0.532537	0.29672	0.264318	0.958824	-1.64306	5.66584	0.493299	0.322964	0.271669	0.999995	706.66	224338	0	1	1
279	rs1	1:1	2:0.45725	rs2	1:2	2:0.24925	0	1000	0	1.08835e-24	7.90766	0.752753	0.87477	0.146122	0.282476	0.994635	0.190567	1.8372	0.974358	0.0688716	0.302158	0.999999	226.967	141555	0	0	1
280	rs1	1:1	2:0.44975	rs2	1:2	2:0.24025	0	1000	1	1.34127e-39	6.55873	0.490203	0.753716	0.198644	0.26416	0.764351	-2.51953	3.43675	0.619144	-0.309967	0.316551	0.208178	14.3398	8.09404	0	0	3.97105e-17
281	rs1	1:1	2:0.468	rs2	1:2	2:0.247	0	1000	1	6.36554e-23	7.59345	0.751065	0.119543	0.547988	0.265871	0.997351	-0.167687	2.3022	0.28797	0.436994	0.276945	0.0620462	10.733	4.5519	0	0	1.16768e-06
282	rs1	1:1	2:0.46775	rs2	1:2	2:0.25375	0	1000	1	1.24304e-35	7.3712	0.581391	0.942647	0.109868	0.319666	0.957364	-5.12862	17.3733	0.633759	-0.36093	0.377906	0.980929	24.927	127.022	0	0	5.79116e-13
283	rs1	1:1	2:0.46125	rs2	1:2	2:0.247	0	1000	0	1.04326e-34	6.98369	0.558264	0.438736	0.352639	0.274719	0.305565	1.31179	0.851884	0.87139	0.159464	0.303902	0.999998	401.46	185331	0	0	1
284	rs1	1:1	2:0.46275	rs2	1:2	2:0.24925	0	1000	0	2.54422e-41	6.65231	0.486538	0.612034	0.314884	0.317767	0.781665	-1.64355	2.34159	0.873901	-0.198319	0.381965	0.999997	450.517	200814	0	0	1
285	rs1	1:1	2:0.456	rs2	1:2	2:0.2495	0	1000	1	2.12107e-31	7.64066	0.642875	0.980471	-0.0586019	0.295065	0.256299	1.51007	0.915142	0.59886	-0.330912	0.326779	0.901518	14.3546	31.524	0	0	4.57585e-09
286	rs1	1:1	2:0.45525	rs2	1:2	2:0.24125	0	1000	1	2.39228e-15	8.7343	1.06442	0.992084	-0.300156	2.38073	0.970749	-1.11715	4.58472	0.903881	-1.21263	2.69729	0.547753	111.909	101.995	0	0	9.83737e-05
287	rs1	1:1	2:0.46475	rs2	1:2	2:0.255	0	1000	1	8.92193e-30	7.26215	0.627875	0.12394	0.609884	0.29845	0.908338	-1.51337	3.45128	0.441551	0.409308	0.320112	0.405721	16.4702	12.2619	0	0	1.52308e-09
288	rs1	1:1	2:0.45725	rs2	1:2	2:0.25025	0	1000	0	9.71475e-39	6.67534	0.50453	0.347048	0.360494	0.247788	0.922191	-0.625882	1.55498	0.889318	0.134354	0.277387	0.999999	234.527	141956	0	0	1
289	rs1	1:1	2:0.46075	rs2	1:2	2:0.24575	0	1000	1	8.63767e-23	7.51995	0.746026	0.155802	0.496152	0.2573	0.954668	-0.907605	2.97963	0.32565	0.400438	0.267323	0.290507	13.0712	8.31319	0	0	5.30978e-07
290	rs1	1:1	2:0.453	rs2	1:2	2:0.24725	0	1000	1	2.12611e-17	8.77256	1.00116	0.997162	0.017301	0.229483	0.517586	2.04718	1.78376	0.852648	-0.140899	0.249538	0.265526	8.4206	5.17069	0	0	0.0010579
291	rs1	1:1	2:0.46325	rs2	1:2	2:0.249	0	1000	1	0.720495	29.318	36.2079	0.204304	0.512871	0.287771	0.708793	31.4462	37.9012	0.219252	0.504557	0.289618	0.956196	-16.3722	54.7004	0	0	0.859007
292	rs1	1:1	2:0.4615	rs2	1:2	2:0.25475	0	1000	1	6.31885e-25	7.75005	0.734141	0.526857	0.319568	0.282279	0.804857	0.953243	1.44667	0.700868	0.246887	0.292821	0.0770565	11.515	5.08577	0	0	2.32342e-06
293	rs1	1:1	2:0.4585	rs2	1:2	2:0.24825	0	1000	0	2.56667e-26	8.60488	0.79265	0.182247	-0.680539	0.368815	0.912392	-1.83033	4.2743	0.119714	-0.86682	0.420702	0.999995	712.288	225087	0	0	1
294	rs1	1:1	2:0.4665	rs2	1:2	2:0.2505	0	1000	1	1.14337e-34	7.09402	0.567417	0.283774	0.527758	0.332512	0.941657	-0.720137	2.07688	0.988744	0.0556153	0.369622	0.0131152	14.1629	4.81054	0	0	1.80102e-11
295	rs1	1:1	2:0.46025	rs2	1:2	2:0.24725	0	1000	1	1.25213e-16	8.98246	1.04964	0.67183	-0.286535	0.321261	0.997628	-7.4602	108.243	0.492274	-0.397865	0.334183	0.988727	25.6425	170.296	0	0	5.66733e-05
296	rs1	1:1	2:0.464	rs2	1:2	2:0.2515	0	1000	1	3.25096e-23	7.63191	0.749955	0.142322	0.475492	0.240795	0.512134	1.40694	1.21616	0.499363	0.303639	0.25765	0.72935	11.8986	14.9765	0	0	2.10217e-06
297	rs1	1:1	2:0.4555	rs2	1:2	2:0.24975	0	1000	1	0.543224	32.0453	29.007	0.893954	0.178733	0.377473	0.555101	33.327	30.7164	0.913521	0.165817	0.389864	0.990562	-15.888	115.365	0	0	0.895622
298	rs1	1:1	2:0.452	rs2	1:2	2:0.2495	0	1000	1	2.68659e-30	7.33128	0.628239	0.668309	0.210484	0.234449	0.880142	-2.25072	4.45407	0.989162	0.0369536	0.250315	0.657817	14.7606	16.1277	0	0	5.25707e-10
299	rs1	1:1	2:0.462	rs2	1:2	2:0.256	0	1000	1	9.14246e-18	9.426	1.0641	0.186067	-0.562685	0.306819	0.380296	1.96926	1.41618	0.113142	-0.678956	0.325227	0.829678	11.3578	18.586	0	0	0.000161725
300	rs1	1:1	2:0.45975	rs2	1:2	2:0.24975	0	1000	1	3.07631e-32	7.95759	0.660573	0.600927	-0.402897	0.399209	0.883553	-2.2148	4.45095	0.148206	-0.901485	0.461343	0.530208	20.6106	18.2963	0	0	7.56108e-11
301	rs1	1:1	2:0.46225	rs2	1:2	2:0.2485	0	1000	0	2.99231e-31	7.74927	0.653608	0.891243	-0.157603	0.328428	0.704529	0.931449	1.11294	0.606691	-0.378061	0.378162	0.999997	430.814	182031	0	0	1
302	rs1	1:1	2:0.458	rs2	1:2	2:0.24875	0	1000	1	1.12753e-35	7.01399	0.552881	0.67426	0.27802	0.313138	0.932063	-0.68992	1.83923	0.999968	-0.00272534	0.33869	0.0195627	14.4756	5.16057	0	0	9.85858e-12
303	rs1	1:1	2:0.45325	rs2	1:2	2:0.24825	0	1000	1	2.53914e-33	7.81916	0.638205	0.812065	-0.169191	0.26221	0.849818	0.7219	1.26539	0.191678	-0.557743	0.306847	0.104002	10.2617	4.82315	0	0	2.56976e-09
304	rs1	1:1	2:0.456	rs2	1:2	2:0.24675	0	1000	0	3.00477e-24	7.79697	0.749142	0.772986	0.179709	0.250421	0.999998	-0.00423607	1.95769	0.910697	0.114478	0.264664	0.999998	251.16	139824	0	0	1
305	rs1	1:1	2:0.45375	rs2	1:2	2:0.2515	0	1000	1	8.34832e-26	8.15758	0.759082	0.897844	-0.154147	0.332043	0.985693	-0.392389	2.31132	0.441211	-0.489324	0.38251	0.523996	21.725	19.109	0	0	1.30646e-07
306	rs1	1:1	2:0.46	rs2	1:2	2:0.249	0	1000	1	4.95037e-24	7.93186	0.765639	0.819966	0.146393	0.232346	0.921427	-2.76999	6.84703	0.828456	-0.171659	0.279802	0.169194	47.22	25.0497	0	0	3.57188e-08
307	rs1	1:1	2:0.45275	rs2	1:2	2:0.248	0	1000	1	0.693261	30.9902	36.2045	0.228059	-0.556593	0.323715	0.756153	27.9516	37.3845	0.227032	-0.594375	0.345163	0.936724	45.5727	126.041	0	0	0.727391
308	rs1	1:1	2:0.469	rs2	1:2	2:0.2535	0	1000	1	3.44966e-24	7.8565	0.755825	0.474645	0.298643	0.244627	0.958904	-4.43592	15.312	0.987964	0.0438479	0.281755	0.487403	65.495	54.6298	0	0	9.9806e-08
309	rs1	1:1	2:0.46625	rs2	1:2	2:0.24925	0	1000	0	4.02483e-16	8.78971	1.0439	0.992491	0.0429613	0.349916	0.987197	-0.607666	3.78526	0.998339	0.0210477	0.364984	0.999996	613.732	230614	0	0	1
310	rs1	1:1	2:0.455	rs2	1:2	2:0.244	0	1000	1	9.7451e-25	8.0726	0.767685	0.896392	-0.1439	0.307667	0.62362	1.18827	1.22273	0.545806	-0.363043	0.329905	0.533736	12.5586	11.2072	0	0	5.51865e-07
311	rs1	1:1	2:0.46675	rs2	1:2	2:0.249	0	1000	1	2.01394e-25	9.00228	0.844144	0.170188	-0.907649	0.482294	0.941092	-3.10789	8.91875	0.0511781	-1.49104	0.611529	0.632585	19.6367	20.5186	0	0	1.11621e-08
312	rs1	1:1	2:0.45675	rs2	1:2	2:0.2535	0	1000	1	5.77538e-16	8.68584	1.03686	0.967675	0.0882278	0.344161	0.994579	-0.35385	3.39364	0.991033	-0.0475948	0.354612	0.157408	14.7776	7.68474	0	0	0.000192571
313	rs1	1:1	2:0.46525	rs2	1:2	2:0.24475	0	1000	1	3.24581e-28	7.34342	0.652677	0.32352	0.528032	0.351476	0.911989	-2.75012	6.40684	0.935509	0.14196	0.388783	0.422519	17.8792	13.6208	0	0	8.35536e-10
314	rs1	1:1	2:0.4615	rs2	1:2	2:0.25	0	1000	1	1.38518e-37	6.71043	0.515061	0.0709942	0.648387	0.281899	0.963143	-0.443593	1.61862	0.895451	0.149933	0.31904	0.0562998	12.8851	5.37155	0	0	3.18834e-13
315	rs1	1:1	2:0.46725	rs2	1:2	2:0.253	0	1000	1	1.30029e-25	8.2321	0.768972	0.930947	-0.129359	0.341955	0.547636	1.34304	1.22384	0.637221	-0.349342	0.367978	0.583438	13.7051	13.2023	0	0	5.13899e-07
316	rs1	1:1	2:0.4635	rs2	1:2	2:0.25525	0	1000	1	2.32075e-31	7.54033	0.634838	0.513853	0.291935	0.252984	0.999974	-0.012799	1.76825	0.989024	-0.0422764	0.284547	0.0757652	11.2847	4.9677	0	0	2.32883e-09
317	rs1	1:1	2:0.45825	rs2	1:2	2:0.24875	0	1000	1	1.3002e-30	7.47253	0.636959	0.808732	0.225977	0.346806	0.949787	-0.719822	2.24249	0.993083	-0.0445375	0.378013	0.167776	15.8001	8.36202	0	0	9.08597e-10
318	rs1	1:1	2:0.4605	rs2	1:2	2:0.2545	0	1000	1	5.31426e-16	8.54318	1.01862	0.405595	2.00268	1.49072	0.995362	-0.34399	3.56736	0.32452	2.38421	1.58919	0.0835461	91.846	41.2205	0	0	0.000293171
319	rs1	1:1	2:0.465	rs2	1:2	2:0.24925	0	1000	0	1.22758e-36	6.59701	0.512992	0.0316699	0.726295	0.2764	0.980983	-0.290949	1.48472	0.43433	0.402771	0.311869	0.999999	190.787	135646	0	0	1
320	rs1	1:1	2:0.458	rs2	1:2	2:0.2435	0	1000	1	0.910262	31.9844	73.7575	0.944608	0.80604	2.3876	0.874579	38.9416	75.2186	0.94515	0.801589	2.38645	0.941795	-27.9251	80.6343	0	0	0.811986
321	rs1	1:1	2:0.459	rs2	1:2	2:0.25075	0	1000	1	2.28976e-30	7.38952	0.632489	0.581785	0.279159	0.268211	0.70391	0.952837	1.13706	0.971904	0.0694712	0.290993	0.81046	13.6855	21.1094	0	0	4.78303e-09
322	rs1	1:1	2:0.45775	rs2	1:2	2:0.24725	0	1000	1	3.91462e-29	7.2575	0.634526	0.338945	0.385773	0.262253	0.901925	-2.9871	6.57421	0.781021	0.205486	0.29227	0.826104	35.1268	56.8287	0	0	6.09407e-10
323	rs1	1:1	2:0.4675	rs2	1:2	2:0.253	0	1000	1	0.957833	30.005	102.219	0.617164	-0.3196	0.325304	0.966565	27.8764	106.89	0.66463	-0.311775	0.344919	0.997785	22.0061	330.424	0	0	0.946418
324	rs1	1:1	2:0.46575	rs2	1:2	2:0.251	0	1000	1	5.12255e-24	7.8454	0.757535	0.570129	0.317455	0.299461	0.97334	-4.6912	20.1796	0.917584	0.130562	0.314792	0.858585	21.0826	38.1785	0	0	1.68576e-07
325	rs1	1:1	2:0.46325	rs2	1:2	2:0.2545	0	1000	1	9.58456e-18	9.60722	1.08521	0.15645	-0.888351	0.461207	0.992306	-5.74419	46.2159	0.0866924	-1.10799	0.501009	0.935914	24.6987	67.8622	0	0	3.04812e-05
326	rs1	1:1	2:0.467	rs2	1:2	2:0.254	0	1000	1	8.73564e-16	8.61715	1.03478	0.540974	0.346611	0.312685	0.273577	2.27198	1.4111	0.828169	0.201692	0.328453	0.675317	13.03	14.7051	0	0	0.000611653
327	rs1	1:1	2:0.454	rs2	1:2	2:0.25125	0	1000	1	1.50707e-42	6.59522	0.475231	0.361651	0.412025	0.28889	0.852824	-0.994712	1.76282	0.864334	-0.17954	0.332485	0.0108578	14.0791	4.68114	0	0	5.34555e-16
328	rs1	1:1	2:0.4595	rs2	1:2	2:0.246	0	1000	1	0.75587	31.6387	42.2876	0.868313	-1.39986	2.63419	0.735279	33.7116	42.9871	0.866844	-1.40645	2.63087	0.93095	-20.2438	53.5147	0	0	0.847367
329	rs1	1:1	2:0.459	rs2	1:2	2:0.24875	0	1000	0	0.625267	32.2863	33.3158	0.632313	0.244746	0.255619	0.898597	15.5775	33.6861	0.400419	0.350838	0.259313	0.957729	657.317	2236.49	0	1	1
330	rs1	1:1	2:0.46525	rs2	1:2	2:0.255	0	1000	1	3.54346e-31	7.51924	0.63497	0.637985	0.282061	0.297504	0.903502	-2.29017	5.08357	0.999904	-0.00442829	0.32025	0.188355	15.7343	8.61092	0	0	6.30719e-10
331	rs1	1:1	2:0.4525	rs2	1:2	2:0.24525	0	1000	1	2.92955e-23	7.59687	0.745763	0.4463	2.64842	2.08496	0.988289	-0.345482	2.25084	0.700747	1.84436	2.18698	0.287423	101.656	64.3752	0	0	5.63604e-07
332	rs1	1:1	2:0.46275	rs2	1:2	2:0.25375	0	1000	1	7.7188e-24	7.76865	0.753008	0.298648	0.461599	0.296912	0.979192	-9.43345	46.0006	0.852236	0.191537	0.338707	0.69499	94.2876	110.528	0	0	1.4888e-07
333	rs1	1:1	2:0.471	rs2	1:2	2:0.24725	0	1000	1	1.37074e-39	6.72236	0.502493	0.360683	0.500445	0.350424	0.821409	-1.51635	2.41738	0.701365	-0.374071	0.444112	0.181299	16.9282	9.16014	0	0	1.28022e-16
334	rs1	1:1	2:0.455	rs2	1:2	2:0.246	0	1000	1	2.82397e-25	8.08703	0.760586	0.990617	-0.0413709	0.301297	0.999823	0.0371631	1.97536	0.636837	-0.312717	0.32918	0.409184	13.5661	10.1478	0	0	3.14906e-07
335	rs1	1:1	2:0.46425	rs2	1:2	2:0.25025	0	1000	1	0.399103	32.4862	23.9682	0.547037	0.302694	0.275578	0.416634	33.5049	25.3194	0.562212	0.315496	0.293977	0.992601	-9.14714	75.0557	0	0	0.902476
336	rs1	1:1	2:0.4565	rs2	1:2	2:0.25125	0	1000	1	2.03273e-36	7.29287	0.568841	0.989922	-0.0540042	0.379424	0.928439	-4.50905	11.7009	0.431674	-0.552954	0.426592	0.726781	26.4414	33.0969	0	0	4.41244e-13
337	rs1	1:1	2:0.4565	rs2	1:2	2:0.24875	0	1000	0	1.13851e-30	7.61095	0.648132	0.995828	0.192616	2.10642	1	-30273.1	8.49245e+15	1	-537.786	3.44964e+13	1	241413	6.74031e+16	0	1	1
338	rs1	1:1	2:0.463	rs2	1:2	2:0.249	0	1000	1	2.88917e-38	7.00528	0.532795	0.88154	0.16827	0.33509	0.950833	-6.57644	20.7105	0.301714	-0.742696	0.479753	0.230642	130.315	76.0819	0	0	7.39667e-16
339	rs1	1:1	2:0.45375	rs2	1:2	2:0.246	0	1000	1	8.79137e-17	9.18315	1.06795	0.434109	-0.535857	0.414793	0.971484	-1.08048	4.49185	0.247733	-0.743912	0.445304	0.669248	17.7213	19.7735	0	0	6.39313e-05
340	rs1	1:1	2:0.4605	rs2	1:2	2:0.252	0	1000	1	0.406184	32.1268	23.9333	0.966759	-0.0737726	0.283717	0.49604	29.8228	25.1851	0.940301	-0.107667	0.306858	0.952511	23.0816	73.9932	0	0	0.75916
341	rs1	1:1	2:0.4525	rs2	1:2	2:0.24825	0	1000	1	1.43694e-24	7.91282	0.755148	0.980018	-0.0591003	0.294149	0.918118	-1.5851	3.83477	0.802416	-0.205105	0.309118	0.324561	15.3522	10.2336	0	0	1.40993e-07
342	rs1	1:1	2:0.458	rs2	1:2	2:0.25125	0	1000	1	6.30966e-30	7.34887	0.633733	0.538103	0.319544	0.287028	0.894946	-2.73687	5.80891	0.940508	0.112034	0.319877	0.871579	30.1391	57.4838	0	0	4.89301e-10
343	rs1	1:1	2:0.468	rs2	1:2	2:0.252	0	1000	1	1.11143e-24	7.92348	0.754402	0.788997	0.223169	0.324154	0.99206	0.241162	1.90993	0.967538	0.0882122	0.343363	0.0344323	12.0693	4.64978	0	0	8.43688e-07
344	rs1	1:1	2:0.4725	rs2	1:2	2:0.246	0	1000	0	5.86242e-29	7.36689	0.646087	0.347508	3.18463	2.19035	0.969435	-5.54037	22.2359	0.786846	1.68083	2.42747	0.774331	1435.9	2007.68	0	1	1
345	rs1	1:1	2:0.4715	rs2	1:2	2:0.25925	0	1000	0	4.13027e-26	8.36595	0.77377	0.941203	-0.104671	0.300668	0.495672	1.45202	1.22557	0.771847	-0.235587	0.32735	0.998651	690.677	13293.6	0	1	1
346	rs1	1:1	2:0.4565	rs2	1:2	2:0.24675	0	1000	1	1.65347e-16	8.96157	1.0512	0.57727	-0.249712	0.238212	0.974536	-3.78009	16.6429	0.412565	-0.330107	0.248073	0.822751	14.8089	23.7071	0	0	5.70728e-05
347	rs1	1:1	2:0.45425	rs2	1:2	2:0.2475	0	1000	1	0.44274	32.1409	25.1782	0.992589	0.0464803	0.381075	0.705803	22.8728	27.4001	0.967928	-0.108087	0.423319	0.596626	92.883	91.3905	0	0	0.324946
348	rs1	1:1	2:0.46525	rs2	1:2	2:0.25075	0	1000	0	7.36191e-25	8.2074	0.778533	0.996447	-0.0310959	0.368549	0.951813	-1.03166	3.2826	0.869058	-0.214829	0.405488	0.999997	508.853	210019	0	0	1
349	rs1	1:1	2:0.45325	rs2	1:2	2:0.2485	0	1000	1	4.5067e-24	7.77498	0.749841	0.624018	0.31564	0.325013	0.970518	-0.622669	2.5452	0.99801	-0.0231529	0.366788	0.334124	29.4146	19.8653	0	0	1.8683e-07
350	rs1	1:1	2:0.46875	rs2	1:2	2:0.251	0	1000	1	6.04076e-17	9.15935	1.05982	0.680137	-0.325831	0.371097	0.966719	-2.46983	9.49269	0.471509	-0.478718	0.390399	0.573702	17.2873	16.3988	0	0	6.21331e-05
351	rs1	1:1	2:0.46	rs2	1:2	2:0.24675	0	1000	1	9.57755e-24	7.86153	0.763561	0.654577	0.341534	0.370985	0.414829	1.5598	1.17582	0.995618	0.0374154	0.399207	0.422237	14.2478	10.85	0	0	2.11624e-06
352	rs1	1:1	2:0.45925	rs2	1:2	2:0.2515	0	1000	1	2.69639e-17	9.14662	1.0471	0.47783	-0.45361	0.373243	0.987473	-0.571354	3.59833	0.278127	-0.643238	0.402074	0.818958	18.6483	29.5061	0	0	7.41399e-05
353	rs1	1:1	2:0.46275	rs2	1:2	2:0.24775	0	1000	0	3.32767e-17	9.39006	1.07794	0.348376	-0.771275	0.5311	0.965307	-1.37756	5.18384	0.344866	-0.846177	0.5799	0.999972	757.523	101436	0	1	1
354	rs1	1:1	2:0.46175	rs2	1:2	2:0.25575	0	1000	0	9.1443e-38	7.56795	0.579465	0.874301	-0.1424	0.274732	0.906821	-81.5646	184.414	0.477419	-0.391268	0.321759	0.677184	839.113	950.337	0	1	1
355	rs1	1:1	2:0.4595	rs2	1:2	2:0.254	0	1000	1	1.31581e-15	8.53548	1.03108	0.443512	0.315905	0.247735	0.999977	0.0201472	2.96133	0.79259	0.181616	0.266363	0.676806	17.0918	19.3435	0	0	0.000184636
356	rs1	1:1	2:0.4555	rs2	1:2	2:0.24475	0	1000	1	2.92443e-30	7.45691	0.639404	0.847737	0.203141	0.353426	0.99581	-0.158953	1.73464	0.869106	-0.206078	0.389048	0.0520686	14.5853	5.99941	0	0	2.44709e-09
357	rs1	1:1	2:0.45975	rs2	1:2	2:0.25125	0	1000	0	0.952991	31.4238	101.262	0.699962	-0.362337	0.428971	0.990838	-14.888	109.729	0.480385	-0.579194	0.478308	0.0968945	739.523	342.274	0	1	1
358	rs1	1:1	2:0.47225	rs2	1:2	2:0.254	0	1000	0	1.83368e-34	7.53619	0.604614	0.998982	0.0169246	0.375005	0.99223	-0.203525	1.62947	0.497141	-0.571543	0.483428	0.999999	231.71	149989	0	0	1
359	rs1	1:1	2:0.452	rs2	1:2	2:0.243	0	1000	1	0.899326	31.769	68.9621	0.956811	0.0737277	0.248115	0.804596	47.1948	71.5706	0.941937	0.0863459	0.24964	0.90744	-26.7247	60.6353	0	0	0.71175
360	rs1	1:1	2:0.45675	rs2	1:2	2:0.24925	0	1000	0	6.05836e-17	9.14432	1.05812	0.386602	-0.558352	0.404995	0.962079	-2.86302	10.2964	0.344773	-0.622689	0.426686	0.982168	777.995	4101.21	0	1	1
361	rs1	1:1	2:0.456	rs2	1:2	2:0.24975	0	1000	1	1.46732e-35	7.07112	0.558299	0.579906	0.334103	0.320045	0.822951	0.670995	1.07484	0.967913	-0.089718	0.35129	0.113166	14.072	6.74098	0	0	3.87188e-11
362	rs1	1:1	2:0.4585	rs2	1:2	2:0.25175	0	1000	1	5.06755e-34	6.80315	0.549409	0.0546917	0.648479	0.268986	0.859275	-1.71228	3.10897	0.368856	0.405563	0.287157	0.488887	16.3286	13.6487	0	0	1.06706e-11
363	rs1	1:1	2:0.4625	rs2	1:2	2:0.252	0	1000	1	2.89488e-23	7.65372	0.751257	0.236645	0.377284	0.222225	0.976634	-4.92741	22.6595	0.542056	0.255715	0.231062	0.865398	16.9672	31.5546	0	0	2.4087e-07
364	rs1	1:1	2:0.46125	rs2	1:2	2:0.248	0	1000	0	6.92376e-31	7.65283	0.649361	0.997885	0.0262897	0.40399	0.735647	0.920315	1.17449	0.758918	-0.342745	0.461435	0.999999	163.82	151203	0	0	1
365	rs1	1:1	2:0.446	rs2	1:2	2:0.2405	0	1000	1	7.31976e-24	7.8069	0.756339	0.961369	0.0946477	0.337179	0.967054	-0.627191	2.423	0.774369	-0.281076	0.39304	0.359765	27.8629	19.486	0	0	1.49397e-07
366	rs1	1:1	2:0.4515	rs2	1:2	2:0.24525	0	1000	1	9.72812e-17	9.04241	1.05303	0.468822	-0.34343	0.279012	0.977108	-0.855434	3.97487	0.281282	-0.46637	0.292811	0.239083	11.3438	6.70552	0	0	8.85264e-05
367	rs1	1:1	2:0.46475	rs2	1:2	2:0.254	0	1000	1	3.05981e-42	6.60191	0.477472	0.150934	0.558728	0.28731	0.803196	-2.32249	3.50801	0.998936	-0.0154121	0.334005	0.453382	17.853	14.194	0	0	2.0927e-16
368	rs1	1:1	2:0.4485	rs2	1:2	2:0.25	0	1000	1	2.14981e-30	7.38587	0.631884	0.89296	0.11827	0.248549	0.952152	-4.65564	14.8673	0.939874	-0.0936889	0.266039	0.691298	17.3541	20.196	0	0	3.11327e-10
369	rs1	1:1	2:0.45125	rs2	1:2	2:0.248	0	1000	0	2.67456e-25	8.15737	0.766833	0.701103	-0.333974	0.396298	0.988208	-18.4687	119.906	0.536722	-0.476937	0.427519	0.782898	805.25	1150.94	0	1	1
370	rs1	1:1	2:0.4525	rs2	1:2	2:0.248	0	1000	1	3.38927e-16	8.73856	1.03532	0.900797	-0.160149	0.350349	0.366338	1.99359	1.40673	0.802417	-0.239697	0.361252	0.263067	11.9989	7.34223	0	0	0.000454951
371	rs1	1:1	2:0.4495	rs2	1:2	2:0.2475	0	1000	1	1.01166e-15	8.5725	1.0316	0.982098	0.0427296	0.224803	0.97095	-1.07542	4.4289	0.988094	-0.0356182	0.230129	0.271791	11.4462	7.0912	0	0	0.000140701
372	rs1	1:1	2:0.45975	rs2	1:2	2:0.2505	0	1000	1	5.36179e-15	8.3667	1.03207	0.270916	0.462946	0.286452	0.984654	-8.89075	50.5534	0.654674	0.29098	0.316127	0.672465	115.792	129.98	0	0	8.40406e-05
373	rs1	1:1	2:0.4595	rs2	1:2	2:0.25125	0	1000	1	2.97289e-24	7.72206	0.741871	0.615752	0.314636	0.319494	0.452295	1.47476	1.17072	0.839186	0.195494	0.33014	0.0324896	11.8775	4.53695	0	0	3.72873e-06
374	rs1	1:1	2:0.4705	rs2	1:2	2:0.251	0	1000	1	2.09182e-34	7.00764	0.562686	0.187741	0.604027	0.330243	0.872063	-2.20378	4.21175	0.803062	0.240042	0.362434	0.192992	17.4861	9.64008	0	0	5.95084e-12
375	rs1	1:1	2:0.46375	rs2	1:2	2:0.25875	0	1000	1	1.22916e-16	8.86061	1.03514	0.993198	0.0384292	0.32892	0.975706	-0.985916	4.44536	0.80719	-0.244734	0.373916	0.262966	42.671	26.1071	0	0	4.1107e-05
376	rs1	1:1	2:0.46375	rs2	1:2	2:0.2525	0	1000	1	1.23021e-26	8.29916	0.759762	0.898451	-0.191873	0.414609	0.818663	0.95377	1.50773	0.376992	-0.655046	0.46896	0.0963936	15.4045	7.12176	0	0	8.97187e-07
377	rs1	1:1	2:0.46225	rs2	1:2	2:0.24975	0	1000	1	1.83366e-15	8.46241	1.02724	0.662551	0.273695	0.301637	0.998226	-0.185866	3.11925	0.757599	0.229506	0.308013	0.191896	13.3033	7.32145	0	0	0.000233444
378	rs1	1:1	2:0.46075	rs2	1:2	2:0.25375	0	1000	1	5.04963e-25	8.03641	0.75974	0.979606	0.0671142	0.330607	0.532781	1.36274	1.21437	0.893212	-0.166868	0.351115	0.423104	13.6051	10.3729	0	0	9.17053e-07
379	rs1	1:1	2:0.45725	rs2	1:2	2:0.24975	0	1000	0	1.8994e-17	9.28598	1.0582	0.240801	-0.63863	0.378453	0.966884	-1.18319	4.55902	0.243721	-0.676944	0.402867	0.999995	717.337	229738	0	0	1
380	rs1	1:1	2:0.46375	rs2	1:2	2:0.252	0	1000	1	2.40811e-39	6.81563	0.511077	0.277087	0.360727	0.225153	0.877805	0.534636	1.04718	0.999881	-0.00388476	0.252156	0.186771	10.3001	5.62273	0	0	4.065e-13
381	rs1	1:1	2:0.44775	rs2	1:2	2:0.245	0	1000	1	0.994753	78.0311	760.758	0.131749	-0.764815	0.379866	0.940087	269.983	768.049	0.139103	-0.756023	0.380634	0.947657	-238.768	728.148	0	0	0.753108
382	rs1	1:1	2:0.456	rs2	1:2	2:0.2535	0	1000	0	2.82775e-24	7.94783	0.763209	0.916511	0.104372	0.249952	0.574571	1.29334	1.22855	0.999639	0.00744679	0.277286	0.848952	1069.46	1868.76	0	1	1
383	rs1	1:1	2:0.46125	rs2	1:2	2:0.24875	0	1000	0	1.16266e-33	6.83008	0.554596	0.0768158	0.602448	0.265917	0.86131	-1.46408	2.67928	0.287547	0.459347	0.29094	0.999998	380.595	171873	0	0	1
384	rs1	1:1	2:0.45975	rs2	1:2	2:0.25	0	1000	1	2.06597e-15	8.5262	1.03681	0.676691	0.249528	0.282339	0.358956	2.02974	1.41794	0.857325	0.160513	0.289284	0.553618	11.0286	10.1417	0	0	0.00051052
385	rs1	1:1	2:0.458	rs2	1:2	2:0.24675	0	1000	0	5.2879e-24	7.79416	0.75281	0.750719	0.170437	0.22507	0.922182	-1.47663	3.66841	0.811346	0.154412	0.238798	0.999996	477.356	173210	0	0	1
386	rs1	1:1	2:0.4545	rs2	1:2	2:0.253	0	1000	1	1.59289e-25	8.19656	0.767012	0.835066	-0.249877	0.416179	0.589659	1.25665	1.22263	0.476812	-0.543491	0.446556	0.497445	16.9434	14.3375	0	0	4.90774e-07
387	rs1	1:1	2:0.46575	rs2	1:2	2:0.25125	0	1000	1	2.67253e-38	6.78414	0.515743	0.198978	0.425905	0.237012	0.914633	0.463496	1.09716	0.971026	0.0646811	0.266732	0.598539	11.5847	11.434	0	0	3.06402e-13
