Outcome	Var1_ID	Var1_Pos	Var1_MAF	Var2_ID	Var2_Pos	Var2_MAF	Num_Missing	Num_Cases	Converged	Red_Var1_Pval	Red_Var1_beta	Red_Var1_SE	Red_Var2_Pval	Red_Var2_beta	Red_Var2_SE	Full_Var1_Pval	Full_Var1_beta	Full_Var1_SE	Full_Var2_Pval	Full_Var2_beta	Full_Var2_SE	Full_Var1_Var2_Pval	Full_Var1_Var2_beta	Full_Var1_Var2_SE	Red_Model_Pval	Full_Model_Pval	Overall_Pval_(LRT)
1	rs1	1:1	2:0.51725	rs2	1:2	2:0.271	0	1000	1	5.00965e-42	6.95406	0.511945	1.78701e-41	6.91327	0.512468	0.00345265	2.41353	0.825344	0.00400417	2.37431	0.825034	2.04092e-07	5.54606	1.06746	0	0	3.33709e-06
2	rs1	1:1	2:0.5225	rs2	1:2	2:0.28	0	1000	0	1.92006e-26	8.05603	0.757073	2.96731e-16	8.47954	1.0373	0.999924	-23.5119	248484	0.145179	2.06587	1.41811	0.999896	32.3345	248484	0	0	1
3	rs1	1:1	2:0.52125	rs2	1:2	2:0.275	0	1000	0	1.56277e-17	8.95209	1.05042	4.56855e-17	8.82693	1.05116	0.999926	-23.484	251726	0.999921	-23.484	236640	0.999865	58.2912	345492	0	0	1
4	rs1	1:1	2:0.528	rs2	1:2	2:0.27675	0	1000	0	1.82901e-32	7.56823	0.637937	6.21187e-33	7.6206	0.637511	0.99991	-24.6295	218366	0.999912	-24.6295	223970	0.999849	59.1722	312804	0	0	1
5	rs1	1:1	2:0.52125	rs2	1:2	2:0.2715	0	1000	0	3.2077e-26	8.46474	0.79908	1.8262e-26	8.50346	0.798769	0.999921	-24.1687	243830	0.999922	-24.1687	248488	0.999864	59.4857	348137	0	0	1
6	rs1	1:1	2:0.524	rs2	1:2	2:0.2725	0	1000	0	1.8589e-45	6.89604	0.487342	1.81295e-47	7.03099	0.485824	0.999906	-25.4605	217271	0.999912	-25.4606	231297	0.999847	60.9548	317341	0	0	1
7	rs1	1:1	2:0.524	rs2	1:2	2:0.27575	0	1000	0	5.46991e-27	8.34796	0.776021	1.48524e-26	8.28127	0.776496	0.999917	-24.2027	232613	0.999914	-24.2027	225147	0.999854	59.1141	323728	0	0	1
8	rs1	1:1	2:0.5215	rs2	1:2	2:0.2685	0	1000	1	2.71025e-42	6.43865	0.472439	2.00228e-46	6.70652	0.468785	0.70052	0.417601	1.08575	0.540278	0.665781	1.08718	1.80304e-08	8.54758	1.51824	0	0	7.33954e-14
9	rs1	1:1	2:0.521	rs2	1:2	2:0.274	0	1000	0	4.93496e-41	7.27955	0.54264	3.71042e-40	7.20812	0.543407	0.999915	-25.1091	236635	0.999912	-25.1091	228788	0.999854	60.2689	329151	0	0	1
10	rs1	1:1	2:0.51925	rs2	1:2	2:0.273	0	1000	0	1.0358e-36	7.51874	0.594083	1.2708e-35	7.41479	0.5952	0.999921	-24.8669	250112	0.999917	-24.867	238012	0.999861	60.028	345262	0	0	1
11	rs1	1:1	2:0.5215	rs2	1:2	2:0.2745	0	1000	0	7.57764e-41	7.11516	0.531648	4.26608e-40	7.05529	0.532306	0.999915	-25.1102	236629	0.999913	-25.1105	230029	0.999855	60.0187	330010	0	0	1
12	rs1	1:1	2:0.52325	rs2	1:2	2:0.27425	0	1000	0	2.07697e-26	8.2584	0.776625	2.47777e-26	8.24657	0.776715	0.999918	-24.1889	236634	0.999918	-24.189	235287	0.999859	59.1001	333700	0	0	1
13	rs1	1:1	2:0.52675	rs2	1:2	2:0.2725	0	1000	0	9.38732e-27	8.82735	0.824409	2.7829e-19	9.73934	1.08492	0.999913	-23.5071	216226	0.108553	2.27696	1.4189	0.999877	33.2223	216226	0	0	1
14	rs1	1:1	2:0.52025	rs2	1:2	2:0.2755	0	1000	0	1.73206e-32	7.65827	0.645278	1.24697e-24	7.83964	0.76522	0.999925	-24.1819	256842	0.219425	1.51016	1.22972	0.999897	33.1126	256842	0	0	1
15	rs1	1:1	2:0.5235	rs2	1:2	2:0.27525	0	1000	0	4.01701e-49	6.48923	0.440485	6.28181e-49	6.47794	0.440624	0.999909	-25.6003	223995	0.999908	-25.6004	222807	0.999847	60.5059	315938	0	0	1
16	rs1	1:1	2:0.52125	rs2	1:2	2:0.2765	0	1000	0	4.81278e-38	7.42711	0.575975	2.11053e-39	7.00297	0.533206	0.414364	0.917525	1.12409	0.99991	-24.8913	221660	0.999878	33.8859	221660	0	0	1
17	rs1	1:1	2:0.521	rs2	1:2	2:0.2735	0	1000	0	1.53275e-40	7.02567	0.527026	1.87173e-42	6.76741	0.495581	0.537853	0.678584	1.10149	0.999914	-25.1057	232611	0.999883	34.1237	232611	0	0	1
18	rs1	1:1	2:0.5245	rs2	1:2	2:0.27625	0	1000	1	1.11772e-41	7.43009	0.549371	3.10429e-38	7.66493	0.592867	0.383781	1.01004	1.1597	0.0623087	1.71355	0.91924	4.79953e-08	7.68346	1.40759	0	0	3.05356e-08
19	rs1	1:1	2:0.5205	rs2	1:2	2:0.26975	0	1000	1	7.78781e-31	7.72664	0.66924	8.78023e-32	7.83784	0.668098	0.170033	1.6883	1.23045	0.144472	1.79651	1.23104	5.82639e-06	7.3845	1.6292	0	0	8.58433e-06
20	rs1	1:1	2:0.52475	rs2	1:2	2:0.2725	0	1000	1	2.50322e-35	7.12963	0.57481	4.92707e-26	8.01971	0.759955	0.123455	2.18507	1.41848	0.00276144	3.47474	1.16091	0.000658922	5.31073	1.55917	0	0	0.0062385
21	rs1	1:1	2:0.527	rs2	1:2	2:0.27725	0	1000	0	4.84465e-38	7.37649	0.572072	4.84465e-38	7.37649	0.572072	0.999909	-24.9184	219446	0.999909	-24.9184	219446	0.999847	59.6272	310344	0	0	1
22	rs1	1:1	2:0.52225	rs2	1:2	2:0.27125	0	1000	0	4.76117e-39	7.11817	0.544537	7.86336e-37	7.44557	0.587298	0.999916	-24.8709	236649	0.385333	0.97601	1.12429	0.999885	34.0509	236649	0	0	1
23	rs1	1:1	2:0.52075	rs2	1:2	2:0.27925	0	1000	0	4.77768e-28	8.57402	0.780888	6.16422e-32	7.86087	0.668357	0.189461	1.61443	1.23034	0.999909	-24.2062	211158	0.999874	33.4136	211158	0	0	1
24	rs1	1:1	2:0.52525	rs2	1:2	2:0.27275	0	1000	0	3.04603e-42	7.33361	0.538444	7.65458e-39	7.93705	0.608865	0.999907	-24.8997	214133	0.0799332	1.5293	0.87335	0.999873	33.9648	214133	0	0	1
25	rs1	1:1	2:0.524	rs2	1:2	2:0.2755	0	1000	1	3.89339e-33	7.84445	0.654117	4.85901e-33	7.83353	0.654208	0.234256	1.46261	1.22963	0.237677	1.45191	1.22959	2.11025e-06	7.68185	1.61977	0	0	4.37304e-06
26	rs1	1:1	2:0.51775	rs2	1:2	2:0.2715	0	1000	0	3.63641e-42	6.80333	0.499986	1.33437e-40	6.69066	0.501507	0.999922	-25.2638	256855	0.999917	-25.2641	243851	0.999864	60.2894	354172	0	0	1
27	rs1	1:1	2:0.5205	rs2	1:2	2:0.27325	0	1000	0	2.62234e-40	7.55257	0.568261	2.16203e-32	8.00564	0.675604	0.999918	-24.5907	239425	0.0482583	1.81642	0.919667	0.999888	33.4971	239425	0	0	1
28	rs1	1:1	2:0.52275	rs2	1:2	2:0.27575	0	1000	0	1.65173e-27	8.56996	0.788607	5.28507e-32	7.96635	0.676578	0.185428	1.62924	1.23034	0.999913	-24.1914	222813	0.99988	33.5323	222813	0	0	1
29	rs1	1:1	2:0.522	rs2	1:2	2:0.277	0	1000	0	9.8481e-41	6.85784	0.513167	4.71965e-39	6.72756	0.514629	0.999916	-25.119	239435	0.999911	-25.119	225147	0.999855	59.5856	328665	0	0	1
30	rs1	1:1	2:0.524	rs2	1:2	2:0.2725	0	1000	0	4.62096e-35	7.00895	0.567332	1.9865e-36	7.13406	0.565979	0.999915	-24.8811	232612	0.99992	-24.8811	246896	0.99986	59.4228	339214	0	0	1
31	rs1	1:1	2:0.52975	rs2	1:2	2:0.27225	0	1000	0	1.84754e-30	7.34091	0.63996	2.58992e-33	7.66176	0.637092	0.999908	-24.6109	214160	0.999922	-24.6104	250069	0.999857	59.1534	329241	0	0	1
32	rs1	1:1	2:0.52375	rs2	1:2	2:0.27275	0	1000	0	6.13972e-26	8.18538	0.777178	1.73543e-26	8.27027	0.776519	0.999918	-24.1843	233930	0.999921	-24.1843	243829	0.99986	59.0957	337899	0	0	1
33	rs1	1:1	2:0.524	rs2	1:2	2:0.2715	0	1000	0	9.378e-47	6.55001	0.456166	3.48571e-50	6.75742	0.453632	0.999905	-25.5929	215169	0.999914	-25.5933	236609	0.999848	60.9043	319815	0	0	1
34	rs1	1:1	2:0.5255	rs2	1:2	2:0.2795	0	1000	0	8.7425e-27	8.13974	0.759724	4.93476e-17	8.71029	1.03839	0.999918	-23.5307	228782	0.152753	2.02764	1.41806	0.999887	32.4418	228782	0	0	1
35	rs1	1:1	2:0.519	rs2	1:2	2:0.27025	0	1000	0	6.80957e-39	7.09603	0.543977	1.35132e-41	6.92558	0.512598	0.487565	0.764871	1.10182	0.99992	-25.0819	250099	0.99989	34.3945	250099	0	0	1
36	rs1	1:1	2:0.5225	rs2	1:2	2:0.27475	0	1000	0	9.32296e-27	8.37678	0.782283	2.69331e-26	8.30533	0.782823	0.99992	-24.1867	240874	0.999917	-24.1867	232612	0.999859	59.2159	334856	0	0	1
37	rs1	1:1	2:0.524	rs2	1:2	2:0.27425	0	1000	0	1.47285e-26	8.28154	0.776465	2.0842e-26	8.25829	0.776638	0.999918	-24.1924	235263	0.999917	-24.1921	232594	0.999857	59.1032	330830	0	0	1
38	rs1	1:1	2:0.52225	rs2	1:2	2:0.27075	0	1000	0	6.47699e-31	7.58756	0.656293	3.62424e-32	7.73157	0.654872	0.999918	-24.5777	238022	0.999923	-24.5778	255077	0.999864	59.4883	348882	0	0	1
39	rs1	1:1	2:0.5215	rs2	1:2	2:0.27525	0	1000	0	3.2146e-18	9.22075	1.05942	2.64892e-32	8.00373	0.676415	0.014968	2.99329	1.23021	0.999918	-23.4961	228788	0.999888	32.035	228788	0	0	1
40	rs1	1:1	2:0.52075	rs2	1:2	2:0.27725	0	1000	0	1.07521e-37	7.29367	0.568365	3.15019e-35	7.06794	0.570685	0.99992	-24.8907	246918	0.99991	-24.8903	221677	0.999857	59.5118	331827	0	0	1
41	rs1	1:1	2:0.52075	rs2	1:2	2:0.274	0	1000	0	5.65121e-44	7.20602	0.518115	7.65906e-40	7.27049	0.550368	0.999916	-25.1078	239414	0.616271	0.551682	1.10085	0.999884	34.7611	239414	0	0	1
42	rs1	1:1	2:0.52175	rs2	1:2	2:0.2775	0	1000	0	5.17762e-34	8.01482	0.659201	5.89691e-32	7.77912	0.661196	0.999919	-24.6082	242338	0.999909	-24.6082	216227	0.999853	59.6364	324779	0	0	1
43	rs1	1:1	2:0.52225	rs2	1:2	2:0.2735	0	1000	1	8.58232e-46	6.6756	0.469961	9.0716e-44	6.85527	0.494099	0.591907	0.590253	1.10106	0.121873	1.30587	0.844154	8.03778e-09	7.79107	1.35082	0	0	1.05475e-11
44	rs1	1:1	2:0.521	rs2	1:2	2:0.27075	0	1000	0	3.10805e-26	8.46511	0.798892	3.29734e-32	8.10983	0.686448	0.186157	1.62637	1.2302	0.999922	-24.1698	248481	0.999892	33.6895	248481	0	0	1
45	rs1	1:1	2:0.523	rs2	1:2	2:0.273	0	1000	0	1.54154e-24	7.76072	0.759038	8.61811e-25	7.79994	0.758704	0.999921	-24.1755	245353	0.999923	-24.1757	250080	0.999866	58.645	350340	0	0	1
46	rs1	1:1	2:0.52175	rs2	1:2	2:0.274	0	1000	0	6.18894e-46	7.03964	0.494792	1.31771e-40	7.33204	0.549544	0.999914	-25.1131	232639	0.138305	1.25061	0.843792	0.999883	34.0616	232639	0	0	1
47	rs1	1:1	2:0.523	rs2	1:2	2:0.27475	0	1000	0	3.26075e-35	6.88884	0.556348	1.15513e-34	6.83886	0.556895	0.999918	-24.886	242338	0.999916	-24.886	236635	0.999861	59.1594	338709	0	0	1
48	rs1	1:1	2:0.5215	rs2	1:2	2:0.2765	0	1000	0	2.69929e-41	7.03756	0.52286	1.0766e-35	7.10845	0.570005	0.999918	-24.8904	242350	0.499742	0.758097	1.12328	0.999889	33.8621	242350	0	0	1
49	rs1	1:1	2:0.521	rs2	1:2	2:0.26975	0	1000	0	5.20865e-45	6.23326	0.442776	1.32159e-49	6.28748	0.424631	0.889249	0.148517	1.06651	0.999919	-25.5645	251682	0.99989	34.7546	251682	0	0	1
50	rs1	1:1	2:0.52075	rs2	1:2	2:0.278	0	1000	1	1.77379e-27	8.42106	0.77537	1.02547e-31	7.75309	0.661615	0.0136517	3.03471	1.23047	0.141853	2.08315	1.41814	0.000135973	6.18158	1.62017	0	0	0.00262716
51	rs1	1:1	2:0.5235	rs2	1:2	2:0.275	0	1000	0	9.36071e-37	7.25679	0.573025	6.98096e-37	7.26848	0.572908	0.999914	-24.892	231309	0.999915	-24.8926	232622	0.999855	59.6012	328050	0	0	1
52	rs1	1:1	2:0.52325	rs2	1:2	2:0.27175	0	1000	0	1.8239e-31	7.65402	0.655897	4.54336e-26	8.14916	0.771666	0.999919	-24.1787	238023	0.175242	1.66795	1.23046	0.999889	33.1376	238023	0	0	1
53	rs1	1:1	2:0.5235	rs2	1:2	2:0.28	0	1000	0	1.60207e-26	8.06659	0.756866	6.16453e-25	7.82366	0.758632	0.99992	-24.2117	242345	0.99991	-24.2118	215187	0.999856	58.6816	324094	0	0	1
54	rs1	1:1	2:0.526	rs2	1:2	2:0.27125	0	1000	0	2.68565e-39	7.06319	0.53854	1.02575e-38	7.55204	0.580325	0.999908	-24.8945	216237	0.409974	0.926241	1.12416	0.999875	33.9821	216237	0	0	1
55	rs1	1:1	2:0.528	rs2	1:2	2:0.27425	0	1000	0	1.83086e-31	7.45517	0.638875	6.04503e-33	7.62127	0.637447	0.99991	-24.6172	218371	0.999917	-24.617	236645	0.999853	59.16	322004	0	0	1
56	rs1	1:1	2:0.5215	rs2	1:2	2:0.272	0	1000	1	8.64077e-43	7.01489	0.511599	1.8703e-43	7.06365	0.511034	0.579584	0.61001	1.10112	0.551426	0.655995	1.10136	1.12727e-08	8.78746	1.53886	0	0	7.53236e-13
57	rs1	1:1	2:0.52625	rs2	1:2	2:0.274	0	1000	0	9.82984e-26	8.05497	0.768033	1.47178e-17	8.89662	1.04306	0.999916	-23.5071	223971	0.108553	2.27696	1.4189	0.999885	32.3468	223971	0	0	1
58	rs1	1:1	2:0.529	rs2	1:2	2:0.275	0	1000	1	1.53577e-36	7.1908	0.569564	5.65127e-39	7.41153	0.567545	0.446702	0.882073	1.15921	0.344775	1.09608	1.16016	3.6598e-07	7.93306	1.55983	0	0	3.15287e-08
59	rs1	1:1	2:0.5285	rs2	1:2	2:0.2705	0	1000	0	8.7337e-34	6.85367	0.56569	6.62875e-38	7.22912	0.561698	0.999908	-24.8913	216224	0.999923	-24.8912	258615	0.99986	59.3591	337097	0	0	1
60	rs1	1:1	2:0.5235	rs2	1:2	2:0.2715	0	1000	0	5.45491e-32	8.08413	0.686737	3.71493e-27	8.61117	0.797849	0.999917	-24.182	231322	0.182808	1.639	1.23033	0.999884	33.6771	231322	0	0	1
61	rs1	1:1	2:0.52525	rs2	1:2	2:0.273	0	1000	0	7.31423e-27	8.4701	0.789343	1.38156e-33	8.15267	0.675006	0.242067	1.4383	1.22949	0.999917	-24.2003	233923	0.999885	33.7234	233923	0	0	1
62	rs1	1:1	2:0.52225	rs2	1:2	2:0.2755	0	1000	0	2.47168e-18	9.25291	1.05949	8.9751e-18	9.10406	1.06029	0.999923	-23.4998	242335	0.999917	-23.4999	225149	0.999859	58.5301	330784	0	0	1
63	rs1	1:1	2:0.52175	rs2	1:2	2:0.2735	0	1000	0	4.564e-26	8.14901	0.771682	1.08958e-31	7.67988	0.655655	0.182484	1.64021	1.23033	0.999919	-24.181	238011	0.999889	33.1652	238011	0	0	1
64	rs1	1:1	2:0.5175	rs2	1:2	2:0.27525	0	1000	0	5.03339e-47	6.61969	0.459639	5.68833e-44	6.18131	0.444453	0.648601	0.49038	1.07609	0.99991	-25.4356	225152	0.999878	34.3094	225152	0	0	1
65	rs1	1:1	2:0.52325	rs2	1:2	2:0.27775	0	1000	0	9.20743e-34	7.91725	0.65371	2.79813e-26	8.18308	0.771561	0.999917	-24.2111	233975	0.26244	1.37759	1.22929	0.999886	33.4284	233975	0	0	1
66	rs1	1:1	2:0.525	rs2	1:2	2:0.275	0	1000	0	4.35286e-18	9.18694	1.05973	3.90192e-27	8.51534	0.789299	0.122856	2.18864	1.41853	0.999919	-23.5033	232613	0.999887	32.8405	232613	0	0	1
67	rs1	1:1	2:0.52325	rs2	1:2	2:0.27325	0	1000	0	8.90482e-50	5.83232	0.393187	1.20395e-50	6.06215	0.405031	0.999908	-25.7098	223929	0.971387	0.0380274	1.06018	0.999877	34.4228	223929	0	0	1
68	rs1	1:1	2:0.523	rs2	1:2	2:0.27475	0	1000	0	4.07133e-42	6.46274	0.475244	2.67955e-42	6.47515	0.475088	0.999914	-25.2954	235272	0.999915	-25.2953	236625	0.999857	59.692	333683	0	0	1
69	rs1	1:1	2:0.52125	rs2	1:2	2:0.274	0	1000	0	8.19459e-37	7.37655	0.582002	7.18664e-36	7.28847	0.582937	0.999919	-24.875	245348	0.999916	-24.875	235271	0.99986	59.7844	339924	0	0	1
70	rs1	1:1	2:0.52425	rs2	1:2	2:0.2705	0	1000	0	4.01645e-30	7.33844	0.643525	5.28293e-37	7.28042	0.572864	0.335085	1.11817	1.16002	0.999924	-24.5853	258594	0.999897	33.504	258594	0	0	1
71	rs1	1:1	2:0.5235	rs2	1:2	2:0.27625	0	1000	0	5.56778e-32	7.4764	0.635204	2.92443e-31	7.39545	0.635932	0.999917	-24.6084	236636	0.999914	-24.6084	227575	0.999856	59.0773	328309	0	0	1
72	rs1	1:1	2:0.52325	rs2	1:2	2:0.2715	0	1000	0	2.14264e-42	6.89826	0.505527	7.10942e-47	6.89846	0.479792	0.750021	0.345853	1.0855	0.999916	-25.2926	240878	0.999885	34.8118	240878	0	0	1
73	rs1	1:1	2:0.5215	rs2	1:2	2:0.27675	0	1000	0	2.15503e-27	8.47503	0.781619	4.73325e-26	8.2674	0.783147	0.999921	-24.1941	245348	0.999913	-24.1941	221674	0.999857	59.2233	330659	0	0	1
74	rs1	1:1	2:0.52325	rs2	1:2	2:0.27025	0	1000	0	0.999552	31.8365	56722.6	0.999542	31.9747	55755.4	1	4.93695e-09	253891	1	5.78163e-09	274818	0.999924	34.9134	366405	1	0	1
75	rs1	1:1	2:0.5205	rs2	1:2	2:0.2715	0	1000	0	7.81783e-32	8.05982	0.686444	5.8242e-36	7.79697	0.622775	0.287506	1.23437	1.16055	0.999921	-24.5727	246879	0.999889	34.2614	246879	0	0	1
76	rs1	1:1	2:0.52975	rs2	1:2	2:0.274	0	1000	1	9.21528e-40	6.87111	0.520685	6.13396e-39	7.36182	0.564007	0.450752	0.874205	1.15918	0.0472628	1.82518	0.91998	2.73508e-07	7.13798	1.38848	0	0	1.32817e-07
77	rs1	1:1	2:0.52575	rs2	1:2	2:0.279	0	1000	0	1.11579e-18	9.34408	1.05908	2.26335e-18	9.26322	1.05946	0.999916	-23.5284	223973	0.999913	-23.5283	215185	0.99985	58.5585	310594	0	0	1
78	rs1	1:1	2:0.51775	rs2	1:2	2:0.27525	0	1000	0	2.86112e-47	6.63939	0.459763	6.55855e-42	6.29899	0.464395	0.999922	-25.4371	260448	0.999909	-25.4366	222821	0.99986	60.2377	342757	0	0	1
79	rs1	1:1	2:0.527	rs2	1:2	2:0.2765	0	1000	0	2.98817e-31	7.36208	0.633162	5.88467e-32	7.4412	0.632465	0.999913	-24.6143	225153	0.999916	-24.614	233930	0.999855	59.0136	324680	0	0	1
80	rs1	1:1	2:0.51675	rs2	1:2	2:0.27	0	1000	0	2.28829e-45	6.25184	0.442273	1.28419e-44	6.20752	0.442959	0.99992	-25.5485	255080	0.999918	-25.548	250056	0.999865	60.4529	357203	0	0	1
81	rs1	1:1	2:0.5225	rs2	1:2	2:0.26875	0	1000	0	8.63548e-35	7.67531	0.623814	9.76765e-37	7.87198	0.621767	0.999915	-24.8619	233924	0.999923	-24.8622	256850	0.999861	60.5827	347408	0	0	1
82	rs1	1:1	2:0.5225	rs2	1:2	2:0.2715	0	1000	0	1.51359e-44	6.74333	0.481594	5.97376e-44	7.00954	0.504131	0.999912	-25.2876	228779	0.647773	0.496262	1.08625	0.999879	34.6613	228779	0	0	1
83	rs1	1:1	2:0.5205	rs2	1:2	2:0.27475	0	1000	0	2.59703e-46	7.06286	0.494319	2.84257e-43	7.14924	0.518357	0.999913	-25.2989	231317	0.754331	0.339691	1.0855	0.999879	35.1545	231317	0	0	1
84	rs1	1:1	2:0.524	rs2	1:2	2:0.2745	0	1000	0	1.64714e-43	6.72879	0.486485	3.57035e-44	6.77474	0.485959	0.99991	-25.3069	225170	0.999912	-25.3068	230043	0.999851	60.0142	321903	0	0	1
85	rs1	1:1	2:0.51825	rs2	1:2	2:0.27	0	1000	0	1.18133e-41	6.83718	0.505684	1.07152e-43	6.68093	0.481949	0.592631	0.581356	1.08659	0.999919	-25.2643	248466	0.999889	34.5759	248466	0	0	1
86	rs1	1:1	2:0.52225	rs2	1:2	2:0.27175	0	1000	1	7.74163e-36	7.35498	0.588535	8.76852e-37	7.44419	0.587585	0.310089	1.17775	1.1603	0.276296	1.26369	1.16076	5.28926e-07	7.88448	1.57202	0	0	4.25474e-08
87	rs1	1:1	2:0.524	rs2	1:2	2:0.274	0	1000	0	3.41677e-37	7.56524	0.593685	1.43397e-41	7.42007	0.549375	0.507778	0.743919	1.12323	0.999915	-24.8941	232607	0.999882	34.4152	232607	0	0	1
88	rs1	1:1	2:0.52025	rs2	1:2	2:0.27125	0	1000	0	5.01934e-32	8.08526	0.686424	1.06319e-31	8.04605	0.686794	0.999921	-24.5727	248449	0.99992	-24.5727	243815	0.999862	60.0707	348098	0	0	1
89	rs1	1:1	2:0.523	rs2	1:2	2:0.27425	0	1000	0	2.73042e-41	7.22176	0.536579	5.23846e-41	7.19904	0.536815	0.999912	-25.1202	228788	0.999911	-25.1202	226341	0.999851	60.1464	321830	0	0	1
90	rs1	1:1	2:0.5205	rs2	1:2	2:0.274	0	1000	0	2.81078e-47	6.18338	0.428149	6.51424e-46	6.1056	0.42925	0.999916	-25.5767	242345	0.999913	-25.5764	233921	0.999858	60.1141	336824	0	0	1
91	rs1	1:1	2:0.523	rs2	1:2	2:0.27625	0	1000	0	3.64001e-33	7.78652	0.648985	3.58505e-32	7.67406	0.64995	0.999917	-24.6092	235251	0.999912	-24.6092	222795	0.999854	59.414	324007	0	0	1
92	rs1	1:1	2:0.527	rs2	1:2	2:0.2725	0	1000	0	1.35448e-36	7.42945	0.588007	4.60918e-39	7.65992	0.58587	0.999907	-24.9033	213145	0.999916	-24.9033	238023	0.99985	59.9305	319508	0	0	1
93	rs1	1:1	2:0.5215	rs2	1:2	2:0.275	0	1000	0	1.58356e-46	6.65881	0.46492	5.07789e-43	6.74341	0.490422	0.999914	-25.2972	235275	0.731394	0.372675	1.08566	0.999883	34.428	235275	0	0	1
94	rs1	1:1	2:0.5175	rs2	1:2	2:0.275	0	1000	0	5.58015e-47	6.82511	0.474138	2.91506e-38	6.89981	0.533486	0.999922	-25.1003	255088	0.14111	1.24157	0.843649	0.999895	33.6646	255088	0	0	1
95	rs1	1:1	2:0.52125	rs2	1:2	2:0.27175	0	1000	0	2.62275e-45	6.71008	0.475013	1.09907e-45	6.73474	0.474704	0.999913	-25.443	232593	0.999914	-25.4434	235261	0.999854	60.6009	330828	0	0	1
96	rs1	1:1	2:0.52425	rs2	1:2	2:0.27375	0	1000	0	0.999543	32.285	56401.1	0.999541	32.3216	56137.5	1	-2.92889e-09	244926	1	-2.39307e-09	250070	0.999918	35.1647	341531	1	0	1
97	rs1	1:1	2:0.52075	rs2	1:2	2:0.272	0	1000	0	1.74993e-38	6.67194	0.51431	5.39289e-44	6.34324	0.455971	0.092911	1.41949	0.844813	0.999919	-25.0948	246847	0.999893	33.0453	246847	0	0	1
98	rs1	1:1	2:0.52375	rs2	1:2	2:0.2745	0	1000	0	1.32499e-26	8.35334	0.782476	7.90866e-27	8.38803	0.782221	0.999917	-24.1928	231325	0.999918	-24.1927	235283	0.999857	59.2218	329953	0	0	1
99	rs1	1:1	2:0.5205	rs2	1:2	2:0.2765	0	1000	0	1.31551e-47	6.78984	0.468448	2.89533e-45	6.63941	0.470242	0.999914	-25.4587	235285	0.999907	-25.4581	219442	0.99985	60.483	321736	0	0	1
100	rs1	1:1	2:0.523	rs2	1:2	2:0.2715	0	1000	0	9.38249e-42	6.78307	0.501055	2.35388e-41	7.15159	0.530934	0.999911	-25.1051	226340	0.50878	0.727977	1.10176	0.99988	34.1791	226340	0	0	1
101	rs1	1:1	2:0.52475	rs2	1:2	2:0.2705	0	1000	0	5.93234e-32	7.95454	0.676135	1.40963e-41	7.66222	0.567251	0.0639455	1.7026	0.919055	0.99992	-24.5977	245311	0.999891	33.6107	245311	0	0	1
102	rs1	1:1	2:0.52325	rs2	1:2	2:0.275	0	1000	0	1.09546e-41	7.43039	0.549333	8.79322e-38	7.62181	0.593216	0.999912	-24.9016	226350	0.517978	0.726103	1.12319	0.999879	34.4331	226350	0	0	1
103	rs1	1:1	2:0.5265	rs2	1:2	2:0.2725	0	1000	0	2.09206e-47	6.596	0.456077	2.14917e-49	6.97788	0.472302	0.999902	-25.4742	207354	0.823305	0.240015	1.07487	0.999866	34.9167	207354	0	0	1
104	rs1	1:1	2:0.52475	rs2	1:2	2:0.2785	0	1000	0	1.13487e-45	6.83176	0.481619	2.72109e-44	6.73751	0.482618	0.999909	-25.329	222814	0.999905	-25.329	213145	0.999845	59.9487	308345	0	0	1
105	rs1	1:1	2:0.5245	rs2	1:2	2:0.274	0	1000	0	2.16812e-18	9.3269	1.06615	2.05911e-27	8.65495	0.797906	0.127247	2.1632	1.41845	0.999918	-23.5071	230038	0.999886	32.9995	230038	0	0	1
106	rs1	1:1	2:0.52125	rs2	1:2	2:0.27525	0	1000	0	1.67077e-17	8.91111	1.04656	7.23233e-17	8.73996	1.04756	0.999926	-23.4898	251722	0.999919	-23.49	231319	0.999864	58.2016	341867	0	0	1
107	rs1	1:1	2:0.52575	rs2	1:2	2:0.27725	0	1000	0	3.93035e-27	8.31364	0.770651	1.00707e-32	7.79943	0.654674	0.225151	1.49165	1.22978	0.999912	-24.2113	219456	0.999879	33.3133	219456	0	0	1
108	rs1	1:1	2:0.5265	rs2	1:2	2:0.274	0	1000	0	1.34351e-41	6.43271	0.476103	5.70001e-41	6.80377	0.507578	0.999909	-25.1249	220523	0.549758	0.65883	1.1015	0.999878	33.6729	220523	0	0	1
109	rs1	1:1	2:0.522	rs2	1:2	2:0.27425	0	1000	0	5.42023e-41	7.12673	0.531524	6.09508e-40	7.04289	0.532447	0.999916	-25.1098	238004	0.999912	-25.1102	228768	0.999855	60.0181	330122	0	0	1
110	rs1	1:1	2:0.52325	rs2	1:2	2:0.27475	0	1000	0	2.12278e-33	8.0268	0.666537	3.09578e-37	7.67066	0.601595	0.339288	1.10855	1.16009	0.999913	-24.6056	225159	0.999879	34.0521	225159	0	0	1
111	rs1	1:1	2:0.5185	rs2	1:2	2:0.27425	0	1000	0	1.26937e-26	8.43492	0.789822	4.44974e-17	8.91529	1.06129	0.99993	-23.4695	266136	0.104617	2.30259	1.41884	0.999902	32.7266	266136	0	0	1
112	rs1	1:1	2:0.526	rs2	1:2	2:0.27075	0	1000	0	2.99118e-34	6.92886	0.567794	6.86893e-45	6.82811	0.485706	0.102145	1.4263	0.872599	0.999923	-24.8837	256850	0.999897	33.1123	256850	0	0	1
113	rs1	1:1	2:0.5245	rs2	1:2	2:0.272	0	1000	0	2.15433e-26	8.39794	0.79	3.21067e-27	8.52676	0.789048	0.999915	-24.1891	227541	0.99992	-24.1894	242337	0.999858	59.352	332418	0	0	1
114	rs1	1:1	2:0.523	rs2	1:2	2:0.27625	0	1000	0	7.74743e-38	7.41376	0.576583	5.22558e-32	7.60113	0.645508	0.999917	-24.6098	235260	0.374876	1.02912	1.15974	0.999886	33.68	235260	0	0	1
115	rs1	1:1	2:0.5255	rs2	1:2	2:0.27275	0	1000	0	2.94504e-36	7.20918	0.573353	6.13419e-42	7.14383	0.526491	0.527601	0.709428	1.1231	0.999917	-24.8982	238019	0.999886	33.9982	238019	0	0	1
116	rs1	1:1	2:0.524	rs2	1:2	2:0.2695	0	1000	0	2.25653e-37	6.72125	0.526118	7.33058e-41	6.99729	0.522744	0.999913	-25.0957	228788	0.999923	-25.0957	260435	0.999862	59.8035	346656	0	0	1
117	rs1	1:1	2:0.52425	rs2	1:2	2:0.2715	0	1000	1	9.98851e-47	6.47068	0.450778	2.59323e-52	6.58188	0.432441	0.056552	1.36297	0.714808	0.154739	1.17339	0.824595	3.38993e-11	7.0622	1.06542	0	0	1.01352e-12
118	rs1	1:1	2:0.522	rs2	1:2	2:0.273	0	1000	0	7.01518e-37	7.6357	0.60187	7.88819e-33	7.96003	0.667015	0.999916	-24.5944	232623	0.319966	1.1539	1.16025	0.999883	34.0066	232623	0	0	1
119	rs1	1:1	2:0.525	rs2	1:2	2:0.27425	0	1000	0	6.85061e-19	9.63643	1.08551	4.73871e-19	9.67899	1.08531	0.999916	-23.5122	222814	0.999918	-23.5121	227558	0.999852	59.0125	318478	0	0	1
120	rs1	1:1	2:0.5225	rs2	1:2	2:0.27525	0	1000	1	1.34899e-40	7.0346	0.527319	1.34899e-40	7.0346	0.527319	0.463699	0.823337	1.1236	0.463699	0.823337	1.1236	1.08824e-07	8.16914	1.53806	0	0	3.20847e-10
121	rs1	1:1	2:0.52475	rs2	1:2	2:0.27275	0	1000	0	2.56154e-36	7.40458	0.588377	3.55943e-33	7.84592	0.653835	0.999913	-24.6001	225152	0.302478	1.19663	1.1605	0.999881	33.7133	225152	0	0	1
122	rs1	1:1	2:0.52375	rs2	1:2	2:0.27725	0	1000	0	8.51551e-32	7.42089	0.632417	6.88331e-36	7.05031	0.563734	0.326206	1.13912	1.16026	0.999914	-24.6094	227557	0.999883	33.2594	227557	0	0	1
123	rs1	1:1	2:0.52475	rs2	1:2	2:0.27825	0	1000	0	9.57766e-39	7.49591	0.57578	1.3182e-37	7.39167	0.576712	0.999912	-24.917	225160	0.999907	-24.9165	214162	0.999847	59.7204	310745	0	0	1
124	rs1	1:1	2:0.52425	rs2	1:2	2:0.27775	0	1000	0	1.08732e-33	7.90743	0.653636	7.68612e-33	7.81111	0.654418	0.999914	-24.6194	228788	0.99991	-24.6194	218357	0.99985	59.5298	316266	0	0	1
125	rs1	1:1	2:0.522	rs2	1:2	2:0.27075	0	1000	0	1.02478e-25	8.29266	0.790994	8.79619e-18	9.10488	1.0601	0.999923	-23.4728	242335	0.0857046	2.43936	1.41947	0.999893	32.5896	242335	0	0	1
126	rs1	1:1	2:0.52075	rs2	1:2	2:0.27475	0	1000	0	1.04853e-37	7.52686	0.586448	2.57959e-42	6.98668	0.512516	0.0660892	1.60577	0.873739	0.999913	-24.8839	227556	0.999883	33.4198	227556	0	0	1
127	rs1	1:1	2:0.524	rs2	1:2	2:0.27675	0	1000	1	9.31931e-45	6.81691	0.485656	1.92578e-44	6.79518	0.485892	0.647508	0.503297	1.10076	0.661	0.482678	1.10067	2.19961e-08	8.49749	1.51862	0	0	1.82409e-12
128	rs1	1:1	2:0.5205	rs2	1:2	2:0.272	0	1000	0	9.70724e-40	7.093	0.537659	1.40088e-39	7.0801	0.53781	0.999917	-25.0942	242362	0.999917	-25.0943	240873	0.99986	60.1202	341701	0	0	1
129	rs1	1:1	2:0.519	rs2	1:2	2:0.271	0	1000	0	4.03945e-42	6.8018	0.500156	1.49242e-41	6.76102	0.500689	0.999919	-25.2697	248444	0.999917	-25.2693	243794	0.999862	60.2946	348080	0	0	1
130	rs1	1:1	2:0.5205	rs2	1:2	2:0.27025	0	1000	1	5.76485e-42	7.05081	0.519461	3.84322e-43	7.13886	0.518422	0.568098	0.628609	1.10117	0.518366	0.711496	1.10162	9.60705e-09	8.87481	1.5468	0	0	5.97582e-13
131	rs1	1:1	2:0.52175	rs2	1:2	2:0.28075	0	1000	0	2.84371e-27	8.24768	0.762437	7.2477e-25	7.87894	0.765147	0.999923	-24.2078	251729	0.999908	-24.2076	210190	0.999857	58.8315	327944	0	0	1
132	rs1	1:1	2:0.5215	rs2	1:2	2:0.2745	0	1000	0	1.26824e-32	7.72226	0.649244	3.18449e-36	7.32518	0.582865	0.300994	1.20031	1.1605	0.999915	-24.5961	230036	0.999883	33.604	230036	0	0	1
133	rs1	1:1	2:0.5215	rs2	1:2	2:0.27575	0	1000	0	3.7745e-27	8.51578	0.789117	2.58644e-26	8.38542	0.790091	0.999921	-24.1867	243829	0.999916	-24.1867	228788	0.999858	59.3495	334360	0	0	1
134	rs1	1:1	2:0.5235	rs2	1:2	2:0.271	0	1000	0	3.54682e-18	9.44573	1.08666	0.999536	32.4525	55811.3	1	1.44263e-08	246019	0.999729	25.8722	76170.9	0.999969	9.44573	246019	1	0	1
135	rs1	1:1	2:0.52375	rs2	1:2	2:0.2745	0	1000	0	5.28469e-33	8.20442	0.685582	2.23752e-33	8.24887	0.685224	0.999913	-24.6055	225143	0.999915	-24.6055	230041	0.999851	60.1034	321882	0	0	1
136	rs1	1:1	2:0.5235	rs2	1:2	2:0.27625	0	1000	0	1.31695e-43	6.60329	0.476858	6.32592e-43	6.55682	0.477404	0.999913	-25.3082	231340	0.999911	-25.3076	226356	0.999853	59.7739	323659	0	0	1
137	rs1	1:1	2:0.524	rs2	1:2	2:0.279	0	1000	0	3.55422e-18	9.12398	1.04967	0.999559	31.8753	57604.8	1	3.46094e-09	250304	0.999736	25.5878	77440.9	0.999971	9.12398	250304	1	0	1
138	rs1	1:1	2:0.5225	rs2	1:2	2:0.273	0	1000	0	2.16277e-26	9.28003	0.87301	2.52218e-26	9.26834	0.873088	0.999918	-24.1832	235267	0.999918	-24.183	233927	0.999854	60.5986	331771	0	0	1
139	rs1	1:1	2:0.52025	rs2	1:2	2:0.272	0	1000	0	2.40048e-36	7.40578	0.588233	1.20874e-31	7.66947	0.655258	0.99992	-24.5803	245314	0.295157	1.21489	1.16049	0.99989	33.6936	245314	0	0	1
140	rs1	1:1	2:0.524	rs2	1:2	2:0.275	0	1000	0	1.05666e-36	7.20405	0.569288	5.91751e-37	7.22703	0.56906	0.999913	-24.8974	228800	0.999914	-24.8971	231329	0.999854	59.5192	325365	0	0	1
141	rs1	1:1	2:0.5265	rs2	1:2	2:0.27575	0	1000	1	1.11972e-41	7.67122	0.567206	2.77185e-39	7.98377	0.608841	0.449982	0.875724	1.15922	0.0717227	1.65505	0.919025	1.00645e-08	8.14628	1.42178	0	0	8.49225e-09
142	rs1	1:1	2:0.5235	rs2	1:2	2:0.274	0	1000	0	1.59126e-40	7.09066	0.532012	2.162e-41	7.15962	0.531282	0.999911	-25.1193	225116	0.999914	-25.1192	232573	0.999852	60.0279	323679	0	0	1
143	rs1	1:1	2:0.52375	rs2	1:2	2:0.27025	0	1000	0	4.83978e-42	6.87223	0.505827	4.73865e-47	6.90974	0.479641	0.756401	0.336718	1.08545	0.999917	-25.2913	243838	0.999886	34.8209	243838	0	0	1
144	rs1	1:1	2:0.52425	rs2	1:2	2:0.26975	0	1000	0	8.21745e-38	6.93942	0.539884	9.63451e-38	7.45933	0.580889	0.999912	-24.872	226341	0.34256	1.06762	1.12485	0.999881	33.8402	226341	0	0	1
145	rs1	1:1	2:0.525	rs2	1:2	2:0.2755	0	1000	0	2.91361e-33	8.01495	0.667	3.42441e-27	8.44311	0.781735	0.999914	-24.2064	225147	0.233858	1.46385	1.22963	0.999881	33.5644	225147	0	0	1
146	rs1	1:1	2:0.522	rs2	1:2	2:0.2765	0	1000	0	5.26091e-27	8.29369	0.770719	1.11694e-31	7.6793	0.655723	0.186759	1.62433	1.23034	0.999913	-24.1962	221656	0.999881	33.1804	221656	0	0	1
147	rs1	1:1	2:0.5255	rs2	1:2	2:0.2765	0	1000	0	2.48449e-31	7.37284	0.63323	5.21329e-25	7.78027	0.75325	0.999917	-24.2012	233926	0.215268	1.52408	1.22988	0.999888	32.8107	233926	0	0	1
148	rs1	1:1	2:0.52075	rs2	1:2	2:0.27425	0	1000	0	4.37688e-39	6.81304	0.520939	3.81605e-35	7.01232	0.566898	0.99992	-24.8715	246907	0.404492	0.937061	1.12408	0.999891	33.6037	246907	0	0	1
149	rs1	1:1	2:0.5225	rs2	1:2	2:0.2785	0	1000	0	1.04207e-26	8.16061	0.76283	2.02532e-31	7.53819	0.646465	0.191834	1.60573	1.23028	0.999912	-24.2025	219450	0.99988	33.0168	219450	0	0	1
150	rs1	1:1	2:0.5225	rs2	1:2	2:0.2715	0	1000	0	5.63736e-26	8.25501	0.783192	1.85759e-26	8.33004	0.782596	0.999919	-24.1768	238014	0.999922	-24.1773	246891	0.999862	59.2063	342937	0	0	1
151	rs1	1:1	2:0.518	rs2	1:2	2:0.2755	0	1000	0	8.44023e-42	7.43364	0.548796	3.31912e-38	7.13528	0.552119	0.999922	-25.1006	255101	0.99991	-25.1006	221674	0.999857	60.4145	337958	0	0	1
152	rs1	1:1	2:0.526	rs2	1:2	2:0.2735	0	1000	1	4.00582e-46	6.6976	0.469748	1.15468e-48	6.86	0.467925	0.83797	0.221885	1.08506	0.730184	0.374464	1.08578	3.06276e-09	8.99147	1.51673	0	0	4.67349e-15
153	rs1	1:1	2:0.5225	rs2	1:2	2:0.2745	0	1000	0	3.39499e-33	8.22707	0.685374	8.16618e-33	8.18161	0.685748	0.999916	-24.6008	232612	0.999914	-24.6008	227555	0.999853	60.099	325407	0	0	1
154	rs1	1:1	2:0.5205	rs2	1:2	2:0.27325	0	1000	0	9.90577e-43	6.61863	0.483049	3.65435e-44	6.39758	0.458959	0.629363	0.524314	1.08638	0.999915	-25.2844	236617	0.999885	34.0947	236617	0	0	1
155	rs1	1:1	2:0.52075	rs2	1:2	2:0.274	0	1000	0	1.66848e-43	6.77918	0.490161	1.25294e-42	6.71786	0.490903	0.999915	-25.2915	238023	0.999913	-25.2915	231317	0.999856	60.0935	331907	0	0	1
156	rs1	1:1	2:0.522	rs2	1:2	2:0.27275	0	1000	0	6.22623e-36	7.3669	0.588673	3.44864e-32	7.73215	0.654689	0.999918	-24.5827	237969	0.281603	1.24974	1.16069	0.999887	33.6586	237969	0	0	1
157	rs1	1:1	2:0.52275	rs2	1:2	2:0.277	0	1000	0	7.21374e-39	7.64028	0.585896	6.15145e-41	7.27681	0.543097	0.485455	0.783701	1.1235	0.999908	-24.9085	215197	0.999873	34.2426	215197	0	0	1
158	rs1	1:1	2:0.5195	rs2	1:2	2:0.27025	0	1000	0	1.01758e-35	7.26646	0.582465	6.27183e-42	6.8705	0.506407	0.0569754	1.66364	0.873989	0.99992	-24.8624	248418	0.999893	33.2432	248418	0	0	1
159	rs1	1:1	2:0.526	rs2	1:2	2:0.2785	0	1000	0	3.3176e-34	7.96625	0.653256	1.69838e-33	7.88622	0.653864	0.999911	-24.6355	220537	0.999907	-24.6361	212148	0.999845	59.5463	306012	0	0	1
160	rs1	1:1	2:0.525	rs2	1:2	2:0.2755	0	1000	0	7.78034e-31	7.28524	0.631004	3.76294e-31	7.32074	0.630676	0.999916	-24.6055	232605	0.999917	-24.6054	236642	0.999858	58.9403	331820	0	0	1
161	rs1	1:1	2:0.52375	rs2	1:2	2:0.27325	0	1000	0	7.11583e-37	7.45469	0.587654	1.2818e-37	7.52447	0.586973	0.999913	-24.8895	227547	0.999916	-24.8897	235276	0.999854	59.9167	327310	0	0	1
162	rs1	1:1	2:0.521	rs2	1:2	2:0.27325	0	1000	0	2.82545e-40	7.21988	0.543458	1.12438e-36	7.43225	0.587548	0.999917	-24.8782	238006	0.438884	0.869881	1.12376	0.999885	34.1559	238006	0	0	1
163	rs1	1:1	2:0.5185	rs2	1:2	2:0.278	0	1000	1	5.24975e-34	7.93954	0.653071	6.76129e-35	7.26951	0.589886	0.0153821	2.44173	1.00763	0.262771	1.37654	1.2292	3.17839e-06	6.79315	1.45809	0	0	1.62153e-05
164	rs1	1:1	2:0.523	rs2	1:2	2:0.27675	0	1000	0	1.2573e-27	8.59023	0.788667	6.32805e-27	8.48143	0.789415	0.999917	-24.2051	232607	0.999912	-24.2053	220550	0.999852	59.3679	320544	0	0	1
165	rs1	1:1	2:0.521	rs2	1:2	2:0.277	0	1000	0	9.86271e-27	8.25157	0.770965	2.41529e-31	7.6404	0.656074	0.174446	1.67113	1.23053	0.999915	-24.1878	226331	0.999883	33.1338	226331	0	0	1
166	rs1	1:1	2:0.5235	rs2	1:2	2:0.27075	0	1000	0	6.11107e-25	7.92764	0.768652	3.60271e-32	7.67452	0.650012	0.201014	1.57273	1.22997	0.999924	-24.1759	255104	0.999896	33.1371	255104	0	0	1
167	rs1	1:1	2:0.53	rs2	1:2	2:0.2755	0	1000	0	1.0738e-26	8.30348	0.776387	4.39573e-28	8.51532	0.77501	0.999907	-24.2265	207362	0.999916	-24.2264	230036	0.999848	59.1378	309702	0	0	1
168	rs1	1:1	2:0.52275	rs2	1:2	2:0.27475	0	1000	1	9.87906e-47	6.67032	0.464661	1.49493e-46	6.6589	0.464796	0.737418	0.363996	1.08566	0.744848	0.3533	1.08561	6.66164e-09	8.77644	1.51338	0	0	1.50705e-14
169	rs1	1:1	2:0.5245	rs2	1:2	2:0.278	0	1000	0	1.49978e-32	7.57893	0.637945	4.08962e-25	7.84951	0.758245	0.999919	-24.2039	239409	0.243287	1.43459	1.22949	0.99989	33.0339	239409	0	0	1
170	rs1	1:1	2:0.5225	rs2	1:2	2:0.27575	0	1000	0	0.999539	32.2325	55850.3	0.99955	32.0837	56917.2	1	8.91728e-09	260023	1	8.72142e-09	238963	0.999919	35.0312	344735	1	0	1
171	rs1	1:1	2:0.524	rs2	1:2	2:0.276	0	1000	0	2.37016e-17	8.8422	1.04344	5.8433e-17	8.73684	1.04403	0.999923	-23.4997	242345	0.999919	-23.4996	230046	0.999861	58.1243	334144	0	0	1
172	rs1	1:1	2:0.52225	rs2	1:2	2:0.2735	0	1000	0	7.48622e-37	7.45438	0.587814	3.56046e-32	7.7314	0.654774	0.999918	-24.5921	238050	0.318942	1.15634	1.16025	0.999887	33.753	238050	0	0	1
173	rs1	1:1	2:0.52375	rs2	1:2	2:0.277	0	1000	0	5.47586e-39	6.59811	0.505163	5.97318e-35	6.81194	0.552308	0.999916	-24.8979	235272	0.46095	0.828453	1.12366	0.999887	33.3335	235272	0	0	1
174	rs1	1:1	2:0.52275	rs2	1:2	2:0.27525	0	1000	1	6.89817e-37	7.26871	0.572884	1.67938e-36	7.23322	0.573244	0.322545	1.14777	1.16025	0.337142	1.11348	1.16009	6.86291e-07	7.7587	1.56261	0	0	5.58081e-08
175	rs1	1:1	2:0.52475	rs2	1:2	2:0.27125	0	1000	0	4.79615e-25	7.99218	0.773167	1.97065e-26	8.20682	0.771419	0.999917	-24.178	231319	0.999925	-24.1778	256836	0.999864	58.9837	345649	0	0	1
176	rs1	1:1	2:0.53	rs2	1:2	2:0.277	0	1000	0	6.21737e-32	7.43975	0.632591	3.30543e-33	7.58138	0.631468	0.999906	-24.6409	210191	0.999913	-24.6409	225147	0.999847	59.0405	308012	0	0	1
177	rs1	1:1	2:0.52375	rs2	1:2	2:0.27325	0	1000	0	1.7133e-40	7.43635	0.558181	1.45784e-41	7.52628	0.557289	0.99991	-25.119	221674	0.999913	-25.119	231317	0.999849	60.6152	320385	0	0	1
178	rs1	1:1	2:0.5295	rs2	1:2	2:0.278	0	1000	0	1.76276e-31	7.33411	0.628326	9.15557e-26	7.85416	0.748407	0.99991	-24.2331	214164	0.245931	1.42669	1.2296	0.999878	32.7908	214164	0	0	1
179	rs1	1:1	2:0.52	rs2	1:2	2:0.27225	0	1000	0	3.91326e-36	7.38206	0.588154	1.02982e-35	7.34234	0.588592	0.99992	-24.8637	248461	0.999919	-24.864	243824	0.999863	59.8908	348113	0	0	1
180	rs1	1:1	2:0.52175	rs2	1:2	2:0.27175	0	1000	0	4.33178e-32	7.87527	0.667892	3.37882e-32	7.88785	0.667775	0.999919	-24.5828	240869	0.999919	-24.5825	242341	0.99986	59.7446	341682	0	0	1
181	rs1	1:1	2:0.5265	rs2	1:2	2:0.26875	0	1000	0	2.11719e-17	9.06162	1.06768	6.92219e-28	8.72851	0.797394	0.137208	2.10779	1.41817	0.999929	-23.4898	262288	0.999899	33.0548	262288	0	0	1
182	rs1	1:1	2:0.52375	rs2	1:2	2:0.27525	0	1000	0	1.73055e-16	8.54319	1.03687	6.29251e-25	7.82335	0.758747	0.10264	2.31607	1.419	0.999922	-23.4924	240880	0.999894	32.0846	240880	0	0	1
183	rs1	1:1	2:0.52375	rs2	1:2	2:0.2775	0	1000	0	3.88314e-40	6.71231	0.506159	6.29248e-39	6.61928	0.507195	0.999915	-25.1267	235256	0.999911	-25.1262	225139	0.999854	59.3988	325627	0	0	1
184	rs1	1:1	2:0.523	rs2	1:2	2:0.276	0	1000	0	2.93068e-36	7.04586	0.560346	1.79243e-35	6.97443	0.561088	0.999917	-24.8937	238035	0.999914	-24.8935	230062	0.999857	59.2924	331042	0	0	1
185	rs1	1:1	2:0.5235	rs2	1:2	2:0.2725	0	1000	0	1.2657e-36	7.43069	0.587857	2.1948e-37	7.50213	0.587144	0.999914	-24.8845	230036	0.999917	-24.8842	238006	0.999856	59.9111	331004	0	0	1
186	rs1	1:1	2:0.521	rs2	1:2	2:0.27775	0	1000	0	8.86123e-27	8.21346	0.766694	3.56384e-25	7.96662	0.76858	0.999923	-24.1937	250077	0.999913	-24.194	221672	0.999859	58.9044	334181	0	0	1
187	rs1	1:1	2:0.52225	rs2	1:2	2:0.2755	0	1000	0	9.18339e-34	8.29149	0.684598	5.57655e-40	7.68068	0.580371	0.0520156	1.78681	0.919611	0.999911	-24.6096	220570	0.999878	33.7096	220570	0	0	1
188	rs1	1:1	2:0.52075	rs2	1:2	2:0.2735	0	1000	0	5.75739e-39	6.71056	0.513923	5.72774e-44	6.34241	0.456052	0.0937516	1.41585	0.844816	0.999917	-25.0984	242341	0.999891	33.049	242341	0	0	1
189	rs1	1:1	2:0.521	rs2	1:2	2:0.27325	0	1000	0	9.16927e-33	8.05324	0.675535	6.31926e-32	7.95441	0.67643	0.99992	-24.5849	245348	0.999916	-24.5849	233930	0.999859	59.9008	338997	0	0	1
190	rs1	1:1	2:0.526	rs2	1:2	2:0.2755	0	1000	0	2.06966e-32	7.64712	0.645149	4.64378e-38	7.43462	0.576434	0.388017	1.00103	1.15965	0.999915	-24.6168	230041	0.999883	33.7076	230041	0	0	1
191	rs1	1:1	2:0.522	rs2	1:2	2:0.277	0	1000	0	1.57216e-18	9.30473	1.05923	1.38726e-17	9.05342	1.06059	0.999732	25.8591	76868.1	0.999734	25.6078	76868.1	0.999828	-16.5555	76868.1	0	0	1
192	rs1	1:1	2:0.524	rs2	1:2	2:0.2755	0	1000	1	1.37996e-31	7.46813	0.63867	1.37996e-31	7.46813	0.63867	0.206298	1.55447	1.22998	0.206298	1.55447	1.22998	8.75184e-06	7.16457	1.6115	0	0	1.21948e-05
193	rs1	1:1	2:0.52525	rs2	1:2	2:0.27325	0	1000	0	1.13066e-36	7.30188	0.577262	6.95635e-42	7.2017	0.531116	0.521727	0.71958	1.12314	0.999916	-24.8983	235299	0.999884	34.0834	235299	0	0	1
194	rs1	1:1	2:0.52425	rs2	1:2	2:0.27375	0	1000	0	1.36352e-32	7.85237	0.660519	2.78306e-33	7.9315	0.659848	0.999913	-24.6054	225133	0.999916	-24.6058	233936	0.999853	59.6337	324671	0	0	1
195	rs1	1:1	2:0.51975	rs2	1:2	2:0.27225	0	1000	1	2.18898e-48	6.11387	0.418272	1.58078e-46	6.22115	0.434359	0.737554	0.360327	1.0753	0.198583	1.04135	0.810013	4.22133e-09	7.77816	1.32388	0	0	2.4305e-14
196	rs1	1:1	2:0.5225	rs2	1:2	2:0.2715	0	1000	0	1.0359e-43	7.00288	0.505085	8.72607e-44	7.30297	0.526262	0.99991	-25.2881	225158	0.647773	0.496262	1.08625	0.999875	35.2213	225158	0	0	1
197	rs1	1:1	2:0.5235	rs2	1:2	2:0.27475	0	1000	0	1.83213e-36	7.18136	0.569443	2.4759e-36	7.16938	0.569567	0.999916	-24.8885	235266	0.999915	-24.8884	233917	0.999857	59.5102	331764	0	0	1
198	rs1	1:1	2:0.52025	rs2	1:2	2:0.272	0	1000	0	6.92373e-40	7.379	0.558261	3.78344e-42	7.18279	0.527985	0.539173	0.67634	1.10142	0.999916	-25.0958	238023	0.999883	34.8189	238023	0	0	1
199	rs1	1:1	2:0.5235	rs2	1:2	2:0.27975	0	1000	0	1.06798e-33	7.7451	0.64014	1.09473e-36	7.25436	0.57339	0.343108	1.09987	1.16015	0.999907	-24.6256	212156	0.999874	33.5218	212156	0	0	1
200	rs1	1:1	2:0.52725	rs2	1:2	2:0.27525	0	1000	0	3.29515e-44	6.96349	0.499293	3.35886e-43	7.30271	0.529947	0.999905	-25.1434	210204	0.638772	0.516765	1.10087	0.999869	34.3912	210204	0	0	1
201	rs1	1:1	2:0.52275	rs2	1:2	2:0.26925	0	1000	1	1.11254e-42	6.40404	0.467675	9.41181e-47	6.66488	0.464174	0.719551	0.389812	1.08565	0.560991	0.631952	1.087	2.00691e-08	8.49779	1.51438	0	0	8.49904e-14
202	rs1	1:1	2:0.5215	rs2	1:2	2:0.2725	0	1000	0	3.37472e-39	6.81624	0.520398	1.14479e-42	6.66985	0.48716	0.549947	0.658434	1.10135	0.999917	-25.1012	242325	0.999888	33.9607	242325	0	0	1
203	rs1	1:1	2:0.52	rs2	1:2	2:0.269	0	1000	0	5.10982e-44	6.37521	0.458142	2.06457e-45	6.70572	0.474139	0.999914	-25.4213	236640	0.638953	0.504855	1.07608	0.999883	34.6518	236640	0	0	1
204	rs1	1:1	2:0.5185	rs2	1:2	2:0.27425	0	1000	0	6.12225e-27	8.48245	0.789286	2.27448e-25	8.23607	0.791305	0.999926	-24.1696	262285	0.999917	-24.17	232617	0.999865	59.3326	350577	0	0	1
205	rs1	1:1	2:0.52675	rs2	1:2	2:0.27525	0	1000	0	2.03323e-27	8.65472	0.7978	5.93652e-28	8.7381	0.797257	0.999911	-24.214	217290	0.999915	-24.2139	226351	0.999849	59.5309	313767	0	0	1
206	rs1	1:1	2:0.521	rs2	1:2	2:0.27375	0	1000	0	7.53686e-49	6.52936	0.444494	4.37558e-50	6.38661	0.429177	0.942016	0.0775582	1.0663	0.999909	-25.5924	225145	0.999876	34.9442	225145	0	0	1
207	rs1	1:1	2:0.51975	rs2	1:2	2:0.27475	0	1000	1	1.60665e-44	7.24093	0.517289	2.92514e-44	6.92055	0.495912	0.105577	1.36683	0.844557	0.638041	0.517811	1.1007	1.47686e-09	8.31585	1.37523	0	0	1.34412e-12
208	rs1	1:1	2:0.51925	rs2	1:2	2:0.27225	0	1000	0	8.48617e-43	6.85214	0.499682	6.92054e-42	6.78682	0.500506	0.999918	-25.2774	245384	0.999915	-25.2776	238064	0.999859	60.3034	341888	0	0	1
209	rs1	1:1	2:0.52475	rs2	1:2	2:0.27575	0	1000	0	2.2505e-33	8.02615	0.666749	2.2505e-33	8.02615	0.666749	0.999913	-24.613	225157	0.999913	-24.6133	225151	0.99985	59.7749	318415	0	0	1
210	rs1	1:1	2:0.5215	rs2	1:2	2:0.27525	0	1000	0	1.5699e-41	7.32315	0.542467	1.60685e-36	7.41885	0.587794	0.999917	-24.8891	239421	0.49835	0.76056	1.12328	0.999886	34.2663	239421	0	0	1
211	rs1	1:1	2:0.52225	rs2	1:2	2:0.27175	0	1000	0	2.19758e-39	6.87691	0.52373	6.11992e-46	6.62333	0.465506	0.122966	1.30194	0.844073	0.999917	-25.1058	242374	0.99989	33.4041	242374	0	0	1
212	rs1	1:1	2:0.527	rs2	1:2	2:0.275	0	1000	0	1.1658e-17	8.98635	1.05027	5.4844e-18	9.07336	1.04982	0.999916	-23.5132	222815	0.999919	-23.5133	232621	0.999856	58.3203	322116	0	0	1
213	rs1	1:1	2:0.52325	rs2	1:2	2:0.27	0	1000	0	1.28803e-41	6.8441	0.506434	8.13941e-45	7.07526	0.503717	0.999909	-25.2903	221666	0.999918	-25.2901	246885	0.999855	60.4489	331795	0	0	1
214	rs1	1:1	2:0.51975	rs2	1:2	2:0.271	0	1000	0	1.46827e-38	7.73297	0.595483	1.37019e-40	7.56217	0.566915	0.552601	0.654019	1.10129	0.999916	-25.0942	238013	0.99988	35.7571	238013	0	0	1
215	rs1	1:1	2:0.524	rs2	1:2	2:0.28075	0	1000	1	4.09375e-50	6.77292	0.455001	2.04703e-49	6.45945	0.437115	0.239814	0.967992	0.823506	0.92199	0.106222	1.0847	7.22449e-10	8.19941	1.33084	0	0	2.96941e-14
216	rs1	1:1	2:0.5195	rs2	1:2	2:0.27325	0	1000	0	4.86313e-46	6.68937	0.469617	3.01584e-42	6.74546	0.495235	0.999917	-25.2861	242318	0.701278	0.416515	1.08582	0.999886	34.4894	242318	0	0	1
217	rs1	1:1	2:0.52275	rs2	1:2	2:0.26975	0	1000	0	1.41718e-37	6.73684	0.525851	2.82102e-40	6.95081	0.5232	0.999914	-25.0926	233961	0.999923	-25.0923	258622	0.999863	59.8005	348745	0	0	1
218	rs1	1:1	2:0.51875	rs2	1:2	2:0.27225	0	1000	1	9.02969e-36	7.27708	0.582872	3.45908e-35	7.2223	0.583502	0.252589	1.32834	1.16105	0.271757	1.2757	1.16075	1.16249e-06	7.62853	1.56903	0	0	9.01585e-08
219	rs1	1:1	2:0.52125	rs2	1:2	2:0.27025	0	1000	0	4.46464e-31	7.67457	0.661993	8.92914e-32	7.75568	0.661175	0.99992	-24.5705	245348	0.999923	-24.5705	255101	0.999866	59.5987	353938	0	0	1
220	rs1	1:1	2:0.521	rs2	1:2	2:0.27275	0	1000	0	3.34644e-40	7.4129	0.55852	4.4928e-37	7.6492	0.601282	0.999915	-24.8813	233954	0.446263	0.855882	1.12371	0.999882	34.4582	233954	0	0	1
221	rs1	1:1	2:0.52225	rs2	1:2	2:0.2735	0	1000	0	5.58555e-32	7.65102	0.650055	7.15749e-32	7.63875	0.65017	0.999918	-24.5909	239448	0.999918	-24.5909	238037	0.99986	59.3959	337634	0	0	1
222	rs1	1:1	2:0.52575	rs2	1:2	2:0.275	0	1000	0	8.2308e-36	7.00106	0.560433	4.21079e-44	6.68352	0.479821	0.0986577	1.44133	0.872795	0.999916	-24.9013	235286	0.999888	32.9557	235286	0	0	1
223	rs1	1:1	2:0.521	rs2	1:2	2:0.2755	0	1000	0	9.9832e-42	7.53757	0.556976	7.09871e-43	7.24177	0.527597	0.588795	0.595249	1.10112	0.999909	-25.1192	220549	0.999874	34.9001	220549	0	0	1
224	rs1	1:1	2:0.519	rs2	1:2	2:0.271	0	1000	0	3.61508e-47	6.09108	0.422266	1.9877e-48	6.15987	0.421229	0.999914	-25.6803	239436	0.999917	-25.6804	246881	0.999859	60.584	343918	0	0	1
225	rs1	1:1	2:0.5235	rs2	1:2	2:0.2755	0	1000	0	1.69449e-26	8.21749	0.771402	4.81468e-26	8.14769	0.771925	0.999919	-24.1939	238024	0.999916	-24.194	230053	0.999858	58.9999	331028	0	0	1
226	rs1	1:1	2:0.51975	rs2	1:2	2:0.27225	0	1000	0	4.69679e-40	7.19748	0.54333	1.98475e-39	7.14621	0.54392	0.999918	-25.0942	243794	0.999916	-25.0945	238014	0.999859	60.2539	340714	0	0	1
227	rs1	1:1	2:0.52225	rs2	1:2	2:0.27225	0	1000	0	5.60392e-32	7.86239	0.66803	1.64105e-32	7.92452	0.667458	0.999917	-24.5853	236652	0.99992	-24.5852	243832	0.99986	59.7473	339791	0	0	1
228	rs1	1:1	2:0.52425	rs2	1:2	2:0.2695	0	1000	0	1.57087e-42	6.39997	0.468236	3.14794e-45	6.89443	0.488508	0.999908	-25.2891	219451	0.566294	0.62342	1.08701	0.999876	34.1777	219451	0	0	1
229	rs1	1:1	2:0.52875	rs2	1:2	2:0.27525	0	1000	0	3.88944e-26	8.1146	0.767334	4.93622e-34	7.88646	0.648436	0.282662	1.3205	1.2291	0.999917	-24.2192	232612	0.999885	33.3895	232612	0	0	1
230	rs1	1:1	2:0.52125	rs2	1:2	2:0.27125	0	1000	0	1.48205e-35	7.26111	0.583439	1.055e-31	7.616	0.65005	0.999919	-24.5784	242330	0.270095	1.28021	1.16083	0.99989	33.5234	242330	0	0	1
231	rs1	1:1	2:0.52125	rs2	1:2	2:0.27775	0	1000	0	1.98338e-26	8.08206	0.759735	9.15999e-31	7.41772	0.643261	0.176992	1.66132	1.23054	0.999912	-24.1981	220558	0.999881	32.8817	220558	0	0	1
232	rs1	1:1	2:0.51925	rs2	1:2	2:0.27425	0	1000	0	4.55829e-41	7.2012	0.536564	4.58582e-39	7.03944	0.538397	0.999919	-25.102	246904	0.999912	-25.1026	228813	0.999857	60.1289	336626	0	0	1
233	rs1	1:1	2:0.52075	rs2	1:2	2:0.27175	0	1000	0	1.7615e-36	7.49445	0.594124	1.23675e-39	7.25709	0.55086	0.410034	0.926	1.12401	0.999918	-24.8706	240883	0.999887	34.2342	240883	0	0	1
234	rs1	1:1	2:0.51875	rs2	1:2	2:0.279	0	1000	0	1.32054e-46	7.20541	0.502641	1.47975e-41	6.84211	0.506671	0.999918	-25.307	246946	0.999903	-25.3063	208309	0.999851	60.4658	323071	0	0	1
235	rs1	1:1	2:0.524	rs2	1:2	2:0.27225	0	1000	0	1.99456e-36	7.70416	0.611223	5.78938e-38	7.8547	0.60981	0.999911	-24.8873	222814	0.999917	-24.8874	239444	0.999853	60.3848	327077	0	0	1
236	rs1	1:1	2:0.51775	rs2	1:2	2:0.273	0	1000	0	9.55321e-48	6.52683	0.449621	2.53302e-45	6.38114	0.451648	0.999918	-25.5655	248487	0.999912	-25.5654	232626	0.999858	60.7219	340383	0	0	1
237	rs1	1:1	2:0.52575	rs2	1:2	2:0.27375	0	1000	0	5.83858e-17	8.7369	1.04403	3.16874e-17	8.80836	1.04362	0.99992	-23.496	233930	0.999923	-23.496	242338	0.999862	58.1208	336825	0	0	1
238	rs1	1:1	2:0.531	rs2	1:2	2:0.2735	0	1000	0	1.86248e-32	7.83944	0.660881	2.49672e-28	8.55118	0.774681	0.999905	-24.2253	203766	0.215555	1.52327	1.23	0.999869	33.3872	203766	0	0	1
239	rs1	1:1	2:0.51975	rs2	1:2	2:0.27025	0	1000	0	2.04606e-48	6.10937	0.417833	7.88645e-48	6.45618	0.444352	0.999913	-25.5668	233923	0.229902	0.959641	0.799294	0.999884	34.0613	233923	0	0	1
240	rs1	1:1	2:0.51825	rs2	1:2	2:0.27325	0	1000	1	4.63648e-50	6.31136	0.424231	9.96755e-48	6.18328	0.426039	0.826276	0.234193	1.06704	0.912053	0.117783	1.0664	2.38281e-09	8.97715	1.50389	0	0	9.57813e-18
241	rs1	1:1	2:0.51775	rs2	1:2	2:0.2705	0	1000	0	1.26407e-45	6.8882	0.485857	7.7563e-45	6.83562	0.486538	0.999916	-25.561	242344	0.999914	-25.5608	236635	0.999854	61.9703	338713	0	0	1
242	rs1	1:1	2:0.527	rs2	1:2	2:0.27375	0	1000	1	9.05512e-32	7.57612	0.645932	2.93149e-33	7.74409	0.644486	0.253915	1.40258	1.22937	0.202741	1.56688	1.2301	3.9927e-06	7.44708	1.6148	0	0	6.9147e-06
243	rs1	1:1	2:0.5195	rs2	1:2	2:0.271	0	1000	1	8.47955e-42	7.28868	0.538108	8.47955e-42	7.28868	0.538108	0.537722	0.678758	1.10141	0.537722	0.678758	1.10141	3.88652e-09	9.26649	1.57354	0	0	1.56253e-13
244	rs1	1:1	2:0.52375	rs2	1:2	2:0.2735	0	1000	0	1.3949e-40	7.16434	0.537145	2.6639e-41	7.22214	0.536535	0.999911	-25.1165	226341	0.999914	-25.1165	232612	0.999852	60.1427	324560	0	0	1
245	rs1	1:1	2:0.5205	rs2	1:2	2:0.27425	0	1000	0	2.56416e-40	6.90353	0.519362	3.58407e-41	6.56489	0.488504	0.491234	0.758497	1.10191	0.999914	-25.1004	232605	0.999884	33.861	232605	0	0	1
246	rs1	1:1	2:0.52175	rs2	1:2	2:0.274	0	1000	0	6.37359e-37	7.38768	0.581977	1.15628e-36	7.36359	0.582222	0.999916	-24.8835	236655	0.999915	-24.8834	233961	0.999857	59.7928	332782	0	0	1
247	rs1	1:1	2:0.521	rs2	1:2	2:0.26925	0	1000	0	1.13109e-44	6.27546	0.447519	7.39201e-48	6.46483	0.444811	0.999912	-25.5633	232621	0.99992	-25.5627	253404	0.999859	60.5859	343985	0	0	1
248	rs1	1:1	2:0.52175	rs2	1:2	2:0.2715	0	1000	1	2.02047e-42	6.89909	0.50543	3.27252e-46	6.85378	0.480227	0.129058	1.28093	0.843925	0.529913	0.691927	1.10155	5.17602e-09	7.94607	1.3603	0	0	6.13313e-12
249	rs1	1:1	2:0.525	rs2	1:2	2:0.27075	0	1000	0	1.47167e-41	6.64004	0.491692	9.17661e-48	6.73659	0.463982	0.78128	0.301338	1.08531	0.999918	-25.2967	246907	0.999889	34.5	246907	0	0	1
250	rs1	1:1	2:0.5295	rs2	1:2	2:0.274	0	1000	0	4.12548e-40	6.94454	0.52385	3.99554e-43	7.17957	0.521485	0.999904	-25.1395	209240	0.999914	-25.1397	233940	0.999848	59.848	313862	0	0	1
251	rs1	1:1	2:0.525	rs2	1:2	2:0.27425	0	1000	0	5.11284e-37	7.33625	0.57714	7.21587e-38	7.41448	0.576393	0.999911	-24.9008	222814	0.999914	-24.9008	231317	0.999852	59.7049	321175	0	0	1
252	rs1	1:1	2:0.51875	rs2	1:2	2:0.275	0	1000	1	5.84079e-37	7.32756	0.57693	1.01932e-34	7.1191	0.579238	0.246776	1.34494	1.16122	0.323972	1.14427	1.16013	1.07408e-06	7.63724	1.56579	0	0	8.43495e-08
253	rs1	1:1	2:0.52625	rs2	1:2	2:0.27375	0	1000	0	1.77635e-39	6.80365	0.517516	3.16031e-37	7.16681	0.56215	0.999911	-24.8996	222814	0.443785	0.860654	1.12384	0.99988	33.6059	222814	0	0	1
254	rs1	1:1	2:0.522	rs2	1:2	2:0.27	0	1000	0	3.29402e-35	7.22263	0.583343	1.87464e-40	7.15374	0.537238	0.439839	0.868018	1.1237	0.999922	-24.8682	253296	0.999893	34.0397	253296	0	0	1
255	rs1	1:1	2:0.523	rs2	1:2	2:0.277	0	1000	1	9.83072e-39	7.62979	0.586153	2.38764e-37	7.50061	0.587326	0.349655	1.08494	1.16004	0.407803	0.959776	1.15948	1.52883e-07	8.24555	1.57086	0	0	1.38124e-08
256	rs1	1:1	2:0.52425	rs2	1:2	2:0.27375	0	1000	0	6.30222e-33	8.07538	0.675624	3.71564e-27	8.51568	0.789002	0.999916	-24.1964	228805	0.217168	1.51772	1.22982	0.999883	33.6439	228805	0	0	1
257	rs1	1:1	2:0.524	rs2	1:2	2:0.2775	0	1000	1	1.72721e-44	6.80371	0.486233	3.45482e-37	7.2015	0.565179	0.370376	1.03895	1.15984	0.00981475	2.12698	0.823679	4.8653e-07	6.67799	1.32722	0	0	3.55192e-07
258	rs1	1:1	2:0.5235	rs2	1:2	2:0.272	0	1000	0	1.2479e-39	7.01776	0.532721	3.85058e-41	7.13833	0.531385	0.999912	-25.1094	227561	0.999917	-25.1093	240878	0.999855	60.0179	331371	0	0	1
259	rs1	1:1	2:0.52525	rs2	1:2	2:0.2725	0	1000	1	6.21925e-42	6.61793	0.487769	5.37977e-45	6.83032	0.485266	0.656166	0.490004	1.10061	0.530686	0.690675	1.10163	4.33387e-08	8.32027	1.51922	0	0	4.55712e-12
260	rs1	1:1	2:0.5235	rs2	1:2	2:0.27725	0	1000	0	1.6353e-33	7.88708	0.653767	1.519e-32	7.77709	0.654684	0.999916	-24.6133	232605	0.999911	-24.6135	220541	0.999852	59.5241	320536	0	0	1
261	rs1	1:1	2:0.5235	rs2	1:2	2:0.27375	0	1000	0	5.57116e-49	5.65722	0.384587	4.59185e-51	5.75815	0.383082	0.99991	-25.8143	227568	0.999913	-25.8146	238025	0.999854	60.0816	329307	0	0	1
262	rs1	1:1	2:0.52075	rs2	1:2	2:0.27375	0	1000	0	2.2329e-40	7.07942	0.53218	8.83222e-36	7.21633	0.577924	0.999919	-24.8758	245346	0.443678	0.860754	1.1237	0.99989	33.9419	245346	0	0	1
263	rs1	1:1	2:0.52275	rs2	1:2	2:0.274	0	1000	0	1.60259e-30	7.27813	0.633808	1.23676e-30	7.29087	0.633682	0.999919	-24.5901	242341	0.99992	-24.5901	243850	0.999863	58.9901	343790	0	0	1
264	rs1	1:1	2:0.525	rs2	1:2	2:0.2735	0	1000	0	6.58801e-33	8.193	0.685676	1.81455e-33	8.25968	0.685139	0.999912	-24.6058	223984	0.999915	-24.6057	231324	0.999851	60.104	321993	0	0	1
265	rs1	1:1	2:0.5205	rs2	1:2	2:0.27475	0	1000	0	4.14908e-44	7.0287	0.504564	3.40186e-40	7.12967	0.537229	0.999915	-25.1105	236617	0.611813	0.558694	1.1009	0.999884	34.4654	236617	0	0	1
266	rs1	1:1	2:0.5165	rs2	1:2	2:0.274	0	1000	0	4.08388e-46	6.46478	0.453462	4.87986e-41	6.14549	0.458075	0.999924	-25.4286	266143	0.999912	-25.429	230025	0.999864	60.0477	351772	0	0	1
267	rs1	1:1	2:0.524	rs2	1:2	2:0.27675	0	1000	0	1.54856e-40	6.88633	0.516603	1.74288e-36	7.09994	0.562812	0.999914	-24.9006	230031	0.487344	0.780272	1.12344	0.999883	33.6861	230031	0	0	1
268	rs1	1:1	2:0.5265	rs2	1:2	2:0.2725	0	1000	0	2.02463e-32	8.01601	0.676165	5.80169e-28	8.64059	0.788211	0.99991	-24.2052	215185	0.202741	1.56688	1.2301	0.999875	33.5949	215185	0	0	1
269	rs1	1:1	2:0.52475	rs2	1:2	2:0.27675	0	1000	0	1.0328e-37	7.3456	0.572273	3.12634e-37	7.30165	0.572688	0.999913	-24.9058	227555	0.999911	-24.9058	222814	0.999851	59.6146	318476	0	0	1
270	rs1	1:1	2:0.52025	rs2	1:2	2:0.27275	0	1000	0	1.03514e-47	6.53309	0.450223	1.96045e-45	6.64383	0.469642	0.999914	-25.4444	235271	0.801758	0.269868	1.07486	0.999882	34.7533	235271	0	0	1
271	rs1	1:1	2:0.51925	rs2	1:2	2:0.27625	0	1000	0	2.62024e-37	7.21356	0.565169	7.52518e-34	6.89661	0.568661	0.999924	-24.8792	260442	0.999911	-24.8796	223951	0.999862	59.4205	343488	0	0	1
272	rs1	1:1	2:0.52375	rs2	1:2	2:0.2745	0	1000	0	8.41793e-37	7.25825	0.572764	2.13187e-40	7.02156	0.527693	0.456946	0.835869	1.12365	0.999915	-24.89	232651	0.999884	33.8722	232651	0	0	1
273	rs1	1:1	2:0.52075	rs2	1:2	2:0.272	0	1000	0	1.46184e-44	6.65993	0.475554	1.01035e-45	6.73583	0.474583	0.999913	-25.4383	232612	0.999916	-25.4383	240873	0.999856	60.596	334856	0	0	1
274	rs1	1:1	2:0.5215	rs2	1:2	2:0.27275	0	1000	0	5.03329e-40	7.11729	0.537487	3.5327e-40	7.1297	0.537347	0.999917	-25.1445	240674	0.999917	-25.1551	242453	0.999859	60.2241	341625	0	0	1
275	rs1	1:1	2:0.523	rs2	1:2	2:0.27325	0	1000	1	7.5892e-33	8.33772	0.698476	4.96495e-33	8.3602	0.698296	0.226938	1.4858	1.22967	0.220176	1.50777	1.22977	4.80945e-07	8.30832	1.65052	0	0	1.41894e-06
276	rs1	1:1	2:0.52025	rs2	1:2	2:0.27225	0	1000	0	4.80394e-42	6.73235	0.495511	2.04692e-42	6.75864	0.495175	0.999916	-25.2766	240868	0.999917	-25.2769	243826	0.99986	60.1841	342737	0	0	1
277	rs1	1:1	2:0.52425	rs2	1:2	2:0.27175	0	1000	0	9.27315e-26	8.15919	0.777562	1.54212e-17	8.95257	1.05029	0.999921	-23.4863	236635	0.0963387	2.35989	1.41917	0.999891	32.4462	236635	0	0	1
278	rs1	1:1	2:0.52675	rs2	1:2	2:0.2705	0	1000	0	3.00913e-30	7.40349	0.647804	1.1877e-26	8.15123	0.762818	0.999913	-24.1893	220558	0.154888	1.75104	1.23098	0.999881	32.8719	220558	0	0	1
279	rs1	1:1	2:0.51975	rs2	1:2	2:0.273	0	1000	0	1.53914e-46	6.10174	0.425966	1.32978e-45	6.04853	0.426738	0.999916	-25.574	243828	0.999914	-25.5728	238023	0.999859	60.0373	340745	0	0	1
280	rs1	1:1	2:0.52275	rs2	1:2	2:0.27225	0	1000	1	2.86322e-36	7.32657	0.582586	4.69577e-37	7.39975	0.581832	0.328611	1.13336	1.16014	0.299519	1.20397	1.16049	5.14365e-07	7.87352	1.56816	0	0	4.19883e-08
281	rs1	1:1	2:0.52175	rs2	1:2	2:0.27225	0	1000	0	1.42855e-17	8.99988	1.05474	3.82695e-32	7.88629	0.668236	0.0141712	3.01771	1.23027	0.999923	-23.4834	242327	0.999895	31.8922	242327	0	0	1
282	rs1	1:1	2:0.518	rs2	1:2	2:0.27125	0	1000	0	1.15822e-36	7.60367	0.60121	9.74608e-41	7.07596	0.529459	0.0495932	1.7168	0.874375	0.999917	-24.8617	239432	0.999888	33.596	239432	0	0	1
283	rs1	1:1	2:0.527	rs2	1:2	2:0.2735	0	1000	0	0.999553	32	57167.4	0.999542	32.1618	56002.7	1	2.68006e-08	234654	1	-1.61509e-07	257136	0.999918	34.9134	339497	1	0	1
284	rs1	1:1	2:0.5235	rs2	1:2	2:0.26725	0	1000	0	9.73112e-42	6.54773	0.483767	4.34207e-47	6.90397	0.47904	0.999909	-25.4312	222828	0.999923	-25.4312	262300	0.999859	60.7432	344171	0	0	1
285	rs1	1:1	2:0.5245	rs2	1:2	2:0.2745	0	1000	0	8.61863e-33	7.87546	0.660336	2.25503e-33	7.94214	0.65978	0.999912	-24.6093	223974	0.999915	-24.6095	231319	0.999852	59.6376	321982	0	0	1
286	rs1	1:1	2:0.5235	rs2	1:2	2:0.2725	0	1000	0	2.60851e-36	7.32771	0.582336	1.03665e-40	7.17615	0.53714	0.458385	0.833153	1.12359	0.999918	-24.8804	240862	0.999887	34.0745	240862	0	0	1
287	rs1	1:1	2:0.52125	rs2	1:2	2:0.27025	0	1000	1	3.95547e-44	6.49212	0.465931	2.39604e-50	6.40027	0.428936	0.0369285	1.49315	0.715605	0.614736	0.546877	1.08653	4.63716e-09	7.47142	1.27505	0	0	9.64862e-13
288	rs1	1:1	2:0.5185	rs2	1:2	2:0.27125	0	1000	0	3.37407e-36	7.46889	0.594516	2.37392e-35	7.38779	0.59542	0.999922	-24.8594	253394	0.999919	-24.8594	243808	0.999864	60.0201	351641	0	0	1
289	rs1	1:1	2:0.52075	rs2	1:2	2:0.27225	0	1000	0	1.93574e-36	7.49337	0.594389	2.63271e-36	7.48064	0.594523	0.999918	-24.8702	242338	0.999918	-24.8702	240874	0.99986	60.0309	341684	0	0	1
290	rs1	1:1	2:0.525	rs2	1:2	2:0.274	0	1000	0	3.40365e-43	6.82565	0.495362	3.85852e-38	7.3796	0.571536	0.999909	-24.9018	219442	0.0801796	1.52805	0.873351	0.999879	33.1784	219442	0	0	1
291	rs1	1:1	2:0.52275	rs2	1:2	2:0.2755	0	1000	1	7.49068e-38	7.72764	0.600873	2.2023e-37	7.6827	0.601288	0.344156	1.09738	1.16003	0.36353	1.05389	1.15983	1.07142e-07	8.40275	1.5812	0	0	9.61721e-09
292	rs1	1:1	2:0.52725	rs2	1:2	2:0.27825	0	1000	0	4.08489e-33	7.68405	0.640955	1.52027e-26	8.10089	0.759737	0.999911	-24.2281	218347	0.265574	1.36864	1.22934	0.999879	33.1731	218347	0	0	1
293	rs1	1:1	2:0.516	rs2	1:2	2:0.27325	0	1000	0	1.363e-47	6.67952	0.460914	3.97171e-42	6.56766	0.482895	0.999922	-25.423	260447	0.786102	0.291687	1.07485	0.999893	35.0196	260447	0	0	1
294	rs1	1:1	2:0.52425	rs2	1:2	2:0.27725	0	1000	0	8.45681e-28	8.53528	0.781038	1.48782e-37	7.70405	0.601524	0.0310188	2.17	1.0061	0.99991	-24.215	215188	0.999878	32.857	215188	0	0	1
295	rs1	1:1	2:0.52375	rs2	1:2	2:0.272	0	1000	0	0.999554	31.7213	56781.6	0.999549	31.7928	56281.1	1	4.02923e-09	253999	1	4.5274e-09	264569	0.999923	34.7128	358782	1	0	1
296	rs1	1:1	2:0.52725	rs2	1:2	2:0.27225	0	1000	0	4.9466e-35	7.00755	0.56747	9.69386e-38	7.25432	0.564946	0.999909	-24.8946	219452	0.99992	-24.8951	246918	0.999856	59.4367	330344	0	0	1
297	rs1	1:1	2:0.52475	rs2	1:2	2:0.27275	0	1000	0	2.60787e-17	8.89165	1.05066	9.13322e-27	8.31503	0.776377	0.121601	2.196	1.41852	0.999923	-23.4963	243830	0.999893	32.6103	243830	0	0	1
298	rs1	1:1	2:0.514	rs2	1:2	2:0.27325	0	1000	0	3.74296e-39	7.79344	0.595362	1.4227e-29	7.92457	0.701731	0.99993	-24.5598	280972	0.0432626	1.8589	0.919716	0.999904	33.8604	280972	0	0	1
299	rs1	1:1	2:0.5225	rs2	1:2	2:0.2705	0	1000	0	1.38425e-38	6.87157	0.528967	3.22065e-40	7.00154	0.527412	0.999915	-25.0957	235271	0.99992	-25.0957	250082	0.999861	59.8988	343356	0	0	1
300	rs1	1:1	2:0.5205	rs2	1:2	2:0.27225	0	1000	1	4.00017e-40	7.29546	0.550225	5.64568e-40	7.28304	0.550362	0.424768	0.897059	1.12389	0.430878	0.885225	1.12382	4.59435e-08	8.50142	1.55523	0	0	1.1614e-10
301	rs1	1:1	2:0.51825	rs2	1:2	2:0.27475	0	1000	1	1.02677e-49	6.72728	0.453814	3.6e-46	6.51244	0.456523	0.747883	0.345639	1.07531	0.891023	0.147188	1.07429	1.35216e-09	9.21234	1.51992	0	0	5.91487e-17
302	rs1	1:1	2:0.521	rs2	1:2	2:0.27075	0	1000	0	3.51209e-44	6.71789	0.481841	1.18404e-43	6.98697	0.504287	0.999913	-25.2831	231316	0.628567	0.525532	1.08638	0.999881	34.6324	231316	0	0	1
303	rs1	1:1	2:0.52475	rs2	1:2	2:0.26975	0	1000	0	9.01219e-25	7.94919	0.773546	1.9603e-26	8.207	0.7714	0.999917	-24.1745	231322	0.999926	-24.1748	262313	0.999865	58.9808	349740	0	0	1
304	rs1	1:1	2:0.52425	rs2	1:2	2:0.2775	0	1000	0	1.84396e-42	7.31685	0.535774	2.95133e-41	7.22055	0.536719	0.999911	-25.1346	226335	0.999907	-25.1342	216230	0.999847	60.161	313023	0	0	1
305	rs1	1:1	2:0.523	rs2	1:2	2:0.2745	0	1000	0	4.67761e-27	8.42179	0.781836	1.40959e-32	7.93522	0.667644	0.206657	1.55324	1.22998	0.999915	-24.195	227538	0.999883	33.4746	227538	0	0	1
306	rs1	1:1	2:0.52475	rs2	1:2	2:0.27975	0	1000	0	2.89433e-45	6.71827	0.475827	2.32285e-43	6.58915	0.477244	0.999911	-25.3254	227568	0.999906	-25.3254	214165	0.999847	59.7912	312497	0	0	1
307	rs1	1:1	2:0.51825	rs2	1:2	2:0.273	0	1000	0	4.4497e-37	7.65001	0.60131	4.76206e-35	7.45336	0.603422	0.999923	-24.8642	256842	0.999915	-24.8642	233930	0.999862	60.179	347407	0	0	1
308	rs1	1:1	2:0.52225	rs2	1:2	2:0.2745	0	1000	0	2.09697e-27	8.93145	0.823523	6.53382e-27	8.85141	0.824077	0.999918	-24.1904	236630	0.999915	-24.1902	227554	0.999854	59.9125	328291	0	0	1
309	rs1	1:1	2:0.52775	rs2	1:2	2:0.272	0	1000	0	6.78148e-40	7.38723	0.558818	1.93366e-43	7.68406	0.556014	0.999902	-25.134	205522	0.999915	-25.1337	236634	0.999846	60.6299	313425	0	0	1
310	rs1	1:1	2:0.52125	rs2	1:2	2:0.27525	0	1000	0	8.26854e-32	7.49246	0.638381	1.75774e-30	7.34221	0.639833	0.999922	-24.5909	250072	0.999916	-24.5913	232597	0.999862	59.1339	341522	0	0	1
311	rs1	1:1	2:0.52625	rs2	1:2	2:0.273	0	1000	0	2.33473e-25	7.99358	0.768191	3.05523e-33	7.79672	0.649051	0.243832	1.43287	1.22945	0.999922	-24.1952	246879	0.999892	33.2767	246879	0	0	1
312	rs1	1:1	2:0.525	rs2	1:2	2:0.27325	0	1000	0	1.7482e-48	6.57868	0.4496	4.88258e-52	6.56932	0.432794	0.965954	-0.0454903	1.06577	0.99991	-25.6038	226327	0.999876	35.201	226327	0	0	1
313	rs1	1:1	2:0.52625	rs2	1:2	2:0.275	0	1000	1	5.22909e-37	7.33582	0.577187	1.97824e-38	7.46641	0.57597	0.403024	0.969628	1.15952	0.344737	1.09611	1.1601	2.91706e-07	8.02386	1.56449	0	0	2.52764e-08
314	rs1	1:1	2:0.5265	rs2	1:2	2:0.27425	0	1000	0	2.40571e-37	7.50047	0.587342	6.02976e-39	7.64966	0.586001	0.999907	-24.9094	214155	0.999914	-24.9092	230039	0.999848	59.9362	314293	0	0	1
315	rs1	1:1	2:0.52225	rs2	1:2	2:0.276	0	1000	1	1.34494e-40	6.84704	0.513251	6.72784e-39	6.7152	0.514746	0.42124	0.904021	1.12402	0.488513	0.77814	1.12338	3.19527e-07	7.82227	1.53031	0	0	1.11716e-09
316	rs1	1:1	2:0.52275	rs2	1:2	2:0.28025	0	1000	0	1.18812e-51	6.43633	0.425672	3.28878e-49	6.07929	0.412281	0.935407	0.0864325	1.06648	0.999901	-25.6167	207363	0.999867	34.4503	207363	0	0	1
317	rs1	1:1	2:0.5205	rs2	1:2	2:0.27025	0	1000	0	8.1537e-44	6.69205	0.48207	3.44969e-43	6.95191	0.50456	0.999914	-25.2774	235282	0.60846	0.556597	1.08652	0.999883	34.6017	235282	0	0	1
318	rs1	1:1	2:0.52225	rs2	1:2	2:0.272	0	1000	1	1.73102e-52	5.83999	0.383032	1.7405e-55	6.11729	0.389858	0.811442	-0.251453	1.05402	0.43543	0.610515	0.782779	3.53884e-11	8.72166	1.31703	0	0	5.2975e-21
319	rs1	1:1	2:0.51925	rs2	1:2	2:0.278	0	1000	0	9.04884e-27	8.17082	0.762852	4.78931e-24	7.75013	0.766278	0.999928	-24.1867	268096	0.999912	-24.1867	218357	0.999864	58.8105	345768	0	0	1
