Outcome	Var1_ID	Var1_Pos	Var1_MAF	Var2_ID	Var2_Pos	Var2_MAF	Num_Missing	Num_Cases	Converged	Red_Var1_Pval	Red_Var1_beta	Red_Var1_SE	Red_Var2_Pval	Red_Var2_beta	Red_Var2_SE	Full_Var1_Pval	Full_Var1_beta	Full_Var1_SE	Full_Var2_Pval	Full_Var2_beta	Full_Var2_SE	Full_Var1_Var2_Pval	Full_Var1_Var2_beta	Full_Var1_Var2_SE	Red_Model_Pval	Full_Model_Pval	Overall_Pval_(LRT)
1	rs1	1:1	2:0.51725	rs2	1:2	2:0.271	0	1000	1	0.0619675	35.4283	15.0219	0.0644173	-5.68569	2.42776	0.0134037	49.9104	16.9951	0.0249395	-7.50031	2.76042	0.143186	120.327	61.03	0	0	0.142575
2	rs1	1:1	2:0.5225	rs2	1:2	2:0.28	0	1000	0	9.29782e-18	10.963	1.23788	0.0930113	-12.9252	5.93047	0.970364	1.74263	7.10435	0.328164	-5.53123	3.70525	1	-86.1273	174058	0	0	1
3	rs1	1:1	2:0.52125	rs2	1:2	2:0.275	0	1000	0	1.81274e-16	11.3104	1.32841	0.000210371	-17.6847	4.2976	1	-126.567	1.24709e+06	0.974372	1.33181	5.84457	1	-391.412	3.17048e+06	0	0	1
4	rs1	1:1	2:0.528	rs2	1:2	2:0.27675	0	1000	0	8.93831e-30	9.34369	0.807852	5.12222e-05	-15.4044	3.46549	0.888118	1.24955	2.5651	0.818592	2.62204	4.14406	1	-109.516	205730	0	0	1
5	rs1	1:1	2:0.52125	rs2	1:2	2:0.2715	0	1000	0	2.38445e-22	10.0766	1.00981	0.0192286	-12.2168	4.34579	1	-1.05276e+08	5.94096e+13	0.0194521	-7.13735	2.54264	1	-2.93001e+08	1.65347e+14	0	1	1
6	rs1	1:1	2:0.524	rs2	1:2	2:0.2725	0	1000	0	2.76999e-28	9.19547	0.816265	0.0422882	-6.71062	2.66797	1	-5.41728e+08	1.02562e+13	0.0297774	-5.80879	2.19114	1	-1.89869e+09	3.59469e+13	0	1	1
7	rs1	1:1	2:0.524	rs2	1:2	2:0.27575	0	1000	0	2.66531e-23	10.2776	1.00801	0.0338145	-12.2277	4.6982	0.933753	1.5071	4.07047	0.873221	2.60935	5.0112	1	-102.475	193660	0	0	1
8	rs1	1:1	2:0.5215	rs2	1:2	2:0.2685	0	1000	1	8.58155e-17	10.5973	1.23201	0.254897	-4.65836	2.81741	0.999979	-0.0767998	11.7774	0.907806	-1.60117	3.64046	0.709521	-58.2625	70.3271	0	0	0.000216319
9	rs1	1:1	2:0.521	rs2	1:2	2:0.274	0	1000	0	7.90278e-15	11.3929	1.41373	0.758964	-2.75736	3.71263	0.877987	1.6956	3.32378	0.806737	2.03293	3.10194	1	-113.828	224465	0	0	1
10	rs1	1:1	2:0.51925	rs2	1:2	2:0.273	0	1000	0	1.41952e-14	11.3033	1.41544	0.569729	-3.87294	3.65114	-nan	-2.58381e+26	0	-nan	2.97014e+11	0	-nan	-8.1542e+26	0	0	1	1
11	rs1	1:1	2:0.5215	rs2	1:2	2:0.2745	0	1000	0	8.47187e-15	11.3817	1.41386	0.754019	-2.791	3.71416	-nan	-1.68694e+17	0	-nan	-480.196	0	-nan	-5.60968e+17	0	0	1	1
12	rs1	1:1	2:0.52325	rs2	1:2	2:0.27425	0	1000	0	7.12296e-23	10.1876	1.00876	0.0266037	-12.2369	4.5436	1	-3.06707e+08	4.51266e+13	0.0165781	-7.18236	2.50829	1	-8.70563e+08	1.28088e+14	0	1	1
13	rs1	1:1	2:0.52675	rs2	1:2	2:0.2725	0	1000	0	6.1047e-17	10.5962	1.22625	7.32595e-06	-19.2117	3.95064	0.958186	1.39427	4.77037	0.257955	-5.88691	3.57608	1	-83.5376	171282	0	0	1
14	rs1	1:1	2:0.52025	rs2	1:2	2:0.2755	0	1000	0	2.30115e-25	9.84665	0.924406	0.00940075	-12.986	4.25053	1	-4.68751e+07	2.34302e+13	0.0124612	-7.48946	2.52897	1	-1.34684e+08	6.73207e+13	0	1	1
15	rs1	1:1	2:0.5235	rs2	1:2	2:0.27525	0	1000	0	1.26923e-38	8.2872	0.627315	0.000897853	-9.32848	2.49039	0.763102	1.08889	1.4808	0.771303	1.72151	2.3888	1	-124.866	242255	0	0	1
16	rs1	1:1	2:0.52125	rs2	1:2	2:0.2765	0	1000	1	1.12157e-29	9.5036	0.823076	0.0180199	-8.38103	2.95713	0.967965	1.15962	4.54423	0.718298	2.32972	2.8639	0.358783	-55.6025	38.8338	0	0	7.85291e-09
17	rs1	1:1	2:0.521	rs2	1:2	2:0.2735	0	1000	1	9.33722e-23	10.1806	1.01075	0.215562	-5.23515	2.98834	0.989311	0.854501	5.82856	0.652122	2.79806	3.02595	0.521024	-59.3675	51.9904	0	0	2.77843e-07
18	rs1	1:1	2:0.5245	rs2	1:2	2:0.27625	0	1000	1	1.25467e-37	8.65992	0.664308	3.61183e-05	-13.5783	3.00207	0.995286	0.55315	5.69023	0.255139	-4.66504	2.82243	0.365397	-47.0298	33.1431	0	0	6.50699e-08
19	rs1	1:1	2:0.5205	rs2	1:2	2:0.26975	0	1000	1	1.72079e-29	9.17696	0.79735	0.000321408	-13.0506	3.25395	0.835845	2.16368	3.61304	0.612073	-3.48866	3.52084	0.132546	-36.8595	18.3346	0	0	2.66112e-06
20	rs1	1:1	2:0.52475	rs2	1:2	2:0.2725	0	1000	1	2.4624e-26	9.43526	0.868836	0.000958537	-13.7581	3.69018	0.857325	2.51796	4.53795	0.019984	-7.39472	2.64339	0.220538	-30.4374	17.505	0	0	0.000281586
21	rs1	1:1	2:0.527	rs2	1:2	2:0.27725	0	1000	0	2.18932e-35	8.84082	0.699773	1.52709e-05	-14.8857	3.1608	0.8584	1.14496	2.07194	0.817933	2.10037	3.3129	1	-113.97	216159	0	0	1
22	rs1	1:1	2:0.52225	rs2	1:2	2:0.27125	0	1000	0	4.07891e-35	8.39045	0.66673	1.15915e-06	-14.8551	2.84126	0.872962	1.08393	2.07938	0.648332	-3.2615	3.50333	1	-104.384	209576	0	0	1
23	rs1	1:1	2:0.52075	rs2	1:2	2:0.27925	0	1000	1	0.404719	36.6257	27.2302	0.876703	1.87212	3.64933	0.37481	38.065	27.1708	0.905187	1.74282	3.9046	0.90244	55.2237	121.878	0	0	0.813272
24	rs1	1:1	2:0.52525	rs2	1:2	2:0.27275	0	1000	0	3.17691e-32	8.74158	0.725814	0.000363865	-11.3892	2.86187	0.856754	1.31752	2.36936	0.192871	-5.00653	2.75957	1	-102.924	213804	0	0	1
25	rs1	1:1	2:0.524	rs2	1:2	2:0.2755	0	1000	1	0.648774	36.3753	39.1032	0.648086	-3.32111	3.5658	0.49284	49.2776	41.4237	0.57112	-4.01025	3.78881	0.764459	99.2121	135.365	0	0	0.58259
26	rs1	1:1	2:0.51775	rs2	1:2	2:0.2715	0	1000	0	8.49663e-22	9.86595	1.00156	0.150082	-5.70741	2.93048	0.862448	1.35848	2.49711	0.858867	1.59705	2.8952	1	-115.516	226324	0	0	1
27	rs1	1:1	2:0.5205	rs2	1:2	2:0.27325	0	1000	0	1.99344e-26	9.36809	0.861109	0.00271839	-10.6268	3.09156	0.911425	1.41434	3.28391	0.134533	-5.59047	2.79109	1	-98.6859	205412	0	0	1
28	rs1	1:1	2:0.52275	rs2	1:2	2:0.27575	0	1000	1	5.99946e-28	9.5722	0.854929	4.39142e-12	-20.0992	2.77917	0.86652	1.56579	2.9251	0.723448	2.62969	3.26814	0.076723	-48.6272	21.4588	0	0	1.27644e-09
29	rs1	1:1	2:0.522	rs2	1:2	2:0.277	0	1000	0	1	35.8034	65610.3	0.839681	1.72493	2.91789	1	37.2687	624091	0.839681	1.72493	2.91789	1	4.91046	2.11148e+06	1	0	1
30	rs1	1:1	2:0.524	rs2	1:2	2:0.2725	0	1000	0	5.22324e-22	9.8745	0.997437	0.0588502	-7.44354	3.12723	0.883261	1.45218	2.91447	0.86816	1.91979	3.61032	1	-109.74	210932	0	0	1
31	rs1	1:1	2:0.52975	rs2	1:2	2:0.27225	0	1000	0	2.69031e-27	9.02925	0.816265	3.86414e-10	-18.5119	2.81168	0.88409	1.05422	2.12382	0.898934	1.9092	4.13588	1	-106.409	199655	0	0	1
32	rs1	1:1	2:0.52375	rs2	1:2	2:0.27275	0	1000	0	1.64822e-22	10.1103	1.00944	0.0217764	-12.2663	4.43379	0.935924	1.50318	4.13046	0.93904	1.64819	4.64705	1	-99.3852	189463	0	0	1
33	rs1	1:1	2:0.524	rs2	1:2	2:0.2715	0	1000	0	5.05911e-22	9.93089	1.00281	0.357682	-4.20903	2.93526	0.774191	1.4446	2.01914	0.748081	1.97095	2.58689	1	-121.232	241007	0	0	1
34	rs1	1:1	2:0.5255	rs2	1:2	2:0.2795	0	1000	0	1	34.8751	66205.4	0.356241	-5.34527	3.72035	1	35.4475	344654	0.356241	-5.34527	3.72035	1	1.41465	922359	1	0	1
35	rs1	1:1	2:0.519	rs2	1:2	2:0.27025	0	1000	1	6.52142e-22	9.99191	1.01159	0.136143	-5.80154	2.90509	0.979015	1.08662	5.27608	0.820568	1.76278	2.80295	0.486848	-55.498	46.2547	0	0	4.6506e-07
36	rs1	1:1	2:0.5225	rs2	1:2	2:0.27475	0	1000	0	8.36392e-23	10.0055	0.992297	0.000108425	-16.0425	3.75436	0.937014	1.3229	3.66743	0.943136	1.49487	4.36864	1	-100.661	190994	0	0	1
37	rs1	1:1	2:0.524	rs2	1:2	2:0.27425	0	1000	0	1.42e-22	10.0081	0.997757	1.15228e-06	-17.875	3.41812	0.931778	1.22706	3.26408	0.884155	2.55968	5.15823	1	-102.437	191789	0	0	1
38	rs1	1:1	2:0.52225	rs2	1:2	2:0.27075	0	1000	0	2.85328e-14	11.178	1.41533	0.357305	-5.22723	3.64346	0.977596	-3.39382e+12	1.59423e+13	0.0154164	-6.96727	2.4119	0.977596	-1.00764e+13	4.73334e+13	0	1	1
39	rs1	1:1	2:0.5215	rs2	1:2	2:0.27525	0	1000	1	0.0500586	37.4494	15.3025	0.862548	2.29395	4.2183	0.0419171	38.1924	15.1632	0.949307	1.76708	5.47827	0.782277	53.9792	77.0273	0	0	0.70763
40	rs1	1:1	2:0.52075	rs2	1:2	2:0.27725	0	1000	0	1	36.0663	65937.8	0.858667	1.75903	3.18643	1	35.67	355035	0.858667	1.75903	3.18643	1	-1.48797	1.17455e+06	1	0	1
41	rs1	1:1	2:0.52075	rs2	1:2	2:0.274	0	1000	0	2.80996e-40	8.34276	0.618168	2.00813e-05	-13.2133	2.84099	0.847084	1.06623	1.85071	0.864244	-1.96867	3.64443	1	-112.035	224442	0	0	1
42	rs1	1:1	2:0.52175	rs2	1:2	2:0.2775	0	1000	0	6.55596e-30	9.56828	0.82536	0.00602515	-12.4783	3.90258	0.909964	1.29157	2.97324	0.850565	2.12974	3.74326	1	-109.215	208195	0	0	1
43	rs1	1:1	2:0.52225	rs2	1:2	2:0.2735	0	1000	1	6.54873e-38	8.40906	0.64261	7.27911e-05	-10.8704	2.49019	0.996228	-0.776767	8.93407	0.417317	-3.74312	2.83129	0.523377	-56.4448	49.6027	0	0	4.3665e-09
44	rs1	1:1	2:0.521	rs2	1:2	2:0.27075	0	1000	1	2.57924e-14	11.5644	1.46189	0.361865	-5.21334	3.65638	0.634615	3.45821	3.62624	0.826879	2.31808	3.75946	0.366335	-43.8567	30.9463	0	0	0.000273586
45	rs1	1:1	2:0.523	rs2	1:2	2:0.273	0	1000	0	2.39957e-22	10.0758	1.00979	0.0195435	-12.3572	4.4048	1	-2.54716e+08	1.47032e+13	0.0150623	-7.34549	2.53578	1	-7.17685e+08	4.14275e+13	0	1	1
46	rs1	1:1	2:0.52175	rs2	1:2	2:0.274	0	1000	0	8.00577e-42	8.04914	0.585092	1.78395e-07	-14.9018	2.67305	0.840042	1.00967	1.71005	0.304531	-4.32327	2.80356	1	-109.512	223345	0	0	1
47	rs1	1:1	2:0.523	rs2	1:2	2:0.27475	0	1000	0	1.12947e-14	11.3518	1.41645	0.606637	2.31772	2.31813	0.894251	1.69989	3.59539	1	-47.6376	278927	1	115.115	308971	0	0	1
48	rs1	1:1	2:0.5215	rs2	1:2	2:0.2765	0	1000	0	4.22485e-25	9.65131	0.910958	0.0170037	-8.29264	2.90503	0.884865	1.40777	2.84622	0.767877	-2.61651	3.6	1	-107.429	214883	0	0	1
49	rs1	1:1	2:0.521	rs2	1:2	2:0.26975	0	1000	1	1.30529e-27	9.11758	0.819422	0.0516986	-6.22201	2.55623	0.9921	-2.33201	18.5162	0.765208	1.88156	2.57189	0.950251	-83.9195	262.688	0	0	1.5295e-09
50	rs1	1:1	2:0.52075	rs2	1:2	2:0.278	0	1000	1	0.398019	36.9537	27.2241	0.500993	-4.47649	3.80743	0.253193	51.3484	30.98	0.381712	-6.04948	4.35883	0.576107	107.41	102.276	0	0	0.428506
51	rs1	1:1	2:0.5235	rs2	1:2	2:0.275	0	1000	0	1.07e-14	11.3509	1.41514	0.607667	-3.6883	3.69523	0	-5.004e+14	1.58642e+13	0.778057	-7.37481	10.4097	0	-1.59929e+15	5.07024e+13	0	1	1
52	rs1	1:1	2:0.52325	rs2	1:2	2:0.27175	0	1000	0	2.92836e-24	9.47969	0.910603	6.56105e-07	-17.7168	3.32018	0.932523	1.19307	3.19179	0.383318	-4.79175	3.46015	1	-93.6037	188641	0	0	1
53	rs1	1:1	2:0.5235	rs2	1:2	2:0.28	0	1000	0	1.31395e-23	10.3422	1.00751	0.0397467	-12.2838	4.83657	1	-2.17589e+09	3.87426e+13	0.0244372	-7.08238	2.59945	1	-6.35326e+09	1.13123e+14	0	1	1
54	rs1	1:1	2:0.526	rs2	1:2	2:0.27125	0	1000	0	1.07751e-32	8.86108	0.730313	0.000262884	7.30976	1.80021	1	-535.463	2.85839e+06	0.71217	1.85248	2.24832	1	1169.23	5.71678e+06	0	0	1
55	rs1	1:1	2:0.528	rs2	1:2	2:0.27425	0	1000	0	3.70151e-29	9.24095	0.807594	3.68727e-05	-15.2693	3.37936	0.888752	1.24953	2.5728	0.841284	2.5368	4.31487	1	-107.969	203159	0	0	1
56	rs1	1:1	2:0.5215	rs2	1:2	2:0.272	0	1000	1	1.11494e-30	8.98642	0.765148	0.00260847	-8.73786	2.53319	0.999995	-0.023514	7.09267	0.911889	-1.55514	3.62078	0.502705	-55.9937	47.7428	0	0	3.42344e-08
57	rs1	1:1	2:0.52625	rs2	1:2	2:0.274	0	1000	0	3.32963e-17	10.7984	1.23962	0.0708743	-12.859	5.58892	1	-8113.35	2.94132e+13	0.00769626	-7.03431	2.25463	1	-20694.6	7.49416e+13	0	1	1
58	rs1	1:1	2:0.529	rs2	1:2	2:0.275	0	1000	1	4.08381e-32	9.18869	0.764263	0.00189913	-10.7834	3.04603	0.991862	0.758531	5.93336	0.826413	-2.2259	3.60462	0.333042	-48.3992	32.6384	0	0	1.65821e-07
59	rs1	1:1	2:0.5285	rs2	1:2	2:0.2705	0	1000	0	3.64301e-33	8.56361	0.700653	3.69589e-06	9.34935	1.86925	0.84792	1.15414	2.00928	1	-47.5152	297525	1	116.112	325886	0	0	1
60	rs1	1:1	2:0.5235	rs2	1:2	2:0.2715	0	1000	0	2.21735e-24	9.50461	0.910663	6.80831e-07	-17.6316	3.30852	1	-402490	1.86903e+13	0.00264951	-8.13834	2.36249	1	-1.12696e+06	5.23312e+13	0	1	1
61	rs1	1:1	2:0.52525	rs2	1:2	2:0.273	0	1000	0	6.91623e-29	9.72346	0.853848	0.00306186	8.30129	2.43971	0.840114	2.13438	3.61585	1	-59.7508	454361	1	127.388	480591	0	0	1
62	rs1	1:1	2:0.52225	rs2	1:2	2:0.2755	0	1000	0	2.88453e-15	11.6211	1.42018	0.219708	9.15153	5.25663	0.96705	1.82468	7.04878	1	-45.6293	321608	1	115.723	349044	0	0	1
63	rs1	1:1	2:0.52175	rs2	1:2	2:0.2735	0	1000	1	1.31939e-22	10.3765	1.03374	0.0502543	-8.63529	3.53084	0.707864	2.82795	3.40197	0.754773	2.54842	3.39736	0.19319	-45.1011	24.872	0	0	2.57735e-06
64	rs1	1:1	2:0.5175	rs2	1:2	2:0.27525	0	1000	1	6.17227e-29	9.36908	0.822008	0.0750603	-6.06071	2.6632	0.999772	-0.144985	6.78327	0.770345	1.63239	2.25973	0.497206	-63.7068	53.8902	0	0	1.50375e-09
65	rs1	1:1	2:0.52325	rs2	1:2	2:0.27775	0	1000	0	9.60487e-18	10.8292	1.22327	0.0742974	-8.01063	3.51311	0.999758	-7.29919e+11	3.32026e+13	0.00955557	-7.30941	2.39669	0.999758	-2.11703e+12	9.62997e+13	0	1	1
66	rs1	1:1	2:0.525	rs2	1:2	2:0.275	0	1000	1	6.78194e-22	10.4186	1.05522	2.92069e-08	-19.0614	3.23597	0.499548	3.01295	2.5573	0.954688	1.38954	4.56282	0.12734	-47.127	23.2127	0	0	2.70536e-06
67	rs1	1:1	2:0.52325	rs2	1:2	2:0.27325	0	1000	0	1.26864e-29	8.83842	0.766175	0.0159862	-6.91435	2.40405	0.740303	1.25365	1.61658	0.989957	-0.497433	3.50104	1	-122.903	243983	0	0	1
68	rs1	1:1	2:0.523	rs2	1:2	2:0.27475	0	1000	0	5.22533e-22	9.91549	1.00158	0.17919	-5.535	2.98487	0.841767	1.41265	2.40679	0.876743	1.40112	2.73167	1	-117.077	226437	0	0	1
69	rs1	1:1	2:0.52125	rs2	1:2	2:0.274	0	1000	0	1.00698e-33	8.85993	0.718738	0.000369989	-12.7264	3.20127	1	-280761	1.35909e+13	0.013579	-6.87268	2.34378	1	-891782	4.31674e+13	0	1	1
70	rs1	1:1	2:0.52425	rs2	1:2	2:0.2705	0	1000	1	4.24969e-22	10.1355	1.02165	0.061959	-7.30342	3.09663	0.901652	1.95997	4.30733	0.77961	2.29931	3.2585	0.318952	-49.2995	32.6106	0	0	1.14667e-06
71	rs1	1:1	2:0.5235	rs2	1:2	2:0.27625	0	1000	0	1	36.6167	65716.1	0.824402	2.59744	4.17969	1	35.974	346820	0.824402	2.59744	4.17969	1	-2.19817	1.09174e+06	1	0	1
72	rs1	1:1	2:0.52325	rs2	1:2	2:0.2715	0	1000	1	3.34364e-28	9.20991	0.818762	0.0247574	-7.16659	2.63498	0.997872	-0.576127	8.82679	0.765132	2.02036	2.76111	0.782274	-68.2221	97.3509	0	0	3.13932e-09
73	rs1	1:1	2:0.5215	rs2	1:2	2:0.27675	0	1000	0	2.14734e-23	10.2977	1.00788	0.034695	-12.2127	4.71033	1	-8.63698e+08	1.68897e+13	0.0260745	-7.0602	2.61424	1	-2.48584e+09	4.86108e+13	0	1	1
74	rs1	1:1	2:0.52325	rs2	1:2	2:0.27025	0	1000	0	0.999999	102.534	75617.5	0.999999	102.315	95183.2	1	-2.12808e-11	1.5534e+06	1	-3.65962e-10	489396	1	120.812	3.14485e+06	1	0	1
75	rs1	1:1	2:0.5205	rs2	1:2	2:0.2715	0	1000	1	2.09397e-28	9.30911	0.824537	0.00315241	-10.4023	3.06492	0.887185	1.839	3.75852	0.910523	1.31282	3.03206	0.315786	-48.5698	31.9886	0	0	6.66009e-08
76	rs1	1:1	2:0.52975	rs2	1:2	2:0.274	0	1000	1	4.4623e-38	8.45399	0.644601	2.65312e-08	-16.4389	2.78306	0.999348	-0.249403	6.90452	0.267089	-4.58036	2.81883	0.334736	-48.693	32.9125	0	0	4.35726e-09
77	rs1	1:1	2:0.52575	rs2	1:2	2:0.279	0	1000	0	2.31197e-15	11.6573	1.41991	0.234229	-11.7792	6.91354	0.965198	1.88214	7.07133	0.964009	1.46994	5.42897	1	-92.4214	175553	0	0	1
78	rs1	1:1	2:0.51775	rs2	1:2	2:0.27525	0	1000	0	3.11412e-34	8.73049	0.70283	0.00518656	-8.53952	2.63243	0.833862	1.08566	1.80101	0.662601	2.64994	2.92074	1	-123.875	238126	0	0	1
79	rs1	1:1	2:0.527	rs2	1:2	2:0.2765	0	1000	1	4.29035e-29	9.23017	0.807563	3.54419e-05	-15.2706	3.37311	1.6837e-14	6.46045	0.811174	0.000607929	-9.30233	2.41714	6.79685e-15	-12.8112	1.58605	0	0	1.65415e-05
80	rs1	1:1	2:0.51675	rs2	1:2	2:0.27	0	1000	0	1	35.3816	66177.7	0.786595	1.88134	2.71524	1	34.9753	350116	0.786595	1.88134	2.71524	1	-1.65356	1.26096e+06	1	0	1
81	rs1	1:1	2:0.5225	rs2	1:2	2:0.26875	0	1000	0	1.28429e-32	8.48291	0.69998	5.54528e-08	-15.7293	2.72104	0.875837	1.03892	2.0176	0.883261	1.86428	3.74155	1	-108.42	209522	0	0	1
82	rs1	1:1	2:0.5225	rs2	1:2	2:0.2715	0	1000	0	1.03014e-39	8.09202	0.603912	1.72418e-05	-11.9794	2.55772	0.809472	1.08429	1.66765	0.873568	-1.87486	3.6059	1	-113.057	226842	0	0	1
83	rs1	1:1	2:0.5205	rs2	1:2	2:0.27475	0	1000	0	2.72587e-17	10.7223	1.22765	0.321553	-4.3549	2.89097	0.847546	1.67843	2.91815	0.919259	-1.44361	3.51812	1	-113.215	232896	0	0	1
84	rs1	1:1	2:0.524	rs2	1:2	2:0.2745	0	1000	0	2.07137e-22	10.0089	1.0016	0.222599	-5.19681	2.998	1	-1.17741e+11	1.21831e+14	0.024682	-6.16697	2.26651	1	-4.06083e+11	4.20188e+14	0	1	1
85	rs1	1:1	2:0.51825	rs2	1:2	2:0.27	0	1000	1	1.07912e-14	11.3695	1.41765	0.844294	-2.14782	3.69158	0.986836	1.10668	6.79787	0.763016	2.05047	2.78788	0.645724	-58.6692	62.7285	0	0	8.27758e-05
86	rs1	1:1	2:0.52225	rs2	1:2	2:0.27175	0	1000	1	4.17956e-35	8.74616	0.695102	5.37558e-05	-13.1504	2.96568	0.968008	1.1166	4.37867	0.771252	-2.56384	3.55719	0.183767	-44.049	23.9306	0	0	4.02079e-08
87	rs1	1:1	2:0.524	rs2	1:2	2:0.274	0	1000	1	1.77875e-22	10.0988	1.00907	0.105885	-6.3554	2.99903	0.975926	1.19931	5.43251	0.830736	1.80407	2.96233	0.622816	-56.9491	58.5208	0	0	5.73746e-07
88	rs1	1:1	2:0.52025	rs2	1:2	2:0.27125	0	1000	0	8.54689e-29	9.1774	0.807215	2.64779e-05	-15.0248	3.27258	0.913688	1.16634	2.74503	0.89313	1.95019	4.10184	1	-105.649	202573	0	0	1
89	rs1	1:1	2:0.523	rs2	1:2	2:0.27425	0	1000	0	1.09668e-22	10.0592	1.00029	0.159728	3.4963	1.82541	0.845774	1.44596	2.49821	1	-48.5596	299596	1	116.136	328452	0	0	1
90	rs1	1:1	2:0.5205	rs2	1:2	2:0.274	0	1000	0	7.07338e-28	9.14131	0.817519	0.0548527	-6.38671	2.65052	0.800014	1.22353	1.83158	0.803454	1.64284	2.48326	1	-123.295	239026	0	0	1
91	rs1	1:1	2:0.523	rs2	1:2	2:0.27625	0	1000	0	5.56159e-15	11.466	1.41517	0.501991	-4.44638	3.78728	0.917154	1.74616	4.19866	0.816996	2.63038	4.13711	1	-107.788	207515	0	0	1
92	rs1	1:1	2:0.527	rs2	1:2	2:0.2725	0	1000	0	2.31484e-22	9.95957	0.99778	0.0762509	-7.12519	3.14051	0.86476	1.50848	2.79824	0.800652	2.53247	3.79778	1	-110.482	213781	0	0	1
93	rs1	1:1	2:0.5215	rs2	1:2	2:0.275	0	1000	0	1.26758e-30	8.93903	0.761822	0.00446932	-8.49736	2.58315	0.823585	1.25043	2.00699	0.91361	-1.52877	3.59633	1	-115.024	229464	0	0	1
94	rs1	1:1	2:0.5175	rs2	1:2	2:0.275	0	1000	0	4.71531e-18	10.3426	1.15784	0.0494619	-6.33629	2.58396	0.887327	1.61418	3.30124	0.326923	-4.23057	2.82916	1	-108.584	225472	0	0	1
95	rs1	1:1	2:0.52125	rs2	1:2	2:0.27175	0	1000	0	3.68003e-28	9.17355	0.816148	0.0370152	3.908	1.52201	0.795393	1.25872	1.86025	1	-49.1436	307079	1	116.455	335346	0	0	1
96	rs1	1:1	2:0.52425	rs2	1:2	2:0.27375	0	1000	0	0.999999	101.42	72442.6	0.999999	100.916	97131	1	-1.90319e-11	2.19567e+06	1	5.37228e-10	457662	1	120.812	4.4149e+06	1	0	1
97	rs1	1:1	2:0.52075	rs2	1:2	2:0.272	0	1000	1	4.31173e-15	11.7432	1.4438	0.933918	-1.38004	3.73209	0.531876	3.19896	2.84682	0.60447	2.44732	2.43903	0.114787	-45.0544	21.6534	0	0	0.000176959
98	rs1	1:1	2:0.52375	rs2	1:2	2:0.2745	0	1000	0	1.12129e-14	11.3188	1.41217	0.265043	-6.47513	3.97335	0.941067	1.79516	5.15047	0.954381	1.3037	4.26617	1	-98.7052	190863	0	0	1
99	rs1	1:1	2:0.5205	rs2	1:2	2:0.2765	0	1000	0	1.14257e-15	11.4292	1.3778	0.932834	-1.3472	3.61276	1	-4.7137e+08	1.82026e+13	0.342183	-3.90902	2.66915	1	-1.68014e+09	6.48808e+13	0	1	1
100	rs1	1:1	2:0.523	rs2	1:2	2:0.2715	0	1000	0	1.07158e-16	10.5332	1.22825	0.15231	-5.52171	2.84621	0.86545	1.70575	3.17292	0.772689	-2.55035	3.55122	1	-106.795	219146	0	0	1
101	rs1	1:1	2:0.52475	rs2	1:2	2:0.2705	0	1000	1	1.13218e-21	10.2465	1.04328	0.0812712	-6.65601	2.97074	0.433979	3.12196	2.41619	0.659119	2.94771	3.22834	0.151993	-45.5457	23.464	0	0	1.76375e-06
102	rs1	1:1	2:0.52325	rs2	1:2	2:0.275	0	1000	0	2.35831e-25	9.70286	0.911103	0.0208576	5.00344	1.79844	0.871765	1.45124	2.77007	0.804319	1.48248	2.2464	1	66.53	134960	0	0	1
103	rs1	1:1	2:0.5265	rs2	1:2	2:0.2725	0	1000	0	3.26079e-30	8.90123	0.763861	0.00763057	-7.72053	2.4724	0.759074	1.31597	1.77234	0.963771	-0.99824	3.67447	1	-117.016	236427	0	0	1
104	rs1	1:1	2:0.52475	rs2	1:2	2:0.2785	0	1000	0	4.73269e-23	10.1536	1.00139	0.304888	-4.72854	3.06788	0.825455	1.44674	2.33576	0.733821	2.13732	2.71663	1	-120.935	234246	0	0	1
105	rs1	1:1	2:0.5245	rs2	1:2	2:0.274	0	1000	0	2.26989e-14	11.9148	1.50312	0.261614	4.60402	2.81143	0.458156	4.11952	3.29711	1	-63.9893	448415	1	128.632	476743	0	0	1
106	rs1	1:1	2:0.52125	rs2	1:2	2:0.27525	0	1000	0	6.95821e-17	11.5289	1.33652	0.0973419	-12.6907	5.87946	1	-135.433	1.3858e+06	0.935828	2.56217	7.03495	1	-428.297	3.5626e+06	0	0	1
107	rs1	1:1	2:0.52575	rs2	1:2	2:0.27725	0	1000	1	1.61179e-28	9.64133	0.852214	4.09641e-11	-19.6945	2.8475	0.89099	1.51636	3.15604	0.70434	2.67249	3.19198	0.0906218	-49.3689	22.5287	0	0	1.34093e-09
108	rs1	1:1	2:0.5265	rs2	1:2	2:0.274	0	1000	0	2.5161e-30	8.86268	0.759105	0.00178881	-9.68803	2.72364	0.831803	1.30008	2.14219	0.810385	-2.35141	3.62617	1	-110.33	219128	0	0	1
109	rs1	1:1	2:0.522	rs2	1:2	2:0.27425	0	1000	0	7.07586e-35	8.77594	0.6998	0.00135745	-10.8125	2.97556	0.853454	1.1619	2.06389	0.746919	2.59762	3.40032	1	-116.608	223338	0	0	1
110	rs1	1:1	2:0.52325	rs2	1:2	2:0.27475	0	1000	1	1.06864e-34	9.16267	0.732561	0.000527662	-12.7758	3.2884	0.939658	1.39183	3.94492	0.700701	2.91042	3.45076	0.341365	-53.9073	36.7679	0	0	2.46564e-09
111	rs1	1:1	2:0.5185	rs2	1:2	2:0.27425	0	1000	0	4.80446e-17	10.5991	1.22266	0.000201455	-17.5884	4.26332	1	105.199	4.39153e+13	2.57927e-10	-15.5657	2.34245	1	251.916	1.1089e+14	0	1	1
112	rs1	1:1	2:0.526	rs2	1:2	2:0.27075	0	1000	1	1.35477e-27	9.44291	0.848915	0.0177781	-7.70057	2.71248	0.657936	2.32833	2.54451	0.687475	2.13815	2.46982	0.0555846	-46.045	19.1527	0	0	1.44189e-08
113	rs1	1:1	2:0.5245	rs2	1:2	2:0.272	0	1000	0	1.14373e-22	10.1439	1.00913	0.0239434	-12.216	4.47136	0.931871	1.52217	4.05197	0.894203	2.49833	5.28287	1	-100.272	190741	0	0	1
114	rs1	1:1	2:0.523	rs2	1:2	2:0.27625	0	1000	0	1.16595e-25	9.7165	0.906769	0.0139298	-9.72012	3.32471	0.90542	1.44396	3.23925	0.660332	-3.25856	3.57667	1	-102.611	206384	0	0	1
115	rs1	1:1	2:0.5255	rs2	1:2	2:0.27275	0	1000	0	6.43477e-15	11.567	1.43081	0.747025	1.71518	2.24574	0.97235	1.50587	6.35901	1	-53.0493	450832	1	120.857	473705	0	0	1
116	rs1	1:1	2:0.524	rs2	1:2	2:0.2695	0	1000	0	1.58875e-27	9.00265	0.81038	0.00543234	-9.08206	2.81207	0.848568	1.29217	2.25482	0.812185	2.39212	3.70858	1	-112.469	216563	0	0	1
117	rs1	1:1	2:0.52425	rs2	1:2	2:0.2715	0	1000	1	1.01388e-35	8.38734	0.6607	0.000147522	-9.13674	2.17523	0.747437	1.72736	2.26383	0.727393	-2.34229	2.93573	0.0315068	-43.3505	16.4852	0	0	3.23339e-09
118	rs1	1:1	2:0.522	rs2	1:2	2:0.273	0	1000	0	1	34.6221	66114	0.596088	-3.56051	3.50024	1	35.3532	334369	0.596088	-3.56051	3.50024	1	2.139	1.0318e+06	1	0	1
119	rs1	1:1	2:0.525	rs2	1:2	2:0.27425	0	1000	0	1	59.3729	157692	1	-45.1748	286638	1	37.1759	352301	1	-46.6803	417625	1	46.103	830684	1	0	1
120	rs1	1:1	2:0.5225	rs2	1:2	2:0.27525	0	1000	1	2.31729e-17	10.8259	1.23688	0.200716	-5.1741	2.88712	0.973824	1.48941	6.46654	0.869595	-1.8661	3.53003	0.442212	-48.1506	37.6921	0	0	0.000307073
121	rs1	1:1	2:0.52475	rs2	1:2	2:0.27275	0	1000	0	2.84305e-30	9.06108	0.776794	0.00065923	-13.0598	3.41219	0.895133	1.31751	2.799	0.556263	-3.77391	3.48447	1	-99.8088	201569	0	0	1
122	rs1	1:1	2:0.52375	rs2	1:2	2:0.27725	0	1000	1	4.13477e-15	11.7483	1.4435	0.681823	-3.26577	3.73147	0.843232	2.62467	4.4945	0.804407	1.87097	2.83578	0.330339	-47.9684	32.2286	0	0	0.000137849
123	rs1	1:1	2:0.52475	rs2	1:2	2:0.27825	0	1000	0	3.17393e-23	10.1608	0.998228	0.122986	-6.64455	3.24554	0.875871	1.47341	2.86181	0.805039	2.13823	3.24672	1	-113.571	218638	0	0	1
124	rs1	1:1	2:0.52425	rs2	1:2	2:0.27775	0	1000	0	2.54575e-23	10.1303	0.993123	0.0638456	-8.45449	3.60416	0.905935	1.48616	3.34348	0.902785	1.5672	3.46524	1	-107.635	206908	0	0	1
125	rs1	1:1	2:0.522	rs2	1:2	2:0.27075	0	1000	0	1.10052e-16	10.4801	1.2225	0.00018852	-17.3914	4.19923	0.967533	1.47768	5.75134	0.21289	-6.22824	3.54085	1	-82.1096	168655	0	0	1
126	rs1	1:1	2:0.52075	rs2	1:2	2:0.27475	0	1000	1	2.34194e-28	9.5521	0.846803	0.0230856	-7.60345	2.76955	0.543486	2.55609	2.31465	0.721887	1.91939	2.37747	0.0488668	-45.9507	18.7012	0	0	1.5142e-08
127	rs1	1:1	2:0.524	rs2	1:2	2:0.27675	0	1000	1	8.98461e-18	10.9134	1.23175	0.356503	-4.21332	2.93355	0.99923	0.391122	9.96482	0.958409	-1.04196	3.57472	0.641172	-57.7905	61.2952	0	0	0.00018756
128	rs1	1:1	2:0.5205	rs2	1:2	2:0.272	0	1000	0	4.72742e-22	9.91122	1.00013	0.108582	-6.31015	2.9945	0.869171	1.40903	2.66078	0.833095	1.95319	3.23199	1	-113.269	220702	0	0	1
129	rs1	1:1	2:0.519	rs2	1:2	2:0.271	0	1000	0	6.65293e-22	9.89131	1.00161	0.161023	-5.61844	2.93986	0.853145	1.37937	2.4474	0.749833	2.49985	3.29438	1	-116.649	227590	0	0	1
130	rs1	1:1	2:0.5205	rs2	1:2	2:0.27025	0	1000	1	4.40998e-17	10.7095	1.234	0.225141	2.91152	1.68602	0.992471	0.944164	7.67975	0.898148	1.01211	2.18357	0.609712	31.5155	31.6816	0	0	0.000254968
131	rs1	1:1	2:0.52175	rs2	1:2	2:0.28075	0	1000	0	1.17725e-23	10.2083	0.993425	0.000143834	-16.4889	3.91996	0.941193	1.29272	3.71302	0.921808	1.64223	4.06963	1	-104.019	194932	0	0	1
132	rs1	1:1	2:0.5215	rs2	1:2	2:0.2745	0	1000	1	5.73397e-15	11.6976	1.44443	0.645347	-3.48651	3.72525	0.82167	2.69653	4.3023	0.694372	2.93474	3.43605	0.400258	-49.5775	36.6358	0	0	0.000132467
133	rs1	1:1	2:0.5215	rs2	1:2	2:0.27575	0	1000	0	6.33509e-23	10.1985	1.00868	0.027143	-12.2292	4.55334	0.940854	1.47508	4.22427	0.958605	1.20156	4.13223	1	-100.002	191639	0	0	1
134	rs1	1:1	2:0.5235	rs2	1:2	2:0.271	0	1000	0	1.5365e-11	12.4838	1.76905	2.85133e-07	13.5078	2.46042	1	-119.582	1.1182e+06	0.108859	6.16139	2.92558	1	274.877	2.23641e+06	0	0	1
135	rs1	1:1	2:0.52375	rs2	1:2	2:0.2745	0	1000	0	1.03053e-14	11.3556	1.41489	0.447462	-4.70017	3.70618	0.914102	1.77608	4.19061	0.932087	1.31416	3.504	1	-104.337	205464	0	0	1
136	rs1	1:1	2:0.5235	rs2	1:2	2:0.27625	0	1000	0	2.78456e-28	10.3348	0.917439	0.000886411	-5.88608	1.56995	0.862219	1.6425	3.01647	0.771796	2.04276	2.83807	1	-118.205	227059	0	0	1
137	rs1	1:1	2:0.524	rs2	1:2	2:0.279	0	1000	0	4.59935e-08	15.0671	2.59203	0.000156475	13.9879	3.34135	0.989967	1.54216	10.8595	0.155322	5.38837	2.79205	1	67.8672	134419	0	0	1
138	rs1	1:1	2:0.5225	rs2	1:2	2:0.273	0	1000	0	3.2268e-22	9.95036	1.0002	4.10578e-08	-18.6848	3.20363	0.933415	1.14186	3.07589	0.944145	1.48966	4.39371	1	-100.274	192827	0	0	1
139	rs1	1:1	2:0.52025	rs2	1:2	2:0.272	0	1000	0	1	34.6075	66379.9	0.578119	2.42978	2.32098	1	35.3531	352862	0.578119	2.42978	2.32098	1	-1.45112	719186	1	0	1
140	rs1	1:1	2:0.524	rs2	1:2	2:0.275	0	1000	0	1	36.1254	65527.1	0.839517	2.01989	3.41494	1	35.6607	328672	0.839517	2.01989	3.41494	1	-1.72331	1.07941e+06	1	0	1
141	rs1	1:1	2:0.5265	rs2	1:2	2:0.27575	0	1000	1	6.64385e-27	9.53976	0.86886	0.00372865	-9.16435	2.7404	0.993259	0.819424	7.04527	0.273077	-4.57369	2.83866	0.529166	-48.371	42.8733	0	0	8.51761e-06
142	rs1	1:1	2:0.5235	rs2	1:2	2:0.274	0	1000	0	1	35.8808	65422.6	0.811772	2.00753	3.10855	1	36.9402	491182	0.811772	2.00753	3.10855	1	3.46977	1.63821e+06	1	0	1
143	rs1	1:1	2:0.52375	rs2	1:2	2:0.27025	0	1000	0	1.03715e-33	8.68869	0.704983	0.0020966	5.13406	1.46182	0.994143	-0.973216	8.97898	1	-51.718	469252	1	123.794	490142	0	0	1
144	rs1	1:1	2:0.52425	rs2	1:2	2:0.26975	0	1000	0	9.4182e-34	8.4621	0.686163	2.94355e-05	-13.1987	2.88938	1	-1.19695e+06	2.96289e+13	0.00119118	-8.03004	2.18829	1	-3.70623e+06	9.1742e+13	0	1	1
145	rs1	1:1	2:0.525	rs2	1:2	2:0.2755	0	1000	0	2.09635e-25	9.6656	0.906664	6.40992e-05	-16.2769	3.70408	0.925754	1.33831	3.40707	0.46641	-4.33834	3.51265	1	-95.1812	192125	0	0	1
146	rs1	1:1	2:0.522	rs2	1:2	2:0.2765	0	1000	0	1.83188e-29	9.8672	0.857728	0.00539792	-12.5291	3.877	0.804201	2.25698	3.41884	0.999999	59.993	55344.2	0.999999	-426.633	398974	0	0	1
147	rs1	1:1	2:0.5255	rs2	1:2	2:0.2765	0	1000	0	1.15257e-24	9.56386	0.910884	7.50475e-07	-18.0358	3.39604	0.929066	1.20391	3.13843	0.430956	-4.57204	3.52374	1	-95.5424	189130	0	0	1
148	rs1	1:1	2:0.52075	rs2	1:2	2:0.27425	0	1000	0	1.20937e-16	10.5103	1.2276	0.0897265	-6.35819	2.89548	0.901048	1.66596	3.64941	0.64524	-3.28491	3.50918	1	-103.227	209486	0	0	1
149	rs1	1:1	2:0.5225	rs2	1:2	2:0.2785	0	1000	1	3.55431e-23	10.5146	1.03411	0.0708243	-8.34512	3.62656	0.71147	2.82992	3.42965	0.807331	1.91873	2.93272	0.150483	-44.6387	22.936	0	0	2.06988e-06
150	rs1	1:1	2:0.5225	rs2	1:2	2:0.2715	0	1000	0	1.47093e-14	11.2695	1.412	0.245258	-6.61462	3.94533	0.942609	1.77537	5.16378	0.899389	2.47011	5.36374	1	-99.25	190164	0	0	1
151	rs1	1:1	2:0.518	rs2	1:2	2:0.2755	0	1000	1	8.7159e-23	10.0807	1.00015	0.160174	-5.84315	3.05302	6.35296e-13	7.13609	0.952161	0.0959567	-5.94916	2.74773	2.06189e-14	-11.7495	1.48001	0	0	0.000434002
152	rs1	1:1	2:0.526	rs2	1:2	2:0.2735	0	1000	1	1.80631e-36	8.56214	0.667364	0.000705588	-9.38093	2.46245	0.991595	-2.40475	18.5082	0.972592	-0.871944	3.69849	0.81901	-72.4726	114.687	0	0	3.84213e-10
153	rs1	1:1	2:0.5225	rs2	1:2	2:0.2745	0	1000	0	5.01175e-23	10.0591	0.992622	0.0522166	-8.58748	3.534	0.908659	1.47563	3.37141	0.895356	1.73539	3.6909	1	-106.255	206320	0	0	1
154	rs1	1:1	2:0.5205	rs2	1:2	2:0.27325	0	1000	1	1.19076e-22	10.1389	1.00903	0.294741	-4.63452	2.96494	0.999075	0.304979	7.09022	0.708059	2.18209	2.62606	0.551447	-61.7525	56.5985	0	0	2.12625e-07
155	rs1	1:1	2:0.52075	rs2	1:2	2:0.274	0	1000	0	1	35.6926	65744.4	0.783935	2.01046	2.88133	1	35.2606	332832	0.783935	2.01046	2.88133	1	-1.7225	1.16872e+06	1	0	1
156	rs1	1:1	2:0.522	rs2	1:2	2:0.27275	0	1000	0	1.68022e-24	9.48046	0.906044	0.00586151	-10.1379	3.16212	1	-9.83321e+09	4.6549e+13	0.00252768	-7.97954	2.30726	1	-2.93089e+10	1.38744e+14	0	1	1
157	rs1	1:1	2:0.52275	rs2	1:2	2:0.277	0	1000	1	2.52571e-15	11.6956	1.42645	0.807292	-2.47778	3.78679	0.944792	1.86821	5.54339	0.661474	2.87478	3.16203	0.587884	-56.5145	54.8284	0	0	8.61271e-05
158	rs1	1:1	2:0.5195	rs2	1:2	2:0.27025	0	1000	0	0.163074	36.0344	18.9207	0.999284	-23.2851	615.298	0.163383	36.0325	18.9296	1	-51.5719	472736	1	50.5878	493942	0	0	1
159	rs1	1:1	2:0.526	rs2	1:2	2:0.2785	0	1000	0	1.12063e-23	10.2154	0.993653	0.0792311	-8.24213	3.66018	0.897399	1.51029	3.24581	0.793016	2.70732	3.97524	1	-109.821	209711	0	0	1
160	rs1	1:1	2:0.525	rs2	1:2	2:0.2755	0	1000	0	1.11995e-14	11.3441	1.4153	0.442865	-4.78933	3.75247	1	937.11	1.87403e+13	2.35893e-18	-15.5418	1.72499	1	2851.83	5.73153e+13	0	1	1
161	rs1	1:1	2:0.52375	rs2	1:2	2:0.27325	0	1000	0	2.03254e-22	9.97174	0.997697	0.075954	-7.14233	3.14568	0.879173	1.46674	2.89018	0.848489	1.99544	3.48102	1	-110.334	213943	0	0	1
162	rs1	1:1	2:0.521	rs2	1:2	2:0.27325	0	1000	0	4.8855e-17	10.6373	1.22735	0.122289	-5.96695	2.91062	1	-1.23399e+16	inf	1	-66.5447	inf	1	-3.91246e+16	inf	0	1	1
163	rs1	1:1	2:0.5185	rs2	1:2	2:0.278	0	1000	1	2.22549e-17	11.3137	1.29193	0.191274	-5.46623	3.00538	0.193447	4.34161	2.39524	0.949304	-1.23448	3.82696	0.0680877	-33.345	14.3842	0	0	0.00168453
164	rs1	1:1	2:0.523	rs2	1:2	2:0.27675	0	1000	0	1	36.9325	65886	0.895687	2.10927	4.49362	1	37.3325	347832	0.895687	2.10927	4.49362	1	1.07943	1.00465e+06	1	0	1
165	rs1	1:1	2:0.521	rs2	1:2	2:0.277	0	1000	1	9.47032e-23	10.4024	1.03292	0.0534498	-8.6113	3.55789	0.687067	2.89299	3.3391	0.854892	1.68123	3.00238	0.165924	-43.8615	23.1413	0	0	2.7358e-06
166	rs1	1:1	2:0.5235	rs2	1:2	2:0.27075	0	1000	1	2.94429e-22	10.2911	1.03349	0.0415234	-8.75264	3.46983	0.740729	2.73255	3.52701	0.720699	3.05608	3.77591	0.234142	-45.8386	26.9004	0	0	2.74664e-06
167	rs1	1:1	2:0.53	rs2	1:2	2:0.2755	0	1000	0	7.16632e-23	10.0256	0.992778	0.000117552	-16.0913	3.78255	0.917511	1.42312	3.42963	0.939259	1.51092	4.26794	1	-100.708	191334	0	0	1
168	rs1	1:1	2:0.52275	rs2	1:2	2:0.27475	0	1000	1	2.85099e-31	9.07526	0.765184	0.00864142	-7.70044	2.49804	0.994874	-1.16557	11.4969	0.978696	-0.745713	3.59333	0.674806	-65.5138	73.8651	0	0	1.07608e-08
169	rs1	1:1	2:0.5245	rs2	1:2	2:0.278	0	1000	0	8.2855e-25	9.63287	0.914722	2.87441e-09	-20.0441	3.19594	0.931343	1.03813	2.75245	0.47095	-4.35681	3.55022	1	-97.0572	190656	0	0	1
170	rs1	1:1	2:0.5225	rs2	1:2	2:0.27575	0	1000	0	0.999999	102.102	76491	0.999999	102.771	82410.5	1	6.2137e-12	1.09968e+06	1	-4.62632e-10	451846	1	120.812	2.24479e+06	1	0	1
171	rs1	1:1	2:0.524	rs2	1:2	2:0.276	0	1000	0	8.53904e-15	11.4005	1.41637	1.00462e-06	-20.6254	3.92442	1	-39336.8	2.70821e+13	0.0243491	-7.13724	2.61831	1	-101296	6.97225e+13	0	1	1
172	rs1	1:1	2:0.52225	rs2	1:2	2:0.2735	0	1000	0	1.10104e-30	9.11697	0.776193	0.000824997	-13.0656	3.46723	0.904268	1.28231	2.85835	0.585105	-3.63554	3.51145	1	-100.86	203195	0	0	1
173	rs1	1:1	2:0.52375	rs2	1:2	2:0.277	0	1000	0	0.952762	23.1147	74.3009	0.259305	-4.65893	2.8356	1	-1680.14	1.53458e+07	0.731525	-2.83838	3.5896	1	-5754.76	4.94978e+07	0	0	1
174	rs1	1:1	2:0.52275	rs2	1:2	2:0.27525	0	1000	1	2.69652e-25	9.82492	0.923657	0.0159304	-8.27812	2.87701	0.945144	1.61989	4.82239	0.839751	-2.12885	3.60203	0.244079	-44.3154	26.3869	0	0	4.76205e-06
175	rs1	1:1	2:0.52475	rs2	1:2	2:0.27125	0	1000	0	5.63992e-22	9.80621	0.991315	7.92201e-05	-15.7779	3.63055	0.932522	1.35005	3.61169	0.959309	1.34789	4.67624	1	-98.3111	186565	0	0	1
176	rs1	1:1	2:0.53	rs2	1:2	2:0.277	0	1000	0	3.53854e-23	10.0988	0.993183	0.0624919	-8.51467	3.61576	0.889126	1.54098	3.17858	0.818012	2.61423	4.12441	1	-108.689	205908	0	0	1
177	rs1	1:1	2:0.52375	rs2	1:2	2:0.27325	0	1000	0	2.36682e-22	9.98193	1.00024	0.134736	-6.02739	3.01036	0.850372	1.4654	2.5738	0.851287	1.68852	2.97556	1	-113.402	223516	0	0	1
178	rs1	1:1	2:0.5295	rs2	1:2	2:0.278	0	1000	0	1.74677e-17	10.7463	1.22329	0.0660607	-8.19561	3.51566	0.930118	1.80628	4.74536	0.49372	-4.24025	3.56895	1	-95.3177	192319	0	0	1
179	rs1	1:1	2:0.52	rs2	1:2	2:0.27225	0	1000	0	5.11707e-22	9.87516	0.997294	0.0564803	-7.43661	3.10189	0.896445	1.41005	3.0156	0.917284	1.38634	3.33621	1	-108.634	211057	0	0	1
180	rs1	1:1	2:0.52175	rs2	1:2	2:0.27175	0	1000	0	4.34874e-31	9.16417	0.77501	1.06737e-05	-15.3329	3.20443	1	-212.563	1.57121e+06	0.850276	2.50119	4.39152	1	-761.406	4.72461e+06	0	0	1
181	rs1	1:1	2:0.5265	rs2	1:2	2:0.26875	0	1000	0	2.89606e-21	10.5071	1.08039	0.01541	8.92441	3.08926	0.553815	3.42739	3.1527	1	-65.1229	507178	1	131.178	532674	0	0	1
182	rs1	1:1	2:0.52375	rs2	1:2	2:0.27525	0	1000	1	6.39493e-22	10.8673	1.1	0.0406158	-11.9215	4.70974	0.436417	3.78387	2.93835	0.755108	2.3435	3.12664	0.0648404	-38.8274	16.5989	0	0	1.16085e-05
183	rs1	1:1	2:0.52375	rs2	1:2	2:0.2775	0	1000	0	6.34594e-15	11.4135	1.41153	0.776173	-2.68078	3.76583	0.876481	1.69828	3.30727	0.840888	1.72269	2.92615	1	-115.382	223464	0	0	1
184	rs1	1:1	2:0.523	rs2	1:2	2:0.276	0	1000	0	1	36.1306	65662.9	0.838317	2.02693	3.41291	1	35.6654	342042	0.838317	2.02693	3.41291	1	-1.71779	1.12802e+06	1	0	1
185	rs1	1:1	2:0.5235	rs2	1:2	2:0.2725	0	1000	0	4.1517e-29	9.23099	0.807431	0.00677841	-10.0658	3.18499	0.874445	1.30506	2.51938	0.804168	2.53162	3.83449	1	-111.183	213460	0	0	1
186	rs1	1:1	2:0.521	rs2	1:2	2:0.27775	0	1000	0	1	36.8427	66153.3	0.918162	1.78803	4.3269	1	37.3216	397006	0.918162	1.78803	4.3269	1	1.32103	1.15071e+06	1	0	1
187	rs1	1:1	2:0.52225	rs2	1:2	2:0.2755	0	1000	1	2.17727e-22	10.3978	1.04104	0.112389	-6.35326	3.03863	0.376187	3.24502	2.32063	0.741152	2.11667	2.73466	0.11782	-44.782	21.6533	0	0	1.69419e-06
188	rs1	1:1	2:0.52075	rs2	1:2	2:0.2735	0	1000	1	1.11511e-15	11.7029	1.4103	0.910469	-1.53216	3.53751	0.527713	3.2136	2.84222	0.717491	1.84819	2.26812	0.111474	-44.2721	21.1349	0	0	0.000197066
189	rs1	1:1	2:0.521	rs2	1:2	2:0.27325	0	1000	0	2.92767e-29	9.25501	0.807377	3.49566e-05	-15.149	3.344	0.911275	1.17456	2.72476	0.879848	2.01188	3.97624	1	-106.959	204417	0	0	1
190	rs1	1:1	2:0.526	rs2	1:2	2:0.2755	0	1000	1	7.40583e-23	10.2587	1.01619	0.083808	-7.06581	3.17314	0.923677	1.82115	4.57025	0.805436	2.00182	3.04305	0.386075	-51.4543	37.295	0	0	8.81826e-07
191	rs1	1:1	2:0.522	rs2	1:2	2:0.277	0	1000	1	5.27142e-13	12.4456	1.65511	2.99625e-07	34.5074	6.29581	0.196387	4.95885	2.74842	0.0109608	9.77115	3.2522	0.0315278	41.2041	15.6705	0	0	0.000944778
192	rs1	1:1	2:0.524	rs2	1:2	2:0.2755	0	1000	1	2.8985e-31	9.41653	0.794052	0.00118373	-12.9489	3.5271	0.883645	1.95373	3.92794	0.775724	-2.57629	3.61492	0.121787	-39.5175	19.2574	0	0	1.08286e-06
193	rs1	1:1	2:0.52525	rs2	1:2	2:0.27325	0	1000	0	1.01275e-22	10.1718	1.01069	0.129321	-6.12144	3.02652	0.990333	0.855282	6.13601	0.999998	61.9293	33008.4	0.999998	-955.24	515576	0	0	1
194	rs1	1:1	2:0.52425	rs2	1:2	2:0.27375	0	1000	0	1	36.4504	65634.4	0.875543	2.01181	3.90203	1	35.9514	329907	0.875543	2.01181	3.90203	1	-1.73689	1.02313e+06	1	0	1
195	rs1	1:1	2:0.51975	rs2	1:2	2:0.27225	0	1000	1	8.03394e-37	8.30468	0.644134	0.000143758	-9.45894	2.24864	0.990457	-2.30232	16.6253	0.556697	-3.09334	2.858	0.738065	-67.4379	86.5266	0	0	9.09106e-10
196	rs1	1:1	2:0.5225	rs2	1:2	2:0.2715	0	1000	0	2.38224e-39	8.05835	0.604227	1.31794e-05	-11.955	2.52181	0.805091	1.09403	1.66144	0.846816	-2.01786	3.49918	1	-111.805	226616	0	0	1
197	rs1	1:1	2:0.5235	rs2	1:2	2:0.27475	0	1000	0	3.59326e-29	9.24164	0.807471	0.00715411	-10.1054	3.21493	0.880331	1.29042	2.55584	0.880658	1.6776	3.32754	1	-111.232	212663	0	0	1
198	rs1	1:1	2:0.52025	rs2	1:2	2:0.272	0	1000	1	2.69472e-28	9.24145	0.820168	0.0133624	-7.94099	2.70305	0.993374	0.62087	5.38434	0.849888	1.53737	2.69548	0.54418	-58.2707	52.8219	0	0	7.09995e-09
199	rs1	1:1	2:0.5235	rs2	1:2	2:0.27975	0	1000	1	2.12626e-15	11.8118	1.43695	0.711877	-3.11325	3.7762	0.848664	2.59158	4.52383	0.766254	2.1141	2.89717	0.385885	-49.8451	36.1193	0	0	0.00012505
200	rs1	1:1	2:0.52725	rs2	1:2	2:0.27525	0	1000	0	4.82718e-31	8.97295	0.759406	0.00324095	-9.31433	2.75098	0.817603	1.32982	2.09543	0.864579	-1.93946	3.59515	1	-111.217	222877	0	0	1
201	rs1	1:1	2:0.52275	rs2	1:2	2:0.26925	0	1000	1	7.19685e-30	8.86453	0.765185	0.00288028	-8.24524	2.41055	0.995206	-1.10677	11.2896	0.925194	-1.44029	3.65241	0.652191	-61.8432	66.8884	0	0	2.2129e-08
202	rs1	1:1	2:0.5215	rs2	1:2	2:0.2725	0	1000	1	0.838455	37.2934	62.8233	0.771892	2.13385	2.96534	0.798919	42.0303	62.7253	0.79171	2.08221	3.04657	0.951176	76.0225	240.269	0	0	0.839125
203	rs1	1:1	2:0.52	rs2	1:2	2:0.269	0	1000	0	1.37769e-28	8.64928	0.76359	0.00172266	-8.49368	2.38078	0.806851	1.23763	1.88905	0.847873	-2.02446	3.52386	1	-112.306	227840	0	0	1
204	rs1	1:1	2:0.5185	rs2	1:2	2:0.27425	0	1000	0	8.53484e-15	11.3666	1.41214	0.27279	-6.43109	3.98985	0.951531	1.70748	5.41669	0.93042	1.71818	4.52408	1	-99.8171	192316	0	0	1
205	rs1	1:1	2:0.52675	rs2	1:2	2:0.27525	0	1000	0	4.60948e-23	10.0697	0.992854	0.000122467	-16.1008	3.79339	0.923814	1.39232	3.49737	0.922562	1.75898	4.38103	1	-101.234	193117	0	0	1
206	rs1	1:1	2:0.521	rs2	1:2	2:0.27375	0	1000	0	0.94721	20.5945	62.5318	0.603787	2.66427	2.65227	0.998616	17.9291	340.599	0.786534	9.277	13.3869	0.850963	-2700.81	4753.85	0	1	1
207	rs1	1:1	2:0.51975	rs2	1:2	2:0.27475	0	1000	1	4.7016e-36	8.69645	0.681806	0.00062231	-9.48167	2.46763	0.809353	1.67798	2.57986	0.992223	-0.433419	3.46846	0.0752048	-47.2902	20.788	0	0	1.34765e-09
208	rs1	1:1	2:0.51925	rs2	1:2	2:0.27225	0	1000	0	1.16615e-14	11.3078	1.41165	0.811293	-2.39681	3.70609	0.866737	1.65558	3.09556	0.80204	1.96666	2.96084	1	-115.79	228909	0	0	1
209	rs1	1:1	2:0.52475	rs2	1:2	2:0.27575	0	1000	0	2.39789e-29	9.48366	0.82607	0.00456137	-12.4393	3.78861	1	-1.44895e+07	2.44151e+13	0.015682	-7.01592	2.43373	1	-4.42584e+07	7.45764e+13	0	1	1
210	rs1	1:1	2:0.5215	rs2	1:2	2:0.27525	0	1000	0	3.53813e-36	8.72441	0.682806	0.00016084	-13.1428	3.14442	0.874604	1.15753	2.2361	0.770231	-2.59709	3.59416	1	-107.831	215592	0	0	1
211	rs1	1:1	2:0.52225	rs2	1:2	2:0.27175	0	1000	1	5.58747e-15	11.6758	1.44116	0.910551	-1.62959	3.76427	0.592809	3.04576	2.97837	0.563991	2.95244	2.75865	0.191165	-47.6273	26.1814	0	0	0.000146081
212	rs1	1:1	2:0.527	rs2	1:2	2:0.275	0	1000	0	8.55468e-15	11.3922	1.41537	8.53116e-06	-19.4924	4.03443	1	-33174.5	3.68276e+13	0.100086	-6.57158	3.06287	1	-84998.3	9.43285e+13	0	1	1
213	rs1	1:1	2:0.52325	rs2	1:2	2:0.27	0	1000	0	1	59.1271	153460	1	-48.2791	277761	1	35.3371	309737	1	-49.9877	425784	1	49.5237	764341	1	0	1
214	rs1	1:1	2:0.51975	rs2	1:2	2:0.271	0	1000	1	4.98262e-27	10.4286	0.947555	0.000884853	-6.06828	1.61834	0.965485	1.55668	5.87326	0.80661	1.99945	3.04974	0.872504	-61.0505	116.892	0	0	4.42299e-05
215	rs1	1:1	2:0.524	rs2	1:2	2:0.28075	0	1000	1	3.46217e-26	10.0443	0.9276	0.201626	-4.80104	2.68274	0.905716	1.5696	3.52689	0.98843	0.458965	3.0084	0.164922	-52.6091	27.7099	0	0	6.52432e-07
216	rs1	1:1	2:0.5195	rs2	1:2	2:0.27325	0	1000	0	3.28554e-17	10.7008	1.2282	0.303903	2.60351	1.68686	0.857224	1.64859	2.97001	0.926094	0.850997	2.17165	1	65.9735	134690	0	0	1
217	rs1	1:1	2:0.52275	rs2	1:2	2:0.26975	0	1000	0	1.72436e-21	9.7798	1.00013	0.07871	-6.66977	2.95808	0.860869	1.4311	2.61445	0.809021	2.4031	3.69114	1	-112.234	217271	0	0	1
218	rs1	1:1	2:0.51875	rs2	1:2	2:0.27225	0	1000	1	0.687212	34.6581	40.0137	0.679241	-3.07058	3.49119	0.515265	46.526	40.4017	0.589493	-3.66663	3.56642	0.78785	92.9374	134.58	0	0	0.604311
219	rs1	1:1	2:0.52125	rs2	1:2	2:0.27025	0	1000	0	6.42771e-28	9.27012	0.828405	0.00171422	-12.5558	3.51804	0.913086	1.28342	3.00963	0.905638	1.88143	4.22572	1	-104.494	200014	0	0	1
220	rs1	1:1	2:0.521	rs2	1:2	2:0.27275	0	1000	0	1	34.6178	66065.5	0.732863	-2.79491	3.54499	1	35.2286	331225	0.732863	-2.79491	3.54499	1	1.84069	1.07274e+06	1	0	1
221	rs1	1:1	2:0.52225	rs2	1:2	2:0.2735	0	1000	0	1.27534e-14	11.3203	1.4152	0.425108	-4.86318	3.71807	0.920701	1.7342	4.26622	0.883822	1.98461	3.99325	1	-105.312	203803	0	0	1
222	rs1	1:1	2:0.52575	rs2	1:2	2:0.275	0	1000	1	5.45417e-23	10.2304	1.01036	0.150517	-6.09455	3.13165	0.00170251	4.66367	1.30602	0.79438	1.92667	2.83953	0.545402	-45.1375	40.9924	0	0	2.84644e-06
223	rs1	1:1	2:0.521	rs2	1:2	2:0.2755	0	1000	1	2.96427e-15	11.5413	1.411	0.838127	-2.20312	3.7072	0.977489	1.37592	6.44777	0.824569	1.61462	2.59954	0.682665	-58.5455	67.0021	0	0	8.83999e-05
224	rs1	1:1	2:0.519	rs2	1:2	2:0.271	0	1000	0	3.33694e-15	11.1693	1.36794	0.929001	-1.35616	3.53365	-nan	1.68869e+25	0	-nan	3.12125e+09	0	-nan	6.08659e+25	0	0	1	1
225	rs1	1:1	2:0.5235	rs2	1:2	2:0.2755	0	1000	0	6.12102e-23	10.0385	0.992521	0.000114542	-16.14	3.78856	0.935159	1.33082	3.63445	0.927564	1.73337	4.46979	1	-101.511	191550	0	0	1
226	rs1	1:1	2:0.51975	rs2	1:2	2:0.27225	0	1000	0	1.31048e-14	11.312	1.41476	0.710548	-3.04049	3.67785	0.883655	1.6761	3.36991	0.827017	1.97202	3.19963	1	-112.616	222181	0	0	1
227	rs1	1:1	2:0.52225	rs2	1:2	2:0.27225	0	1000	0	2.08344e-22	9.91016	0.991781	0.0352242	-8.92284	3.44924	0.911859	1.46413	3.40827	0.932867	1.40411	3.76632	1	-104.2	201724	0	0	1
228	rs1	1:1	2:0.52425	rs2	1:2	2:0.2695	0	1000	0	1.65845e-16	10.4762	1.22891	0.196184	-5.10106	2.82634	0.838173	1.71074	2.87912	0.834132	-2.17518	3.61165	1	-109.39	225085	0	0	1
229	rs1	1:1	2:0.52875	rs2	1:2	2:0.27525	0	1000	1	4.61874e-29	9.75358	0.853839	0.00373147	-12.5227	3.74489	0.849984	2.15272	3.77569	0.831063	1.93933	3.18782	0.228849	-47.3182	27.5526	0	0	1.50478e-07
230	rs1	1:1	2:0.52125	rs2	1:2	2:0.27125	0	1000	0	8.81583e-17	10.5435	1.2262	0.0573743	-7.18011	3.00312	0.920675	1.69837	4.17733	0.532138	-3.90642	3.47776	1	-98.2303	201862	0	0	1
231	rs1	1:1	2:0.52125	rs2	1:2	2:0.27775	0	1000	1	3.82557e-17	11.5448	1.32774	0.159616	-6.03597	3.15076	0.513764	3.71044	3.21497	0.878556	2.09872	4.12425	0.189013	-57.7182	31.6205	0	0	0.000283492
232	rs1	1:1	2:0.51925	rs2	1:2	2:0.27425	0	1000	0	1.80724e-17	10.877	1.23871	0.216002	-5.08284	2.90333	1	-396.506	3.31801e+06	0.806606	2.03251	3.10013	1	-1518.83	1.10486e+07	0	0	1
233	rs1	1:1	2:0.52075	rs2	1:2	2:0.27175	0	1000	1	1.07488e-28	9.33139	0.822219	0.00892698	-8.78504	2.85969	0.965675	1.18815	4.49541	0.771349	2.19737	3.04947	0.400023	-54.4532	40.2259	0	0	1.34683e-08
234	rs1	1:1	2:0.51875	rs2	1:2	2:0.279	0	1000	1	1.19419e-15	11.5619	1.3947	0.922886	-1.49391	3.72895	8.45828e-09	8.60655	1.41155	0.834985	-2.15907	3.59504	3.29869e-09	-11.0465	1.7675	0	0	0.0153623
235	rs1	1:1	2:0.524	rs2	1:2	2:0.27225	0	1000	0	3.64087e-22	9.91197	0.997555	0.0654719	-7.24858	3.10431	0.876737	1.48039	2.88615	0.909994	1.41595	3.26013	1	-108.44	212872	0	0	1
236	rs1	1:1	2:0.51775	rs2	1:2	2:0.273	0	1000	0	4.28072e-22	9.94288	1.00231	0.347435	-4.27972	2.94324	0.818462	1.3574	2.14447	0.840707	1.41457	2.40128	1	-121.543	240621	0	0	1
237	rs1	1:1	2:0.52575	rs2	1:2	2:0.27375	0	1000	0	1.62562e-14	11.2929	1.41715	2.16057e-07	-21.1134	3.81085	1	-2325.06	1.8104e+13	0.0184183	-7.1756	2.53873	1	-5939.17	4.60649e+13	0	1	1
238	rs1	1:1	2:0.531	rs2	1:2	2:0.2735	0	1000	0	8.18939e-26	9.50051	0.883898	2.19335e-09	-19.7717	3.13105	1	-280.318	1.58168e+06	0.458777	-4.36205	3.49425	1	-873.296	4.49435e+06	0	0	1
239	rs1	1:1	2:0.51975	rs2	1:2	2:0.27025	0	1000	0	2.66005e-30	8.54187	0.731926	0.000864526	-8.41268	2.23987	0.781484	1.22763	1.74819	0.452935	-3.55186	2.82212	1	-115.201	237320	0	0	1
240	rs1	1:1	2:0.51825	rs2	1:2	2:0.27325	0	1000	0	3.28401e-17	10.6881	1.22674	0.480487	-3.61418	2.98508	0.00635787	4.63463	1.45716	0.982757	-0.673681	3.61201	1	-110.78	248293	0	0	1
241	rs1	1:1	2:0.51775	rs2	1:2	2:0.2705	0	1000	0	8.16036e-28	9.13001	0.817443	0.050091	-6.35077	2.59533	0.800927	1.22441	1.83759	0.753304	1.97214	2.62005	1	-121.396	243354	0	0	1
242	rs1	1:1	2:0.527	rs2	1:2	2:0.27375	0	1000	1	1.20387e-31	9.21837	0.77253	1.43762e-05	-15.3933	3.25973	0.933922	1.53403	4.1487	0.741436	-2.79291	3.61065	0.146409	-41.2221	21.0286	0	0	2.48538e-07
243	rs1	1:1	2:0.5195	rs2	1:2	2:0.271	0	1000	1	2.29513e-30	8.93966	0.765182	0.00190956	-8.88777	2.51165	0.999299	0.234472	6.25869	0.887559	-1.76398	3.61156	0.531163	-55.0979	48.9807	0	0	4.28945e-08
244	rs1	1:1	2:0.52375	rs2	1:2	2:0.2735	0	1000	0	1.0091e-28	9.21023	0.811146	0.0130103	-8.55373	2.90265	0.846325	1.29908	2.24882	0.815063	2.007	3.13831	1	-114.72	222309	0	0	1
245	rs1	1:1	2:0.5205	rs2	1:2	2:0.27425	0	1000	1	6.50789e-35	8.89312	0.708767	0.00264039	-9.45615	2.74424	0.995787	0.463021	5.03904	0.696213	2.2894	2.69025	0.332599	-58.2233	39.2396	0	0	1.42372e-10
246	rs1	1:1	2:0.52175	rs2	1:2	2:0.274	0	1000	0	1	36.05	65827.4	0.878635	1.67951	3.3016	1	35.6598	340177	0.878635	1.67951	3.3016	1	-1.45472	1.10579e+06	1	0	1
247	rs1	1:1	2:0.521	rs2	1:2	2:0.26925	0	1000	0	5.61535e-27	8.98942	0.817596	0.0309605	-6.78139	2.57231	0.787738	1.24842	1.80726	0.793876	1.86143	2.7396	1	-119.908	235669	0	0	1
248	rs1	1:1	2:0.52175	rs2	1:2	2:0.2715	0	1000	1	2.93341e-24	9.72814	0.934483	0.04199	-6.43215	2.5544	0.767891	2.14797	2.95544	0.972606	-0.832827	3.53352	0.12356	-44.5605	21.7899	0	0	2.61404e-06
249	rs1	1:1	2:0.525	rs2	1:2	2:0.27075	0	1000	1	2.75718e-28	9.2252	0.818874	0.0270629	-7.09507	2.64066	0.996557	-0.835637	10.0615	0.680398	2.64292	3.01158	0.737725	-68.579	87.9241	0	0	2.6713e-09
250	rs1	1:1	2:0.5295	rs2	1:2	2:0.274	0	1000	0	1.75032e-38	8.25613	0.626118	3.73462e-08	-15.6884	2.68242	1	-2459.33	1.77284e+13	0.0113909	-6.76336	2.26076	1	-8204.77	5.8942e+13	0	1	1
251	rs1	1:1	2:0.525	rs2	1:2	2:0.27425	0	1000	0	9.08631e-15	11.3858	1.4159	0.631551	-3.56192	3.71526	0.886827	1.75546	3.58176	0.787477	2.57676	3.72763	1	-110.885	215553	0	0	1
252	rs1	1:1	2:0.51875	rs2	1:2	2:0.275	0	1000	1	2.40925e-17	10.9042	1.24646	0.142312	-5.79028	2.93223	0.851033	2.54019	4.47227	0.830935	-2.18381	3.58818	0.244209	-40.5888	24.1726	0	0	0.000509667
253	rs1	1:1	2:0.52625	rs2	1:2	2:0.27375	0	1000	0	1.9841e-35	8.64276	0.683675	0.000106892	8.25611	1.93063	0.858485	1.20145	2.17487	0.734051	1.76747	2.24768	1	66.6995	132709	0	0	1
254	rs1	1:1	2:0.522	rs2	1:2	2:0.27	0	1000	1	1.48459e-14	11.4428	1.43392	0.668773	-3.27212	3.64783	0.932852	1.9808	5.31258	0.73069	2.70558	3.41541	0.543089	-53.1043	48.0593	0	0	0.000110561
255	rs1	1:1	2:0.523	rs2	1:2	2:0.277	0	1000	1	2.47922e-33	9.23348	0.753522	0.000819788	-11.3316	3.00574	0.894052	1.73512	3.66627	0.759063	-2.66819	3.59341	0.301072	-52.2034	33.6914	0	0	2.81756e-07
256	rs1	1:1	2:0.52425	rs2	1:2	2:0.27375	0	1000	0	6.80632e-25	9.60968	0.910906	7.87282e-07	-17.8922	3.37472	0.926692	1.21893	3.12375	0.450385	-4.41924	3.49885	1	-95.0434	191825	0	0	1
257	rs1	1:1	2:0.524	rs2	1:2	2:0.2775	0	1000	1	1.30751e-18	10.2015	1.12412	0.00667718	-7.8654	2.48501	0.987439	1.27368	8.01071	0.065406	-5.85335	2.50632	0.499211	-43.4041	36.8221	0	0	0.000868675
258	rs1	1:1	2:0.5235	rs2	1:2	2:0.272	0	1000	0	4.24222e-22	9.9231	1.00023	0.115494	-6.24226	3.00433	0.854158	1.44871	2.58009	0.772417	2.51637	3.50151	1	-113.966	221169	0	0	1
259	rs1	1:1	2:0.52525	rs2	1:2	2:0.2725	0	1000	1	1.02173e-30	8.98242	0.764324	0.00281059	-8.69038	2.53538	0.998017	-0.593135	9.41464	0.909313	-1.55971	3.57699	0.563258	-58.3365	54.4456	0	0	3.07018e-08
260	rs1	1:1	2:0.5235	rs2	1:2	2:0.27725	0	1000	0	3.07103e-23	10.1106	0.992975	0.0602903	-8.50937	3.59036	0.908549	1.47528	3.36849	0.906133	1.55227	3.4961	1	-107.374	206438	0	0	1
261	rs1	1:1	2:0.5235	rs2	1:2	2:0.27375	0	1000	0	2.35221e-32	8.54291	0.707854	0.0145928	-7.09652	2.44063	1	-6.59326e+07	1.08399e+14	0.0587629	-5.00931	2.10399	1	-2.49232e+08	4.0976e+14	0	1	1
262	rs1	1:1	2:0.52075	rs2	1:2	2:0.27375	0	1000	0	2.77317e-31	8.97796	0.756831	0.00150033	-10.8803	3.01716	1	-2.66967e+08	1.24011e+13	0.00365701	-7.47314	2.23081	1	-8.51605e+08	3.95585e+13	0	1	1
263	rs1	1:1	2:0.52275	rs2	1:2	2:0.274	0	1000	0	1	36.348	65872.2	0.915162	1.6274	3.86481	1	35.9433	355259	0.915162	1.6274	3.86481	1	-1.40995	1.09696e+06	1	0	1
264	rs1	1:1	2:0.525	rs2	1:2	2:0.2735	0	1000	0	8.48918e-29	9.22314	0.811197	4.14776e-07	-16.7477	3.08922	0.894145	1.15027	2.4316	0.87452	2.02934	3.91884	1	-107.182	205142	0	0	1
265	rs1	1:1	2:0.5205	rs2	1:2	2:0.27475	0	1000	0	1	34.6565	65934.6	0.855654	-2.00483	3.5905	1	35.1136	330916	0.855654	-2.00483	3.5905	1	1.39602	1.12599e+06	1	0	1
266	rs1	1:1	2:0.5165	rs2	1:2	2:0.274	0	1000	0	1	59.3333	156356	1	-48.9184	283363	1	35.2256	368647	1	-50.0442	375469	1	49.5129	838841	1	0	1
267	rs1	1:1	2:0.524	rs2	1:2	2:0.27675	0	1000	0	3.50056e-17	10.6837	1.22726	0.142014	-5.83988	2.95575	7.61673e-17	-1.95809e+14	2.27274e+13	0.00135853	-7.28024	2.00362	7.61672e-17	-6.30651e+14	7.31995e+13	0	1	1
268	rs1	1:1	2:0.5265	rs2	1:2	2:0.2725	0	1000	0	3.52575e-17	10.6455	1.22299	0.0508022	-8.33565	3.41452	0.932247	1.80426	4.81665	0.433494	-4.49237	3.47447	1	-92.5671	191406	0	0	1
269	rs1	1:1	2:0.52475	rs2	1:2	2:0.27675	0	1000	0	1.00985e-29	9.33391	0.807744	0.010654	-9.89641	3.28358	0.873089	1.31165	2.51758	0.861027	1.75174	3.20218	1	-112.514	215400	0	0	1
270	rs1	1:1	2:0.52025	rs2	1:2	2:0.27275	0	1000	0	1.7087e-24	9.57921	0.915623	0.0630864	-6.09096	2.59096	0.811488	1.39002	2.15056	0.958048	-1.08043	3.69035	1	-116.947	236582	0	0	1
271	rs1	1:1	2:0.51925	rs2	1:2	2:0.27625	0	1000	0	5.96491e-15	11.4624	1.41624	0.661072	2.10835	2.31731	0.904642	1.65252	3.69117	1	-47.8909	282052	1	115.499	312131	0	0	1
272	rs1	1:1	2:0.52375	rs2	1:2	2:0.2745	0	1000	1	5.1817e-39	8.68336	0.653955	6.9017e-05	-12.8476	2.93492	0.991209	0.613512	4.61664	0.772107	1.98361	2.75803	0.292994	-55.7963	35.6092	0	0	5.96784e-11
273	rs1	1:1	2:0.52075	rs2	1:2	2:0.272	0	1000	0	8.00799e-15	11.231	1.39392	0.850457	-2.05349	3.60782	0.840026	1.67546	2.83754	0.8962	1.18375	2.52846	1	-116.41	232910	0	0	1
274	rs1	1:1	2:0.5215	rs2	1:2	2:0.27275	0	1000	0	4.20734e-22	9.92327	1.00016	0.113541	-6.25806	3.0001	0.864796	1.42406	2.64202	0.865432	1.64309	3.05613	1	-113.109	220779	0	0	1
275	rs1	1:1	2:0.523	rs2	1:2	2:0.27325	0	1000	1	2.37496e-25	9.82861	0.922969	0.00806167	-10.056	3.2386	0.851147	2.31017	4.06899	0.665978	-3.23185	3.58432	0.273194	-40.1584	24.9285	0	0	1.58574e-05
276	rs1	1:1	2:0.52025	rs2	1:2	2:0.27225	0	1000	0	1.60799e-14	11.2157	1.40723	0.761789	-2.68676	3.64218	0.864816	1.66713	3.09325	0.911602	1.17504	2.73116	1	-113.859	225677	0	0	1
277	rs1	1:1	2:0.52425	rs2	1:2	2:0.27175	0	1000	0	8.66623e-17	10.5635	1.22823	1.99862e-07	16.606	2.98971	0.963973	1.13647	4.19528	0.242976	4.77447	2.83833	1	66.7151	134419	0	0	1
278	rs1	1:1	2:0.52675	rs2	1:2	2:0.2705	0	1000	0	4.68183e-24	9.60838	0.926987	0.00448066	-13.0105	3.95606	0.928114	1.50841	3.90511	0.350887	-4.9714	3.43502	1	-91.7341	187185	0	0	1
279	rs1	1:1	2:0.51975	rs2	1:2	2:0.273	0	1000	0	1	35.5131	65725.8	0.672062	2.54689	2.85679	1	34.9803	334347	0.672062	2.54689	2.85679	1	-2.17824	1.23576e+06	1	0	1
280	rs1	1:1	2:0.52275	rs2	1:2	2:0.27225	0	1000	1	5.57096e-25	9.75359	0.922889	0.011929	-8.46353	2.84377	0.945829	1.6172	4.84561	0.804274	-2.38518	3.61378	0.26664	-43.9645	27.0393	0	0	5.59052e-06
281	rs1	1:1	2:0.52175	rs2	1:2	2:0.27225	0	1000	0	1.5989e-13	12.2993	1.60221	0.437697	-4.81058	3.74224	0.077261	5.11732	2.26131	1	59.7159	81143.4	1	-268.077	368840	0	0	1
282	rs1	1:1	2:0.518	rs2	1:2	2:0.27125	0	1000	1	8.10677e-15	11.6681	1.44845	0.786334	-2.5638	3.69765	0.355013	3.68204	2.55845	0.618193	2.93485	2.9924	0.178605	-44.4488	23.9472	0	0	0.000246092
283	rs1	1:1	2:0.527	rs2	1:2	2:0.2735	0	1000	0	0.999999	101.866	72351.1	0.999999	101.001	99834.3	1	3.22693e-11	2.19566e+06	1	9.96761e-10	449927	1	120.812	4.41411e+06	1	0	1
284	rs1	1:1	2:0.5235	rs2	1:2	2:0.26725	0	1000	0	1.10116e-36	8.0604	0.626376	6.42593e-05	6.28491	1.43042	0.774893	1.10098	1.54159	1	-49.0122	334460	1	116.691	360765	0	0	1
285	rs1	1:1	2:0.5245	rs2	1:2	2:0.2745	0	1000	0	1	36.3559	65580.9	0.898364	1.70981	3.69298	1	35.942	328159	0.898364	1.70981	3.69298	1	-1.47742	1.01965e+06	1	0	1
286	rs1	1:1	2:0.5235	rs2	1:2	2:0.2725	0	1000	0	8.63856e-34	8.86772	0.718645	0.000254951	-12.8047	3.14764	1	-95475.9	7.40461e+12	0.00844028	-7.3932	2.39245	1	-313451	2.43074e+13	0	1	1
287	rs1	1:1	2:0.52125	rs2	1:2	2:0.27025	0	1000	1	0.164447	35.0154	18.4283	0.990532	-0.511139	3.70554	0.112468	39.4599	18.8758	0.944137	-1.32103	3.89605	0.581891	83.9081	80.6307	0	0	0.528621
288	rs1	1:1	2:0.5185	rs2	1:2	2:0.27125	0	1000	0	1	36.3213	66258.5	0.815269	2.49416	3.90249	1	35.6917	364626	0.815269	2.49416	3.90249	1	-2.18351	1.16868e+06	1	0	1
289	rs1	1:1	2:0.52075	rs2	1:2	2:0.27225	0	1000	0	3.169e-22	9.92487	0.997452	0.0647923	-7.2843	3.11365	1	-6.27424e+09	3.69658e+13	0.0196748	-6.71541	2.39579	1	-1.97647e+10	1.16447e+14	0	1	1
290	rs1	1:1	2:0.525	rs2	1:2	2:0.274	0	1000	0	8.87806e-18	10.2573	1.15752	0.0244259	-7.15451	2.62576	1	-3.46051e+08	1.7077e+13	0.00145076	-7.72766	2.13741	1	-1.10557e+09	5.45579e+13	0	1	1
291	rs1	1:1	2:0.52275	rs2	1:2	2:0.2755	0	1000	0	8.47165e-26	9.69681	0.902425	0.010493	-10.0855	3.34072	1	-852734	8.88231e+12	0.00780523	-7.776	2.49596	1	-2.7259e+06	2.83935e+13	0	1	1
292	rs1	1:1	2:0.52725	rs2	1:2	2:0.27825	0	1000	0	3.75377e-27	9.89611	0.897077	0.00537809	-13.4194	4.15105	1	-292.223	2.19801e+06	0.527541	-4.03967	3.57191	1	-921.794	6.39134e+06	0	0	1
293	rs1	1:1	2:0.516	rs2	1:2	2:0.27325	0	1000	0	5.9572e-30	8.85758	0.763511	0.00487966	-7.99603	2.45072	0.831946	1.1801	1.94541	0.919222	-1.41827	3.45554	1	-116.349	234504	0	0	1
294	rs1	1:1	2:0.52425	rs2	1:2	2:0.27725	0	1000	1	1.29522e-33	9.50896	0.772669	0.000711943	-12.9119	3.39141	0.311402	3.07895	2.01564	0.52046	3.43301	3.00393	0.0218402	-44.4762	16.0825	0	0	8.20952e-09
295	rs1	1:1	2:0.52375	rs2	1:2	2:0.272	0	1000	0	0.999999	102.09	75182	0.999999	102.078	91439.6	1	3.83338e-12	1.55342e+06	1	-6.74939e-10	478187	1	120.812	3.14313e+06	1	0	1
296	rs1	1:1	2:0.52725	rs2	1:2	2:0.27225	0	1000	0	3.74682e-33	8.79129	0.719418	0.000286705	-12.7972	3.16836	0.860252	1.22689	2.23605	0.819625	2.47349	3.92164	1	-111.105	210816	0	0	1
297	rs1	1:1	2:0.52475	rs2	1:2	2:0.27275	0	1000	1	3.95493e-14	11.9295	1.51846	0.278492	-6.38344	3.9922	0.412741	4.30431	3.23544	0.776178	2.76802	3.88842	0.204528	-39.3432	22.0831	0	0	0.00046548
298	rs1	1:1	2:0.514	rs2	1:2	2:0.27325	0	1000	0	8.31087e-18	10.2537	1.15614	0.0124608	-8.13885	2.74824	1	96.5117	1.51363e+13	8.85615e-06	-16.6143	3.44425	1	270.818	4.55394e+13	0	1	1
299	rs1	1:1	2:0.5225	rs2	1:2	2:0.2705	0	1000	0	4.67501e-28	9.09412	0.810618	0.00779716	5.43174	1.74331	0.847693	1.27522	2.21829	1	-48.2141	307887	1	116.176	335871	0	0	1
300	rs1	1:1	2:0.5205	rs2	1:2	2:0.27225	0	1000	1	9.39798e-25	9.68732	0.92094	0.0174136	-7.61539	2.67561	0.97985	1.10983	5.50044	0.857984	-2.00018	3.61383	0.383407	-48.8391	35.2712	0	0	2.9225e-06
301	rs1	1:1	2:0.51825	rs2	1:2	2:0.27475	0	1000	1	9.68153e-18	10.8907	1.23035	0.549927	1.76663	1.61544	0.999556	-0.372892	12.5077	0.99993	0.0251959	2.13612	0.771377	36.3151	50.4009	0	0	0.000129183
302	rs1	1:1	2:0.521	rs2	1:2	2:0.27075	0	1000	0	7.72085e-17	10.5822	1.2285	0.2407	-4.80776	2.84867	0.849152	1.67806	2.93434	0.876792	-1.86254	3.63204	1	-110.861	228227	0	0	1
303	rs1	1:1	2:0.52475	rs2	1:2	2:0.26975	0	1000	0	4.91444e-22	9.82021	0.991337	8.05757e-05	-15.7657	3.63101	1	-318973	1.24746e+14	0.0085806	-7.51454	2.43592	1	-885883	3.46448e+14	0	1	1
304	rs1	1:1	2:0.52425	rs2	1:2	2:0.2775	0	1000	0	2.53905e-39	8.57783	0.643409	0.000130895	-12.8211	3.03191	0.840755	1.11205	1.88806	0.854281	1.55419	2.76921	1	-117.015	225038	0	0	1
305	rs1	1:1	2:0.523	rs2	1:2	2:0.2745	0	1000	0	2.99468e-30	9.57697	0.821335	1.70931e-05	10.1864	2.17404	0.728707	2.30907	2.90233	1	-39.5653	44971.2	0.999999	232.1	226554	0	0	1
306	rs1	1:1	2:0.52475	rs2	1:2	2:0.27975	0	1000	0	5.09535e-35	8.8069	0.700807	0.00438785	-9.29568	2.82104	1	-181.821	1.07474e+13	0.000238227	-7.39791	1.81114	1	-664.806	3.7827e+13	0	1	1
307	rs1	1:1	2:0.51825	rs2	1:2	2:0.273	0	1000	0	1.76403e-22	9.98419	0.997529	0.0735989	-7.17248	3.13984	0.900864	1.3888	3.0393	0.849007	2.00449	3.50333	1	-110.528	214793	0	0	1
308	rs1	1:1	2:0.52225	rs2	1:2	2:0.2745	0	1000	0	4.93075e-23	10.0603	0.992586	0.000117346	-16.0432	3.77088	0.934776	1.33522	3.63538	0.924993	1.75177	4.4361	1	-101.061	193580	0	0	1
309	rs1	1:1	2:0.52775	rs2	1:2	2:0.272	0	1000	0	3.40218e-22	9.94653	1.00035	0.128855	-6.06398	2.99547	0.831142	1.51253	2.48689	0.819123	1.98288	3.13897	1	-112.904	222487	0	0	1
310	rs1	1:1	2:0.52125	rs2	1:2	2:0.27525	0	1000	0	9.15471e-15	11.379	1.41522	0.452151	-4.73338	3.75679	1	-4.71883e+09	5.66256e+13	0.102334	-5.76719	2.70102	1	-1.44501e+10	1.73401e+14	0	1	1
311	rs1	1:1	2:0.52625	rs2	1:2	2:0.273	0	1000	1	2.22477e-22	10.2724	1.02871	0.0400115	-8.80895	3.47197	0.777916	2.63547	3.71868	0.862398	1.73065	3.18059	0.227973	-44.6603	25.9712	0	0	2.92234e-06
312	rs1	1:1	2:0.525	rs2	1:2	2:0.27325	0	1000	1	1.56604e-43	8.02505	0.571579	0.000102818	-10.0939	2.3554	0.993753	-4.61133	41.1896	0.597309	2.70144	2.66098	0.951653	-94.2042	299.234	0	0	2.74943e-14
313	rs1	1:1	2:0.52625	rs2	1:2	2:0.275	0	1000	1	2.8695e-25	9.78709	0.920607	0.0141765	-8.36888	2.86842	0.972516	1.31361	5.5641	0.811963	-2.31578	3.58787	0.337093	-46.2833	31.3845	0	0	4.55563e-06
314	rs1	1:1	2:0.5265	rs2	1:2	2:0.27425	0	1000	0	2.62939e-25	9.78547	0.919743	0.013812	-8.39871	2.86988	1	-407.046	2.72193e+06	0.834805	2.03032	3.37864	1	-1513.07	8.70935e+06	0	0	1
315	rs1	1:1	2:0.52225	rs2	1:2	2:0.276	0	1000	1	3.94227e-32	9.22431	0.767038	0.00444389	-9.1723	2.78686	0.992828	0.664156	5.53562	0.950876	-1.17851	3.71302	0.272568	-51.0312	31.6498	0	0	4.34487e-08
316	rs1	1:1	2:0.52275	rs2	1:2	2:0.28025	0	1000	1	1.879e-40	8.51637	0.629642	0.00390226	-8.27437	2.4844	0.988909	-2.99934	20.0825	0.73345	1.62722	2.06659	0.883174	-86.2912	173.114	0	0	2.46965e-13
317	rs1	1:1	2:0.5205	rs2	1:2	2:0.27025	0	1000	0	5.74257e-24	9.46447	0.914844	0.0250627	-7.00639	2.58036	0.835051	1.40043	2.33235	0.862017	-1.97488	3.62402	1	-111.31	226974	0	0	1
318	rs1	1:1	2:0.52225	rs2	1:2	2:0.272	0	1000	0	1.01062e-25	9.30881	0.867643	0.0538582	-5.61214	2.32176	0.995461	-0.888727	9.31693	0.674392	-2.59069	2.91866	0.999997	-1732.28	691837	0	0	1
319	rs1	1:1	2:0.51925	rs2	1:2	2:0.278	0	1000	0	1.4221e-23	10.3357	1.00763	0.0371336	-12.2994	4.79247	0.947924	1.40958	4.30999	0.865991	2.65523	4.94979	1	-103.989	194671	0	0	1
