Outcome	Var1_ID	Var1_Pos	Var1_MAF	Var2_ID	Var2_Pos	Var2_MAF	Num_Missing	Num_Cases	Converged	Red_Var1_Pval	Red_Var1_beta	Red_Var1_SE	Red_Var2_Pval	Red_Var2_beta	Red_Var2_SE	Full_Var1_Pval	Full_Var1_beta	Full_Var1_SE	Full_Var2_Pval	Full_Var2_beta	Full_Var2_SE	Full_Var1_Var2_Pval	Full_Var1_Var2_beta	Full_Var1_Var2_SE	Red_Model_Pval	Full_Model_Pval	Overall_Pval_(LRT)
1	rs1	1:1	2:0.2785	rs2	1:2	2:0.51925	0	1000	0	1.4958e-08	2.82612	0.499134	1.93084e-33	4.53862	0.376637	0.999823	-55.1822	248796	0.739718	0.344487	1.03691	0.999788	33.0665	124398	0	0	1
2	rs1	1:1	2:0.27975	rs2	1:2	2:0.522	0	1000	0	8.36444e-14	3.84569	0.515201	9.18287e-41	3.99162	0.298574	0.033384	-4.13084	1.9417	0.999855	-24.5229	135338	0.999809	32.3367	135338	0	0	1
3	rs1	1:1	2:0.283	rs2	1:2	2:0.52175	0	1000	0	9.53356e-08	2.60141	0.487576	5.44307e-36	4.55499	0.363669	0.999726	-79.4989	231289	0.999868	-24.7618	149519	0.999668	81.7348	196623	0	0	1
4	rs1	1:1	2:0.284	rs2	1:2	2:0.52775	0	1000	1	3.56557e-10	3.96906	0.632827	1.27163e-26	5.89576	0.552072	0.595972	0.765932	1.4446	0.16182	1.7978	1.28508	0.0035289	4.28585	1.46903	0	0	0.000731235
5	rs1	1:1	2:0.281	rs2	1:2	2:0.5235	0	1000	1	3.47934e-09	3.25354	0.550774	1.07862e-28	4.70147	0.423041	0.00427967	-5.55018	1.94281	0.29058	0.895687	0.847507	1.59978e-06	7.84873	1.63571	0	0	5.4206e-11
6	rs1	1:1	2:0.2865	rs2	1:2	2:0.52075	0	1000	0	2.24496e-11	3.21733	0.480979	5.07351e-39	4.65553	0.356278	0.0189373	-4.49122	1.91379	0.999855	-24.091	132331	0.999806	32.2207	132331	0	0	1
7	rs1	1:1	2:0.27875	rs2	1:2	2:0.5205	0	1000	0	2.64798e-07	2.6846	0.521594	3.55472e-30	4.57092	0.400462	0.999823	-55.6715	250667	0.223398	0.928077	0.762255	0.999792	32.7179	125334	0	0	1
8	rs1	1:1	2:0.27825	rs2	1:2	2:0.5215	0	1000	0	5.01039e-10	2.80856	0.451625	1.06251e-36	4.38666	0.346661	0.00407126	-5.39024	1.87644	0.999866	-24.8396	147906	0.999821	33.2229	147906	0	0	1
9	rs1	1:1	2:0.28125	rs2	1:2	2:0.521	0	1000	0	8.62498e-10	3.44701	0.562045	1.78918e-29	5.1049	0.452853	0.130549	-3.01969	1.99723	0.999868	-23.8938	144343	0.999826	31.5095	144343	0	0	1
10	rs1	1:1	2:0.27775	rs2	1:2	2:0.51775	0	1000	1	4.76017e-11	3.05533	0.464459	7.29773e-39	4.31715	0.331084	0.10604	-2.92952	1.81254	0.723046	0.366944	1.03542	9.43368e-06	6.58221	1.48591	0	0	3.68103e-11
11	rs1	1:1	2:0.2855	rs2	1:2	2:0.51875	0	1000	1	5.12452e-13	2.9582	0.409612	5.58517e-44	4.1893	0.301193	0.146531	-2.83412	1.95201	0.880751	-0.156634	1.04411	9.53825e-06	7.22716	1.63238	0	0	7.06736e-14
12	rs1	1:1	2:0.28725	rs2	1:2	2:0.52425	0	1000	0	8.58777e-06	2.71965	0.611161	5.92684e-27	5.35893	0.498506	0.00200472	-5.14152	1.66417	0.999856	-24.0183	132664	0.999804	32.5558	132664	0	0	1
13	rs1	1:1	2:0.27625	rs2	1:2	2:0.5235	0	1000	0	2.21538e-06	3.13906	0.663269	5.31068e-24	5.21188	0.515831	0.999757	-78.8421	259184	0.999878	-24.3284	158809	0.999694	81.3035	212275	0	0	1
14	rs1	1:1	2:0.27675	rs2	1:2	2:0.51725	0	1000	0	4.47237e-08	2.90492	0.530957	3.54041e-31	4.55345	0.3921	0.99976	-78.3441	260079	0.68168	0.423221	1.03181	0.999683	56.1322	141147	0	0	1
15	rs1	1:1	2:0.276	rs2	1:2	2:0.52175	0	1000	1	1.62787e-12	3.44006	0.487045	4.75634e-37	4.14231	0.32573	0.0653949	-3.3212	1.8025	0.848719	0.19674	1.03139	2.90035e-06	6.93966	1.48355	0	0	2.88968e-12
16	rs1	1:1	2:0.28575	rs2	1:2	2:0.52275	0	1000	0	0.000450764	2.64009	0.752498	2.38119e-17	5.9818	0.705942	0.999749	-77.7617	247558	0.999851	-23.6828	126749	0.999654	80.1754	185000	0	0	1
17	rs1	1:1	2:0.2795	rs2	1:2	2:0.521	0	1000	1	1.28156e-14	3.97139	0.515253	7.37596e-43	3.92971	0.286356	0.219167	-1.75707	1.42997	0.862047	0.174995	1.00705	4.283e-06	6.19759	1.34814	0	0	2.05932e-12
18	rs1	1:1	2:0.286	rs2	1:2	2:0.5185	0	1000	0	2.90337e-13	3.11288	0.426492	7.67056e-48	4.12413	0.283809	0.00985771	-4.89842	1.89804	0.999855	-24.4362	134247	0.999806	32.5671	134247	0	0	1
19	rs1	1:1	2:0.2805	rs2	1:2	2:0.52425	0	1000	1	4.34609e-10	2.64082	0.423136	7.6077e-39	4.15128	0.31844	2.74427e-05	-7.27926	1.73576	0.620222	-0.559316	1.12871	1.82646e-07	9.47543	1.81654	0	0	2.33477e-19
20	rs1	1:1	2:0.27925	rs2	1:2	2:0.51925	0	1000	1	1.51543e-13	2.7372	0.370603	3.68706e-48	3.93582	0.26992	0.00156027	-6.18844	1.95637	0.88075	0.118761	0.791641	1.58558e-07	8.51122	1.62356	0	0	3.73885e-18
21	rs1	1:1	2:0.2795	rs2	1:2	2:0.52425	0	1000	1	1.46748e-10	2.8406	0.44324	4.88637e-38	4.16164	0.322766	0.000883517	-4.74568	1.42718	0.636018	0.366339	0.774052	5.77807e-09	7.33441	1.25955	0	0	5.07215e-16
22	rs1	1:1	2:0.284	rs2	1:2	2:0.52375	0	1000	1	1.08813e-06	2.84069	0.582707	6.10989e-28	5.09337	0.464825	0.00235888	-5.66631	1.86338	0.61359	0.533949	1.05742	4.49699e-07	8.26995	1.63871	0	0	1.39001e-12
23	rs1	1:1	2:0.281	rs2	1:2	2:0.522	0	1000	0	7.51162e-07	5.06794	1.02431	1.48778e-18	6.17522	0.702481	0.999752	-77.1315	248560	0.999874	-23.1113	146425	0.999681	79.6718	199587	0	0	1
24	rs1	1:1	2:0.2845	rs2	1:2	2:0.51825	0	1000	1	1.55645e-07	2.44959	0.466966	1.51918e-36	4.42208	0.350238	1.78668e-05	-7.85711	1.83149	0.989426	0.0142379	1.07432	3.75345e-07	9.65602	1.9004	0	0	8.64115e-19
25	rs1	1:1	2:0.27875	rs2	1:2	2:0.51875	0	1000	0	2.07671e-12	3.35094	0.476716	2.17739e-38	4.08917	0.315624	0.366241	-1.22188	1.35233	0.999861	-24.7269	141896	0.999827	30.7523	141896	0	0	1
26	rs1	1:1	2:0.282	rs2	1:2	2:0.52	0	1000	0	1.11598e-17	3.4864	0.407227	3.25867e-43	4.524	0.328248	0.134204	1.01984	0.680926	0.999858	-24.0794	135546	0.999826	29.6156	135546	0	0	1
27	rs1	1:1	2:0.279	rs2	1:2	2:0.52225	0	1000	1	2.40029e-10	2.65765	0.419633	1.38259e-37	4.6742	0.364795	0.0236341	-4.3613	1.9272	0.077396	1.18884	0.673185	2.50909e-06	6.79798	1.44411	0	0	3.36466e-11
28	rs1	1:1	2:0.284	rs2	1:2	2:0.517	0	1000	0	1.44903e-06	2.68127	0.556495	2.69438e-30	4.76339	0.416446	0.999818	-53.6815	235015	0.0686425	1.38794	0.762283	0.999789	31.0751	117508	0	0	1
29	rs1	1:1	2:0.281	rs2	1:2	2:0.522	0	1000	1	2.15548e-09	2.82345	0.471704	1.74998e-34	4.1835	0.341602	0.00225473	-5.69179	1.86344	0.84794	-0.200332	1.04477	1.19141e-07	8.66966	1.63739	0	0	4.03162e-16
30	rs1	1:1	2:0.281	rs2	1:2	2:0.52	0	1000	1	1.93307e-07	2.18868	0.420443	2.39314e-37	4.41031	0.345349	0.000122737	-6.93439	1.80555	0.868688	0.142068	0.859327	3.35959e-08	8.90417	1.61261	0	0	1.26599e-16
31	rs1	1:1	2:0.28275	rs2	1:2	2:0.52275	0	1000	0	4.202e-09	3.72313	0.633612	5.61757e-24	5.4416	0.53886	0.999752	-74.3632	238819	0.379096	0.986796	1.12192	0.999671	53.9572	130943	0	0	1
32	rs1	1:1	2:0.28375	rs2	1:2	2:0.52125	0	1000	0	2.77661e-06	2.89824	0.618398	5.07753e-24	5.51825	0.545914	0.99974	-77.1005	236487	0.455408	0.814542	1.09125	0.99966	55.3586	129876	0	0	1
33	rs1	1:1	2:0.27925	rs2	1:2	2:0.52325	0	1000	0	2.88312e-09	2.84554	0.479198	1.13554e-34	4.35059	0.354233	0.000912083	-6.11977	1.84534	0.999861	-24.7738	142057	0.999812	33.5168	142057	0	0	1
34	rs1	1:1	2:0.27875	rs2	1:2	2:0.52175	0	1000	0	1.31883e-09	3.03906	0.501074	1.69872e-32	4.80949	0.405187	0.999752	-77.7652	249959	0.732158	0.359357	1.04997	0.999672	55.9637	136331	0	0	1
35	rs1	1:1	2:0.28275	rs2	1:2	2:0.523	0	1000	0	1.26297e-10	3.50042	0.544256	9.75761e-35	4.42813	0.360187	0.0204105	-4.0773	1.75843	0.999859	-24.2293	136864	0.999815	31.8075	136864	0	0	1
36	rs1	1:1	2:0.28025	rs2	1:2	2:0.5225	0	1000	1	2.74951e-12	3.97633	0.568863	1.95217e-35	4.21236	0.339068	0.751727	-0.407095	1.2868	0.659141	0.468433	1.06197	5.56965e-05	5.22217	1.29571	0	0	7.17771e-08
37	rs1	1:1	2:0.282	rs2	1:2	2:0.521	0	1000	0	5.21163e-07	2.9425	0.586348	1.43314e-25	5.1474	0.492475	0.999746	-77.4459	243105	0.58066	0.594502	1.07617	0.999666	55.647	133004	0	0	1
38	rs1	1:1	2:0.2855	rs2	1:2	2:0.52075	0	1000	0	0.0518721	1.68053	0.864386	1.05538e-17	7.27716	0.849368	0.999728	-78.3685	230225	0.999881	-23.6337	157981	0.999683	80.5957	202788	0	0	1
39	rs1	1:1	2:0.283	rs2	1:2	2:0.515	0	1000	1	2.30748e-14	2.71178	0.355307	2.53606e-56	3.86528	0.244439	0.0189814	-4.52337	1.9282	0.885562	-0.141028	0.979886	8.23589e-07	7.94854	1.61238	0	0	3.60634e-20
40	rs1	1:1	2:0.27925	rs2	1:2	2:0.5165	0	1000	1	1.26905e-08	2.89916	0.509502	1.35933e-31	4.56442	0.390304	0.212927	-2.11919	1.7014	0.124051	1.27095	0.826371	5.40035e-05	5.35873	1.32721	0	0	3.59673e-07
41	rs1	1:1	2:0.2785	rs2	1:2	2:0.5215	0	1000	1	2.1861e-13	3.82959	0.521963	2.21875e-36	4.18542	0.332279	0.0313092	-4.16729	1.93547	0.732388	0.343756	1.00528	2.70139e-06	7.63279	1.62666	0	0	1.96494e-13
42	rs1	1:1	2:0.2795	rs2	1:2	2:0.51725	0	1000	0	3.46088e-13	3.07497	0.422669	3.64725e-46	3.99519	0.280081	0.999747	-77.8739	246014	0.983722	-0.020275	0.993749	0.999667	56.1375	134423	0	0	1
43	rs1	1:1	2:0.278	rs2	1:2	2:0.5195	0	1000	0	1.68917e-13	3.04688	0.413341	1.53651e-43	4.01401	0.290105	0.0907547	-2.41606	1.42842	0.999861	-24.8167	142441	0.999824	31.335	142441	0	0	1
44	rs1	1:1	2:0.28425	rs2	1:2	2:0.52125	0	1000	0	2.24313e-05	3.07154	0.724557	8.10646e-23	5.46449	0.555722	0.999711	-79.1947	218488	0.999838	-23.408	115096	0.999663	80.6332	190732	0	0	1
45	rs1	1:1	2:0.27875	rs2	1:2	2:0.513	0	1000	1	4.33975e-07	2.54409	0.503439	1.1215e-33	4.59129	0.3796	0.016078	-4.59915	1.91063	0.519492	0.671301	1.04218	5.70512e-06	7.46261	1.64482	0	0	5.59925e-11
46	rs1	1:1	2:0.28275	rs2	1:2	2:0.51925	0	1000	0	1.1812e-06	2.50418	0.515394	1.19973e-29	4.83293	0.427395	0.999742	-78.2534	241815	0.211929	0.977294	0.782913	0.999665	55.4932	132369	0	0	1
47	rs1	1:1	2:0.28075	rs2	1:2	2:0.52175	0	1000	0	1.43739e-07	3.42513	0.651115	4.6581e-24	5.11072	0.505176	0.999759	-77.4457	256324	0.465619	0.777522	1.06565	0.999681	55.5779	139112	0	0	1
48	rs1	1:1	2:0.278	rs2	1:2	2:0.5235	0	1000	1	1.85744e-14	3.6469	0.476088	6.88911e-37	4.37197	0.344574	0.650313	-0.627987	1.38528	0.186964	1.02096	0.773684	1.37155e-05	4.98292	1.14593	0	0	3.86785e-09
49	rs1	1:1	2:0.278	rs2	1:2	2:0.52175	0	1000	0	8.50834e-14	3.04684	0.408302	1.72774e-44	3.93206	0.281009	0.00286427	-5.58057	1.87145	0.999855	-24.876	137185	0.999807	33.2517	137185	0	0	1
50	rs1	1:1	2:0.28325	rs2	1:2	2:0.524	0	1000	0	2.78689e-12	3.61541	0.517368	1.50971e-34	4.72346	0.385316	0.0399747	-3.99105	1.94305	0.999846	-23.91	124195	0.999795	31.8829	124195	0	0	1
51	rs1	1:1	2:0.2775	rs2	1:2	2:0.52275	0	1000	0	1.39639e-08	3.08255	0.543292	2.27068e-28	4.69218	0.424753	0.999759	-78.3545	259956	0.999863	-24.5409	143400	0.999678	81.0863	201109	0	0	1
52	rs1	1:1	2:0.28125	rs2	1:2	2:0.51925	0	1000	0	7.41262e-10	2.75136	0.446866	2.55729e-40	4.26061	0.320526	0.999738	-79.0011	240779	0.999862	-24.7172	142611	0.999666	81.3938	194323	0	0	1
53	rs1	1:1	2:0.28225	rs2	1:2	2:0.521	0	1000	0	1.78153e-07	3.87959	0.743102	1.53761e-23	5.52205	0.552253	0.999749	-76.6286	243692	0.999868	-23.4993	142142	0.999674	79.5946	194836	0	0	1
54	rs1	1:1	2:0.28625	rs2	1:2	2:0.5195	0	1000	0	2.70417e-08	2.30505	0.414608	1.64736e-42	4.29607	0.31439	0.999722	-79.3231	227353	0.535133	0.45597	0.735211	0.999642	56.2996	125574	0	0	1
55	rs1	1:1	2:0.28275	rs2	1:2	2:0.523	0	1000	0	3.16914e-11	3.5146	0.529428	2.98647e-34	4.6565	0.381579	0.999751	-76.8294	246205	0.663041	0.441832	1.01403	0.99967	55.4731	134230	0	0	1
56	rs1	1:1	2:0.278	rs2	1:2	2:0.52225	0	1000	1	4.40362e-07	2.3947	0.474139	7.97435e-31	4.61898	0.400142	0.000314606	-6.40843	1.77865	0.207293	0.895908	0.710449	5.51811e-08	8.05012	1.4815	0	0	4.39957e-14
57	rs1	1:1	2:0.28175	rs2	1:2	2:0.52075	0	1000	0	2.53254e-06	3.38304	0.718955	7.85672e-22	5.12621	0.533881	0.999747	-77.5322	244807	0.439604	0.820003	1.06099	0.999669	55.5782	133839	0	0	1
58	rs1	1:1	2:0.27975	rs2	1:2	2:0.523	0	1000	0	5.62942e-11	4.17939	0.637757	7.41482e-31	4.64751	0.402395	0.0814844	-2.52825	1.45123	0.999864	-23.7778	139067	0.999823	30.7998	139067	0	0	1
59	rs1	1:1	2:0.27975	rs2	1:2	2:0.51475	0	1000	0	5.92617e-09	2.73051	0.469254	4.01753e-34	4.77722	0.392248	0.999755	-75.291	245219	0.144249	1.18421	0.81102	0.99968	53.829	134057	0	0	1
60	rs1	1:1	2:0.28225	rs2	1:2	2:0.5235	0	1000	0	0.000552575	1.94578	0.56336	3.51907e-23	5.41656	0.546201	0.999744	-78.5719	244796	0.0471047	1.35875	0.684386	0.99967	55.3391	133763	0	0	1
61	rs1	1:1	2:0.28775	rs2	1:2	2:0.52375	0	1000	0	0.00965798	1.92923	0.745497	2.35224e-21	7.00081	0.737849	0.999714	-79.2345	220900	0.999836	-23.1642	112896	0.999652	80.537	184624	0	0	1
62	rs1	1:1	2:0.28075	rs2	1:2	2:0.52375	0	1000	1	1.94432e-08	2.81954	0.501976	5.71528e-30	4.96611	0.436667	0.0185103	-4.51134	1.91544	0.798912	0.27648	1.08527	2.54714e-06	7.86422	1.6717	0	0	1.26724e-10
63	rs1	1:1	2:0.278	rs2	1:2	2:0.5195	0	1000	0	1.75954e-07	2.46285	0.471531	1.49845e-33	4.77287	0.395391	0.999745	-77.3834	241705	0.00593128	1.56624	0.56922	0.999672	54.537	132611	0	0	1
64	rs1	1:1	2:0.276	rs2	1:2	2:0.5185	0	1000	1	3.36253e-11	2.98901	0.450847	9.49798e-38	4.28685	0.333806	0.0208326	-4.44985	1.92551	0.85278	0.192053	1.03492	2.17341e-06	7.7927	1.64521	0	0	2.13674e-13
65	rs1	1:1	2:0.27725	rs2	1:2	2:0.519	0	1000	1	7.3818e-12	3.6715	0.535981	4.83411e-36	4.21861	0.33656	0.129368	-2.68379	1.76961	0.174807	1.01844	0.750555	1.14066e-05	6.2287	1.41928	0	0	2.16817e-10
66	rs1	1:1	2:0.28425	rs2	1:2	2:0.5265	0	1000	0	0.000399299	2.47951	0.700318	3.71804e-23	5.92519	0.597822	0.999788	-56.5695	213029	0.999838	-23.6594	116846	0.999743	58.0282	180348	0	0	1
67	rs1	1:1	2:0.2845	rs2	1:2	2:0.5235	0	1000	1	4.33964e-13	3.10806	0.429022	3.28482e-44	4.31311	0.309252	0.0071448	-5.07966	1.88833	0.96245	-0.0482213	1.02425	3.27774e-07	8.31625	1.62849	0	0	9.83352e-17
68	rs1	1:1	2:0.28075	rs2	1:2	2:0.52225	0	1000	0	5.04176e-18	3.95327	0.456898	2.13825e-45	3.8254	0.270528	0.273775	0.808901	0.739121	0.999848	-24.5553	128878	0.999817	29.5526	128878	0	0	1
69	rs1	1:1	2:0.2875	rs2	1:2	2:0.52125	0	1000	1	1.7737e-10	3.08805	0.484038	4.15095e-36	4.60033	0.36666	0.110503	-2.72885	1.70987	0.778632	0.301018	1.07085	1.17295e-05	6.59991	1.50595	0	0	5.70886e-10
70	rs1	1:1	2:0.27725	rs2	1:2	2:0.52325	0	1000	1	1.89816e-15	3.29758	0.414903	9.46738e-45	3.94691	0.281211	0.0240263	-3.50763	1.55431	0.16544	0.843496	0.608142	7.50736e-08	6.29284	1.16998	0	0	8.06406e-15
71	rs1	1:1	2:0.28	rs2	1:2	2:0.52325	0	1000	0	1.64436e-11	3.06047	0.454442	9.94786e-38	4.54675	0.354143	0.99976	-78.8001	262146	0.873619	0.162444	1.02126	0.999682	56.5879	141772	0	0	1
72	rs1	1:1	2:0.283	rs2	1:2	2:0.51875	0	1000	0	3.40778e-06	2.44529	0.526483	2.20202e-28	4.85974	0.439812	0.999744	-77.2832	240993	0.0276169	1.4357	0.651796	0.99967	54.609	131899	0	0	1
73	rs1	1:1	2:0.2815	rs2	1:2	2:0.517	0	1000	1	1.27406e-11	2.73708	0.404202	8.62002e-44	4.03834	0.29099	0.0575022	-2.70101	1.42198	0.399579	0.62994	0.747815	3.38056e-07	6.01679	1.17956	0	0	6.45093e-13
74	rs1	1:1	2:0.282	rs2	1:2	2:0.5225	0	1000	0	2.92155e-15	3.13344	0.396928	2.37171e-48	4.09209	0.280059	0.999736	-78.2944	236792	0.999852	-24.7083	132874	0.999652	81.0167	185913	0	0	1
75	rs1	1:1	2:0.283	rs2	1:2	2:0.5255	0	1000	0	1.32558e-05	5.22166	1.19877	1.00278e-11	7.61741	1.1192	0.99973	-77.7407	229529	0.999837	-22.0401	107646	0.999668	79.2282	190484	0	0	1
76	rs1	1:1	2:0.279	rs2	1:2	2:0.52175	0	1000	0	0.00030867	1.97913	0.548553	2.59603e-25	5.39871	0.519326	0.999746	-78.418	246528	0.691319	0.415548	1.04655	0.999667	56.2388	134784	0	0	1
77	rs1	1:1	2:0.28625	rs2	1:2	2:0.5205	0	1000	0	2.96574e-07	3.225	0.629194	1.24281e-28	5.25858	0.473711	0.999729	-77.6708	228325	0.432496	0.811241	1.03352	0.999648	55.6343	126060	0	0	1
78	rs1	1:1	2:0.2795	rs2	1:2	2:0.51725	0	1000	0	6.15571e-11	2.80093	0.428282	8.40005e-42	4.1768	0.308349	0.0322171	-3.69623	1.72584	0.999871	-25.0718	155104	0.999833	32.52	155104	0	0	1
79	rs1	1:1	2:0.28425	rs2	1:2	2:0.52325	0	1000	0	1.15737e-09	2.84848	0.468035	1.32423e-34	4.67336	0.380899	0.999739	-78.0861	238277	0.999849	-24.5393	129839	0.99965	80.8433	184140	0	0	1
80	rs1	1:1	2:0.28575	rs2	1:2	2:0.51725	0	1000	1	1.20232e-09	2.64359	0.434806	4.47999e-41	4.52813	0.33736	0.00160072	-5.91831	1.87539	0.349463	0.755577	0.807559	5.09419e-07	8.00672	1.5941	0	0	3.8886e-14
81	rs1	1:1	2:0.2825	rs2	1:2	2:0.51925	0	1000	0	7.29307e-05	2.92458	0.737318	4.49693e-24	5.65781	0.559064	0.999738	-78.3774	238446	0.999878	-23.7919	155022	0.999683	80.6286	202948	0	0	1
82	rs1	1:1	2:0.27575	rs2	1:2	2:0.5155	0	1000	0	9.64037e-14	3.08643	0.414522	4.92062e-46	3.86479	0.271337	0.135492	-2.95558	1.97991	0.999869	-25.0141	152335	0.999832	32.0767	152335	0	0	1
83	rs1	1:1	2:0.27275	rs2	1:2	2:0.51875	0	1000	1	2.22781e-12	3.72246	0.530309	2.50474e-36	4.07133	0.323467	0.0727042	-3.55336	1.97994	0.768288	0.301545	1.02352	9.20588e-06	7.31202	1.6487	0	0	5.55952e-12
84	rs1	1:1	2:0.281	rs2	1:2	2:0.51825	0	1000	1	3.44532e-09	2.55405	0.432243	4.0513e-40	4.18775	0.315864	0.000862885	-5.90892	1.7735	0.012026	1.3217	0.526284	1.04257e-07	7.29247	1.37099	0	0	1.61694e-14
85	rs1	1:1	2:0.2825	rs2	1:2	2:0.5225	0	1000	0	0.000105264	2.29383	0.59148	2.32054e-26	5.33859	0.502533	0.999813	-55.974	239036	0.116326	1.22241	0.778413	0.999781	32.733	119518	0	0	1
86	rs1	1:1	2:0.28275	rs2	1:2	2:0.5195	0	1000	1	1.97484e-07	2.7328	0.525369	1.30623e-29	4.71461	0.417207	0.00247413	-6.28057	2.0752	0.927901	-0.109927	1.21486	6.91709e-06	9.05915	2.01483	0	0	7.65139e-12
87	rs1	1:1	2:0.28125	rs2	1:2	2:0.5215	0	1000	1	9.15951e-14	3.15937	0.423935	8.15467e-42	4.42228	0.326418	0.0688009	-3.58532	1.97026	0.875538	0.161852	1.03335	6.44509e-06	7.4463	1.65061	0	0	1.49488e-13
88	rs1	1:1	2:0.2835	rs2	1:2	2:0.521	0	1000	1	7.85459e-12	3.1788	0.464656	1.78051e-37	4.6184	0.360993	0.0772082	-3.08941	1.74828	0.742248	0.345453	1.0504	8.7331e-06	7.09413	1.59549	0	0	1.75691e-11
89	rs1	1:1	2:0.2815	rs2	1:2	2:0.519	0	1000	1	6.7701e-12	2.61128	0.380519	7.99014e-48	4.0127	0.276194	0.000422719	-6.35987	1.80397	0.355308	0.598725	0.647731	2.47261e-08	8.15279	1.46233	0	0	1.81252e-18
90	rs1	1:1	2:0.27475	rs2	1:2	2:0.5195	0	1000	1	6.04262e-14	3.48342	0.464013	2.69089e-38	4.33439	0.334971	0.909569	-0.131921	1.16147	0.559697	0.60137	1.031	6.02251e-05	4.97301	1.23956	0	0	5.03166e-09
91	rs1	1:1	2:0.28375	rs2	1:2	2:0.518	0	1000	0	1.11278e-15	3.27278	0.408397	2.89331e-46	4.40135	0.308206	0.666444	0.371866	0.862732	0.999866	-24.2346	144242	0.999836	29.6428	144242	0	0	1
92	rs1	1:1	2:0.28	rs2	1:2	2:0.51925	0	1000	0	2.33636e-11	3.0999	0.463829	3.03781e-39	4.58507	0.349842	0.122592	-2.22614	1.44181	0.999876	-24.3705	156253	0.999841	31.0505	156253	0	0	1
93	rs1	1:1	2:0.27675	rs2	1:2	2:0.5205	0	1000	0	1.4554e-09	3.11594	0.515097	7.95237e-31	4.9603	0.429701	0.0416743	-3.96678	1.9476	0.999866	-24.0433	142666	0.999821	32.0258	142666	0	0	1
94	rs1	1:1	2:0.2825	rs2	1:2	2:0.52175	0	1000	1	0.000100718	2.48124	0.638039	1.50279e-20	5.59698	0.602292	0.00912129	-4.83354	1.85373	0.0026953	2.14699	0.715542	1.17389e-05	6.4669	1.47566	0	0	4.1112e-07
95	rs1	1:1	2:0.27975	rs2	1:2	2:0.52075	0	1000	0	0.000113644	2.03343	0.52687	3.32278e-26	5.07317	0.479061	0.999817	-54.609	237626	0.00572024	1.70639	0.617498	0.999789	31.474	118813	0	0	1
96	rs1	1:1	2:0.28475	rs2	1:2	2:0.5225	0	1000	0	5.4786e-05	2.10319	0.521339	2.09974e-28	5.08241	0.459786	0.9997	-80.123	213177	0.999833	-24.3176	116150	0.999655	81.6475	188753	0	0	1
97	rs1	1:1	2:0.28425	rs2	1:2	2:0.5235	0	1000	1	5.57845e-06	3.24565	0.714622	1.67688e-23	5.75706	0.576252	0.0317644	-4.18533	1.94906	0.0263991	1.89681	0.854306	1.55074e-05	6.58099	1.5229	0	0	3.797e-07
98	rs1	1:1	2:0.281	rs2	1:2	2:0.5195	0	1000	1	2.4704e-05	2.62742	0.622982	1.77276e-22	5.49922	0.563789	0.0246291	-4.32499	1.92464	0.391536	0.963268	1.12422	1.64058e-05	7.30166	1.69455	0	0	1.02022e-07
99	rs1	1:1	2:0.27875	rs2	1:2	2:0.522	0	1000	0	3.6888e-10	3.11435	0.496972	6.09141e-35	4.3209	0.350381	0.999727	-80.0679	234451	0.999831	-24.1959	114253	0.999669	81.5234	196569	0	0	1
100	rs1	1:1	2:0.28	rs2	1:2	2:0.51925	0	1000	0	1.94726e-13	3.48417	0.473885	3.81698e-42	4.17991	0.307267	0.147222	-2.08025	1.43524	0.999867	-24.3871	146805	0.999832	30.9213	146805	0	0	1
101	rs1	1:1	2:0.28425	rs2	1:2	2:0.51475	0	1000	0	2.13492e-12	3.09955	0.441194	3.62038e-43	4.40242	0.319602	0.178514	-2.35783	1.75258	0.999861	-24.0679	138019	0.99982	31.1027	138019	0	0	1
102	rs1	1:1	2:0.29275	rs2	1:2	2:0.5285	0	1000	1	2.65949e-05	3.11087	0.740539	6.45253e-23	6.30105	0.639307	0.0470555	-3.95338	1.99082	0.003475	2.45947	0.841632	5.46837e-05	6.10407	1.51291	0	0	1.15046e-05
103	rs1	1:1	2:0.2805	rs2	1:2	2:0.516	0	1000	0	3.05336e-10	3.45831	0.549283	1.25625e-33	4.65491	0.385157	0.998201	-0.00262288	1.1634	0.999876	-23.7432	153358	0.999847	29.377	153358	0	0	1
104	rs1	1:1	2:0.28025	rs2	1:2	2:0.51625	0	1000	0	2.40062e-10	2.92524	0.461887	1.10728e-37	4.49749	0.350532	0.999747	-76.1708	240617	0.807105	0.256024	1.04858	0.999667	55.1232	131939	0	0	1
105	rs1	1:1	2:0.2805	rs2	1:2	2:0.524	0	1000	1	2.39733e-13	3.31764	0.452949	9.50837e-40	4.53607	0.343799	0.0189492	-4.49711	1.91649	0.807689	0.250357	1.02855	1.45306e-06	7.88253	1.6362	0	0	4.42944e-14
106	rs1	1:1	2:0.27825	rs2	1:2	2:0.51475	0	1000	1	2.06103e-12	3.06053	0.435335	9.75033e-46	3.85988	0.271906	0.183955	-1.83867	1.38384	0.959816	-0.051633	1.02478	3.26913e-06	6.26596	1.34661	0	0	2.94343e-13
107	rs1	1:1	2:0.2795	rs2	1:2	2:0.518	0	1000	0	2.73067e-12	2.70175	0.386465	2.42333e-46	3.97096	0.277827	0.99975	-78.1208	249586	0.24553	0.712122	0.613224	0.999675	55.42	136006	0	0	1
108	rs1	1:1	2:0.27925	rs2	1:2	2:0.5215	0	1000	0	0.000273804	2.53196	0.695805	4.70541e-19	5.64019	0.63238	0.999751	-78.3086	250552	0.999874	-24.2333	153092	0.999685	80.9268	205215	0	0	1
109	rs1	1:1	2:0.281	rs2	1:2	2:0.5215	0	1000	0	1.9757e-10	3.33909	0.524749	9.09788e-34	4.52201	0.373342	0.999744	-77.4633	241879	0.999863	-24.4803	142140	0.999669	80.5634	194308	0	0	1
110	rs1	1:1	2:0.278	rs2	1:2	2:0.51475	0	1000	0	9.22554e-07	2.1962	0.447521	2.19751e-37	4.22664	0.330795	0.999749	-78.6854	249977	0.94466	-0.0717821	1.03411	0.999669	56.515	136329	0	0	1
111	rs1	1:1	2:0.27975	rs2	1:2	2:0.51875	0	1000	1	2.87829e-14	3.07467	0.404367	1.56799e-45	3.93132	0.277591	0.14472	-2.07397	1.42205	0.914248	-0.110081	1.02228	2.07763e-06	6.46235	1.36172	0	0	2.21575e-14
112	rs1	1:1	2:0.28125	rs2	1:2	2:0.52	0	1000	0	2.50667e-08	2.57064	0.461283	2.96959e-34	4.70801	0.385785	0.99975	-77.1574	246676	0.2464	0.886709	0.764973	0.999674	55.0333	134542	0	0	1
113	rs1	1:1	2:0.283	rs2	1:2	2:0.523	0	1000	0	0.00020402	1.98604	0.534745	7.62974e-28	5.14688	0.470573	0.999739	-79.9366	244019	0.916746	0.109982	1.05212	0.999658	57.1386	133477	0	0	1
114	rs1	1:1	2:0.28125	rs2	1:2	2:0.52375	0	1000	1	1.92956e-11	3.28462	0.489419	2.94872e-34	4.57795	0.37511	0.0300974	-4.19264	1.93316	0.803807	0.26212	1.05514	3.18178e-06	7.71803	1.65668	0	0	5.2721e-12
115	rs1	1:1	2:0.28125	rs2	1:2	2:0.5265	0	1000	1	4.62092e-09	3.60358	0.614917	2.15664e-28	4.92346	0.445503	0.00270188	-5.00496	1.66845	0.035227	1.47417	0.700075	8.30687e-08	6.85528	1.27889	0	0	4.2628e-11
116	rs1	1:1	2:0.2795	rs2	1:2	2:0.51875	0	1000	0	1.20064e-11	3.41864	0.504215	2.87134e-37	4.33995	0.340217	0.999753	-76.7431	247577	0.781596	0.283968	1.02427	0.999673	55.447	135156	0	0	1
117	rs1	1:1	2:0.28	rs2	1:2	2:0.52625	0	1000	1	1.12072e-15	3.70655	0.462576	2.93571e-42	4.20514	0.308687	0.50678	-0.768541	1.15769	0.904918	0.124056	1.03855	6.71656e-06	5.642	1.25309	0	0	2.33438e-11
118	rs1	1:1	2:0.27625	rs2	1:2	2:0.521	0	1000	0	9.42333e-07	2.75254	0.561363	1.99446e-25	4.85593	0.465988	0.999766	-76.8426	261541	0.1927	1.03738	0.796368	0.999691	54.8298	141748	0	0	1
119	rs1	1:1	2:0.27675	rs2	1:2	2:0.52175	0	1000	1	1.26408e-12	3.0168	0.425011	1.26881e-40	4.05023	0.303504	0.0140777	-4.70578	1.9166	0.572313	0.427229	0.756628	3.59834e-07	7.5565	1.48485	0	0	5.70005e-15
120	rs1	1:1	2:0.27875	rs2	1:2	2:0.51875	0	1000	1	1.04559e-07	2.64622	0.497539	4.57221e-32	4.49547	0.381403	0.00353507	-5.45612	1.87051	0.830303	0.224924	1.04952	4.85513e-07	8.25552	1.64062	0	0	1.18562e-13
121	rs1	1:1	2:0.279	rs2	1:2	2:0.51725	0	1000	0	0.000675223	2.01876	0.59385	1.86096e-23	5.46116	0.547199	0.99975	-78.668	251522	0.532285	0.678963	1.08717	0.999673	56.1134	137114	0	0	1
122	rs1	1:1	2:0.28125	rs2	1:2	2:0.516	0	1000	1	5.05517e-07	2.64181	0.525817	3.30989e-31	4.80226	0.413321	0.241286	-1.42418	1.2154	0.409486	0.909541	1.10274	7.3652e-05	5.2658	1.32835	0	0	1.31503e-06
123	rs1	1:1	2:0.27525	rs2	1:2	2:0.52075	0	1000	0	1.5689e-10	3.09662	0.483959	5.76447e-35	4.21105	0.34135	0.999768	-79.2468	272754	0.999863	-24.6624	143369	0.999683	81.5425	205372	0	0	1
124	rs1	1:1	2:0.281	rs2	1:2	2:0.51825	0	1000	1	1.10427e-13	3.09615	0.416833	1.84678e-41	4.51131	0.334475	0.648243	-0.566379	1.2415	0.668316	0.447359	1.04411	2.76582e-05	5.47916	1.30707	0	0	3.53603e-10
125	rs1	1:1	2:0.28325	rs2	1:2	2:0.52175	0	1000	0	0.000488059	2.36538	0.678298	3.59714e-20	5.7839	0.628721	0.999737	-78.0371	236478	0.0774442	1.45917	0.826393	0.999661	55.1795	129994	0	0	1
126	rs1	1:1	2:0.284	rs2	1:2	2:0.52325	0	1000	1	9.61974e-10	4.07589	0.666475	1.24954e-27	4.97457	0.45669	0.0744634	-3.51582	1.97102	0.376257	0.940723	1.06319	2.25327e-05	7.03994	1.66107	0	0	9.67046e-09
127	rs1	1:1	2:0.2815	rs2	1:2	2:0.51725	0	1000	0	1.83183e-06	2.64217	0.55378	1.36148e-27	5.23272	0.480735	0.99975	-77.4931	247427	0.457019	0.793665	1.06709	0.999672	55.4836	134989	0	0	1
128	rs1	1:1	2:0.28	rs2	1:2	2:0.5215	0	1000	0	6.4647e-11	2.88868	0.442196	2.18631e-40	4.34661	0.326708	0.999747	-79.1243	249393	0.34524	0.679659	0.720083	0.999671	56.163	136007	0	0	1
129	rs1	1:1	2:0.28275	rs2	1:2	2:0.52125	0	1000	0	1.35773e-06	2.8911	0.598434	5.65985e-27	4.99381	0.464357	0.999742	-78.5555	243169	0.121569	1.17122	0.756492	0.999667	55.6089	133047	0	0	1
130	rs1	1:1	2:0.27975	rs2	1:2	2:0.52175	0	1000	0	5.45272e-06	2.62467	0.577286	5.18321e-24	5.18116	0.512669	0.99975	-78.0034	248582	0.720531	0.388412	1.08571	0.99967	56.0509	135668	0	0	1
131	rs1	1:1	2:0.281	rs2	1:2	2:0.51775	0	1000	0	1.19943e-10	3.07995	0.478297	2.18356e-40	4.23419	0.318256	0.999737	-77.9138	235984	0.999869	-24.6709	150706	0.999676	80.8609	198924	0	0	1
132	rs1	1:1	2:0.28375	rs2	1:2	2:0.5165	0	1000	0	3.90367e-08	2.3385	0.425557	6.33802e-41	4.52143	0.337509	0.999727	-78.3647	228779	0.999866	-24.7113	146946	0.999666	81.0622	193812	0	0	1
133	rs1	1:1	2:0.2835	rs2	1:2	2:0.52475	0	1000	1	2.3981e-10	3.84202	0.606627	8.59564e-29	5.14321	0.461949	0.165095	-2.78795	2.00841	0.419817	0.88565	1.09781	6.59111e-05	6.73764	1.68838	0	0	6.72386e-08
134	rs1	1:1	2:0.286	rs2	1:2	2:0.521	0	1000	1	1.36695e-10	2.78784	0.434274	4.41663e-42	4.44057	0.326685	0.0583547	-2.53916	1.34132	0.822097	0.234402	1.04249	1.77678e-06	6.29458	1.31761	0	0	9.86257e-12
135	rs1	1:1	2:0.287	rs2	1:2	2:0.521	0	1000	0	4.97991e-06	2.29535	0.502746	1.26424e-30	4.70509	0.409008	0.99973	-79.235	234261	0.999071	-0.00121913	1.04716	0.999648	56.8139	128666	0	0	1
136	rs1	1:1	2:0.2785	rs2	1:2	2:0.5175	0	1000	1	6.3911e-10	2.62336	0.42446	3.08562e-38	4.43903	0.343337	0.130152	-2.17673	1.43821	0.252684	0.913822	0.798898	3.7616e-06	5.60041	1.21113	0	0	1.99744e-09
137	rs1	1:1	2:0.28225	rs2	1:2	2:0.517	0	1000	0	1.01121e-14	3.18907	0.41214	8.79123e-48	4.15355	0.286018	0.386082	-1.15457	1.33207	0.999864	-24.4148	142926	0.99983	30.4724	142926	0	0	1
138	rs1	1:1	2:0.28125	rs2	1:2	2:0.52075	0	1000	1	3.36979e-10	3.70158	0.589354	3.09675e-32	4.62733	0.391501	0.163094	-1.91549	1.37337	0.448884	0.786181	1.03817	1.28749e-05	5.92671	1.35865	0	0	5.92615e-09
139	rs1	1:1	2:0.28225	rs2	1:2	2:0.51925	0	1000	0	8.56201e-09	2.63571	0.457826	1.84918e-39	4.37725	0.33303	0.999808	-55.9812	232633	0.999863	-24.5514	143255	0.999748	58.2303	184530	0	0	1
140	rs1	1:1	2:0.277	rs2	1:2	2:0.51975	0	1000	0	1.81529e-07	2.71519	0.520418	1.19137e-29	4.41718	0.390608	0.999761	-79.1039	263804	0.969656	0.0398109	1.04656	0.999683	56.7591	142831	0	0	1
141	rs1	1:1	2:0.279	rs2	1:2	2:0.51925	0	1000	0	5.45977e-10	3.01599	0.486036	4.28982e-34	4.55095	0.373833	0.0258913	-3.82996	1.71914	0.999865	-24.4036	144107	0.999822	32.1443	144107	0	0	1
142	rs1	1:1	2:0.2815	rs2	1:2	2:0.52025	0	1000	1	1.06287e-07	2.81143	0.528899	3.00818e-30	4.83604	0.423151	0.00199532	-6.30588	2.04013	0.998658	-0.00206252	1.22655	6.74212e-06	9.04477	2.0092	0	0	3.43001e-12
143	rs1	1:1	2:0.28	rs2	1:2	2:0.51825	0	1000	0	1.24191e-13	3.13092	0.422399	1.83205e-44	4.24654	0.303573	0.0346109	-4.10769	1.94412	0.999862	-24.4047	141042	0.999818	32.2173	141042	0	0	1
144	rs1	1:1	2:0.287	rs2	1:2	2:0.526	0	1000	0	8.77414e-07	3.29206	0.669484	2.56561e-27	5.24391	0.484339	0.999723	-78.6954	227045	0.999859	-24.1238	136454	0.999652	80.9648	185381	0	0	1
145	rs1	1:1	2:0.283	rs2	1:2	2:0.52325	0	1000	0	3.13563e-12	3.14631	0.45131	2.51618e-40	4.46273	0.335701	0.0586465	-2.68744	1.4213	0.999864	-24.5871	143815	0.999826	31.3985	143815	0	0	1
146	rs1	1:1	2:0.27925	rs2	1:2	2:0.5235	0	1000	0	4.82773e-10	2.69131	0.432367	1.2168e-36	4.42661	0.350112	0.999754	-79.0912	256988	0.999851	-24.8206	132590	0.999662	81.5374	192425	0	0	1
147	rs1	1:1	2:0.28225	rs2	1:2	2:0.52475	0	1000	0	1.67247e-11	3.71057	0.551177	1.33721e-30	5.21346	0.453391	0.99975	-75.486	240476	0.999858	-23.9245	134684	0.999664	79.2883	188367	0	0	1
148	rs1	1:1	2:0.28275	rs2	1:2	2:0.52025	0	1000	0	4.21346e-09	2.96278	0.504252	7.30626e-33	4.53879	0.380127	0.999747	-77.8205	245854	0.250704	0.878974	0.765229	0.999671	55.3662	134156	0	0	1
149	rs1	1:1	2:0.27725	rs2	1:2	2:0.5225	0	1000	0	4.06525e-06	3.1407	0.681573	1.18182e-21	5.18133	0.542002	0.999631	-29.53	63926	0.999881	-24.4137	164092	0.999743	56.7324	176105	0	0	1
150	rs1	1:1	2:0.2795	rs2	1:2	2:0.52225	0	1000	0	8.69887e-09	5.05899	0.879163	3.5626e-20	6.31171	0.686018	0.999754	-76.845	248883	0.0111143	2.04354	0.804832	0.99968	54.5323	135880	0	0	1
151	rs1	1:1	2:0.284	rs2	1:2	2:0.52475	0	1000	0	1.83664e-06	2.6567	0.556889	1.42063e-28	4.99459	0.450414	0.999744	-79.5075	247854	0.99985	-24.3248	129210	0.999652	81.4156	186918	0	0	1
152	rs1	1:1	2:0.27925	rs2	1:2	2:0.519	0	1000	0	4.84517e-11	2.93578	0.446465	5.63274e-40	4.17636	0.315594	0.0139579	-4.70561	1.91414	0.999866	-24.896	148428	0.999823	32.8863	148428	0	0	1
153	rs1	1:1	2:0.27975	rs2	1:2	2:0.5195	0	1000	0	4.31243e-17	3.1337	0.372878	8.43913e-48	3.93505	0.27092	0.86673	0.13627	0.812031	0.999854	-24.9561	135946	0.999822	30.2528	135946	0	0	1
154	rs1	1:1	2:0.27975	rs2	1:2	2:0.5235	0	1000	0	2.13668e-09	3.77923	0.631233	1.15861e-26	5.16984	0.483706	0.999622	-29.6792	62649.6	0.22155	1.11878	0.915216	0.999599	31.4846	62649.6	0	0	1
155	rs1	1:1	2:0.2835	rs2	1:2	2:0.519	0	1000	0	8.52916e-13	2.58056	0.360797	7.93258e-51	4.15442	0.277056	0.999728	-78.0503	229021	0.999854	-24.8965	135707	0.999652	80.9855	185444	0	0	1
156	rs1	1:1	2:0.27525	rs2	1:2	2:0.52	0	1000	1	2.03086e-10	3.26883	0.514048	6.18553e-34	4.10812	0.338288	0.0052936	-5.24563	1.8811	0.880744	0.153468	1.02294	4.26847e-07	8.22558	1.62671	0	0	7.32303e-15
157	rs1	1:1	2:0.28375	rs2	1:2	2:0.52225	0	1000	0	5.81138e-05	2.10043	0.522451	3.93145e-28	5.0724	0.461235	0.999707	-80.1856	218100	0.999834	-24.3019	116634	0.999658	81.6687	190304	0	0	1
158	rs1	1:1	2:0.2795	rs2	1:2	2:0.5215	0	1000	0	2.64518e-06	2.38055	0.506867	2.37264e-29	4.67547	0.415676	0.999744	-78.6835	244978	0.33867	0.728305	0.761192	0.999667	55.9001	134016	0	0	1
159	rs1	1:1	2:0.28025	rs2	1:2	2:0.521	0	1000	0	2.22431e-09	4.0394	0.675427	1.27146e-28	5.25993	0.473919	0.053823	-3.77976	1.96019	0.999871	-23.4927	145106	0.999826	31.6328	145106	0	0	1
160	rs1	1:1	2:0.2795	rs2	1:2	2:0.51525	0	1000	1	3.79874e-12	3.42349	0.492981	2.32009e-37	4.22711	0.330941	0.407222	-1.58257	1.9095	0.667537	0.442691	1.03064	8.14241e-05	6.24107	1.58396	0	0	1.83439e-10
161	rs1	1:1	2:0.28075	rs2	1:2	2:0.523	0	1000	1	1.53672e-09	2.70768	0.448256	5.33414e-35	4.68576	0.379638	0.0115834	-6.01571	2.38285	0.30456	0.809455	0.788401	1.41395e-06	8.00159	1.65904	0	0	1.84663e-12
162	rs1	1:1	2:0.281	rs2	1:2	2:0.52	0	1000	1	5.75558e-11	2.89716	0.442318	2.47083e-37	4.46219	0.34948	0.103772	-2.34336	1.44044	0.798027	0.270649	1.05763	5.00413e-06	6.38031	1.39778	0	0	1.20014e-10
163	rs1	1:1	2:0.28225	rs2	1:2	2:0.52425	0	1000	0	4.8365e-06	2.31341	0.506021	4.58799e-29	5.08523	0.454463	0.999739	-79.1361	241578	0.999857	-24.6672	137975	0.99966	81.5112	191150	0	0	1
164	rs1	1:1	2:0.28125	rs2	1:2	2:0.5195	0	1000	0	1.61164e-07	2.62951	0.50188	7.40257e-30	4.9635	0.437307	0.999757	-77.8151	255621	0.155645	1.12573	0.792843	0.999682	55.208	138715	0	0	1
165	rs1	1:1	2:0.27975	rs2	1:2	2:0.5215	0	1000	0	5.33184e-11	3.55015	0.541069	3.3311e-32	4.71709	0.399303	0.0633456	-3.64635	1.96382	0.999863	-24.0595	139787	0.999818	31.8738	139787	0	0	1
166	rs1	1:1	2:0.28	rs2	1:2	2:0.52475	0	1000	1	1.65192e-11	4.04297	0.600392	2.75728e-30	4.6583	0.40733	0.0348648	-4.08787	1.93745	0.549254	0.622249	1.03902	4.90308e-06	7.50698	1.64306	0	0	5.81086e-11
167	rs1	1:1	2:0.2815	rs2	1:2	2:0.522	0	1000	0	3.42515e-11	3.7282	0.562574	2.23779e-33	4.51512	0.375066	0.229108	-1.74987	1.455	0.999862	-24.0859	139197	0.999825	30.6162	139197	0	0	1
168	rs1	1:1	2:0.2885	rs2	1:2	2:0.526	0	1000	0	2.65411e-10	3.37097	0.533572	5.50538e-35	4.83072	0.391464	0.999729	-78.4626	230893	0.999842	-24.1043	121797	0.999634	80.7215	175942	0	0	1
169	rs1	1:1	2:0.2775	rs2	1:2	2:0.5225	0	1000	1	1.81637e-08	2.9179	0.518402	1.16678e-29	4.80655	0.42497	0.0354646	-3.29673	1.56762	0.173133	1.11781	0.820587	2.43191e-06	6.16775	1.30846	0	0	8.57277e-09
170	rs1	1:1	2:0.2785	rs2	1:2	2:0.52425	0	1000	1	1.02461e-11	3.85787	0.567084	2.22947e-33	4.48457	0.372519	0.413255	-1.01451	1.23996	0.536953	0.651224	1.05474	2.64074e-05	5.41684	1.28898	0	0	2.70871e-08
171	rs1	1:1	2:0.2805	rs2	1:2	2:0.518	0	1000	0	5.77306e-10	2.42145	0.390777	2.24206e-46	4.10675	0.28722	0.999715	-80.3768	224957	0.99983	-24.4975	114853	0.99966	81.7708	192087	0	0	1
172	rs1	1:1	2:0.28125	rs2	1:2	2:0.5265	0	1000	0	2.05172e-08	3.02546	0.53953	5.59685e-33	4.93606	0.412633	0.99974	-79.3336	243870	0.822909	0.230498	1.02991	0.99966	56.8614	133489	0	0	1
173	rs1	1:1	2:0.283	rs2	1:2	2:0.51825	0	1000	0	6.62849e-11	2.18994	0.335426	1.06712e-56	3.87931	0.244484	0.999579	-32.7689	62176.1	0.289257	-1.82705	1.72403	0.999549	35.1363	62176.1	0	0	1
174	rs1	1:1	2:0.2815	rs2	1:2	2:0.5215	0	1000	0	0.0313105	2.26416	1.05158	2.74268e-13	7.5974	1.03982	0.999756	-77.4047	253235	0.999872	-23.1121	144232	0.999681	79.8076	199424	0	0	1
175	rs1	1:1	2:0.285	rs2	1:2	2:0.52	0	1000	0	1.83686e-10	2.75148	0.431646	5.63431e-38	4.556	0.353653	0.999738	-76.7153	233536	0.951845	-0.0639929	1.05966	0.999654	55.6188	128330	0	0	1
176	rs1	1:1	2:0.28125	rs2	1:2	2:0.52275	0	1000	1	1.07471e-09	2.8412	0.46593	5.49349e-36	4.62323	0.369139	0.0246626	-3.16796	1.41008	0.214838	0.962854	0.776263	2.52139e-07	6.15641	1.194	0	0	6.14932e-11
177	rs1	1:1	2:0.2785	rs2	1:2	2:0.5155	0	1000	1	8.92379e-10	2.48263	0.405158	2.50401e-44	4.03575	0.288964	0.000492833	-6.26338	1.79743	0.238462	0.766976	0.65062	5.31294e-08	7.95057	1.46137	0	0	1.07374e-16
178	rs1	1:1	2:0.2805	rs2	1:2	2:0.52025	0	1000	0	3.82143e-10	2.93984	0.469536	1.75147e-37	4.26432	0.333284	0.999747	-77.6426	244726	0.340885	0.697279	0.732115	0.999669	55.398	133730	0	0	1
179	rs1	1:1	2:0.286	rs2	1:2	2:0.5255	0	1000	0	0.00216482	2.12756	0.693775	1.32496e-22	6.28355	0.642258	0.999719	-78.6628	223188	0.512875	0.716879	1.09553	0.999638	56.2298	123869	0	0	1
180	rs1	1:1	2:0.2805	rs2	1:2	2:0.51975	0	1000	0	5.07854e-08	2.75068	0.504848	1.88638e-33	4.54813	0.377367	0.999735	-78.5409	236542	0.883995	0.151207	1.03633	0.999654	56.4119	130193	0	0	1
181	rs1	1:1	2:0.2825	rs2	1:2	2:0.52025	0	1000	0	4.40304e-06	2.07811	0.45261	4.44232e-33	4.64618	0.387779	0.999717	-80.6275	227029	0.999819	-24.3043	107396	0.999656	81.7793	189864	0	0	1
182	rs1	1:1	2:0.28125	rs2	1:2	2:0.523	0	1000	1	1.94688e-15	3.50696	0.441423	1.95369e-44	4.05685	0.290108	0.0914639	-2.41431	1.43051	0.345924	0.680503	0.721999	2.53745e-07	5.98661	1.16134	0	0	7.41034e-14
183	rs1	1:1	2:0.27925	rs2	1:2	2:0.51925	0	1000	1	1.48743e-08	3.34913	0.591405	5.88472e-29	4.76555	0.426735	0.0228009	-4.37025	1.91951	0.0627627	1.4119	0.75873	3.55956e-06	6.85053	1.47782	0	0	5.51619e-10
184	rs1	1:1	2:0.2795	rs2	1:2	2:0.52225	0	1000	0	1.44128e-14	3.0778	0.400096	7.81675e-45	4.23434	0.301399	0.0281605	-4.2571	1.93941	0.99986	-24.7803	140824	0.999815	32.597	140824	0	0	1
185	rs1	1:1	2:0.28025	rs2	1:2	2:0.52125	0	1000	0	5.32796e-09	3.72481	0.638183	1.31077e-28	4.77514	0.430345	0.0864399	-3.10457	1.81079	0.999868	-23.8267	144351	0.999828	31.136	144351	0	0	1
186	rs1	1:1	2:0.27775	rs2	1:2	2:0.52075	0	1000	0	2.20477e-11	2.95472	0.441544	7.70235e-40	4.28064	0.32405	0.999759	-79.2578	262456	0.999858	-24.5531	138037	0.999672	81.4272	198117	0	0	1
187	rs1	1:1	2:0.283	rs2	1:2	2:0.523	0	1000	0	7.95043e-08	2.96326	0.551997	1.47716e-26	5.401	0.506402	0.999743	-76.6738	237708	0.99986	-24.1612	137938	0.999664	80.0073	189822	0	0	1
188	rs1	1:1	2:0.281	rs2	1:2	2:0.5235	0	1000	1	1.84675e-07	3.89755	0.747496	7.29439e-24	5.59924	0.555882	0.0853243	-3.43056	1.99382	0.23114	1.34005	1.11911	5.94044e-05	6.80215	1.69412	0	0	7.5278e-07
189	rs1	1:1	2:0.27775	rs2	1:2	2:0.51675	0	1000	0	2.97675e-15	3.61204	0.457691	1.34515e-44	3.8264	0.27311	0.55769	-0.748763	1.27715	0.999858	-24.4626	137530	0.999824	30.3002	137530	0	0	1
190	rs1	1:1	2:0.2765	rs2	1:2	2:0.5255	0	1000	0	2.57741e-06	2.8832	0.613197	2.84665e-21	4.90046	0.517569	0.999774	-79.0945	278779	0.999855	-24.5321	135076	0.999678	81.4452	201670	0	0	1
191	rs1	1:1	2:0.2805	rs2	1:2	2:0.5175	0	1000	0	5.16816e-07	2.83217	0.564181	6.82146e-26	5.23183	0.497216	0.999752	-76.349	245180	0.485714	0.768182	1.1019	0.999673	54.9407	134030	0	0	1
192	rs1	1:1	2:0.28125	rs2	1:2	2:0.52325	0	1000	0	4.87334e-06	2.59668	0.56818	4.64737e-27	5.29383	0.491426	0.999738	-78.5026	239431	0.146642	1.13986	0.785302	0.999662	55.625	131454	0	0	1
193	rs1	1:1	2:0.28525	rs2	1:2	2:0.521	0	1000	1	2.2562e-11	2.80858	0.419918	9.38295e-44	4.29039	0.309288	0.00391626	-5.40633	1.87405	0.952949	-0.0605501	1.02621	2.17123e-07	8.43559	1.62722	0	0	5.9103e-17
194	rs1	1:1	2:0.28475	rs2	1:2	2:0.51875	0	1000	1	7.96092e-09	3.49995	0.606652	1.17603e-30	5.06141	0.439744	0.00626602	-5.22155	1.91019	0.086195	1.39752	0.814491	2.82871e-06	7.41628	1.5837	0	0	2.08935e-10
195	rs1	1:1	2:0.2815	rs2	1:2	2:0.5185	0	1000	0	5.61226e-10	3.32684	0.536505	2.05074e-34	4.41851	0.361172	0.0857003	-2.4686	1.43646	0.999863	-24.0938	140355	0.999824	30.8888	140355	0	0	1
196	rs1	1:1	2:0.2805	rs2	1:2	2:0.5195	0	1000	0	6.25654e-07	2.59487	0.520732	6.08608e-29	4.72479	0.423199	0.999748	-78.2631	247847	0.880547	0.160289	1.06664	0.999668	56.2607	135262	0	0	1
197	rs1	1:1	2:0.2835	rs2	1:2	2:0.51975	0	1000	1	7.9303e-12	3.07064	0.448938	3.86022e-40	4.25216	0.320634	0.515915	-0.724881	1.11579	0.179691	1.03471	0.771189	7.02554e-06	4.54904	1.01249	0	0	2.05769e-08
198	rs1	1:1	2:0.28375	rs2	1:2	2:0.52125	0	1000	0	0.00455736	3.21495	1.13332	7.84178e-16	6.86407	0.851976	0.999741	-77.3564	238535	0.999877	-23.1519	149678	0.99968	79.8143	198861	0	0	1
199	rs1	1:1	2:0.27925	rs2	1:2	2:0.5215	0	1000	0	1.79897e-08	3.0461	0.541018	5.78089e-31	4.46854	0.386185	0.99982	-54.9121	243411	0.000787485	1.75673	0.523278	0.999793	31.6084	121705	0	0	1
200	rs1	1:1	2:0.284	rs2	1:2	2:0.52275	0	1000	0	3.48274e-09	3.02235	0.511652	1.82521e-36	4.64369	0.368211	0.999718	-80.145	226812	0.999832	-23.943	113714	0.999652	81.3601	186529	0	0	1
201	rs1	1:1	2:0.2845	rs2	1:2	2:0.517	0	1000	1	6.10975e-08	2.20388	0.406953	1.41367e-41	4.43188	0.328107	0.000349907	-6.53468	1.82776	0.639713	0.394359	0.842466	1.2556e-07	8.5007	1.60839	0	0	1.25108e-15
202	rs1	1:1	2:0.28275	rs2	1:2	2:0.52225	0	1000	0	3.3336e-11	4.77873	0.720662	3.8334e-33	4.53465	0.378086	0.124714	-3.05276	1.9884	0.999867	-23.8811	143037	0.999824	31.5078	143037	0	0	1
203	rs1	1:1	2:0.281	rs2	1:2	2:0.524	0	1000	1	2.29783e-07	2.87723	0.55615	4.41425e-27	5.12045	0.475122	0.0018165	-6.33174	2.03025	0.983831	0.0252958	1.2482	6.28999e-06	9.11745	2.01874	0	0	1.43722e-11
204	rs1	1:1	2:0.2845	rs2	1:2	2:0.52325	0	1000	1	5.40531e-10	3.11989	0.502651	1.26353e-37	4.55484	0.355286	0.0014267	-5.90621	1.85194	0.225986	0.881729	0.728242	4.27773e-08	7.93335	1.44796	0	0	6.81489e-16
205	rs1	1:1	2:0.278	rs2	1:2	2:0.51775	0	1000	0	2.58601e-08	2.55885	0.459614	1.25082e-34	4.60709	0.375357	0.999756	-78.1206	255137	0.249633	0.891338	0.774241	0.999681	55.471	138741	0	0	1
206	rs1	1:1	2:0.28325	rs2	1:2	2:0.52125	0	1000	0	0.0133251	1.68458	0.680651	1.87447e-18	6.49544	0.7411	0.999735	-77.5433	233391	0.430462	0.886077	1.12389	0.999655	55.5158	128510	0	0	1
207	rs1	1:1	2:0.2825	rs2	1:2	2:0.517	0	1000	0	1.40541e-10	2.62911	0.409819	1.80145e-42	4.25652	0.311643	0.999745	-77.8998	243881	0.999851	-24.6807	132442	0.999657	80.7465	187838	0	0	1
208	rs1	1:1	2:0.28725	rs2	1:2	2:0.51925	0	1000	0	7.84974e-10	2.82997	0.460312	3.09884e-38	4.70743	0.364106	0.0228337	-4.37132	1.92044	0.999864	-24.4238	142911	0.999819	32.4154	142911	0	0	1
209	rs1	1:1	2:0.2835	rs2	1:2	2:0.51725	0	1000	0	5.68106e-07	2.72954	0.545716	7.78795e-29	4.92214	0.441744	0.0195563	-4.47075	1.91487	0.999866	-24.1327	143807	0.999821	32.2645	143807	0	0	1
210	rs1	1:1	2:0.286	rs2	1:2	2:0.52275	0	1000	0	6.976e-07	2.88166	0.580743	3.97619e-29	4.92026	0.439222	0.999728	-78.8079	231321	0.729952	0.356436	1.03258	0.999647	56.4536	127454	0	0	1
211	rs1	1:1	2:0.2845	rs2	1:2	2:0.52525	0	1000	0	9.65016e-15	4.3789	0.565473	9.42e-35	4.50551	0.366396	0.975379	-0.0400784	1.29858	0.999842	-23.6847	119476	0.999803	29.5544	119476	0	0	1
212	rs1	1:1	2:0.28075	rs2	1:2	2:0.51925	0	1000	0	0.00230232	1.87517	0.615178	7.13353e-21	5.58484	0.595922	0.999738	-78.0445	238029	0.622081	0.535518	1.08646	0.999659	55.9271	130808	0	0	1
213	rs1	1:1	2:0.2845	rs2	1:2	2:0.5155	0	1000	0	0.00192803	1.6751	0.540162	2.15107e-28	5.14441	0.465486	0.999703	-80.0325	215097	0.999848	-24.0801	126262	0.99967	81.3873	196955	0	0	1
214	rs1	1:1	2:0.2845	rs2	1:2	2:0.5195	0	1000	0	1.12456e-13	2.96131	0.39881	2.44873e-48	4.1935	0.287042	0.0908161	-2.38382	1.40962	0.999862	-24.7042	143362	0.999826	31.2522	143362	0	0	1
215	rs1	1:1	2:0.2785	rs2	1:2	2:0.52525	0	1000	0	2.33984e-14	3.17888	0.416606	2.80077e-44	4.09285	0.29322	0.00459527	-3.90881	1.3792	0.999858	-24.7643	138895	0.999816	32.0567	138895	0	0	1
216	rs1	1:1	2:0.2825	rs2	1:2	2:0.5235	0	1000	1	7.055e-13	3.27327	0.45599	3.01924e-38	4.13857	0.320057	0.0805496	-2.49989	1.43055	0.967883	-0.0420601	1.04462	1.40032e-06	6.69063	1.38667	0	0	1.38442e-12
217	rs1	1:1	2:0.2845	rs2	1:2	2:0.52525	0	1000	1	7.63543e-08	3.21355	0.597809	4.66724e-28	4.91309	0.447379	0.000489843	-6.79613	1.94941	0.923932	-0.122304	1.28091	2.61198e-06	9.48785	2.01904	0	0	2.94651e-14
218	rs1	1:1	2:0.2815	rs2	1:2	2:0.51825	0	1000	0	2.62495e-06	2.71347	0.577557	1.38379e-26	4.73151	0.443378	0.999748	-78.354	247780	0.715212	0.384622	1.05415	0.999669	56.1492	135189	0	0	1
219	rs1	1:1	2:0.2815	rs2	1:2	2:0.521	0	1000	0	3.87593e-09	3.23997	0.550136	1.08485e-30	4.53902	0.394119	0.0387611	-4.01509	1.94274	0.999865	-24.5567	144872	0.999822	32.3777	144872	0	0	1
220	rs1	1:1	2:0.279	rs2	1:2	2:0.52025	0	1000	0	2.66401e-15	3.28074	0.414984	1.23496e-40	4.43213	0.332072	0.929659	0.0900528	1.02015	0.999865	-24.5608	144886	0.999833	30.2724	144886	0	0	1
221	rs1	1:1	2:0.28225	rs2	1:2	2:0.5195	0	1000	1	1.91843e-06	2.62078	0.550372	3.00862e-27	4.7566	0.439923	0.00821224	-4.99152	1.88843	0.028275	1.49016	0.679368	1.60182e-06	6.88284	1.4345	0	0	2.94189e-10
222	rs1	1:1	2:0.2835	rs2	1:2	2:0.52	0	1000	1	1.19823e-09	2.85795	0.47002	1.83602e-37	4.37171	0.341774	0.0715278	-2.60903	1.44776	0.304557	0.817231	0.79597	2.27841e-06	5.74848	1.21609	0	0	9.79918e-10
223	rs1	1:1	2:0.28225	rs2	1:2	2:0.521	0	1000	0	4.75105e-07	2.38278	0.473139	1.42758e-32	4.27769	0.359944	0.999746	-79.3961	249688	0.822893	-0.230822	1.03126	0.999665	57.0399	135918	0	0	1
224	rs1	1:1	2:0.2765	rs2	1:2	2:0.5235	0	1000	0	4.828e-11	3.49643	0.531684	8.80595e-34	4.42186	0.364993	0.999756	-78.7759	257339	0.999869	-24.5686	149291	0.999683	81.3331	204605	0	0	1
225	rs1	1:1	2:0.2785	rs2	1:2	2:0.521	0	1000	0	7.52846e-14	3.16181	0.422797	5.61639e-42	3.95606	0.291417	0.00563082	-5.22415	1.88697	0.999846	-24.5728	127491	0.999795	32.8214	127491	0	0	1
226	rs1	1:1	2:0.27975	rs2	1:2	2:0.52125	0	1000	1	2.39058e-11	3.02011	0.452117	5.95097e-35	4.73092	0.383571	0.34803	-1.37118	1.46117	0.136598	1.20609	0.810229	2.26236e-05	5.13807	1.21258	0	0	7.07112e-08
227	rs1	1:1	2:0.27925	rs2	1:2	2:0.521	0	1000	0	5.63445e-09	3.6145	0.620274	6.23302e-29	4.56436	0.408907	0.15851	-2.04947	1.45342	0.999873	-24.2268	152329	0.999838	30.907	152329	0	0	1
228	rs1	1:1	2:0.2815	rs2	1:2	2:0.52175	0	1000	0	1.9545e-12	3.04432	0.432573	2.4618e-39	4.46183	0.340025	0.0521379	-3.37696	1.73892	0.99986	-24.6703	140296	0.999817	32.1109	140296	0	0	1
229	rs1	1:1	2:0.28125	rs2	1:2	2:0.5205	0	1000	0	4.43551e-09	2.81094	0.479103	5.11346e-36	4.48567	0.357993	0.999741	-78.8249	243106	0.897287	0.132152	1.02373	0.999661	56.566	133071	0	0	1
230	rs1	1:1	2:0.2805	rs2	1:2	2:0.52175	0	1000	0	3.01071e-11	3.17556	0.477811	1.01683e-35	4.54995	0.364713	0.999747	-77.1179	242879	0.875976	0.163313	1.04639	0.999665	55.7444	132944	0	0	1
231	rs1	1:1	2:0.27475	rs2	1:2	2:0.52225	0	1000	0	2.68866e-14	3.25625	0.427751	1.05238e-40	4.0096	0.300147	0.999771	-78.6586	274073	0.999855	-24.7778	136523	0.999677	81.3034	201067	0	0	1
232	rs1	1:1	2:0.2845	rs2	1:2	2:0.52075	0	1000	0	1.76668e-08	3.07312	0.545515	3.42781e-30	5.01608	0.439341	0.999741	-77.3368	237894	0.579571	0.583686	1.05356	0.99966	55.5889	130425	0	0	1
233	rs1	1:1	2:0.27775	rs2	1:2	2:0.52225	0	1000	1	2.93764e-09	3.17271	0.534572	5.01259e-31	4.6167	0.398568	0.0338908	-3.32121	1.5656	0.1748	1.08053	0.796298	1.47708e-06	6.21246	1.29042	0	0	1.38755e-09
234	rs1	1:1	2:0.285	rs2	1:2	2:0.52325	0	1000	0	1.05022e-10	3.01407	0.466608	7.80286e-39	4.60349	0.353181	0.00303096	-5.53341	1.86651	0.999851	-24.311	130289	0.999799	32.8798	130289	0	0	1
235	rs1	1:1	2:0.285	rs2	1:2	2:0.52675	0	1000	0	2.68006e-06	3.70447	0.789204	4.18764e-23	5.89138	0.595125	0.999743	-77.6013	240635	0.999855	-23.5533	129501	0.999654	80.109	184681	0	0	1
236	rs1	1:1	2:0.272	rs2	1:2	2:0.5215	0	1000	1	4.83758e-12	3.06912	0.44414	1.47867e-36	4.06536	0.321931	0.00223593	-6.52059	2.13303	0.644291	-0.538864	1.16711	2.32542e-06	9.4427	1.99936	0	0	2.27547e-15
237	rs1	1:1	2:0.281	rs2	1:2	2:0.5215	0	1000	1	2.14324e-14	3.42101	0.447674	9.56144e-45	3.96034	0.282182	0.0162093	-4.60717	1.91633	0.924074	-0.0961824	1.00923	6.78535e-07	8.08067	1.62674	0	0	5.93692e-17
238	rs1	1:1	2:0.28375	rs2	1:2	2:0.5215	0	1000	0	0.000670415	1.97106	0.579486	7.64496e-24	5.50632	0.546908	0.999735	-78.571	236312	0.678347	0.441537	1.06466	0.999654	56.265	129809	0	0	1
239	rs1	1:1	2:0.28	rs2	1:2	2:0.5165	0	1000	1	3.31956e-09	2.67964	0.453027	4.7576e-38	4.29862	0.333337	0.0643947	-2.6263	1.42005	0.892125	0.143841	1.06065	2.93965e-06	6.52971	1.39673	0	0	5.13759e-11
240	rs1	1:1	2:0.2895	rs2	1:2	2:0.52525	0	1000	0	0.00107597	2.38599	0.729689	4.22646e-21	6.36153	0.674831	0.999711	-77.481	213655	0.393476	0.931792	1.09195	0.999628	55.5389	119249	0	0	1
241	rs1	1:1	2:0.28175	rs2	1:2	2:0.51775	0	1000	0	1.9861e-12	3.30708	0.470059	1.08188e-41	4.25177	0.314315	0.999744	-77.1762	240473	0.99986	-24.3589	139270	0.999666	80.2339	191709	0	0	1
242	rs1	1:1	2:0.27825	rs2	1:2	2:0.52325	0	1000	1	1.18667e-08	2.65577	0.465792	2.67074e-33	4.33971	0.360933	0.00106466	-4.88721	1.49325	0.796198	-0.279262	1.08128	1.13053e-07	8.0601	1.51952	0	0	5.4486e-15
243	rs1	1:1	2:0.2845	rs2	1:2	2:0.51875	0	1000	0	1.09069e-13	2.90024	0.390371	2.79022e-48	4.03226	0.276174	0.0211936	-4.44638	1.92942	0.999847	-24.6976	129219	0.999799	32.5018	129219	0	0	1
244	rs1	1:1	2:0.28075	rs2	1:2	2:0.52125	0	1000	0	1.04405e-13	3.10513	0.417625	6.82642e-45	4.50732	0.32061	0.32667	-1.17382	1.19675	0.999867	-24.3136	146101	0.999835	30.2743	146101	0	0	1
245	rs1	1:1	2:0.288	rs2	1:2	2:0.52275	0	1000	1	1.12695e-07	3.21285	0.605631	2.98985e-28	5.32012	0.482678	0.155497	-2.09326	1.47373	0.357918	1.02837	1.1186	4.12386e-05	5.89999	1.43887	0	0	1.05682e-06
246	rs1	1:1	2:0.283	rs2	1:2	2:0.52075	0	1000	0	9.95938e-08	3.19857	0.600392	6.93621e-27	5.24376	0.488452	0.999749	-77.2593	246021	0.44244	0.81552	1.06176	0.999671	55.438	134234	0	0	1
247	rs1	1:1	2:0.287	rs2	1:2	2:0.522	0	1000	0	2.35024e-11	3.22418	0.482487	6.59252e-40	4.6813	0.354067	0.00589058	-5.17941	1.88082	0.999849	-23.9963	126444	0.999795	32.4672	126444	0	0	1
248	rs1	1:1	2:0.2825	rs2	1:2	2:0.52225	0	1000	0	2.66877e-12	3.44946	0.493192	9.71011e-39	4.29314	0.329794	0.135876	-2.12657	1.42596	0.999862	-24.5366	142046	0.999825	31.0809	142046	0	0	1
249	rs1	1:1	2:0.28575	rs2	1:2	2:0.521	0	1000	1	1.42379e-08	3.41593	0.602403	1.79437e-29	4.54125	0.402861	0.0361025	-3.40252	1.62352	0.645843	0.491523	1.06959	5.85805e-06	6.83596	1.50856	0	0	6.51449e-10
250	rs1	1:1	2:0.2835	rs2	1:2	2:0.52225	0	1000	0	8.52286e-05	2.84075	0.722985	6.60548e-25	5.83745	0.566401	0.999735	-78.4215	236028	0.0427486	1.57906	0.779339	0.99966	55.3716	129820	0	0	1
251	rs1	1:1	2:0.286	rs2	1:2	2:0.52375	0	1000	0	2.62247e-05	2.95765	0.703533	6.29264e-22	5.75009	0.597434	0.999729	-77.6738	228324	0.999864	-23.9215	140363	0.99966	80.3714	188675	0	0	1
252	rs1	1:1	2:0.284	rs2	1:2	2:0.52425	0	1000	0	8.57099e-06	3.13374	0.704149	4.52566e-21	5.60711	0.595257	0.999751	-77.8048	248887	0.999853	-23.7634	128804	0.999657	80.2834	186935	0	0	1
253	rs1	1:1	2:0.285	rs2	1:2	2:0.51175	0	1000	0	7.26012e-12	3.05246	0.445456	3.19563e-48	3.90531	0.267649	0.351684	-1.14647	1.23101	0.999859	-24.5281	138987	0.999825	30.4678	138987	0	0	1
254	rs1	1:1	2:0.27775	rs2	1:2	2:0.52425	0	1000	0	8.68404e-15	3.34788	0.431584	8.82706e-43	4.25409	0.310287	0.019204	-4.00946	1.71231	0.999867	-24.8088	148789	0.999825	32.5627	148789	0	0	1
255	rs1	1:1	2:0.289	rs2	1:2	2:0.51875	0	1000	1	1.35831e-14	2.97939	0.386923	1.09455e-47	4.2505	0.292997	0.371277	-1.18049	1.32033	0.920864	0.101879	1.0255	6.28544e-06	5.94836	1.31701	0	0	3.52063e-13
256	rs1	1:1	2:0.2785	rs2	1:2	2:0.51125	0	1000	1	9.52705e-16	3.00983	0.374692	1.04041e-51	3.67943	0.243202	0.151674	0.881047	0.614551	0.868258	0.16614	1.00162	3.78997e-05	4.42337	1.07365	0	0	8.74009e-11
257	rs1	1:1	2:0.281	rs2	1:2	2:0.523	0	1000	0	2.99113e-12	3.32987	0.477187	5.79542e-39	4.52668	0.346686	0.999738	-77.9732	237596	0.999864	-24.5083	143788	0.999668	80.8472	194218	0	0	1
258	rs1	1:1	2:0.278	rs2	1:2	2:0.519	0	1000	0	4.23242e-12	3.42592	0.494418	1.46891e-37	4.00256	0.312492	0.0300959	-4.21307	1.94256	0.999855	-24.5428	134889	0.999809	32.3464	134889	0	0	1
259	rs1	1:1	2:0.2775	rs2	1:2	2:0.516	0	1000	0	1.37922e-12	3.09577	0.436878	1.57998e-43	3.88813	0.281047	0.0691239	-3.59418	1.97742	0.999863	-24.9575	144995	0.999822	32.3184	144995	0	0	1
260	rs1	1:1	2:0.27675	rs2	1:2	2:0.51875	0	1000	0	3.14625e-12	3.17423	0.455346	5.42625e-38	4.25529	0.330237	0.99977	-77.6608	269086	0.869221	0.168269	1.02199	0.999692	55.9667	145177	0	0	1
261	rs1	1:1	2:0.284	rs2	1:2	2:0.521	0	1000	0	4.90451e-09	2.93449	0.50159	2.00161e-35	4.62781	0.372569	0.999727	-78.2526	228838	0.824083	0.228487	1.02785	0.999645	56.237	126444	0	0	1
262	rs1	1:1	2:0.28375	rs2	1:2	2:0.5215	0	1000	0	0.00164994	1.84365	0.585856	4.78259e-22	5.61666	0.581867	0.999725	-77.8212	225486	0.187965	1.08494	0.824032	0.999647	55.2438	124917	0	0	1
