Outcome	Var1_ID	Var1_Pos	Var1_MAF	Var2_ID	Var2_Pos	Var2_MAF	Num_Missing	Num_Cases	Converged	Red_Var1_Het_Pval	Red_Var1_Het_beta	Red_Var1_Het_SE	Red_Var1_Hom_Pval	Red_Var1_Hom_beta	Red_Var1_Hom_SE	Red_Var2_Het_Pval	Red_Var2_Het_beta	Red_Var2_Het_SE	Red_Var2_Hom_Pval	Red_Var2_Hom_beta	Red_Var2_Hom_SE	Full_Var1_Het_Pval	Full_Var1_Het_beta	Full_Var1_Het_SE	Full_Var1_Hom_Pval	Full_Var1_Hom_beta	Full_Var1_Hom_SE	Full_Var2_Het_Pval	Full_Var2_Het_beta	Full_Var2_Het_SE	Full_Var2_Hom_Pval	Full_Var2_Hom_beta	Full_Var2_Hom_SE	Full_Var1_Het_Var2_Het_Pval	Full_Var1_Het_Var2_Het_beta	Full_Var1_Het_Var2_Het_SE	Full_Var1_Het_Var2_Hom_Pval	Full_Var1_Het_Var2_Hom_beta	Full_Var1_Het_Var2_Hom_SE	Full_Var1_Hom_Var2_Het_Pval	Full_Var1_Hom_Var2_Het_beta	Full_Var1_Hom_Var2_Het_SE	Full_Var1_Hom_Var2_Hom_Pval	Full_Var1_Hom_Var2_Hom_beta	Full_Var1_Hom_Var2_Hom_SE	Red_Model_Pval	Full_Model_Pval	Overall_Pval_(LRT)
1	rs1	1:1	2:0.2785	rs2	1:2	2:0.51925	0	1000	0	0.138743	1.22341	0.826356	0.583023	1.6128	2.93785	0.702753	0.411039	1.07713	2.55501e-25	9.63379	0.926581	0.999918	-25.4273	246901	0.999987	-25.4274	1.55172e+06	0.696998	0.418807	1.07558	0.999987	-25.4281	1.55459e+06	1	-0.418887	814198	0.999968	62.4999	1.57407e+06	nan	nan	nan	0.999969	85.8339	2.23274e+06	0	0	1
2	rs1	1:1	2:0.27975	rs2	1:2	2:0.522	0	1000	0	0.000209342	2.42727	0.654698	0.999943	27.1112	382047	0.999904	-25.3887	211638	6.57827e-36	8.36585	0.66873	0.886003	0.152918	1.06664	0.999959	60.4058	1.16184e+06	0.999911	-25.5841	230042	0.999981	-25.5841	1.09723e+06	1	-0.152918	860739	0.999956	60.2529	1.09952e+06	nan	nan	nan	nan	nan	nan	1	0	1
3	rs1	1:1	2:0.283	rs2	1:2	2:0.52175	0	1000	0	0.0466531	1.42004	0.713789	0.586562	1.53041	2.81416	0.999905	-25.678	215687	8.78841e-30	9.27722	0.818447	0.999908	-25.7155	223971	0.999987	-25.7155	1.55172e+06	0.999915	-25.7155	240873	0.999984	-25.7155	1.26697e+06	0.999968	25.7155	639658	0.999947	86.1213	1.28855e+06	nan	nan	nan	0.999967	86.1213	2.05079e+06	1	0	1
4	rs1	1:1	2:0.284	rs2	1:2	2:0.52775	0	1000	0	0.139419	1.83212	1.23963	0.000644435	4.67182	1.36916	0.235124	1.4756	1.24286	1.87807e-15	11.4961	1.44621	0.999923	-24.2114	250082	0.00114653	4.19971	1.29148	0.293502	1.29098	1.22896	0.999991	-24.2114	2.19446e+06	0.999999	-1.29098	930135	0.999969	84.6172	2.20981e+06	nan	nan	nan	0.99998	56.2061	2.21984e+06	0	0	1
5	rs1	1:1	2:0.281	rs2	1:2	2:0.5235	0	1000	0	0.0072276	2.07225	0.771451	0.432409	2.05156	2.6132	0.662006	0.480896	1.10009	2.01238e-25	9.63462	0.92464	0.518984	0.710496	1.10169	0.999991	-25.1104	2.19446e+06	0.631347	0.528174	1.10075	0.999987	-25.1104	1.55172e+06	0.999977	-26.349	895885	0.999969	59.6953	1.55335e+06	1	-0.528174	3.10344e+06	0.999975	85.5162	2.70997e+06	0	0	1
6	rs1	1:1	2:0.2865	rs2	1:2	2:0.52075	0	1000	0	0.00163797	2.37214	0.753284	0.279306	2.2188	2.05087	0.999908	-25.2035	218317	2.15205e-32	9.03293	0.762273	0.748752	0.347687	1.08556	0.999982	-25.3013	1.09723e+06	0.999917	-25.3013	242338	0.999984	-25.3013	1.26697e+06	1	-0.347687	770585	0.999962	60.0581	1.26897e+06	nan	nan	nan	0.99996	85.7071	1.71159e+06	1	0	1
7	rs1	1:1	2:0.27875	rs2	1:2	2:0.5205	0	1000	0	0.203678	1.03302	0.812667	0.594927	1.88322	3.54182	0.212678	1.01115	0.811362	2.43326e-25	9.7634	0.938627	0.999918	-25.4335	246898	0.999991	-25.4334	2.19446e+06	0.192432	1.0559	0.810101	0.999987	-25.4348	1.55309e+06	0.999999	-1.05583	736563	0.999968	62.5037	1.57259e+06	nan	nan	nan	0.999975	85.8406	2.7163e+06	0	0	1
8	rs1	1:1	2:0.27825	rs2	1:2	2:0.5215	0	1000	0	0.255007	0.912528	0.801678	0.875387	0.603134	3.84602	0.999904	-25.7157	213830	6.39405e-18	10.6171	1.23093	0.919015	0.107827	1.06051	0.999987	-25.7006	1.55172e+06	0.99991	-25.7006	227555	0.999991	-25.7006	2.19446e+06	1	-0.107827	699692	0.999978	60.298	2.1956e+06	nan	nan	nan	0.999975	86.1064	2.7219e+06	1	0	1
9	rs1	1:1	2:0.28125	rs2	1:2	2:0.521	0	1000	0	0.0468288	1.83121	0.921206	0.67685	1.4324	3.43694	0.999911	-24.8447	223715	3.28986e-18	10.6992	1.22966	0.440814	0.866221	1.12377	0.999984	-24.8823	1.26697e+06	0.999916	-24.8823	236635	0.999991	-24.8823	2.19446e+06	0.999999	-0.866221	926610	0.999978	59.5396	2.1956e+06	nan	nan	nan	0.999973	85.2881	2.56442e+06	1	0	1
10	rs1	1:1	2:0.27775	rs2	1:2	2:0.51775	0	1000	0	0.0234942	1.62132	0.715721	0.539162	1.71398	2.79112	0.710071	0.398516	1.07197	4.65092e-29	9.23938	0.825805	0.7401	0.356675	1.07523	0.999987	-25.4274	1.55172e+06	0.679265	0.444782	1.07574	0.999987	-25.4224	1.55167e+06	0.999977	-26.2288	895885	0.999981	36.7144	1.55167e+06	nan	nan	nan	0.999969	85.8282	2.23789e+06	0	0	1
11	rs1	1:1	2:0.2855	rs2	1:2	2:0.51875	0	1000	0	0.498397	0.533008	0.787292	0.856543	0.640239	3.54161	0.917262	-0.109435	1.05344	1.28898e-18	10.842	1.23111	0.841662	-0.210596	1.0542	0.999987	-25.8184	1.55172e+06	0.896438	-0.137265	1.05457	0.999991	-25.8184	2.19446e+06	0.999981	-25.4705	1.09723e+06	0.999978	60.6164	2.19563e+06	nan	nan	nan	0.999975	86.2242	2.70707e+06	0	0	1
12	rs1	1:1	2:0.28725	rs2	1:2	2:0.52425	0	1000	0	0.0207833	1.79242	0.775304	0.623409	1.66923	3.39948	0.91672	0.114609	1.09604	4.0266e-19	10.5331	1.1787	0.609866	0.561811	1.10102	0.999987	-25.1302	1.55172e+06	0.999913	-25.1299	231325	0.999991	-25.1302	2.19446e+06	0.999908	26.7504	231325	0.999978	59.844	2.19561e+06	nan	nan	nan	0.999975	85.536	2.70942e+06	0	0	1
13	rs1	1:1	2:0.27625	rs2	1:2	2:0.5235	0	1000	0	0.0330923	1.94918	0.914695	0.602167	2.15462	4.13328	0.999905	-25.0672	211302	5.57798e-23	9.87271	1.00021	0.99992	-25.103	250082	0.999991	-25.103	2.19446e+06	0.999914	-25.103	233930	0.999987	-25.103	1.55172e+06	0.999972	25.103	720118	0.999957	85.5088	1.57331e+06	nan	nan	nan	0.999975	85.5088	2.73441e+06	1	0	1
14	rs1	1:1	2:0.27675	rs2	1:2	2:0.51725	0	1000	0	0.129103	1.25268	0.82541	0.659874	1.72486	3.91936	0.662289	0.470797	1.07794	4.87052e-23	10.0178	1.0135	0.999918	-25.4166	248474	0.999991	-25.4166	2.19446e+06	0.635782	0.509634	1.07608	0.999987	-25.4166	1.55172e+06	1	-0.509634	814676	0.999956	85.8224	1.57307e+06	nan	nan	nan	0.999975	85.8224	2.72064e+06	0	0	1
15	rs1	1:1	2:0.276	rs2	1:2	2:0.52175	0	1000	0	0.00115406	2.17781	0.670096	0.341886	2.63537	2.77277	0.837977	0.219888	1.07534	6.29324e-33	8.56214	0.716342	0.665326	0.465408	1.07591	0.999991	-25.4334	2.19446e+06	0.793877	0.280837	1.07485	0.999984	-25.4376	1.26791e+06	0.999975	-26.1797	829429	0.999977	36.6118	1.26791e+06	nan	nan	nan	0.999973	85.8434	2.56813e+06	0	0	1
16	rs1	1:1	2:0.28575	rs2	1:2	2:0.52275	0	1000	0	0.999911	-24.7559	221862	0.999947	-24.7614	375769	0.999909	-24.7615	217358	0.999793	60.276	232547	0.999917	-24.886	239435	0.999987	-24.886	1.55172e+06	0.999914	-24.886	231317	0.99997	60.4058	1.58246e+06	0.999975	24.886	803685	1	-4.61644e-09	1.60206e+06	nan	nan	nan	nan	nan	nan	1	0	1
17	rs1	1:1	2:0.2795	rs2	1:2	2:0.521	0	1000	0	2.34735e-06	2.95839	0.626651	0.999944	27.8212	394179	0.87825	0.165701	1.08169	1.34353e-41	7.97554	0.590292	0.224009	0.984517	0.809678	0.999954	60.4058	1.0576e+06	0.769791	0.314627	1.0751	0.999979	-25.4456	981393	0.999973	-26.7448	775859	0.999952	59.4213	983949	nan	nan	nan	nan	nan	nan	1	0	1
18	rs1	1:1	2:0.286	rs2	1:2	2:0.5185	0	1000	0	0.000111991	2.40142	0.621643	0.180401	2.44269	1.82355	0.99991	-25.5699	226440	5.28176e-42	8.18402	0.602664	0.910544	-0.119021	1.05936	0.999984	-25.7068	1.26697e+06	0.999919	-25.7068	253395	0.999979	-25.7068	981393	1	0.119021	774133	0.999951	60.5248	983965	nan	nan	nan	0.999958	86.1126	1.64272e+06	1	0	1
19	rs1	1:1	2:0.2805	rs2	1:2	2:0.52425	0	1000	0	0.00528978	1.77131	0.635141	0.35403	1.98491	2.14167	0.999898	-25.8166	202379	7.45657e-33	8.48632	0.710837	0.965472	0.0456932	1.05557	0.999987	-25.8134	1.55172e+06	0.999906	-25.8134	219446	0.999984	-25.8113	1.26779e+06	1	-0.0456932	763695	0.999977	37.0137	1.26779e+06	0.999991	25.8134	2.20541e+06	0.999966	86.2171	2.036e+06	1	0	1
20	rs1	1:1	2:0.27925	rs2	1:2	2:0.51925	0	1000	0	0.0189867	1.41851	0.604705	0.554061	1.18808	2.00795	0.80065	-0.264465	1.04736	9.41053e-31	8.87854	0.770097	0.866421	-0.176168	1.04733	0.999984	-25.9846	1.26697e+06	0.771827	-0.303507	1.04663	0.999984	-25.9846	1.26697e+06	0.999979	-25.5049	981393	0.999962	60.582	1.26897e+06	1	0.303507	2.53395e+06	0.999962	86.3904	1.82873e+06	0	0	1
21	rs1	1:1	2:0.2795	rs2	1:2	2:0.52425	0	1000	0	0.00110932	1.93458	0.593207	0.431391	1.94843	2.47635	0.643985	-0.489312	1.05881	1.0774e-31	8.68823	0.74168	0.31091	0.801005	0.79048	0.999991	-25.713	2.19446e+06	0.920877	-0.105236	1.05946	0.999984	-25.713	1.26697e+06	0.999964	-26.4088	586495	0.999963	59.6048	1.26896e+06	1	0.105236	3.10344e+06	0.999973	86.1188	2.56543e+06	0	0	1
22	rs1	1:1	2:0.284	rs2	1:2	2:0.52375	0	1000	0	0.0119091	1.94459	0.773249	0.434238	2.14421	2.74209	0.892625	0.148169	1.09768	3.90623e-25	9.69602	0.936217	0.504258	0.735814	1.10184	0.999987	-25.1104	1.55172e+06	0.576393	0.615186	1.10118	0.999987	-25.1104	1.55172e+06	0.999961	-26.4614	548615	0.999969	59.67	1.55335e+06	nan	nan	nan	0.999969	85.5162	2.21926e+06	0	0	1
23	rs1	1:1	2:0.281	rs2	1:2	2:0.522	0	1000	0	2.09767e-05	5.63812	1.3253	0.12566	6.11793	3.99488	0.999899	-23.7222	187769	5.43096e-24	10.0243	0.992337	0.999918	-24.1819	236635	0.999991	-24.1819	2.19446e+06	0.999923	-24.1819	250082	0.999985	-24.1819	1.26697e+06	0.999976	24.1819	808462	0.999948	84.5877	1.29081e+06	nan	nan	nan	0.999974	84.5877	2.56651e+06	1	0	1
24	rs1	1:1	2:0.2845	rs2	1:2	2:0.51825	0	1000	0	0.000361199	2.34766	0.658176	0.245111	2.51973	2.16787	0.99991	-25.5936	227302	7.91418e-37	8.48191	0.66907	0.92914	0.0948213	1.06629	0.999987	-25.5755	1.55172e+06	0.999921	-25.5755	256842	0.999981	-25.5755	1.09723e+06	1	-0.0948213	868286	0.999956	60.311	1.09953e+06	0.99999	25.5755	2.01966e+06	0.999965	85.9813	1.93534e+06	1	0	1
25	rs1	1:1	2:0.27875	rs2	1:2	2:0.51875	0	1000	0	0.335951	0.760134	0.789999	0.999998	0.760134	388585	0.999907	-25.7559	222211	0.999618	33.9524	70981.5	0.335951	0.760134	0.789999	0.999998	0.760134	388585	0.999911	-25.6933	230042	0.999618	33.9524	70981.5	0.999999	-0.760134	924949	nan	nan	nan	nan	nan	nan	nan	nan	nan	1	0	1
26	rs1	1:1	2:0.282	rs2	1:2	2:0.52	0	1000	0	1.78389e-05	3.2681	0.761731	0.149806	2.45711	1.70607	0.999911	-24.6341	220886	8.19478e-34	8.56408	0.70656	0.0155259	1.78932	0.739426	0.999976	-25.1055	829429	0.999914	-25.1055	233930	0.999984	-25.1055	1.26697e+06	0.999999	-1.78932	1.56925e+06	0.999963	58.6165	1.26896e+06	nan	nan	nan	0.999956	85.5113	1.5591e+06	1	0	1
27	rs1	1:1	2:0.279	rs2	1:2	2:0.52225	0	1000	0	0.284378	0.85266	0.796478	0.939333	0.246085	3.23335	0.0874209	1.17342	0.686545	1.66725e-18	10.8984	1.24158	0.733176	0.366625	1.07545	0.999979	-25.4542	981393	0.0706604	1.2623	0.698307	0.999991	-25.4542	2.19446e+06	0.999972	-27.0832	775859	0.999978	60.0392	2.1956e+06	nan	nan	nan	0.999972	85.86	2.43943e+06	0	0	1
28	rs1	1:1	2:0.284	rs2	1:2	2:0.517	0	1000	0	0.133544	1.2727	0.848313	0.455112	2.10399	2.81688	0.0501518	1.66447	0.849797	5.26674e-27	9.68118	0.899665	0.999913	-25.091	228788	0.999987	-25.0909	1.55172e+06	0.0540516	1.63075	0.846516	0.999987	-25.0952	1.55437e+06	0.999999	-1.63069	860405	0.999969	61.4667	1.57112e+06	nan	nan	nan	0.999969	85.501	2.22501e+06	0	0	1
29	rs1	1:1	2:0.281	rs2	1:2	2:0.522	0	1000	0	0.390883	0.671204	0.782272	0.999944	24.0198	342754	0.765655	-0.312955	1.04996	5.31986e-18	10.6601	1.23291	0.988853	-0.0147423	1.05519	0.999978	60.4058	2.22107e+06	0.862398	-0.182734	1.0543	0.999991	-25.8109	2.19446e+06	0.999968	-25.6134	633487	0.999978	60.4205	2.19562e+06	nan	nan	nan	nan	nan	nan	1	0	1
30	rs1	1:1	2:0.281	rs2	1:2	2:0.52	0	1000	0	0.861335	-0.182844	1.04677	0.999732	-20.0113	59633.7	0.750044	-0.333262	1.04608	0.999518	50.8999	84172.9	0.939007	-0.0804216	1.05102	0.999984	-25.9013	1.26697e+06	0.825906	-0.230994	1.05019	0.999963	60.4058	1.31735e+06	0.999969	-25.5899	661655	0.999984	-25.8209	1.31927e+06	1	0.230994	2.53395e+06	nan	nan	nan	1	0	1
31	rs1	1:1	2:0.28275	rs2	1:2	2:0.52275	0	1000	0	0.272979	1.31365	1.19834	0.723164	1.61237	4.55172	0.259924	1.34589	1.19468	3.94002e-16	11.5474	1.41854	0.999913	-24.6094	225147	0.999987	-24.6094	1.55172e+06	0.365224	1.05018	1.15983	0.999991	-24.6094	2.19446e+06	0.999999	-1.05018	1.56797e+06	0.999969	85.0152	2.20712e+06	nan	nan	nan	0.999975	85.0152	2.71388e+06	0	0	1
32	rs1	1:1	2:0.28375	rs2	1:2	2:0.52125	0	1000	0	0.456497	0.843396	1.13264	0.829365	0.833603	3.86795	0.405979	0.935561	1.12584	4.17421e-16	11.6123	1.42773	0.999914	-24.8885	231317	0.999982	-24.8885	1.09723e+06	0.43791	0.871786	1.12383	0.999991	-24.8885	2.19446e+06	0.999999	-0.871786	861080	0.999969	85.2943	2.20776e+06	nan	nan	nan	0.999973	85.2943	2.48137e+06	0	0	1
33	rs1	1:1	2:0.27925	rs2	1:2	2:0.52325	0	1000	0	0.0359736	1.46842	0.700174	0.614206	1.71237	3.39702	0.9999	-25.7885	205603	4.70936e-25	9.48512	0.917439	0.913422	0.115311	1.06059	0.999991	-25.7056	2.19446e+06	0.999909	-25.7056	226341	0.999987	-25.7056	1.55172e+06	1	-0.115311	610143	0.999969	60.2905	1.55333e+06	nan	nan	nan	0.999975	86.1113	2.71838e+06	1	0	1
34	rs1	1:1	2:0.27875	rs2	1:2	2:0.52175	0	1000	0	0.0956132	1.41116	0.846782	0.651954	1.35422	3.00237	0.64653	0.499371	1.08893	2.24193e-23	10.0655	1.01042	0.999917	-25.2878	243829	0.999984	-25.2878	1.26697e+06	0.694512	0.426466	1.08588	0.999987	-25.2878	1.55172e+06	1	-0.426466	864526	0.999956	85.6936	1.57235e+06	nan	nan	nan	0.999967	85.6936	2.04575e+06	0	0	1
35	rs1	1:1	2:0.28275	rs2	1:2	2:0.523	0	1000	0	0.00113752	2.42247	0.744435	0.268406	3.02548	2.73369	0.999904	-25.2524	209686	1.20764e-34	8.66241	0.705595	0.711383	0.401755	1.08583	0.999991	-25.3013	2.19446e+06	0.999914	-25.3013	233930	0.999984	-25.3001	1.26678e+06	1	-0.401755	732318	0.999977	36.6658	1.26678e+06	nan	nan	nan	0.999973	85.7059	2.56165e+06	1	0	1
36	rs1	1:1	2:0.28025	rs2	1:2	2:0.5225	0	1000	0	0.000131736	2.77189	0.72502	0.999876	25.0731	160844	0.999848	-44.5868	234597	5.25168e-27	9.01224	0.83748	0.0174097	1.75786	0.739236	0.99997	60.4058	1.59671e+06	0.999911	-25.1128	225147	0.999987	-25.1128	1.55172e+06	0.999999	-1.75786	923743	0.99997	58.6479	1.55334e+06	0.999982	-60.4058	2.72321e+06	nan	nan	nan	1	0	1
37	rs1	1:1	2:0.282	rs2	1:2	2:0.521	0	1000	0	0.566914	0.634106	1.10741	0.836194	0.935519	4.52458	0.531686	0.689397	1.10227	5.23946e-16	11.5449	1.42428	0.999914	-25.1091	232612	0.999987	-25.1091	1.55172e+06	0.561516	0.639403	1.1013	0.999991	-25.1091	2.19446e+06	0.999999	-0.639403	861429	0.999969	85.5149	2.20789e+06	nan	nan	nan	0.999975	85.5149	2.71388e+06	0	0	1
38	rs1	1:1	2:0.2855	rs2	1:2	2:0.52075	0	1000	0	0.999901	-24.4164	197658	0.999959	-24.4164	471625	0.999914	-24.3487	225866	0.999771	60.2165	209844	0.99991	-24.6057	217284	0.999959	-24.6057	480181	0.999924	-24.6057	256842	0.999789	60.4058	228425	0.999969	24.6057	643552	nan	nan	nan	nan	nan	nan	nan	nan	nan	1	0	1
39	rs1	1:1	2:0.283	rs2	1:2	2:0.515	0	1000	0	5.23694e-05	2.13942	0.528932	0.196677	1.90897	1.47858	0.99288	-0.00942289	1.05594	2.07353e-44	7.82566	0.559787	0.778085	-0.294955	1.04662	0.999979	-25.9761	981393	0.994425	0.00732604	1.04845	0.999977	-25.9761	895885	0.999975	-25.6884	829429	0.999946	60.7007	898711	nan	nan	nan	0.99995	86.3819	1.37824e+06	0	0	1
40	rs1	1:1	2:0.27925	rs2	1:2	2:0.5165	0	1000	0	0.157434	1.14645	0.810928	0.999745	-18.9806	59496.9	0.718948	0.384859	1.06945	0.999521	50.4544	83977.1	0.126133	1.26176	0.824936	0.999991	-25.2648	2.19446e+06	0.584473	0.594259	1.08667	0.999978	60.4058	2.22474e+06	0.999978	-27.1209	981393	0.99999	-26.5266	2.22587e+06	1	-0.594259	3.10344e+06	nan	nan	nan	1	0	1
41	rs1	1:1	2:0.2785	rs2	1:2	2:0.5215	0	1000	0	2.44386e-06	3.24701	0.688983	0.10456	3.78329	2.33085	0.768265	0.324855	1.10253	3.33708e-39	8.06334	0.61557	0.54731	0.654204	1.08709	0.999991	-25.272	2.19446e+06	0.637371	0.51203	1.08624	0.999979	-25.272	981393	0.999973	-26.4383	775859	0.999952	59.7516	983965	nan	nan	nan	0.999972	85.6778	2.42946e+06	0	0	1
42	rs1	1:1	2:0.2795	rs2	1:2	2:0.51725	0	1000	0	0.000630583	2.0551	0.601238	0.276148	2.29076	2.10352	0.826375	0.233607	1.06498	1.42596e-38	8.26517	0.636356	0.999913	-25.7889	235271	0.999987	-25.7889	1.55172e+06	0.917063	0.109945	1.0558	0.999979	-25.7889	981393	1	-0.109945	926263	0.999932	86.1947	1.01169e+06	nan	nan	nan	0.999963	86.1947	1.87656e+06	0	0	1
43	rs1	1:1	2:0.278	rs2	1:2	2:0.5195	0	1000	0	0.00837844	1.6453	0.624063	0.597385	1.39946	2.64967	0.999905	-25.8552	216823	5.05911e-26	9.20243	0.872236	0.352015	0.729198	0.783504	0.999987	-25.7974	1.55172e+06	0.999911	-25.7974	232612	0.999987	-25.7974	1.55172e+06	0.999999	-0.729198	767582	0.999969	59.6766	1.55334e+06	nan	nan	nan	0.999969	86.2032	2.23074e+06	1	0	1
44	rs1	1:1	2:0.28425	rs2	1:2	2:0.52125	0	1000	0	0.00293712	3.02498	1.01706	0.285105	3.58769	3.35636	0.999908	-24.759	213632	4.11664e-31	9.36935	0.807696	0.999911	-24.8897	222814	0.999991	-24.8897	2.19446e+06	0.999921	-24.8897	251722	0.999984	-24.8897	1.26697e+06	0.999974	24.8897	771088	0.999947	85.2955	1.28835e+06	0.999994	24.8897	3.11363e+06	0.999973	85.2955	2.56543e+06	1	0	1
45	rs1	1:1	2:0.27875	rs2	1:2	2:0.513	0	1000	0	0.195795	1.05302	0.814009	0.812418	0.905804	3.81701	0.651381	0.484592	1.07247	4.23257e-18	10.7588	1.24058	0.68857	0.431054	1.0755	0.999987	-25.4024	1.55172e+06	0.49224	0.740059	1.07762	0.999991	-25.4024	2.19446e+06	0.999971	-26.5735	731487	0.999978	59.9747	2.1956e+06	nan	nan	nan	0.999975	85.8082	2.71641e+06	0	0	1
46	rs1	1:1	2:0.28275	rs2	1:2	2:0.51925	0	1000	0	0.909524	0.121937	1.07302	0.905204	0.536112	4.50171	0.194909	1.04923	0.809468	3.61328e-16	11.6432	1.42846	0.999913	-25.4432	232612	0.999987	-25.4432	1.55172e+06	0.196573	1.04616	0.810109	0.999991	-25.4432	2.19446e+06	0.999999	-1.04616	767582	0.999969	85.849	2.2079e+06	nan	nan	nan	0.999975	85.849	2.71113e+06	0	0	1
47	rs1	1:1	2:0.28075	rs2	1:2	2:0.52175	0	1000	0	0.0347151	1.93484	0.916265	0.48045	2.62911	3.72618	0.390294	0.971728	1.13112	3.26271e-23	10.1172	1.01944	0.999919	-24.875	243829	0.999991	-24.875	2.19446e+06	0.430878	0.885225	1.12382	0.999987	-24.875	1.55172e+06	0.999999	-0.885225	864526	0.999957	85.2808	1.57236e+06	nan	nan	nan	0.999975	85.2808	2.71113e+06	0	0	1
48	rs1	1:1	2:0.278	rs2	1:2	2:0.5235	0	1000	0	6.82572e-05	2.67438	0.671569	0.263546	2.6495	2.36975	0.168075	1.15079	0.834863	4.26493e-32	8.7783	0.744394	0.084918	1.45616	0.845213	0.999987	-25.1091	1.55172e+06	0.154159	1.20193	0.843464	0.999984	-25.1091	1.26697e+06	0.999975	-27.7672	895885	0.999963	58.9496	1.26896e+06	nan	nan	nan	0.999967	85.5149	2.03937e+06	0	0	1
49	rs1	1:1	2:0.278	rs2	1:2	2:0.52175	0	1000	0	0.000661368	2.0118	0.590818	0.342507	2.01082	2.11838	0.999901	-25.9077	208122	1.097e-34	8.26733	0.672988	0.969845	-0.0397403	1.05125	0.999987	-25.8988	1.55172e+06	0.99991	-25.8988	228788	0.999981	-25.8988	1.09723e+06	1	0.0397403	700094	0.999956	60.4455	1.09952e+06	nan	nan	nan	0.999965	86.3046	1.94091e+06	1	0	1
50	rs1	1:1	2:0.28325	rs2	1:2	2:0.524	0	1000	0	0.000366044	2.92869	0.821874	0.16352	2.89339	2.0766	0.999901	-24.9881	201910	1.73451e-31	8.8642	0.759322	0.504258	0.735814	1.10184	0.999984	-25.1104	1.26697e+06	0.999911	-25.1104	226341	0.999984	-25.1104	1.26697e+06	0.999999	-0.735814	808201	0.999963	59.67	1.26898e+06	nan	nan	nan	0.999963	85.5162	1.82076e+06	1	0	1
51	rs1	1:1	2:0.2775	rs2	1:2	2:0.52275	0	1000	0	0.61437	0.549584	1.09078	0.850544	0.979578	5.19878	0.999906	-25.3402	215879	2.03612e-15	11.2564	1.41784	0.999918	-25.4432	248474	0.999991	-25.4432	2.19446e+06	0.99991	-25.4432	225147	0.999991	-25.4432	2.19446e+06	0.999976	25.4432	845215	0.999969	85.849	2.20962e+06	nan	nan	nan	0.999978	85.849	3.13008e+06	1	0	1
52	rs1	1:1	2:0.28125	rs2	1:2	2:0.51925	0	1000	0	0.0515461	1.36067	0.698889	0.555974	1.54601	2.62555	0.999909	-25.7129	226117	2.9759e-29	9.19775	0.81919	0.999911	-25.8023	232612	0.999987	-25.8023	1.55172e+06	0.999916	-25.8023	245348	0.999984	-25.8023	1.26697e+06	0.999972	25.8023	743029	0.999947	86.2081	1.2901e+06	nan	nan	nan	0.999966	86.2081	2.04167e+06	1	0	1
53	rs1	1:1	2:0.28225	rs2	1:2	2:0.521	0	1000	0	0.0156129	2.81769	1.16537	0.356714	3.03084	3.28851	0.999913	-24.164	221905	3.50563e-24	10.0692	0.992575	0.999916	-24.591	232612	0.999987	-24.591	1.55172e+06	0.99992	-24.591	245348	0.999987	-24.591	1.55172e+06	0.999979	24.591	957557	0.999957	84.9968	1.57065e+06	nan	nan	nan	0.99997	84.9968	2.22747e+06	1	0	1
54	rs1	1:1	2:0.28625	rs2	1:2	2:0.5195	0	1000	0	0.215031	0.830047	0.669474	0.646039	1.09954	2.3941	0.518771	0.502142	0.778224	3.22489e-30	9.5003	0.831712	0.999907	-25.9162	221674	0.999984	-25.9162	1.26697e+06	0.460967	0.573144	0.777402	0.999984	-25.9162	1.26697e+06	0.999999	-0.573144	626989	0.999947	86.322	1.2882e+06	nan	nan	nan	0.999962	86.322	1.82506e+06	0	0	1
55	rs1	1:1	2:0.28275	rs2	1:2	2:0.523	0	1000	0	2.66179e-05	3.36044	0.799985	0.0840648	3.25833	1.88607	0.36666	1.036	1.14761	1.52865e-39	8.56723	0.651099	0.999913	-25.1165	230042	0.999987	-25.1165	1.55172e+06	0.573154	0.620453	1.10124	0.99998	-25.1165	981393	1	-0.620453	1.00799e+06	0.999932	85.5223	1.01048e+06	1	-0.620453	2.68766e+06	0.999964	85.5223	1.87312e+06	0	0	1
56	rs1	1:1	2:0.278	rs2	1:2	2:0.52225	0	1000	0	0.26634	0.884335	0.795602	0.885803	0.454335	3.16353	0.458093	0.586586	0.790558	6.40658e-18	10.735	1.24463	0.721014	0.381368	1.06794	0.999987	-25.573	1.55172e+06	0.335111	0.769133	0.797964	0.999991	-25.573	2.19446e+06	0.999968	-26.7235	661655	0.999978	60.0244	2.19561e+06	1	-0.769133	2.68766e+06	0.999975	85.9788	2.71314e+06	0	0	1
57	rs1	1:1	2:0.28175	rs2	1:2	2:0.52075	0	1000	0	0.0476965	1.80802	0.913113	0.999947	25.8236	387971	0.379163	0.993358	1.12954	1.45318e-23	10.2162	1.02114	0.999913	-24.8823	228788	0.99997	60.4058	1.59949e+06	0.403781	0.938541	1.12415	0.999987	-24.8823	1.55172e+06	0.999999	-0.938541	808889	0.999957	85.2881	1.57009e+06	nan	nan	nan	nan	nan	nan	1	0	1
58	rs1	1:1	2:0.27975	rs2	1:2	2:0.523	0	1000	0	2.43494e-06	4.30944	0.914275	0.0870446	4.5486	2.65814	0.999895	-25.3248	191956	1.15296e-36	8.37555	0.662223	0.0533654	1.68908	0.874284	0.999991	-24.8762	2.19446e+06	0.999918	-24.8762	240873	0.999982	-24.8762	1.09723e+06	0.999998	-1.68908	654565	0.999957	58.7167	1.09951e+06	nan	nan	nan	0.999973	85.282	2.48397e+06	1	0	1
59	rs1	1:1	2:0.27975	rs2	1:2	2:0.51475	0	1000	0	0.999911	-25.4636	228402	0.999952	-25.46	427433	0.144249	1.18421	0.81102	0.999798	60.4479	238523	0.999914	-25.4214	235271	0.999984	-25.4214	1.26697e+06	0.144249	1.18421	0.81102	0.999964	60.4058	1.32332e+06	0.999999	-1.18421	1.56945e+06	1	-1.0556e-07	1.34594e+06	nan	nan	nan	nan	nan	nan	1	0	1
60	rs1	1:1	2:0.28225	rs2	1:2	2:0.5235	0	1000	0	0.89363	0.144374	1.07974	0.982987	0.0750866	3.52116	0.0462113	1.42551	0.715093	3.4046e-16	11.7732	1.44313	0.999917	-25.2989	243829	0.999987	-25.2989	1.55172e+06	0.0428474	1.44877	0.715376	0.999991	-25.2989	2.19446e+06	0.999998	-1.44877	705153	0.999969	85.7046	2.20911e+06	1	-1.44877	2.68766e+06	0.999975	85.7046	2.70996e+06	0	0	1
61	rs1	1:1	2:0.28775	rs2	1:2	2:0.52375	0	1000	0	0.210996	1.5473	1.23702	0.654403	1.54915	3.4606	0.999909	-24.6119	214761	9.6222e-16	11.3675	1.41535	0.999919	-24.6008	240873	0.999982	-24.6008	1.09723e+06	0.999919	-24.6008	240873	0.999991	-24.6008	2.19446e+06	0.99997	24.6008	661123	0.999969	85.0066	2.20879e+06	0.999992	24.6008	2.46528e+06	0.999973	85.0066	2.47473e+06	1	0	1
62	rs1	1:1	2:0.28075	rs2	1:2	2:0.52375	0	1000	0	0.790859	0.284998	1.07467	0.999741	-19.204	59263.9	0.890876	0.147367	1.07414	0.99952	50.3485	83708.7	0.702849	0.414265	1.08595	0.999984	-25.3113	1.26697e+06	0.798911	0.276481	1.08527	0.999964	60.4058	1.33552e+06	0.999972	-26.002	731487	0.999985	-25.7256	1.33739e+06	nan	nan	nan	nan	nan	nan	1	0	1
63	rs1	1:1	2:0.278	rs2	1:2	2:0.5195	0	1000	0	0.027179	1.57746	0.714125	0.660403	0.90631	2.06281	0.00240951	2.01568	0.66426	1.98001e-29	9.57473	0.850043	0.999916	-25.2829	240873	0.999982	-25.2829	1.09723e+06	0.00355994	1.91183	0.655918	0.999984	-25.2829	1.26697e+06	0.999998	-1.91183	927702	0.999947	85.6887	1.2916e+06	0.999999	-1.91183	2.45348e+06	0.999961	85.6887	1.7374e+06	0	0	1
64	rs1	1:1	2:0.276	rs2	1:2	2:0.5185	0	1000	0	0.0236953	1.58499	0.700693	0.60715	1.47871	2.87605	0.920768	0.105828	1.06396	7.21474e-25	9.5139	0.923883	0.728018	0.371324	1.06775	0.999987	-25.5549	1.55172e+06	0.81218	0.253541	1.06703	0.999987	-25.5549	1.55172e+06	0.999973	-26.1798	775859	0.999969	60.0345	1.55333e+06	nan	nan	nan	0.999969	85.9607	2.23198e+06	0	0	1
65	rs1	1:1	2:0.27725	rs2	1:2	2:0.519	0	1000	0	0.000172203	2.4018	0.639345	0.999948	26.8054	407545	0.0241479	1.62451	0.720479	4.59207e-32	8.89431	0.75463	0.631813	0.520534	1.08631	0.999964	60.4058	1.33091e+06	0.137162	1.22595	0.824755	0.999984	-25.2756	1.26697e+06	0.411379	1.38901	1.69088	0.999962	59.8853	1.26895e+06	nan	nan	nan	nan	nan	nan	1	0	1
66	rs1	1:1	2:0.28425	rs2	1:2	2:0.5265	0	1000	0	0.0305586	2.13534	0.987315	0.393929	2.53163	2.96961	0.999901	-24.8642	200734	3.82731e-26	9.64119	0.911562	0.999915	-24.907	232610	0.999987	-24.9071	1.55172e+06	0.999913	-24.9071	227555	0.999987	-24.9094	1.55202e+06	0.99997	24.907	670720	0.999968	61.9844	1.56936e+06	0.999993	24.9071	2.69727e+06	0.999969	85.3152	2.2298e+06	1	0	1
67	rs1	1:1	2:0.2845	rs2	1:2	2:0.5235	0	1000	0	0.00125049	2.03037	0.629161	0.355183	1.97672	2.13796	0.977125	0.0305945	1.067	1.60301e-37	8.6646	0.676829	0.971966	-0.0374576	1.06587	0.999984	-25.6154	1.26697e+06	0.974831	0.0336384	1.06621	0.999981	-25.6154	1.09723e+06	0.999971	-25.6116	693950	0.999956	60.4432	1.09951e+06	nan	nan	nan	0.99996	86.0212	1.72489e+06	0	0	1
68	rs1	1:1	2:0.28075	rs2	1:2	2:0.52225	0	1000	0	1.26224e-05	2.55622	0.585409	0.262148	2.76172	2.4629	0.9999	-25.5042	203859	3.10149e-33	8.32886	0.693422	0.013357	1.54086	0.622795	0.999991	-25.594	2.19446e+06	0.999906	-25.594	217284	0.999984	-25.594	1.26697e+06	0.999999	-1.54086	1.00516e+06	0.999963	58.8649	1.26897e+06	nan	nan	nan	0.999973	85.9998	2.55884e+06	1	0	1
69	rs1	1:1	2:0.2875	rs2	1:2	2:0.52125	0	1000	0	0.040453	1.514	0.738863	0.688789	1.34489	3.35804	0.999907	-25.3235	217336	2.23956e-19	10.4646	1.16263	0.256463	0.93408	0.823129	0.999987	-25.3176	1.55172e+06	0.999912	-25.3176	228788	0.999991	-25.3176	2.19446e+06	0.999999	-0.93408	924638	0.999978	59.4717	2.19561e+06	0.999992	25.3176	2.69738e+06	0.999975	85.7234	2.70997e+06	1	0	1
70	rs1	1:1	2:0.27725	rs2	1:2	2:0.52325	0	1000	0	2.03563e-06	2.79383	0.588192	0.172694	2.67345	1.96058	0.999898	-25.6811	200035	5.61737e-41	7.79686	0.581619	0.282206	0.850385	0.790779	0.999987	-25.7019	1.55172e+06	0.999908	-25.7019	223971	0.0115978	2.89161	1.14558	0.999999	-0.850385	807540	0.999651	30.9619	70833.5	0.999992	25.7019	2.69697e+06	0.999971	57.5142	1.60619e+06	1	0	1
71	rs1	1:1	2:0.28	rs2	1:2	2:0.52325	0	1000	0	0.000627373	2.38221	0.696657	0.202659	2.31607	1.81793	0.891033	0.148928	1.08708	7.64507e-33	8.58329	0.719085	0.999924	-25.4346	266118	0.999982	-25.4346	1.09723e+06	0.802766	0.268451	1.07479	0.999982	-25.4346	1.09723e+06	1	-0.268451	743226	0.999939	85.8404	1.13128e+06	nan	nan	nan	0.999957	85.8404	1.58824e+06	0	0	1
72	rs1	1:1	2:0.283	rs2	1:2	2:0.51875	0	1000	0	0.187	1.08567	0.822785	0.693067	0.932354	2.36221	0.0179725	1.70526	0.720679	7.74067e-24	10.3248	1.02562	0.999915	-25.2805	236635	0.999987	-25.2805	1.55172e+06	0.0212261	1.65158	0.716849	0.999987	-25.2805	1.55172e+06	0.999999	-1.65158	926610	0.999956	85.6863	1.57128e+06	1	-1.65158	2.68766e+06	0.999969	85.6863	2.21984e+06	0	0	1
73	rs1	1:1	2:0.2815	rs2	1:2	2:0.517	0	1000	0	0.0212824	1.39067	0.60387	0.562585	1.45183	2.50745	0.534547	0.4819	0.775907	1.83433e-26	9.3748	0.880653	0.345628	0.738919	0.783497	0.999987	-25.7877	1.55172e+06	0.353839	0.72634	0.783396	0.999987	-25.7877	1.55172e+06	0.999969	-27.2529	693950	0.999969	59.6669	1.55337e+06	nan	nan	nan	0.999969	86.1935	2.21872e+06	0	0	1
74	rs1	1:1	2:0.282	rs2	1:2	2:0.5225	0	1000	0	4.68399e-05	2.4795	0.609085	0.15306	2.34271	1.63963	0.999903	-25.5179	210342	2.55428e-43	7.90928	0.573143	0.999911	-25.8171	232612	0.999981	-25.8171	1.09723e+06	0.999911	-25.8171	231317	0.999977	-25.8171	895885	0.999976	25.8171	842362	0.999926	86.2229	928306	nan	nan	nan	0.999953	86.2229	1.46714e+06	1	0	1
75	rs1	1:1	2:0.283	rs2	1:2	2:0.5255	0	1000	0	1.47175e-06	7.61063	1.5806	0.0662252	7.60011	4.13747	0.999884	-22.3653	154510	8.343e-16	11.3923	1.41535	0.999921	-23.5059	236635	0.999985	-23.5059	1.26697e+06	0.999918	-23.5059	230042	0.999985	-23.5059	1.26697e+06	0.99998	23.5059	954739	0.999948	83.9117	1.29081e+06	0.999993	23.5059	2.54437e+06	0.999963	83.9117	1.83205e+06	1	0	1
76	rs1	1:1	2:0.279	rs2	1:2	2:0.52175	0	1000	0	0.0970605	1.40936	0.849385	0.726906	0.876335	2.50924	0.724563	0.384556	1.09135	5.54824e-23	10.0648	1.01961	0.99992	-25.2817	253395	0.999982	-25.2817	1.09723e+06	0.651649	0.49038	1.08618	0.999987	-25.2817	1.55172e+06	0.999999	-0.49038	738766	0.999957	85.6875	1.57386e+06	1	-0.49038	1.90046e+06	0.999965	85.6875	1.94859e+06	0	0	1
77	rs1	1:1	2:0.28625	rs2	1:2	2:0.5205	0	1000	0	0.00625218	2.41561	0.883462	0.310417	2.62664	2.58949	0.387245	0.983468	1.13745	4.28779e-30	9.59346	0.841693	0.99991	-24.8922	220552	0.999984	-24.8922	1.26697e+06	0.377096	0.993252	1.12453	0.999984	-24.8922	1.26697e+06	0.999999	-0.993252	728155	0.999947	85.2979	1.28798e+06	nan	nan	nan	0.999963	85.2979	1.82977e+06	0	0	1
78	rs1	1:1	2:0.2795	rs2	1:2	2:0.51725	0	1000	0	0.557871	0.454697	0.775925	0.99975	-18.6012	59367.1	0.842047	-0.208612	1.04685	0.999532	49.1395	83863.6	0.799689	-0.266445	1.05003	0.999991	-25.905	2.19446e+06	0.999912	-25.905	235280	0.999978	60.4058	2.23972e+06	0.999903	28.5234	235280	0.999991	-25.6385	2.24084e+06	nan	nan	nan	nan	nan	nan	1	0	1
79	rs1	1:1	2:0.28425	rs2	1:2	2:0.52325	0	1000	0	0.845551	0.211028	1.08332	0.928653	0.340456	3.80228	0.999904	-25.4814	212104	7.74974e-16	11.4224	1.41751	0.999912	-25.599	231317	0.999984	-25.599	1.26697e+06	0.999907	-25.599	220552	0.999991	-25.599	2.19446e+06	0.999976	25.599	839112	0.999969	86.0048	2.20777e+06	nan	nan	nan	0.999973	86.0048	2.55702e+06	1	0	1
80	rs1	1:1	2:0.28575	rs2	1:2	2:0.51725	0	1000	0	0.00351694	1.97289	0.675988	0.363613	1.63671	1.80155	0.718355	0.387935	1.07563	8.09963e-32	9.07812	0.773369	0.795619	0.27841	1.07485	0.999979	-25.4358	981393	0.648601	0.49038	1.07609	0.999984	-25.4358	1.26697e+06	0.999975	-26.2046	829429	0.999962	60.1274	1.26898e+06	1	-0.49038	2.40391e+06	0.999958	85.8416	1.63718e+06	0	0	1
81	rs1	1:1	2:0.2825	rs2	1:2	2:0.51925	0	1000	0	0.0269423	2.19825	0.993625	0.492238	2.09624	3.05239	0.999914	-24.9121	230921	8.09677e-24	10.0394	0.997711	0.999915	-24.8726	233930	0.999984	-24.8726	1.26697e+06	0.999925	-24.8726	266118	0.999987	-24.8726	1.55172e+06	0.999972	24.8726	704257	0.999957	85.2784	1.57084e+06	nan	nan	nan	0.999967	85.2784	2.0473e+06	1	0	1
82	rs1	1:1	2:0.27575	rs2	1:2	2:0.5155	0	1000	0	0.102732	1.09199	0.669217	0.717052	1.28479	3.5452	0.999913	-25.8641	238235	3.11345e-25	9.52791	0.918063	0.85189	-0.195503	1.04711	0.999991	-25.9676	2.19446e+06	0.999916	-25.9676	245348	0.999987	-25.9676	1.55172e+06	1	0.195503	1.12433e+06	0.999969	60.6013	1.55333e+06	nan	nan	nan	0.999975	86.3734	2.72326e+06	1	0	1
83	rs1	1:1	2:0.27275	rs2	1:2	2:0.51875	0	1000	0	0.000791666	2.25194	0.671082	0.999956	26.6509	478922	0.752395	0.33992	1.07746	5.07017e-30	8.78712	0.771938	0.635782	0.509634	1.07608	0.999964	60.4058	1.35447e+06	0.706977	0.404274	1.07543	0.999984	-25.4166	1.26697e+06	0.999977	-26.3305	895885	0.999962	59.8962	1.26893e+06	nan	nan	nan	nan	nan	nan	1	0	1
84	rs1	1:1	2:0.281	rs2	1:2	2:0.51825	0	1000	0	0.126799	1.02218	0.669473	0.711768	0.991168	2.68258	0.457136	0.579906	0.779893	4.61027e-26	9.75614	0.923955	0.933482	-0.0880333	1.05473	0.999991	-25.8023	2.19446e+06	0.397202	0.662933	0.783027	0.00339095	3.70746	1.2654	0.999973	-26.3772	775859	0.999653	30.9841	71205.3	1	-0.662933	3.10344e+06	0.99998	56.6983	2.22474e+06	0	0	1
85	rs1	1:1	2:0.2825	rs2	1:2	2:0.5225	0	1000	0	0.160537	1.19969	0.854923	0.567748	1.48774	2.60382	0.152717	1.21957	0.852847	6.71457e-25	9.98514	0.968995	0.999919	-25.1042	248477	0.999982	-25.1042	1.09723e+06	0.0980884	1.39734	0.844729	0.999987	-25.1052	1.55364e+06	0.999998	-1.39743	618696	0.999968	62.1728	1.57338e+06	nan	nan	nan	0.999965	85.511	1.93786e+06	0	0	1
86	rs1	1:1	2:0.28275	rs2	1:2	2:0.5195	0	1000	0	0.83707	0.220991	1.07464	0.999755	-18.2314	59427.5	0.99991	-25.4517	226030	0.999529	49.5188	83905.5	0.83707	0.220991	1.07464	0.999991	-25.4493	2.19446e+06	0.999914	-25.4493	235271	0.999978	60.4058	2.2256e+06	1	-0.220991	926263	0.999991	-25.6703	2.22673e+06	0.999994	25.4493	3.11234e+06	nan	nan	nan	1	0	1
87	rs1	1:1	2:0.28125	rs2	1:2	2:0.5215	0	1000	0	0.0023807	2.05485	0.67636	0.385585	1.80772	2.08346	0.772306	0.311473	1.07642	1.52359e-31	8.99581	0.76987	0.773293	0.309707	1.07511	0.999982	-25.4505	1.09723e+06	0.822211	0.241498	1.07475	0.999984	-25.4505	1.26697e+06	0.999977	-26.0017	895885	0.999962	60.0961	1.26896e+06	nan	nan	nan	0.99996	85.8563	1.71779e+06	0	0	1
88	rs1	1:1	2:0.2835	rs2	1:2	2:0.521	0	1000	0	0.00333481	1.99846	0.680892	0.477442	1.81028	2.54817	0.179816	1.10065	0.820569	1.73726e-27	9.59181	0.883012	0.734828	0.367725	1.08566	0.999984	-25.3026	1.26697e+06	0.704593	0.411688	1.08588	0.999987	-25.3026	1.55172e+06	0.233496	2.175	1.82558	0.999969	60.0381	1.55334e+06	nan	nan	nan	0.999966	85.7084	2.03732e+06	0	0	1
89	rs1	1:1	2:0.2815	rs2	1:2	2:0.519	0	1000	0	0.00363976	1.64886	0.567047	0.419366	1.43178	1.77306	0.522601	0.497256	0.777764	4.99589e-36	8.54041	0.681494	0.875719	-0.164303	1.05054	0.999984	-25.9013	1.26697e+06	0.477425	0.552101	0.777113	0.999981	-25.9013	1.09723e+06	0.999973	-26.2891	775859	0.999956	60.5701	1.09954e+06	1	-0.552101	2.53395e+06	0.99996	86.3071	1.7155e+06	0	0	1
90	rs1	1:1	2:0.27475	rs2	1:2	2:0.5195	0	1000	0	0.000390981	2.48731	0.701422	0.000296814	4.75705	1.3148	0.83036	0.233515	1.08997	1.71093e-29	8.75958	0.776788	0.489327	0.751988	1.08766	0.00100296	4.2485	1.29146	0.60649	0.559616	1.08644	0.999984	-25.2613	1.26697e+06	0.999971	-26.5729	731487	0.999963	59.6538	1.26894e+06	nan	nan	nan	0.999967	56.1573	1.33809e+06	0	0	1
91	rs1	1:1	2:0.28375	rs2	1:2	2:0.518	0	1000	0	0.0024769	2.12747	0.70303	0.00170478	3.71115	1.18289	0.999914	-25.2115	232626	5.13456e-32	8.96876	0.761555	0.860196	0.189242	1.07448	0.00668787	3.14415	1.15935	0.999918	-25.4493	246896	0.999984	-25.4493	1.26697e+06	1	-0.189242	1.01197e+06	0.999962	60.2165	1.26895e+06	nan	nan	nan	0.999966	57.2616	1.32883e+06	1	0	1
92	rs1	1:1	2:0.28	rs2	1:2	2:0.51925	0	1000	0	0.111712	1.33881	0.841727	0.00118482	4.00373	1.23476	0.999912	-25.3518	229388	2.96724e-23	9.94967	1.0016	0.999914	-25.4407	235271	0.00257772	3.66356	1.21549	0.999918	-25.4407	246896	0.999987	-25.4407	1.55172e+06	0.999974	25.4407	773225	0.999956	85.8465	1.57104e+06	nan	nan	nan	0.999972	56.7422	1.61779e+06	1	0	1
93	rs1	1:1	2:0.27675	rs2	1:2	2:0.5205	0	1000	0	0.0327803	1.87659	0.879061	0.682934	1.20452	2.94891	0.99991	-25.1912	222280	2.9614e-17	10.4085	1.23205	0.373965	0.980829	1.10321	0.999982	-25.0789	1.09723e+06	0.999916	-25.0789	239435	0.999991	-25.0789	2.19446e+06	0.999999	-0.980829	811965	0.999978	59.425	2.1956e+06	nan	nan	nan	0.999973	85.4847	2.48305e+06	1	0	1
94	rs1	1:1	2:0.2825	rs2	1:2	2:0.52175	0	1000	0	0.107761	1.38376	0.860363	0.845346	0.601158	3.08192	0.00880924	2.04324	0.780051	5.42298e-19	11.2477	1.26332	0.375453	1.02788	1.15974	0.999987	-24.6107	1.55172e+06	0.00723766	2.21351	0.82418	0.999991	-24.6107	2.19446e+06	0.999973	-27.8521	829429	0.999978	59.3779	2.1956e+06	0.999999	-2.21351	2.68766e+06	0.999975	85.0165	2.72064e+06	0	0	1
95	rs1	1:1	2:0.27975	rs2	1:2	2:0.52075	0	1000	0	0.877405	0.167144	1.08353	0.974431	0.0882773	2.75424	0.00475902	1.84864	0.654871	1.47514e-18	11.0702	1.25918	0.999919	-25.2843	248473	0.999982	-25.2841	1.09723e+06	0.00500511	1.83915	0.65527	0.999991	-25.2859	2.19023e+06	0.999998	-1.83902	865847	0.999977	62.3527	2.20428e+06	0.999999	-1.83915	2.45348e+06	0.999972	85.6917	2.47931e+06	0	0	1
96	rs1	1:1	2:0.28475	rs2	1:2	2:0.5225	0	1000	0	0.890669	0.14866	1.08149	0.971672	0.147613	4.15675	0.999905	-25.4891	215150	5.31922e-16	11.486	1.41733	0.999909	-25.6027	223971	0.999984	-25.6027	1.26697e+06	0.999912	-25.6027	231317	0.999991	-25.6027	2.19446e+06	0.99997	25.6027	688554	0.999969	86.0085	2.207e+06	0.999992	25.6027	2.54448e+06	0.999973	86.0085	2.56543e+06	1	0	1
97	rs1	1:1	2:0.28425	rs2	1:2	2:0.5235	0	1000	0	0.00483996	2.5525	0.905947	0.34389	2.69798	2.85046	0.0641452	1.73373	0.936558	9.2734e-25	10.1338	0.986401	0.196184	1.58997	1.23015	0.999985	-24.1941	1.26697e+06	0.025529	2.24761	1.00641	0.999988	-24.1941	1.55172e+06	0.999965	-28.0317	633487	0.99997	58.8158	1.55334e+06	nan	nan	nan	0.999967	84.5999	2.03309e+06	0	0	1
98	rs1	1:1	2:0.281	rs2	1:2	2:0.5195	0	1000	0	0.53652	0.681194	1.10211	0.999747	-18.7961	59338.9	0.529059	0.693741	1.10215	0.999519	50.5526	83780.4	0.39772	0.950692	1.12415	0.999984	-24.8702	1.26697e+06	0.391535	0.963271	1.12422	0.999964	60.4058	1.32332e+06	0.999969	-26.7841	693950	0.999984	-25.8209	1.32521e+06	nan	nan	nan	nan	nan	nan	1	0	1
99	rs1	1:1	2:0.27875	rs2	1:2	2:0.522	0	1000	0	0.00108315	2.272	0.695228	0.313741	2.75016	2.72995	0.999905	-25.4443	213112	6.83156e-34	8.55259	0.704746	0.999916	-25.5755	243829	0.999991	-25.5755	2.19446e+06	0.999913	-25.5755	235271	0.999981	-25.5755	1.09723e+06	0.999976	25.5755	846618	0.999939	85.9813	1.12622e+06	0.999993	25.5755	3.11234e+06	0.999972	85.9813	2.48599e+06	1	0	1
100	rs1	1:1	2:0.28	rs2	1:2	2:0.51925	0	1000	0	0.00154035	2.19738	0.693842	0.000368712	5.30192	1.48867	0.99991	-25.4286	225463	2.14076e-34	8.61238	0.704182	0.999912	-25.5743	232612	0.00150193	4.62864	1.45816	0.999918	-25.5743	248474	0.999981	-25.5743	1.09723e+06	0.999975	25.5743	806797	0.999939	85.98	1.12384e+06	nan	nan	nan	0.999962	55.7771	1.17572e+06	1	0	1
101	rs1	1:1	2:0.28425	rs2	1:2	2:0.51475	0	1000	0	0.000295985	2.41661	0.667796	0.271921	2.16853	1.97381	0.57278	0.611991	1.08516	2.85758e-33	8.87392	0.738385	0.812489	0.254931	1.07468	0.999982	-25.4262	1.09723e+06	0.999925	-25.4261	272195	0.999984	-25.4262	1.26697e+06	0.999917	28.3384	272195	0.999962	60.1509	1.26897e+06	nan	nan	nan	0.99996	85.832	1.7125e+06	0	0	1
102	rs1	1:1	2:0.29275	rs2	1:2	2:0.5285	0	1000	0	0.0429913	2.03129	1.0037	0.562835	1.6509	2.8531	0.416992	0.946962	1.16671	6.28673e-19	11.1629	1.25611	0.26746	1.3633	1.22939	0.999977	-24.2445	829429	0.29207	1.29499	1.22912	0.000164914	5.95842	1.58155	0.999965	-26.9028	608634	0.999678	28.8396	71355.7	nan	nan	nan	0.999951	54.4474	886708	0	0	1
103	rs1	1:1	2:0.2805	rs2	1:2	2:0.516	0	1000	0	0.000766398	2.59173	0.770282	0.532899	2.00877	3.22132	0.999914	-25.3398	235280	9.20217e-19	9.97383	1.1277	0.00876454	2.0245	0.772383	0.999987	-24.8582	1.55172e+06	0.999926	-24.8582	268096	0.999991	-24.8582	2.19446e+06	0.999998	-2.0245	779069	0.999979	58.3813	2.1956e+06	nan	nan	nan	0.999975	85.264	2.71736e+06	1	0	1
104	rs1	1:1	2:0.28025	rs2	1:2	2:0.51625	0	1000	0	0.875281	0.168703	1.07485	0.93417	0.379123	4.5899	0.72654	0.374265	1.07015	5.47692e-16	11.4875	1.41814	0.99991	-25.5682	227555	0.999987	-25.5682	1.55172e+06	0.785183	0.290924	1.06733	0.999991	-25.5682	2.19446e+06	1	-0.290924	1.28725e+06	0.999969	85.974	2.20736e+06	nan	nan	nan	0.999975	85.974	2.71736e+06	0	0	1
105	rs1	1:1	2:0.2805	rs2	1:2	2:0.524	0	1000	0	8.55194e-05	2.73744	0.696838	0.189197	2.4895	1.8961	0.813966	0.256703	1.0909	5.20231e-36	8.50965	0.679214	0.621905	0.535827	1.08654	0.999982	-25.2976	1.09723e+06	0.738805	0.36198	1.08561	0.999982	-25.2976	1.09723e+06	0.999971	-26.1954	731487	0.999957	59.87	1.09952e+06	nan	nan	nan	0.999957	85.7034	1.59806e+06	0	0	1
106	rs1	1:1	2:0.27825	rs2	1:2	2:0.51475	0	1000	0	0.0282842	1.31694	0.60043	0.999952	25.3414	422369	0.909912	-0.118431	1.04668	8.65578e-27	9.35256	0.872848	0.519872	0.499776	0.776602	0.99997	60.4058	1.60818e+06	1	-3.60985e-13	1.05141	0.999987	-25.8854	1.55172e+06	0.999975	-26.3852	829429	0.999969	59.906	1.55334e+06	nan	nan	nan	nan	nan	nan	1	0	1
107	rs1	1:1	2:0.2795	rs2	1:2	2:0.518	0	1000	0	0.521729	0.497448	0.776434	0.789068	0.802184	2.99858	0.779096	-0.292876	1.04413	2.60761e-23	9.99487	1.00485	0.999913	-26.0622	239435	0.999987	-26.0622	1.55172e+06	0.738857	-0.347947	1.04374	0.00606351	3.44754	1.25624	1	0.347947	927329	0.999818	56.9582	249842	nan	nan	nan	0.999971	56.9582	1.59102e+06	0	0	1
108	rs1	1:1	2:0.27925	rs2	1:2	2:0.5215	0	1000	0	0.99991	-24.959	221415	0.999958	-24.9648	475148	0.99991	-24.9607	220243	0.999793	60.2607	232117	0.999916	-25.1042	239435	0.999991	-25.1042	2.19446e+06	0.999915	-25.1042	236635	0.999978	60.4058	2.23627e+06	0.999974	25.1042	771292	1	1.38958e-08	2.25016e+06	nan	nan	nan	nan	nan	nan	1	0	1
109	rs1	1:1	2:0.281	rs2	1:2	2:0.5215	0	1000	0	0.141384	1.24153	0.8442	0.643627	1.78127	3.85028	0.999909	-25.244	222060	1.25706e-23	10.0432	1.00241	0.999911	-25.4542	227555	0.999991	-25.4542	2.19446e+06	0.999912	-25.4542	231317	0.999987	-25.4542	1.55172e+06	0.999979	25.4542	952837	0.999956	85.86	1.56991e+06	nan	nan	nan	0.999975	85.86	2.71736e+06	1	0	1
110	rs1	1:1	2:0.278	rs2	1:2	2:0.51475	0	1000	0	0.884537	-0.153005	1.0536	0.984964	0.0821881	4.3612	0.946902	-0.0698377	1.04864	1.30634e-15	11.3644	1.42162	0.999916	-25.958	246896	0.999991	-25.958	2.19446e+06	0.965337	-0.045542	1.04796	0.999991	-25.958	2.19446e+06	1	0.045542	814196	0.999969	86.3638	2.20945e+06	1	0.0455421	3.10344e+06	0.999978	86.3638	3.12618e+06	0	0	1
111	rs1	1:1	2:0.27975	rs2	1:2	2:0.51875	0	1000	0	0.00134576	1.85669	0.579123	0.396422	1.87693	2.21328	0.851143	-0.197491	1.05239	8.45405e-32	8.66435	0.738348	0.358688	0.719059	0.783402	0.999987	-25.795	1.55172e+06	0.96491	-0.0464093	1.05492	0.999984	-25.795	1.26697e+06	0.999973	-26.4676	775859	0.999962	59.6867	1.26897e+06	nan	nan	nan	0.999966	86.2007	2.03465e+06	0	0	1
112	rs1	1:1	2:0.28125	rs2	1:2	2:0.52	0	1000	0	0.162975	1.14486	0.820607	0.711505	0.852449	2.30494	0.179294	1.0928	0.813745	1.66853e-23	10.1163	1.01254	0.999917	-25.4371	245348	0.999982	-25.4371	1.09723e+06	0.214731	1.00463	0.809754	0.999987	-25.4371	1.55172e+06	0.999999	-1.00463	1.0116e+06	0.999956	85.8429	1.57261e+06	1	-1.00463	2.45348e+06	0.999965	85.8429	1.93268e+06	0	0	1
113	rs1	1:1	2:0.283	rs2	1:2	2:0.523	0	1000	0	0.946377	0.0723639	1.07593	0.930609	0.389849	4.477	0.973133	0.0360272	1.06973	7.48822e-16	11.5387	1.4312	0.999915	-25.589	240873	0.999987	-25.589	1.55172e+06	0.898132	0.136545	1.06658	0.999991	-25.589	2.19446e+06	1	-0.136545	558100	0.999969	85.9948	2.20878e+06	nan	nan	nan	0.999975	85.9948	2.71314e+06	0	0	1
114	rs1	1:1	2:0.28125	rs2	1:2	2:0.52375	0	1000	0	0.0152542	1.79192	0.738543	0.498816	1.89236	2.79788	0.81298	0.255395	1.07951	1.38133e-25	9.64901	0.922856	0.647914	0.496083	1.08632	0.999987	-25.3001	1.55172e+06	0.769655	0.317835	1.08541	0.999987	-25.3001	1.55172e+06	0.999973	-26.114	775859	0.999969	59.9097	1.55334e+06	nan	nan	nan	0.999969	85.7059	2.22315e+06	0	0	1
115	rs1	1:1	2:0.28125	rs2	1:2	2:0.5265	0	1000	0	2.04588e-06	3.88902	0.818942	0.0492582	3.81095	1.93809	0.127272	1.39455	0.914488	4.97355e-38	8.4888	0.65844	0.311429	1.17463	1.16044	0.999991	-24.6094	2.19446e+06	0.0549365	1.76483	0.91948	0.99998	-24.6093	981853	0.999967	-27.5489	661655	0.999971	35.8982	981853	1	-1.76483	3.10344e+06	0.999972	85.0151	2.4362e+06	0	0	1
116	rs1	1:1	2:0.2795	rs2	1:2	2:0.51875	0	1000	0	0.0153392	1.78944	0.738138	0.458093	2.36861	3.19224	0.561736	0.630631	1.0868	1.31337e-29	9.27664	0.820947	0.999913	-25.4358	232612	0.999991	-25.4358	2.19446e+06	0.720335	0.385019	1.07544	0.999984	-25.4358	1.26697e+06	1	-0.385019	1.12162e+06	0.999947	85.8416	1.29009e+06	nan	nan	nan	0.999973	85.8416	2.56442e+06	0	0	1
117	rs1	1:1	2:0.28	rs2	1:2	2:0.52625	0	1000	0	6.63885e-06	2.92895	0.650163	0.24224	2.7032	2.3116	0.978065	-0.0296124	1.07701	5.03689e-39	8.26492	0.63247	0.0407767	1.46422	0.715723	0.999987	-25.3264	1.55172e+06	0.844353	0.21303	1.08507	0.999982	-25.3264	1.09723e+06	0.999969	-27.0037	693950	0.999957	58.9416	1.0995e+06	nan	nan	nan	0.999965	85.7322	1.95721e+06	0	0	1
118	rs1	1:1	2:0.27625	rs2	1:2	2:0.521	0	1000	0	0.619083	0.541098	1.0884	0.940627	0.291367	3.91191	0.157331	1.17083	0.827962	9.58967e-16	11.4409	1.42441	0.999919	-25.2805	248474	0.999991	-25.2805	2.19446e+06	0.179999	1.1047	0.823935	0.999991	-25.2805	2.19446e+06	0.999999	-1.1047	1.12501e+06	0.999969	85.6863	2.20961e+06	1	-1.1047	3.10344e+06	0.999978	85.6863	3.13205e+06	0	0	1
119	rs1	1:1	2:0.27675	rs2	1:2	2:0.52175	0	1000	0	0.0867031	1.14667	0.669372	0.675703	1.46453	3.50088	0.563858	0.448776	0.777612	1.95432e-25	9.62181	0.923164	0.990608	0.0124225	1.05534	0.999991	-25.8084	2.19446e+06	0.528785	0.492476	0.78188	0.999987	-25.8084	1.55172e+06	0.999973	-26.3133	775859	0.999969	60.3934	1.55334e+06	nan	nan	nan	0.999975	86.2142	2.71838e+06	0	0	1
120	rs1	1:1	2:0.27875	rs2	1:2	2:0.51875	0	1000	0	0.25074	0.920525	0.801465	0.799628	1.1275	4.44197	0.971432	0.0380543	1.06259	5.19805e-18	10.7087	1.23815	0.79098	0.282863	1.06725	0.999991	-25.5633	2.19446e+06	0.809284	0.257545	1.0671	0.999991	-25.5633	2.19446e+06	0.999967	-26.1037	633487	0.999978	60.1229	2.19561e+06	nan	nan	nan	0.999978	85.9691	3.12759e+06	0	0	1
121	rs1	1:1	2:0.279	rs2	1:2	2:0.51725	0	1000	0	0.999913	-25.3681	232595	0.999953	-25.3524	434706	0.532285	0.678963	1.08717	0.999801	60.5122	242142	0.999922	-25.2613	256842	0.999979	-25.2613	981393	0.532285	0.678963	1.08717	0.999955	60.4058	1.06265e+06	0.999999	-0.678963	709757	1	2.07976e-08	1.09553e+06	nan	nan	nan	nan	nan	nan	1	0	1
122	rs1	1:1	2:0.28125	rs2	1:2	2:0.516	0	1000	0	0.0367088	1.50185	0.718936	0.999749	-18.6516	59329.2	0.874819	0.169664	1.07695	0.999524	49.9832	83786.6	0.0166105	1.77036	0.739121	0.999987	-25.0885	1.55172e+06	0.409419	0.909702	1.10278	0.99997	60.4058	1.60619e+06	0.999962	-27.7686	586495	0.999987	-26.8589	1.60775e+06	nan	nan	nan	nan	nan	nan	1	0	1
123	rs1	1:1	2:0.27525	rs2	1:2	2:0.52075	0	1000	0	0.0119801	1.79552	0.71457	0.46827	2.17165	2.99415	0.999906	-25.6415	218600	9.8422e-28	8.93709	0.818838	0.999922	-25.6763	264182	0.999991	-25.6763	2.19446e+06	0.999914	-25.6763	238023	0.999984	-25.6763	1.26697e+06	0.999974	25.6763	779752	0.999947	86.0821	1.29616e+06	nan	nan	nan	0.999973	86.0821	2.56651e+06	1	0	1
124	rs1	1:1	2:0.281	rs2	1:2	2:0.51825	0	1000	0	0.0200702	1.6648	0.716031	0.00144402	3.81203	1.19661	0.16192	1.14106	0.815833	1.40024e-25	9.70587	0.928409	0.999916	-25.4349	240875	0.00417859	3.38197	1.18071	0.728131	0.373811	1.07537	0.999987	-25.4346	1.55172e+06	0.999907	28.0376	240875	0.999956	85.8407	1.57191e+06	nan	nan	nan	0.999972	57.0238	1.59671e+06	0	0	1
125	rs1	1:1	2:0.28325	rs2	1:2	2:0.52175	0	1000	0	0.649438	0.503622	1.10797	0.853378	0.925483	5.00775	0.0746718	1.55683	0.873406	2.56794e-16	11.8764	1.44975	0.999913	-24.8934	227555	0.999987	-24.8934	1.55172e+06	0.0719706	1.57183	0.873579	0.999991	-24.8934	2.19446e+06	0.999998	-1.57183	699692	0.999969	85.2992	2.20736e+06	nan	nan	nan	0.999975	85.2992	2.71641e+06	0	0	1
126	rs1	1:1	2:0.284	rs2	1:2	2:0.52325	0	1000	0	0.000335874	3.39869	0.947785	0.179046	4.047	3.01184	0.371433	1.03105	1.15357	9.93896e-32	9.22133	0.78673	0.332814	1.12355	1.16014	0.999991	-24.602	2.19446e+06	0.332814	1.12355	1.16014	0.999985	-24.602	1.26697e+06	0.999972	-26.8491	775859	0.999963	59.2822	1.26897e+06	nan	nan	nan	0.999973	85.0078	2.55648e+06	0	0	1
127	rs1	1:1	2:0.2815	rs2	1:2	2:0.51725	0	1000	0	0.515976	0.722043	1.11159	0.872554	0.563329	3.51169	0.435763	0.859364	1.10264	8.81097e-16	11.4919	1.42892	0.999919	-25.0813	248474	0.99998	-25.0813	981393	0.435908	0.8589	1.1024	0.999991	-25.0813	2.19446e+06	0.999999	-0.8589	865847	0.999969	85.4871	2.20962e+06	nan	nan	nan	0.999972	85.4871	2.43084e+06	0	0	1
128	rs1	1:1	2:0.28	rs2	1:2	2:0.5215	0	1000	0	0.000411969	2.20052	0.622973	0.239202	2.28767	1.94367	0.358428	0.746019	0.812333	1.52546e-37	8.3781	0.654253	0.999917	-25.5743	246896	0.999984	-25.5743	1.26697e+06	0.252103	0.91507	0.799009	0.999979	-25.5743	981393	0.999999	-0.91507	679899	0.999932	85.98	1.01446e+06	nan	nan	nan	0.999958	85.98	1.64752e+06	0	0	1
129	rs1	1:1	2:0.28275	rs2	1:2	2:0.52125	0	1000	0	0.0170984	1.82706	0.766197	0.431914	2.62321	3.33776	0.125763	1.30545	0.852665	5.08256e-29	9.58583	0.857374	0.999914	-25.1079	232612	0.999991	-25.1079	2.19446e+06	0.0931379	1.41868	0.844916	0.999984	-25.1079	1.26697e+06	0.999998	-1.41868	674844	0.999947	85.5137	1.2901e+06	nan	nan	nan	0.999973	85.5137	2.56096e+06	0	0	1
130	rs1	1:1	2:0.27975	rs2	1:2	2:0.52175	0	1000	0	0.999911	-25.3307	226303	0.999955	-25.3283	447868	0.720531	0.388412	1.08571	0.999796	60.4437	236671	0.999916	-25.2927	239435	0.999987	-25.2927	1.55172e+06	0.720531	0.388412	1.08571	0.99997	60.4058	1.60262e+06	1	-0.388412	811965	1	2.41311e-07	1.62195e+06	nan	nan	nan	nan	nan	nan	1	0	1
131	rs1	1:1	2:0.281	rs2	1:2	2:0.51775	0	1000	0	0.0457668	1.4239	0.712826	0.5635	1.9194	3.32277	0.999914	-25.5	237303	7.8468e-30	9.28426	0.818353	0.999907	-25.6969	221674	0.999991	-25.6969	2.19446e+06	0.999919	-25.6969	251722	0.999984	-25.6969	1.26697e+06	0.999977	25.6969	894682	0.999947	86.1027	1.28816e+06	nan	nan	nan	0.999973	86.1027	2.57024e+06	1	0	1
132	rs1	1:1	2:0.28375	rs2	1:2	2:0.5165	0	1000	0	0.950046	-0.0669963	1.0694	0.933606	-0.30082	3.61088	0.999914	-25.6876	239429	5.5089e-16	11.4814	1.41751	0.999909	-25.8011	226341	0.999979	-25.8011	981393	0.999919	-25.8011	253395	0.999991	-25.8011	2.19446e+06	0.999974	25.8011	806544	0.999969	86.2069	2.20724e+06	nan	nan	nan	0.999972	86.2069	2.43502e+06	1	0	1
133	rs1	1:1	2:0.2835	rs2	1:2	2:0.52475	0	1000	0	0.00415284	2.61173	0.911182	0.396211	2.69792	3.17999	0.330001	1.1216	1.15141	1.16369e-26	9.9019	0.926487	0.391597	0.993504	1.15965	0.999987	-24.6244	1.55172e+06	0.391597	0.993504	1.15965	0.999987	-24.6244	1.55172e+06	0.999976	-26.6114	895885	0.999969	59.4123	1.55333e+06	nan	nan	nan	0.99997	85.0302	2.23074e+06	0	0	1
134	rs1	1:1	2:0.286	rs2	1:2	2:0.521	0	1000	0	0.0104167	1.67342	0.653252	0.473489	1.52361	2.12553	0.999502	-0.000663833	1.06451	5.10339e-32	9.13065	0.775268	0.283596	0.867501	0.809026	0.999981	-25.4642	1.09723e+06	0.783035	0.29605	1.07511	0.999987	-25.4616	1.54827e+06	0.999966	-26.6277	633487	0.999981	36.1945	1.54827e+06	nan	nan	nan	0.999965	85.8674	1.93356e+06	0	0	1
135	rs1	1:1	2:0.287	rs2	1:2	2:0.521	0	1000	0	0.910066	-0.120202	1.06416	0.885355	0.725007	5.02834	0.994436	-0.00739002	1.05978	4.00303e-16	11.583	1.42324	0.999908	-25.7143	223971	0.999991	-25.7143	2.19446e+06	0.982895	0.0227283	1.06012	0.999991	-25.7143	2.19446e+06	1	-0.0227282	627805	0.999969	86.12	2.20702e+06	nan	nan	nan	0.999978	86.12	3.12026e+06	0	0	1
136	rs1	1:1	2:0.2785	rs2	1:2	2:0.5175	0	1000	0	0.342938	0.742927	0.783367	0.999739	-19.4908	59502	0.393415	0.668226	0.782979	0.99952	50.5329	84011.6	0.216117	0.988913	0.799497	0.999984	-25.5633	1.26697e+06	0.252662	0.913878	0.798909	0.999964	60.4058	1.32504e+06	0.99997	-27.4661	731487	0.999984	-26.5522	1.32694e+06	nan	nan	nan	nan	nan	nan	1	0	1
137	rs1	1:1	2:0.28225	rs2	1:2	2:0.517	0	1000	0	5.966e-05	2.53259	0.630917	0.235861	2.16639	1.82757	0.999913	-25.4406	232812	4.11507e-38	8.31844	0.644495	0.315469	0.801221	0.798179	0.999981	-25.573	1.09723e+06	0.99992	-25.573	255101	0.999981	-25.573	1.09723e+06	0.999999	-0.801221	931497	0.999957	59.6046	1.09952e+06	nan	nan	nan	0.999957	85.9788	1.601e+06	1	0	1
138	rs1	1:1	2:0.28125	rs2	1:2	2:0.52075	0	1000	0	2.81066e-05	3.19252	0.76225	0.21811	3.5274	2.86415	0.257482	0.96612	0.85319	5.07992e-33	8.81773	0.736629	0.0670836	1.59975	0.87365	0.999991	-24.8774	2.19446e+06	0.395123	0.955998	1.12422	0.999984	-24.8774	1.26697e+06	0.866252	0.284789	1.69093	0.999963	58.806	1.26895e+06	nan	nan	nan	0.999973	85.2832	2.56259e+06	0	0	1
139	rs1	1:1	2:0.28225	rs2	1:2	2:0.51925	0	1000	0	0.0333571	1.52001	0.714374	0.453612	1.65679	2.2108	0.999911	-25.645	229742	2.95896e-31	8.90984	0.76622	0.999913	-25.6921	235274	0.999984	-25.692	1.26697e+06	0.999919	-25.692	253395	0.999984	-25.6911	1.26736e+06	0.999972	25.6921	721712	0.999961	62.76	1.28902e+06	nan	nan	nan	0.999963	86.0969	1.83356e+06	1	0	1
140	rs1	1:1	2:0.277	rs2	1:2	2:0.51975	0	1000	0	0.877862	0.162931	1.06019	0.999952	23.4998	394179	0.96921	0.0409068	1.0598	1.7584e-15	11.3264	1.4234	0.999918	-25.6835	250082	0.999978	60.4058	2.22958e+06	0.951094	0.0650229	1.06016	0.999991	-25.6835	2.19446e+06	1	-0.0650229	737636	0.999969	86.0893	2.2098e+06	nan	nan	nan	nan	nan	nan	1	0	1
141	rs1	1:1	2:0.279	rs2	1:2	2:0.51925	0	1000	0	0.0218769	1.64509	0.717595	0.707216	1.27951	3.4066	0.88713	0.152066	1.07136	1.2886e-18	10.3086	1.17053	0.69949	0.415186	1.07559	0.999987	-25.431	1.55172e+06	0.999916	-25.4308	240873	0.999991	-25.431	2.19446e+06	0.999909	27.5903	240873	0.999978	59.9906	2.19561e+06	nan	nan	nan	0.999975	85.8368	2.71551e+06	0	0	1
142	rs1	1:1	2:0.2815	rs2	1:2	2:0.52025	0	1000	0	0.145653	1.23037	0.845579	0.809088	0.974359	4.0329	0.99991	-25.2765	225217	2.00984e-18	10.7682	1.22971	0.738805	0.36198	1.08561	0.999987	-25.2976	1.55172e+06	0.999915	-25.2976	238023	0.999991	-25.2976	2.19446e+06	1	-0.36198	862906	0.999978	60.0438	2.1956e+06	0.999992	25.2976	2.69818e+06	0.999975	85.7034	2.72326e+06	1	0	1
143	rs1	1:1	2:0.28	rs2	1:2	2:0.51825	0	1000	0	0.000158792	2.48443	0.657797	0.239229	2.16516	1.83968	0.999911	-25.4575	228313	5.822e-36	8.37543	0.668978	0.818306	0.245122	1.06703	0.999981	-25.5633	1.09723e+06	0.999919	-25.5633	251722	0.999981	-25.5633	1.09723e+06	1	-0.245122	866785	0.999956	60.1607	1.09952e+06	nan	nan	nan	0.999957	85.9691	1.59949e+06	1	0	1
144	rs1	1:1	2:0.287	rs2	1:2	2:0.526	0	1000	0	0.00718459	2.37349	0.88294	0.353483	3.01769	3.25233	0.9999	-25.0071	198838	7.74786e-31	9.3741	0.811903	0.999907	-25.1466	216227	0.999991	-25.1466	2.19446e+06	0.999912	-25.1466	227555	0.999984	-25.1466	1.26697e+06	0.999969	25.1466	647750	0.999947	85.5524	1.28724e+06	nan	nan	nan	0.999973	85.5524	2.56259e+06	1	0	1
145	rs1	1:1	2:0.283	rs2	1:2	2:0.52325	0	1000	0	0.00533054	1.8894	0.678092	0.569547	1.47203	2.58832	0.999901	-25.53	205380	3.22259e-27	9.40485	0.870332	0.282707	0.869183	0.809101	0.999984	-25.473	1.26697e+06	0.999909	-25.473	223971	0.999987	-25.473	1.55172e+06	0.999999	-0.869183	698535	0.999969	59.5366	1.55333e+06	nan	nan	nan	0.999967	85.8788	2.0473e+06	1	0	1
146	rs1	1:1	2:0.27925	rs2	1:2	2:0.5235	0	1000	0	0.873924	0.169805	1.07013	0.968246	0.148032	3.71868	0.999901	-25.7181	207326	2.4231e-15	11.2298	1.41835	0.999919	-25.8084	255101	0.999984	-25.8084	1.26697e+06	0.999905	-25.8084	217284	0.999991	-25.8084	2.19446e+06	0.999973	25.8084	770620	0.999969	86.2142	2.21038e+06	nan	nan	nan	0.999973	86.2142	2.5595e+06	1	0	1
147	rs1	1:1	2:0.28225	rs2	1:2	2:0.52475	0	1000	0	0.0298326	2.16219	0.995342	0.453932	2.03496	2.71736	0.999908	-24.3872	212283	7.51192e-24	10.049	0.997932	0.999915	-24.9008	233930	0.999982	-24.9008	1.09723e+06	0.999909	-24.9008	219446	0.999987	-24.9008	1.55172e+06	0.999985	24.9008	1.30694e+06	0.999957	85.3066	1.57085e+06	nan	nan	nan	0.999965	85.3066	1.93737e+06	1	0	1
148	rs1	1:1	2:0.28275	rs2	1:2	2:0.52025	0	1000	0	0.208487	1.02303	0.813386	0.620647	1.81963	3.67651	0.189156	1.06615	0.811944	9.04071e-24	10.1881	1.01359	0.999913	-25.4456	232612	0.999991	-25.4456	2.19446e+06	0.218664	0.996078	0.809761	0.999987	-25.4456	1.55172e+06	0.999999	-0.996078	861429	0.999956	85.8514	1.57067e+06	nan	nan	nan	0.999975	85.8514	2.70891e+06	0	0	1
149	rs1	1:1	2:0.27725	rs2	1:2	2:0.5225	0	1000	0	0.078302	1.53551	0.87214	0.999963	24.8502	532292	0.609356	0.564182	1.10409	2.74782e-18	10.8425	1.2432	0.999915	-25.1116	235263	0.999979	60.4058	2.2581e+06	0.999914	-25.1116	232611	0.999991	-25.1116	2.19446e+06	0.999872	53.0119	330843	0.999969	85.5174	2.20815e+06	nan	nan	nan	nan	nan	nan	1	0	1
150	rs1	1:1	2:0.2795	rs2	1:2	2:0.52225	0	1000	0	1.58922e-07	5.88288	1.12228	0.0667131	5.6984	3.10776	0.999898	-23.7502	185889	9.91425e-24	9.97876	0.993654	0.999921	-24.1782	243829	0.999985	-24.1782	1.26697e+06	0.999923	-24.1782	251722	0.0004565	4.63836	1.32333	0.999976	24.1782	811104	0.999825	55.7674	253787	nan	nan	nan	0.999967	55.7674	1.34085e+06	1	0	1
151	rs1	1:1	2:0.284	rs2	1:2	2:0.52475	0	1000	0	0.1072	1.36441	0.846983	0.569245	1.65945	2.91559	0.999902	-25.4381	206143	4.43144e-23	9.92016	1.00267	0.999917	-25.4567	243829	0.999987	-25.4567	1.55172e+06	0.999911	-25.4567	227555	0.999987	-25.4567	1.55172e+06	0.999968	25.4567	642038	0.999956	85.8625	1.57237e+06	nan	nan	nan	0.999969	85.8625	2.22044e+06	1	0	1
152	rs1	1:1	2:0.27925	rs2	1:2	2:0.519	0	1000	0	0.380352	0.694237	0.791381	0.860564	0.811187	4.61803	0.999908	-25.7741	223334	3.27877e-18	10.7037	1.23012	0.922282	-0.102894	1.05468	0.999991	-25.806	2.19446e+06	0.999912	-25.806	233930	0.999991	-25.806	2.19446e+06	1	0.102894	810359	0.999978	60.5087	2.1956e+06	nan	nan	nan	0.999978	86.2118	3.13205e+06	1	0	1
153	rs1	1:1	2:0.27975	rs2	1:2	2:0.5195	0	1000	0	0.0294097	1.31536	0.603945	0.828582	0.611623	2.82478	0.999903	-25.8993	213799	9.28678e-19	10.0059	1.13145	0.155771	0.938453	0.661144	0.999984	-25.9087	1.26697e+06	0.999906	-25.9087	219446	0.999991	-25.9087	2.19446e+06	0.999999	-0.938453	1.11896e+06	0.999978	59.4673	2.19561e+06	nan	nan	nan	0.999973	86.3145	2.56175e+06	1	0	1
154	rs1	1:1	2:0.27975	rs2	1:2	2:0.5235	0	1000	0	4.35256e-06	4.31573	0.93947	0.0429478	3.76756	1.86124	0.0255577	2.2182	0.993432	1.90168e-31	9.10355	0.780349	0.999922	-24.5874	251716	0.999987	-24.5873	1.55172e+06	0.326537	1.13822	1.16013	0.999982	-24.5873	1.09723e+06	0.999913	27.4553	251716	0.99994	84.9931	1.12796e+06	1	-1.13822	2.68766e+06	0.999965	84.9931	1.93534e+06	0	0	1
155	rs1	1:1	2:0.2835	rs2	1:2	2:0.519	0	1000	0	0.123781	1.04623	0.679771	0.703125	0.754697	1.98028	0.999908	-25.8241	224858	1.37656e-29	9.26269	0.820013	0.999909	-25.997	228788	0.999977	-25.997	895885	0.999912	-25.997	235271	0.999984	-25.997	1.26697e+06	0.999977	25.997	891991	0.999947	86.4027	1.28943e+06	nan	nan	nan	0.999957	86.4027	1.59545e+06	1	0	1
156	rs1	1:1	2:0.27525	rs2	1:2	2:0.52	0	1000	0	0.00175608	2.03495	0.650423	0.999948	26.4484	407545	0.940475	-0.0798981	1.06998	1.51736e-29	8.76766	0.776777	0.709178	0.398297	1.06793	0.999964	60.4058	1.33091e+06	0.821974	0.240073	1.06696	0.999984	-25.5561	1.26697e+06	0.999968	-26.1945	661655	0.999962	60.0075	1.26895e+06	nan	nan	nan	nan	nan	nan	1	0	1
157	rs1	1:1	2:0.28375	rs2	1:2	2:0.52225	0	1000	0	0.838594	0.220451	1.08227	0.956404	0.220451	4.03263	0.999906	-25.4916	216148	7.72065e-16	11.423	1.4175	0.999912	-25.594	231317	0.999984	-25.594	1.26697e+06	0.999912	-25.594	232612	0.999991	-25.594	2.19446e+06	0.99997	25.594	691413	0.999969	85.9998	2.20776e+06	0.999992	25.594	2.5446e+06	0.999973	85.9998	2.56348e+06	1	0	1
158	rs1	1:1	2:0.2795	rs2	1:2	2:0.5215	0	1000	0	0.286117	0.856153	0.802634	0.770331	0.877938	3.00723	0.321616	0.793139	0.800228	1.4688e-23	10.1898	1.01861	0.999915	-25.5816	239435	0.999991	-25.5816	2.19446e+06	0.300996	0.8258	0.798415	0.999987	-25.5816	1.55172e+06	0.999999	-0.8258	734095	0.999956	85.9874	1.57168e+06	1	-0.8258	3.10344e+06	0.999975	85.9874	2.71736e+06	0	0	1
159	rs1	1:1	2:0.28025	rs2	1:2	2:0.521	0	1000	0	0.000141818	4.33952	1.14048	0.104982	4.06663	2.50846	0.999903	-24.6312	202569	1.11297e-31	9.0974	0.776792	0.280673	1.25216	1.16069	0.999985	-24.5813	1.26697e+06	0.999922	-24.5813	250082	0.999985	-24.5813	1.26697e+06	0.999999	-1.25216	773055	0.999963	59.1536	1.26894e+06	nan	nan	nan	0.999963	84.9871	1.83603e+06	1	0	1
160	rs1	1:1	2:0.2795	rs2	1:2	2:0.51525	0	1000	0	0.0137247	1.77547	0.720451	0.469087	2.2542	3.11369	0.567284	0.616663	1.07798	4.08519e-25	9.5145	0.919071	0.675144	0.450804	1.07565	0.999991	-25.4083	2.19446e+06	0.621106	0.531929	1.07616	0.999987	-25.4083	1.55172e+06	0.999983	-26.391	1.26697e+06	0.999969	59.955	1.55336e+06	nan	nan	nan	0.999975	85.8141	2.70794e+06	0	0	1
161	rs1	1:1	2:0.28075	rs2	1:2	2:0.523	0	1000	0	0.223248	0.983651	0.807637	0.710318	1.00519	2.70627	0.058821	1.32297	0.700158	1.56428e-23	10.2129	1.02156	0.999918	-25.4514	246885	0.999981	-25.4518	1.09723e+06	0.288086	0.859304	0.808886	0.999991	-25.4324	2.19221e+06	0.999911	27.3974	246885	0.999977	62.4946	2.20607e+06	nan	nan	nan	0.999972	85.8382	2.47788e+06	0	0	1
162	rs1	1:1	2:0.281	rs2	1:2	2:0.52	0	1000	0	0.0310709	1.51309	0.701751	0.717843	1.04543	2.89317	0.993522	-0.00863247	1.06328	1.63981e-18	10.2807	1.17097	0.15829	1.14392	0.810805	0.999984	-25.4346	1.26697e+06	0.778507	0.302352	1.07497	0.999991	-25.4346	2.19446e+06	0.999969	-26.8809	693950	0.999978	59.2619	2.19562e+06	nan	nan	nan	0.999973	85.8404	2.55702e+06	0	0	1
163	rs1	1:1	2:0.28225	rs2	1:2	2:0.52425	0	1000	0	0.999907	-25.4081	217859	0.999949	-25.4341	395313	0.9999	-25.4357	202625	0.999789	60.2196	227979	0.999917	-25.5952	245348	0.999979	-25.5952	981393	0.999907	-25.5952	219446	0.999954	60.4058	1.05109e+06	0.99997	25.5952	691945	1	-2.98619e-08	1.08168e+06	nan	nan	nan	nan	nan	nan	1	0	1
164	rs1	1:1	2:0.28125	rs2	1:2	2:0.5195	0	1000	0	0.673243	0.458387	1.08699	0.884254	0.518671	3.56284	0.139075	1.21973	0.824563	8.75043e-16	11.5085	1.43084	0.999921	-25.272	255101	0.999982	-25.272	1.09723e+06	0.143856	1.20518	0.824572	0.999991	-25.272	2.19446e+06	0.999999	-1.20518	867772	0.999969	85.6778	2.21039e+06	nan	nan	nan	0.999972	85.6778	2.47569e+06	0	0	1
165	rs1	1:1	2:0.27975	rs2	1:2	2:0.5215	0	1000	0	0.00475945	2.30683	0.81719	0.424475	2.25879	2.82814	0.999908	-25.0306	216973	1.97202e-25	9.52368	0.913824	0.513245	0.720276	1.10169	0.999987	-25.1006	1.55172e+06	0.999915	-25.1006	235271	0.999987	-25.1006	1.55172e+06	0.999999	-0.720276	862151	0.999969	59.6855	1.55333e+06	nan	nan	nan	0.999969	85.5064	2.22747e+06	1	0	1
166	rs1	1:1	2:0.28	rs2	1:2	2:0.52475	0	1000	0	2.16966e-05	3.5448	0.834723	0.124653	4.0876	2.66201	0.603348	0.587255	1.13022	1.49852e-35	8.59554	0.690711	0.379294	0.988611	1.12445	0.999991	-24.8836	2.19446e+06	0.483715	0.786745	1.12338	0.999982	-24.8836	1.09723e+06	0.999971	-26.6589	731487	0.999957	59.4172	1.09952e+06	nan	nan	nan	0.999973	85.2893	2.47918e+06	0	0	1
167	rs1	1:1	2:0.2815	rs2	1:2	2:0.522	0	1000	0	0.00100981	2.50461	0.761793	0.395567	2.7092	3.18893	0.999904	-25.2111	209473	7.75353e-27	9.30643	0.867718	0.118676	1.3173	0.844231	0.999991	-25.1128	2.19446e+06	0.999914	-25.1128	232612	0.999987	-25.1128	1.55172e+06	0.999999	-1.3173	767582	0.99997	59.0885	1.55333e+06	nan	nan	nan	0.999975	85.5186	2.71467e+06	1	0	1
168	rs1	1:1	2:0.2885	rs2	1:2	2:0.526	0	1000	0	0.000917651	2.66279	0.803345	0.15175	2.89422	2.01916	0.999898	-25.0886	196938	5.43463e-36	8.77676	0.700727	0.99991	-25.3226	225147	0.999984	-25.3226	1.26697e+06	0.99991	-25.3226	223971	0.999982	-25.3226	1.09723e+06	0.999972	25.3226	708632	0.999939	85.7284	1.12236e+06	nan	nan	nan	0.99996	85.7284	1.70635e+06	1	0	1
169	rs1	1:1	2:0.2775	rs2	1:2	2:0.5225	0	1000	0	0.0128826	1.84047	0.740035	0.741092	1.07727	3.26043	0.843874	0.212719	1.08012	1.28585e-18	10.3196	1.17175	0.0871774	1.44554	0.84511	0.999987	-25.1067	1.55172e+06	0.608688	0.563602	1.1009	0.999991	-25.1067	2.19446e+06	0.99997	-27.1158	731487	0.999979	58.9602	2.1956e+06	1	-0.563602	2.68766e+06	0.999975	85.5125	2.72474e+06	0	0	1
170	rs1	1:1	2:0.2785	rs2	1:2	2:0.52425	0	1000	0	1.45615e-05	3.2828	0.757239	0.24043	3.37716	2.87684	0.982807	-0.0236246	1.09625	5.28631e-33	8.60129	0.718747	0.00783882	2.05511	0.772907	0.999991	-24.8897	2.19446e+06	0.487135	0.780607	1.12338	0.999984	-24.8897	1.26697e+06	0.999964	-27.7254	608634	0.999963	58.3507	1.26894e+06	nan	nan	nan	0.999974	85.2955	2.57024e+06	0	0	1
171	rs1	1:1	2:0.2805	rs2	1:2	2:0.518	0	1000	0	0.0102912	1.5951	0.621656	0.459288	1.40233	1.895	0.999909	-25.9191	228255	1.51136e-33	8.56403	0.709498	0.999914	-25.9761	242338	0.999981	-25.9761	1.09723e+06	0.999917	-25.9761	250082	0.999981	-25.9761	1.09723e+06	0.999973	25.9761	776424	0.999939	86.3819	1.12591e+06	0.999992	25.9761	2.4662e+06	0.999957	86.3819	1.59949e+06	1	0	1
172	rs1	1:1	2:0.28125	rs2	1:2	2:0.5265	0	1000	0	0.00110139	2.4132	0.739506	0.286304	2.39147	2.24285	0.950498	0.0682041	1.09862	6.68424e-34	8.79649	0.724737	0.999917	-25.31	242338	0.999984	-25.31	1.26697e+06	0.754844	0.338975	1.08556	0.999982	-25.31	1.09723e+06	1	-0.338975	599755	0.999939	85.7158	1.12589e+06	nan	nan	nan	0.99996	85.7158	1.7266e+06	0	0	1
173	rs1	1:1	2:0.283	rs2	1:2	2:0.51825	0	1000	0	0.00315033	1.52751	0.51733	0.504018	1.03267	1.54549	0.530929	-0.652609	1.04153	4.6927e-40	8.12568	0.613395	0.999908	-26.2897	228789	0.999977	-26.2896	895885	0.999913	-26.2896	242338	0.999979	-26.2896	981393	0.999871	53.9276	333275	0.999932	86.6955	1.01021e+06	0.999991	26.2896	2.38265e+06	0.99995	86.6954	1.3899e+06	0	0	1
174	rs1	1:1	2:0.2815	rs2	1:2	2:0.5215	0	1000	0	0.999916	-24.0207	227615	0.999954	-24.0339	413144	0.999916	-24.0212	227228	0.999798	60.2523	237607	0.999923	-24.1746	250082	0.999985	-24.1746	1.26697e+06	0.999921	-24.1746	245348	0.999963	60.4058	1.32017e+06	0.999975	24.1746	777369	1	3.03685e-08	1.3455e+06	nan	nan	nan	nan	nan	nan	1	0	1
175	rs1	1:1	2:0.285	rs2	1:2	2:0.52	0	1000	0	0.999905	-25.7106	216436	0.999947	-25.7107	384335	0.951845	-0.0639929	1.05966	0.999788	60.4034	227252	0.999908	-25.713	223971	0.999984	-25.713	1.26697e+06	0.951845	-0.0639929	1.05966	0.999963	60.4058	1.30946e+06	1	0.0639928	1.11986e+06	1	1.67494e-08	1.33039e+06	nan	nan	nan	nan	nan	nan	1	0	1
176	rs1	1:1	2:0.28125	rs2	1:2	2:0.52275	0	1000	0	0.00626251	1.79263	0.655749	0.556723	1.51291	2.57422	0.418319	0.652132	0.805756	8.63781e-27	9.52929	0.889325	0.149289	1.18923	0.824681	0.999984	-25.3001	1.26697e+06	0.18786	1.08509	0.82395	0.999987	-25.3001	1.55172e+06	0.999963	-27.5744	586495	0.99997	59.2166	1.55334e+06	nan	nan	nan	0.999967	85.7059	2.04167e+06	0	0	1
177	rs1	1:1	2:0.2785	rs2	1:2	2:0.5155	0	1000	0	0.0201756	1.40265	0.603791	0.575366	1.18076	2.10787	0.447897	0.590308	0.77782	7.73759e-31	8.979	0.777675	0.95835	-0.0548883	1.051	0.999987	-25.8758	1.55172e+06	0.348412	0.729826	0.778337	0.999984	-25.8758	1.26697e+06	0.999973	-26.5507	775859	0.999962	60.4607	1.26897e+06	1	-0.729826	2.68766e+06	0.999966	86.2815	2.03937e+06	0	0	1
178	rs1	1:1	2:0.2805	rs2	1:2	2:0.52025	0	1000	0	0.00382151	1.88324	0.651069	0.351508	1.91049	2.05062	0.217568	1.00164	0.812347	2.56895e-34	8.7977	0.720207	0.999913	-25.5767	235271	0.999991	-25.5767	2.19446e+06	0.266015	0.888528	0.79883	0.999981	-25.5767	1.09723e+06	0.999999	-0.888528	926263	0.999939	85.9825	1.12442e+06	1	-0.888528	3.10344e+06	0.999972	85.9825	2.48137e+06	0	0	1
179	rs1	1:1	2:0.286	rs2	1:2	2:0.5255	0	1000	0	0.577382	0.631872	1.13399	0.944362	0.263197	3.77133	0.548836	0.675312	1.12645	3.64816e-16	11.7769	1.44507	0.999913	-24.9159	228788	0.999976	-24.9159	829429	0.495788	0.765215	1.12345	0.999991	-24.9159	2.19446e+06	0.999999	-0.765215	579326	0.999969	85.3217	2.20748e+06	nan	nan	nan	0.999971	85.3217	2.38514e+06	0	0	1
180	rs1	1:1	2:0.2805	rs2	1:2	2:0.51975	0	1000	0	0.279365	0.875741	0.809561	0.749375	1.35404	4.23849	0.845644	0.207757	1.06717	5.92439e-24	10.1921	1.00981	0.999909	-25.5865	223971	0.999991	-25.5865	2.19446e+06	0.844235	0.209638	1.06697	0.999987	-25.5865	1.55172e+06	1	-0.209638	729198	0.999956	85.9923	1.56939e+06	nan	nan	nan	0.999975	85.9923	2.72634e+06	0	0	1
181	rs1	1:1	2:0.2825	rs2	1:2	2:0.52025	0	1000	0	0.901992	0.132003	1.07193	0.984875	0.064269	3.39006	0.999907	-25.7034	220532	1.79741e-15	11.2808	1.41816	0.999918	-25.7974	250082	0.999981	-25.7974	1.09723e+06	0.999911	-25.7974	232612	0.999991	-25.7974	2.19446e+06	0.999976	25.7974	847707	0.999969	86.2032	2.20982e+06	0.999989	25.7974	1.91464e+06	0.999972	86.2032	2.47621e+06	1	0	1
182	rs1	1:1	2:0.28125	rs2	1:2	2:0.523	0	1000	0	4.60928e-07	3.00061	0.595134	0.0948251	3.17009	1.89772	0.365927	0.738202	0.816478	2.93867e-45	7.82686	0.554385	0.223846	0.984973	0.809769	0.999987	-25.4567	1.55172e+06	0.245773	0.939511	0.80945	0.999977	-25.4567	895885	0.999969	-27.3812	693950	0.999947	59.4208	898696	nan	nan	nan	0.999963	85.8625	1.83088e+06	0	0	1
183	rs1	1:1	2:0.27925	rs2	1:2	2:0.51925	0	1000	0	0.000735911	2.53939	0.752224	0.312563	3.09784	3.0676	0.115035	1.36264	0.864639	3.25118e-30	9.17554	0.80333	0.374494	0.998529	1.12436	0.999991	-24.8606	2.19446e+06	0.0460143	1.74502	0.874583	0.999984	-24.8606	1.26697e+06	0.999968	-27.6041	693950	0.999963	59.4073	1.26895e+06	nan	nan	nan	0.999973	85.2663	2.56175e+06	0	0	1
184	rs1	1:1	2:0.2795	rs2	1:2	2:0.52225	0	1000	0	0.00485194	1.83934	0.653011	0.495919	1.4393	2.11375	0.999903	-25.5685	211238	4.52136e-31	8.88384	0.766373	0.951837	0.0640424	1.06031	0.999981	-25.708	1.09723e+06	0.999908	-25.708	223971	0.999984	-25.708	1.26697e+06	1	-0.0640424	859136	0.999962	60.3417	1.26895e+06	nan	nan	nan	0.99996	86.1138	1.7266e+06	1	0	1
185	rs1	1:1	2:0.28025	rs2	1:2	2:0.52125	0	1000	0	0.00298285	2.64033	0.889148	0.317074	3.14842	3.14688	0.999909	-24.8679	218437	2.50211e-29	9.16052	0.814763	0.418638	0.909036	1.12395	0.999991	-24.875	2.19446e+06	0.999919	-24.875	243829	0.999987	-24.8774	1.55295e+06	0.999999	-0.909036	813271	0.999981	36.1673	1.55295e+06	nan	nan	nan	0.999975	85.2832	2.71711e+06	1	0	1
186	rs1	1:1	2:0.27775	rs2	1:2	2:0.52075	0	1000	0	0.000961598	2.20928	0.669169	0.287778	2.09699	1.97269	0.999905	-25.6874	216630	8.08972e-33	8.42764	0.706323	0.999922	-25.6787	262288	0.999984	-25.6787	1.26697e+06	0.999915	-25.6787	242338	0.999981	-25.6787	1.09723e+06	0.999973	25.6787	751871	0.999939	86.0845	1.13037e+06	nan	nan	nan	0.99996	86.0845	1.71904e+06	1	0	1
187	rs1	1:1	2:0.283	rs2	1:2	2:0.523	0	1000	0	0.99991	-25.0504	221796	0.99995	-25.0596	398848	0.999907	-25.0544	215593	0.999792	60.3362	231769	0.999915	-25.1202	235271	0.99998	-25.1202	981393	0.99991	-25.1202	222814	0.999954	60.4058	1.04917e+06	0.999981	25.1202	1.0335e+06	1	-2.84432e-08	1.07755e+06	nan	nan	nan	nan	nan	nan	1	0	1
188	rs1	1:1	2:0.281	rs2	1:2	2:0.5235	0	1000	0	0.00240619	3.25648	1.07301	0.310675	3.31123	3.26613	0.308808	1.20589	1.18489	1.42873e-25	9.92202	0.949258	0.202925	1.56616	1.23004	0.999988	-24.1941	1.55172e+06	0.213047	1.53148	1.22987	0.999988	-24.1941	1.55172e+06	0.99997	-27.2917	731487	0.99997	58.8396	1.55332e+06	nan	nan	nan	0.99997	84.5999	2.23198e+06	0	0	1
189	rs1	1:1	2:0.27775	rs2	1:2	2:0.51675	0	1000	0	2.48389e-05	2.52274	0.598337	0.230601	2.86053	2.38614	0.999912	-25.558	232784	3.60508e-36	8.10841	0.645691	0.272366	0.867842	0.79065	0.999991	-25.6715	2.19446e+06	0.999919	-25.6715	251722	0.999981	-25.6715	1.09723e+06	0.999999	-0.867842	1.01316e+06	0.999957	59.5379	1.09953e+06	nan	nan	nan	0.999972	86.0773	2.48137e+06	1	0	1
190	rs1	1:1	2:0.2765	rs2	1:2	2:0.5255	0	1000	0	0.999917	-25.2654	243332	0.999955	-25.2654	449286	0.999899	-25.3266	200951	0.99981	60.2268	253453	0.999924	-25.4444	266118	0.999956	-25.4444	462024	0.999905	-25.4444	213145	0.999825	60.4058	275402	0.999974	25.4444	773185	nan	nan	nan	nan	nan	nan	nan	nan	nan	1	0	1
191	rs1	1:1	2:0.2805	rs2	1:2	2:0.5175	0	1000	0	0.999912	-25.1356	227402	0.999954	-25.1317	431230	0.485714	0.768182	1.1019	0.999797	60.4503	237533	0.999915	-25.0909	236635	0.999984	-25.0909	1.26697e+06	0.485714	0.768182	1.1019	0.999964	60.4058	1.32504e+06	0.999999	-0.768182	1.12246e+06	1	-9.84317e-09	1.34787e+06	nan	nan	nan	nan	nan	nan	1	0	1
192	rs1	1:1	2:0.28125	rs2	1:2	2:0.52325	0	1000	0	0.139865	1.25241	0.848346	0.696329	1.18353	3.03253	0.144005	1.23709	0.846718	1.35908e-23	10.3693	1.03576	0.999916	-25.1178	238023	0.999982	-25.1178	1.09723e+06	0.126548	1.28963	0.844082	0.999987	-25.1178	1.55172e+06	0.999998	-1.28963	676728	0.999957	85.5236	1.57146e+06	nan	nan	nan	0.999965	85.5236	1.94683e+06	0	0	1
193	rs1	1:1	2:0.28525	rs2	1:2	2:0.521	0	1000	0	0.0171499	1.51128	0.634064	0.505948	1.50977	2.26978	0.93253	-0.089544	1.05766	3.0396e-32	9.12496	0.771926	0.915251	-0.112745	1.05947	0.999984	-25.7205	1.26697e+06	0.996208	0.00503779	1.06006	0.999984	-25.7205	1.26697e+06	0.999969	-25.6128	661655	0.999962	60.5185	1.26896e+06	nan	nan	nan	0.999962	86.1263	1.82977e+06	0	0	1
194	rs1	1:1	2:0.28475	rs2	1:2	2:0.51875	0	1000	0	2.8293e-05	4.10049	0.979388	0.0562717	3.79365	1.98732	0.315002	1.1782	1.1726	1.12667e-35	8.97153	0.719608	0.339861	1.10712	1.15997	0.999985	-24.5849	1.26697e+06	0.228609	1.39847	1.16157	0.999982	-24.5849	1.09723e+06	0.999974	-27.0905	829429	0.999957	59.2987	1.09952e+06	1	-1.39847	2.53395e+06	0.99996	84.9907	1.71444e+06	0	0	1
195	rs1	1:1	2:0.2815	rs2	1:2	2:0.5185	0	1000	0	0.00126991	2.29187	0.711167	0.412619	2.52066	3.07662	0.999909	-25.5278	224047	1.88825e-26	9.25027	0.869176	0.145064	1.20156	0.824574	0.999991	-25.2756	2.19446e+06	0.99992	-25.2756	253395	0.999987	-25.2756	1.55172e+06	0.999999	-1.20156	708517	0.99997	59.2042	1.55334e+06	nan	nan	nan	0.999975	85.6814	2.71243e+06	1	0	1
196	rs1	1:1	2:0.2805	rs2	1:2	2:0.5195	0	1000	0	0.999909	-25.5908	223977	0.999953	-25.5904	435548	0.880547	0.160289	1.06664	0.999795	60.4199	234720	0.999913	-25.5767	235271	0.999991	-25.5767	2.19446e+06	0.880547	0.160289	1.06664	0.999978	60.4058	2.22651e+06	1	-0.160289	810747	1	7.68978e-08	2.24003e+06	nan	nan	nan	nan	nan	nan	1	0	1
197	rs1	1:1	2:0.2835	rs2	1:2	2:0.51975	0	1000	0	0.00456146	1.84938	0.652001	0.000777471	4.41575	1.31394	0.735708	-0.378048	1.12	1.57911e-26	9.30472	0.872926	0.212794	1.009	0.809844	0.00115507	4.7585	1.46427	0.760535	0.327687	1.07517	0.999987	-25.4444	1.55172e+06	0.999968	-26.7811	661655	0.999969	59.3968	1.55336e+06	0.999989	-30.5306	2.19446e+06	0.999972	55.6473	1.58912e+06	0	0	1
198	rs1	1:1	2:0.28375	rs2	1:2	2:0.52125	0	1000	0	0.129124	2.13448	1.40652	0.999949	25.4545	400695	0.999914	-24.0762	224532	5.32385e-16	11.4454	1.41234	0.999914	-24.1916	223971	0.999978	60.4058	2.23074e+06	0.999923	-24.1916	251722	0.999991	-24.1916	2.19446e+06	0.999974	24.1916	742506	0.999969	84.5974	2.20699e+06	nan	nan	nan	nan	nan	nan	1	0	1
199	rs1	1:1	2:0.27925	rs2	1:2	2:0.5215	0	1000	0	0.00305051	1.9611	0.66195	0.999946	26.8822	400695	0.000253174	2.40196	0.656448	1.63357e-34	8.97552	0.73256	0.999914	-25.1078	233928	0.999959	60.4015	1.16739e+06	0.000377547	2.28557	0.642864	0.999982	-25.1036	1.09647e+06	0.999998	-2.28568	810358	0.999956	62.1733	1.12114e+06	nan	nan	nan	nan	nan	nan	1	0	1
200	rs1	1:1	2:0.284	rs2	1:2	2:0.52275	0	1000	0	2.76275e-06	3.38509	0.72212	0.0527954	3.42855	1.7704	0.999899	-25.6313	202728	1.27936e-43	7.98048	0.576225	0.999916	-25.4444	242338	0.999984	-25.4444	1.26697e+06	0.999919	-25.4444	250082	0.999977	-25.4444	895885	0.999969	25.4444	665066	0.999926	85.8502	930796	0.999992	25.4444	2.54626e+06	0.999957	85.8502	1.59204e+06	1	0	1
201	rs1	1:1	2:0.2845	rs2	1:2	2:0.517	0	1000	0	0.446127	0.600065	0.787602	0.984379	0.0544871	2.78287	0.941743	-0.0767907	1.05079	2.08132e-18	10.8169	1.23582	0.953409	-0.0616309	1.05485	0.999979	-25.7986	981393	0.973674	0.0348294	1.05541	0.999991	-25.7986	2.19446e+06	0.999972	-25.7718	731487	0.999978	60.4674	2.19562e+06	1	-0.0348293	2.40391e+06	0.999972	86.2044	2.42822e+06	0	0	1
202	rs1	1:1	2:0.28275	rs2	1:2	2:0.52225	0	1000	0	4.66944e-05	4.01728	0.986663	0.999945	28.5591	414758	0.999904	-24.3374	201711	7.5685e-38	8.77178	0.682104	0.540005	0.688184	1.12301	0.999959	60.4058	1.173e+06	0.999917	-24.8996	238023	0.999982	-24.8996	1.09723e+06	0.999999	-0.688184	926966	0.999957	59.7176	1.0995e+06	nan	nan	nan	nan	nan	nan	1	0	1
203	rs1	1:1	2:0.281	rs2	1:2	2:0.524	0	1000	0	0.0712584	1.58038	0.876124	0.732302	1.15822	3.38597	0.999904	-25.1294	209288	4.93233e-18	10.6497	1.23048	0.537988	0.678405	1.10156	0.999984	-25.1178	1.26697e+06	0.99991	-25.1178	222814	0.999991	-25.1178	2.19446e+06	0.999999	-0.678405	807220	0.999978	59.7274	2.1956e+06	0.999992	25.1178	2.54372e+06	0.999973	85.5236	2.56442e+06	1	0	1
204	rs1	1:1	2:0.2845	rs2	1:2	2:0.52325	0	1000	0	7.66657e-05	2.61156	0.660387	0.187667	2.89579	2.19792	0.372344	0.738524	0.827857	1.43278e-40	8.41978	0.631366	0.74746	0.349557	1.08561	0.999987	-25.31	1.55172e+06	0.156944	1.16716	0.8246	0.999979	-25.31	981393	0.999961	-26.8268	548615	0.999951	60.0562	983949	nan	nan	nan	0.999964	85.7158	1.87656e+06	0	0	1
205	rs1	1:1	2:0.278	rs2	1:2	2:0.51775	0	1000	0	0.869782	0.175185	1.06863	0.96015	0.20383	4.07939	0.226905	0.965147	0.798719	8.43481e-16	11.4746	1.42582	0.999918	-25.5585	250082	0.999984	-25.5585	1.26697e+06	0.231852	0.955511	0.799188	0.999991	-25.5585	2.19446e+06	0.999999	-0.955511	866310	0.999969	85.9643	2.2098e+06	nan	nan	nan	0.999973	85.9643	2.56348e+06	0	0	1
206	rs1	1:1	2:0.28325	rs2	1:2	2:0.52125	0	1000	0	0.999908	-25.0059	217778	0.999951	-25.0253	406901	0.430462	0.886077	1.12389	0.999788	60.5264	228051	0.999915	-24.886	233930	0.999984	-24.886	1.26697e+06	0.430462	0.886077	1.12389	0.999964	60.4058	1.32332e+06	0.999999	-0.886077	767982	1	-3.12085e-08	1.3457e+06	1	-0.886077	2.53395e+06	nan	nan	nan	1	0	1
207	rs1	1:1	2:0.2825	rs2	1:2	2:0.517	0	1000	0	0.945456	-0.0728009	1.06412	0.987016	0.060404	3.7118	0.999912	-25.7878	233926	1.04136e-15	11.3743	1.4179	0.999913	-25.889	236635	0.999984	-25.889	1.26697e+06	0.999915	-25.889	242338	0.999991	-25.889	2.19446e+06	0.999978	25.889	957776	0.999969	86.2948	2.20834e+06	nan	nan	nan	0.999973	86.2948	2.55595e+06	1	0	1
208	rs1	1:1	2:0.28725	rs2	1:2	2:0.51925	0	1000	0	0.279728	0.89329	0.826409	0.881145	0.493434	3.30018	0.999911	-25.422	228851	7.30818e-19	10.914	1.23043	0.953879	0.0621157	1.07399	0.999981	-25.468	1.09723e+06	0.999916	-25.468	240873	0.999991	-25.468	2.19446e+06	1	-0.0621157	812390	0.999978	60.3437	2.19561e+06	nan	nan	nan	0.999972	85.8737	2.48305e+06	1	0	1
209	rs1	1:1	2:0.2835	rs2	1:2	2:0.51725	0	1000	0	0.6963	0.423814	1.08581	0.999748	-18.7558	59465.5	0.999916	-25.3327	240608	0.999522	50.2688	83932.7	0.6963	0.423814	1.08581	0.999987	-25.2793	1.55172e+06	0.999921	-25.2793	255101	0.99997	60.4058	1.59311e+06	1	-0.423814	774694	0.999987	-25.7031	1.59469e+06	nan	nan	nan	nan	nan	nan	1	0	1
210	rs1	1:1	2:0.286	rs2	1:2	2:0.52275	0	1000	0	0.0227546	1.73961	0.763816	0.439866	2.50151	3.23854	0.754578	0.341283	1.09172	6.13316e-30	9.48287	0.834275	0.999908	-25.3113	220552	0.999991	-25.3113	2.19446e+06	0.671406	0.460785	1.0862	0.999984	-25.3113	1.26697e+06	0.999999	-0.460785	626593	0.999947	85.7171	1.28798e+06	nan	nan	nan	0.999973	85.7171	2.56021e+06	0	0	1
211	rs1	1:1	2:0.2845	rs2	1:2	2:0.52525	0	1000	0	5.6958e-06	4.23218	0.932736	0.0384766	4.39071	2.12138	0.999897	-24.3935	188064	1.36114e-37	8.47034	0.660999	0.0728734	1.56688	0.873583	0.999987	-24.8983	1.55172e+06	0.999909	-24.8983	219446	0.999982	-24.8983	1.09723e+06	0.999999	-1.56688	1.00563e+06	0.999957	58.8389	1.09955e+06	nan	nan	nan	0.999965	85.3041	1.92615e+06	1	0	1
212	rs1	1:1	2:0.28075	rs2	1:2	2:0.51925	0	1000	0	0.999908	-25.3497	219268	0.999955	-25.3667	447381	0.622081	0.535518	1.08646	0.99979	60.4706	229847	0.999913	-25.2854	232612	0.999991	-25.2853	2.19446e+06	0.622081	0.535518	1.08646	0.999978	60.4058	2.23331e+06	0.999999	-0.535518	767582	1	7.87412e-08	2.24651e+06	1	-0.535518	3.10344e+06	nan	nan	nan	1	0	1
213	rs1	1:1	2:0.2845	rs2	1:2	2:0.5155	0	1000	0	0.876442	0.167889	1.0798	0.941118	0.345404	4.67612	0.999919	-25.4725	251638	5.02184e-16	11.4955	1.41728	0.999908	-25.5694	221674	0.999987	-25.5694	1.55172e+06	0.999927	-25.5694	280972	0.999991	-25.5694	2.19446e+06	0.99997	25.5694	687067	0.999969	85.9752	2.20676e+06	0.999992	25.5694	2.7023e+06	0.999975	85.9752	2.71947e+06	1	0	1
214	rs1	1:1	2:0.2845	rs2	1:2	2:0.5195	0	1000	0	0.00222361	1.86997	0.611377	0.479412	1.46758	2.07505	0.999907	-25.6797	219562	1.73514e-33	8.84315	0.733313	0.475478	0.562911	0.788838	0.999981	-25.718	1.09723e+06	0.999914	-25.718	238023	0.999984	-25.718	1.26697e+06	0.999999	-0.562911	769239	0.999962	59.8429	1.26895e+06	nan	nan	nan	0.99996	86.1238	1.72489e+06	1	0	1
215	rs1	1:1	2:0.2785	rs2	1:2	2:0.52525	0	1000	0	1.70683e-06	2.84388	0.594287	0.163109	2.4734	1.77344	0.999891	-26.0017	189560	3.18078e-40	7.74953	0.583715	0.264524	0.8827	0.791117	0.999984	-25.7093	1.26697e+06	0.999908	-25.7093	222814	0.999979	-25.7093	981393	0.999999	-0.8827	592136	0.999952	59.5231	983941	nan	nan	nan	0.999959	86.1151	1.65733e+06	1	0	1
216	rs1	1:1	2:0.2825	rs2	1:2	2:0.5235	0	1000	0	0.00597564	1.74875	0.636112	0.458932	2.1538	2.90815	0.840075	-0.213498	1.05798	2.83709e-26	9.28991	0.876027	0.247746	0.923763	0.799213	0.999991	-25.5903	2.19446e+06	0.998145	-0.00247832	1.0659	0.999987	-25.5903	1.55172e+06	0.99997	-26.5115	693950	0.999969	59.482	1.55337e+06	nan	nan	nan	0.999975	85.996	2.70665e+06	0	0	1
217	rs1	1:1	2:0.2845	rs2	1:2	2:0.52525	0	1000	0	0.000591041	2.82769	0.823033	0.236545	3.34209	2.8235	0.999897	-25.2181	195133	5.94977e-32	8.93368	0.759378	0.57854	0.611763	1.10125	0.999991	-25.1252	2.19446e+06	0.999911	-25.1252	226341	0.999984	-25.1252	1.26697e+06	0.999999	-0.611763	672708	0.999962	59.794	1.26896e+06	0.999994	25.1252	3.11168e+06	0.999973	85.531	2.5576e+06	1	0	1
218	rs1	1:1	2:0.2815	rs2	1:2	2:0.51825	0	1000	0	0.794733	0.279496	1.07429	0.999949	23.6193	365782	0.699879	0.414421	1.07507	7.41882e-16	11.4851	1.42434	0.999913	-25.4346	232612	0.999978	60.4058	2.22474e+06	0.69314	0.424455	1.07567	0.999991	-25.4346	2.19446e+06	1	-0.424455	767582	0.999969	85.8404	2.2079e+06	nan	nan	nan	nan	nan	nan	1	0	1
219	rs1	1:1	2:0.2815	rs2	1:2	2:0.521	0	1000	0	0.867442	0.179341	1.07448	1	0.179341	406894	0.999907	-25.4726	219417	0.999608	34.7672	70759.8	0.867442	0.179341	1.07448	1	0.179341	406894	0.999911	-25.4592	227555	0.999608	34.7672	70759.8	1	-0.179341	860077	nan	nan	nan	nan	nan	nan	nan	nan	nan	1	0	1
220	rs1	1:1	2:0.279	rs2	1:2	2:0.52025	0	1000	0	0.0290878	1.56736	0.718218	0.799565	0.74989	2.95338	0.999908	-25.3866	220975	1.08753e-18	10.2807	1.16486	0.208621	1.01838	0.809932	0.999982	-25.4468	1.09723e+06	0.99991	-25.4468	226341	0.999991	-25.4468	2.19446e+06	0.999999	-1.01838	1.28703e+06	0.999978	59.3874	2.1956e+06	nan	nan	nan	0.999972	85.8526	2.48829e+06	1	0	1
221	rs1	1:1	2:0.28225	rs2	1:2	2:0.5195	0	1000	0	0.329751	0.780563	0.800893	0.999947	24.1226	360806	0.0429568	1.41609	0.699606	9.04852e-19	11.0541	1.24957	0.703785	0.412845	1.08582	0.999978	60.4058	2.22393e+06	0.0251351	1.60455	0.716534	0.999991	-25.2902	2.19446e+06	0.999967	-27.3076	661655	0.999978	59.9929	2.19561e+06	nan	nan	nan	nan	nan	nan	1	0	1
222	rs1	1:1	2:0.2835	rs2	1:2	2:0.52	0	1000	0	0.0110192	1.66332	0.654313	0.712531	1.48772	4.03769	0.999906	-25.5866	216949	2.20079e-19	10.1358	1.12586	0.0802994	1.22094	0.6981	0.999991	-25.4654	2.19446e+06	0.999913	-25.4654	232612	0.999991	-25.4654	2.19446e+06	0.999999	-1.22094	861429	0.999978	59.1848	2.1956e+06	0.999992	25.4654	2.6977e+06	0.999978	85.8712	3.13205e+06	1	0	1
223	rs1	1:1	2:0.28225	rs2	1:2	2:0.521	0	1000	0	0.384363	0.68357	0.785817	0.666072	1.58532	3.67359	0.78309	-0.292054	1.06088	6.43087e-23	9.97356	1.01189	0.999916	-25.8976	245348	0.99997	60.4058	1.5844e+06	0.853079	-0.194517	1.05036	0.999987	-25.8976	1.55172e+06	1	0.194517	679339	0.999956	86.3034	1.57262e+06	0.999975	-86.1089	2.70665e+06	nan	nan	nan	0	0	1
224	rs1	1:1	2:0.2765	rs2	1:2	2:0.5235	0	1000	0	0.000509528	2.54971	0.733583	0.331549	2.84952	2.93463	0.999902	-25.3103	206384	4.29626e-34	8.55288	0.702576	0.999918	-25.4444	246896	0.999991	-25.4444	2.19446e+06	0.999912	-25.4444	231317	0.999982	-25.4444	1.09723e+06	0.999974	25.4444	772031	0.999939	85.8502	1.12687e+06	nan	nan	nan	0.999973	85.8502	2.4977e+06	1	0	1
225	rs1	1:1	2:0.2785	rs2	1:2	2:0.521	0	1000	0	0.000161751	2.29163	0.607489	0.218126	2.38835	1.93934	0.999902	-25.8423	210967	6.74822e-34	8.15631	0.672036	0.852121	0.19692	1.05637	0.999987	-25.7865	1.55172e+06	0.999912	-25.7865	233930	0.999981	-25.7865	1.09723e+06	1	-0.19692	732318	0.999956	60.2089	1.09955e+06	nan	nan	nan	0.999964	86.1923	1.9304e+06	1	0	1
226	rs1	1:1	2:0.27975	rs2	1:2	2:0.52125	0	1000	0	0.654335	0.482031	1.07657	0.00129958	3.95986	1.23127	0.178693	1.10747	0.823527	1.35508e-15	11.4363	1.43142	0.999921	-25.2817	255101	0.00180935	3.82258	1.22524	0.180478	1.10348	0.823936	0.999991	-25.2817	2.19446e+06	0.999999	-1.10348	816722	0.999969	85.6875	2.21038e+06	nan	nan	nan	0.99998	56.5832	2.22315e+06	0	0	1
227	rs1	1:1	2:0.27925	rs2	1:2	2:0.521	0	1000	0	0.0110171	1.9593	0.770722	0.999954	25.2807	438939	0.999907	-25.306	216166	9.38385e-19	10.2397	1.15805	0.117305	1.32222	0.844227	0.999978	60.4058	2.23793e+06	0.999915	-25.1079	236635	0.999991	-25.1079	2.19446e+06	0.999999	-1.32222	733186	0.999979	59.0836	2.1956e+06	nan	nan	nan	nan	nan	nan	1	0	1
228	rs1	1:1	2:0.2815	rs2	1:2	2:0.52175	0	1000	0	0.0503617	1.37105	0.700631	0.79451	0.828516	3.181	0.988839	0.0148591	1.06224	4.54432e-19	10.4093	1.16659	0.919443	0.107857	1.06647	0.999984	-25.5952	1.26697e+06	0.999908	-25.5954	222808	0.999991	-25.5952	2.19446e+06	0.999899	28.1493	222808	0.999978	60.2979	2.19561e+06	nan	nan	nan	0.999973	86.001	2.56442e+06	0	0	1
229	rs1	1:1	2:0.28125	rs2	1:2	2:0.5205	0	1000	0	0.0349653	1.50529	0.713826	0.510723	1.76436	2.68257	0.889387	0.148875	1.07043	2.44192e-29	9.31642	0.82847	0.999913	-25.5791	235271	0.999987	-25.5791	1.55172e+06	0.838818	0.217027	1.06697	0.999984	-25.5791	1.26697e+06	1	-0.217027	702239	0.999947	85.9849	1.29058e+06	nan	nan	nan	0.999966	85.9849	2.04048e+06	0	0	1
230	rs1	1:1	2:0.2805	rs2	1:2	2:0.52175	0	1000	0	0.161179	1.16181	0.829205	0.669739	1.38919	3.25715	0.732964	0.368475	1.07999	9.79708e-24	10.0996	1.00557	0.999912	-25.4542	231317	0.999987	-25.4542	1.55172e+06	0.840662	0.216052	1.07464	0.999987	-25.4542	1.55172e+06	1	-0.216052	1.00829e+06	0.999956	85.86	1.57046e+06	nan	nan	nan	0.999969	85.86	2.22958e+06	0	0	1
231	rs1	1:1	2:0.27475	rs2	1:2	2:0.52225	0	1000	0	0.00129609	2.0868	0.64871	0.326678	2.12787	2.16947	0.999903	-25.628	211484	3.45581e-32	8.35988	0.707851	0.999923	-25.7889	268096	0.999987	-25.7889	1.55172e+06	0.999909	-25.7889	226341	0.999981	-25.7889	1.09723e+06	0.999977	25.7889	900588	0.999939	86.1947	1.13173e+06	nan	nan	nan	0.999965	86.1947	1.94091e+06	1	0	1
232	rs1	1:1	2:0.2845	rs2	1:2	2:0.52075	0	1000	0	0.0825864	1.5196	0.87541	0.548399	1.71787	2.86235	0.482301	0.777329	1.10635	6.87185e-24	10.2027	1.01231	0.999913	-25.1104	230042	0.999984	-25.1104	1.26697e+06	0.540796	0.673682	1.10149	0.999987	-25.1104	1.55172e+06	0.999999	-0.673682	860739	0.999957	85.5162	1.57029e+06	nan	nan	nan	0.999966	85.5162	2.03309e+06	0	0	1
233	rs1	1:1	2:0.27775	rs2	1:2	2:0.52225	0	1000	0	0.00136764	2.27504	0.710639	0.527428	1.86499	2.95124	0.818513	0.249519	1.08743	1.18429e-26	9.40042	0.879699	0.105577	1.36683	0.844557	0.999991	-25.1104	2.19446e+06	0.590363	0.592713	1.10106	0.999987	-25.1104	1.55172e+06	0.99997	-27.0699	731487	0.99997	59.039	1.55332e+06	1	-0.592713	3.10344e+06	0.999975	85.5162	2.72999e+06	0	0	1
234	rs1	1:1	2:0.285	rs2	1:2	2:0.52325	0	1000	0	0.00188851	2.19612	0.706778	0.31586	1.99311	1.98715	0.999901	-25.5128	205724	1.60761e-31	8.92493	0.764103	0.78782	0.289342	1.07505	0.999981	-25.4592	1.09723e+06	0.999912	-25.4592	231317	0.999984	-25.4592	1.26697e+06	1	-0.289342	651109	0.999962	60.1164	1.26897e+06	nan	nan	nan	0.99996	85.865	1.71159e+06	1	0	1
235	rs1	1:1	2:0.285	rs2	1:2	2:0.52675	0	1000	0	0.0162723	2.805	1.16741	0.312145	2.90237	2.87155	0.999901	-24.32	195644	4.02908e-24	10.0578	0.992784	0.999916	-24.6181	235271	0.999985	-24.6181	1.26697e+06	0.999911	-24.6181	220552	0.999987	-24.6181	1.55172e+06	0.999974	24.6181	765220	0.999957	85.0239	1.57106e+06	nan	nan	nan	0.999967	85.0239	2.03309e+06	1	0	1
236	rs1	1:1	2:0.272	rs2	1:2	2:0.5215	0	1000	0	0.190253	1.0403	0.794223	0.832219	0.932328	4.40075	0.999903	-25.7675	212076	3.45992e-17	10.3825	1.23163	0.819715	0.240832	1.05669	0.999991	-25.7877	2.19446e+06	0.999906	-25.7877	219446	0.999991	-25.7877	2.19446e+06	1	-0.240832	1.00563e+06	0.999978	60.165	2.1956e+06	0.999993	25.7877	3.11119e+06	0.999978	86.1935	3.13561e+06	1	0	1
237	rs1	1:1	2:0.281	rs2	1:2	2:0.5215	0	1000	0	7.87273e-05	2.3338	0.591098	0.235368	2.87836	2.42563	0.978	0.0293966	1.066	1.31138e-40	8.13247	0.60952	0.987955	-0.0160003	1.05988	0.999991	-25.708	2.19446e+06	0.995316	0.0062228	1.05999	0.999979	-25.708	981393	0.999974	-25.6983	775859	0.999951	60.4218	983957	nan	nan	nan	0.999972	86.1138	2.43408e+06	0	0	1
238	rs1	1:1	2:0.28375	rs2	1:2	2:0.5215	0	1000	0	0.716389	0.398139	1.09593	0.924285	0.345323	3.63353	0.69808	0.421692	1.08708	6.48421e-16	11.5634	1.43114	0.999916	-25.2915	239435	0.999984	-25.2915	1.26697e+06	0.658144	0.480612	1.08619	0.999991	-25.2915	2.19446e+06	0.999999	-0.480612	677226	0.999969	85.6973	2.20863e+06	1	-0.480612	2.53395e+06	0.999973	85.6973	2.55884e+06	0	0	1
239	rs1	1:1	2:0.28	rs2	1:2	2:0.5165	0	1000	0	0.443825	0.598727	0.781882	0.999752	-18.4929	59448.3	0.93752	-0.0823676	1.05078	0.999531	49.3329	83949.9	0.363345	0.717809	0.789661	0.999991	-25.6896	2.19446e+06	0.892118	0.143851	1.06065	0.999978	60.4058	2.23198e+06	0.999969	-26.5513	693950	0.999991	-26.4074	2.23311e+06	nan	nan	nan	nan	nan	nan	1	0	1
240	rs1	1:1	2:0.2895	rs2	1:2	2:0.52525	0	1000	0	0.0514954	1.94241	0.997476	0.508426	1.85415	2.80384	0.360838	1.06616	1.16677	3.46585e-24	10.5321	1.03809	0.999906	-24.6397	210191	0.999985	-24.6397	1.26697e+06	0.364287	1.05238	1.16	0.999987	-24.6397	1.55172e+06	0.999999	-1.05238	667447	0.999957	85.0454	1.56749e+06	1	-1.05238	2.53395e+06	0.999967	85.0454	2.03937e+06	0	0	1
241	rs1	1:1	2:0.28175	rs2	1:2	2:0.51775	0	1000	0	0.0020949	2.14515	0.697282	0.297628	2.39647	2.30091	0.999916	-25.2295	239069	6.42259e-35	8.68914	0.704845	0.999911	-25.5694	228788	0.999987	-25.5694	1.55172e+06	0.99992	-25.5694	255101	0.999981	-25.5694	1.09723e+06	0.99998	25.5694	1.0395e+06	0.999939	85.9752	1.12307e+06	nan	nan	nan	0.999965	85.9752	1.93737e+06	1	0	1
242	rs1	1:1	2:0.27825	rs2	1:2	2:0.52325	0	1000	0	0.0361783	1.44388	0.689231	0.728038	1.33164	3.82944	0.999898	-25.8942	202213	4.49109e-18	10.0819	1.16343	0.245008	0.919988	0.791347	0.999991	-25.6994	2.19446e+06	0.999907	-25.6994	221674	0.999991	-25.6994	2.19446e+06	0.999999	-0.919988	626989	0.999978	59.4858	2.19561e+06	0.999993	25.6994	3.11134e+06	0.999978	86.1052	3.12759e+06	1	0	1
243	rs1	1:1	2:0.2845	rs2	1:2	2:0.51875	0	1000	0	0.0202249	1.44531	0.622402	0.485528	1.46519	2.10082	0.999908	-25.7801	224347	1.38232e-31	8.97344	0.767413	0.813407	-0.247866	1.05014	0.999984	-25.9075	1.26697e+06	0.999913	-25.9075	236635	0.999984	-25.9075	1.26697e+06	1	0.247866	862524	0.999962	60.6537	1.26898e+06	nan	nan	nan	0.999962	86.3133	1.82349e+06	1	0	1
244	rs1	1:1	2:0.28075	rs2	1:2	2:0.52125	0	1000	0	1.3188e-05	2.99546	0.68751	0.244458	2.01562	1.73176	0.999899	-25.6721	203629	6.90047e-33	8.45915	0.708179	0.0190332	1.68176	0.717204	0.999976	-25.289	829429	0.999915	-25.289	238023	0.999984	-25.289	1.26697e+06	0.999998	-1.68176	676728	0.999963	58.724	1.26894e+06	nan	nan	nan	0.999956	85.6948	1.57212e+06	1	0	1
245	rs1	1:1	2:0.288	rs2	1:2	2:0.52275	0	1000	0	0.014296	2.0148	0.822454	0.621509	1.64632	3.33458	0.591259	0.594953	1.10789	1.10752e-19	10.6669	1.17505	0.0770155	1.62471	0.91881	0.999985	-24.6269	1.26697e+06	0.343663	1.09861	1.16015	0.999991	-24.6269	2.19446e+06	0.999966	-27.3503	633487	0.999979	58.7811	2.1956e+06	nan	nan	nan	0.999974	85.0327	2.56175e+06	0	0	1
246	rs1	1:1	2:0.283	rs2	1:2	2:0.52075	0	1000	0	0.0405537	1.8814	0.918622	0.470947	2.0642	2.86321	0.366611	1.0216	1.13154	1.70295e-23	10.1824	1.01936	0.999917	-24.8762	239435	0.999984	-24.8762	1.26697e+06	0.406929	0.932213	1.12408	0.999987	-24.8762	1.55172e+06	0.999999	-0.932213	863297	0.999957	85.282	1.57169e+06	nan	nan	nan	0.999967	85.282	2.03309e+06	0	0	1
247	rs1	1:1	2:0.287	rs2	1:2	2:0.522	0	1000	0	9.82519e-05	2.96614	0.76155	0.108705	2.7457	1.71174	0.999902	-25.3523	207060	2.00402e-37	8.50737	0.665449	0.685791	0.439367	1.086	0.999979	-25.2976	981393	0.999917	-25.2976	242338	0.999982	-25.2976	1.09723e+06	0.999999	-0.439367	678257	0.999956	59.9664	1.09954e+06	nan	nan	nan	0.999955	85.7034	1.50801e+06	1	0	1
248	rs1	1:1	2:0.2825	rs2	1:2	2:0.52225	0	1000	0	0.00545347	1.88172	0.677135	0.533431	2.0768	3.33473	0.999903	-25.4721	210014	3.21322e-27	9.39844	0.869717	0.291468	0.853381	0.808963	0.999991	-25.468	2.19446e+06	0.99991	-25.468	226341	0.999987	-25.468	1.55172e+06	0.999999	-0.853381	765705	0.999969	59.5524	1.55333e+06	nan	nan	nan	0.999975	85.8737	2.71838e+06	1	0	1
249	rs1	1:1	2:0.28575	rs2	1:2	2:0.521	0	1000	0	0.00113782	2.47378	0.760221	0.999876	25.1016	161257	0.999851	-44.6766	239173	7.33076e-27	9.29722	0.866441	0.131272	1.27358	0.843931	0.99997	60.4058	1.5851e+06	0.999916	-25.1116	239435	0.999987	-25.1116	1.55172e+06	0.999999	-1.27358	769677	0.99997	59.1322	1.55336e+06	0.999982	-60.4058	2.71763e+06	nan	nan	nan	1	0	1
250	rs1	1:1	2:0.2835	rs2	1:2	2:0.52225	0	1000	0	0.00847859	2.35272	0.893756	0.360114	2.44819	2.67518	0.0756455	1.6683	0.939078	2.09332e-27	9.85108	0.908305	0.999917	-24.5983	235271	0.999982	-24.5983	1.09723e+06	0.0326493	1.96699	0.920716	0.999985	-24.5983	1.26697e+06	0.999997	-1.96699	613512	0.999947	85.0041	1.29057e+06	nan	nan	nan	0.999961	85.0041	1.72489e+06	0	0	1
251	rs1	1:1	2:0.286	rs2	1:2	2:0.52375	0	1000	0	0.409272	0.961722	1.16548	0.803901	1.02354	4.12219	0.999909	-24.7565	216889	4.06461e-16	11.523	1.41619	0.99991	-24.9096	220552	0.999984	-24.9096	1.26697e+06	0.999914	-24.9096	230042	0.999991	-24.9096	2.19446e+06	0.999974	24.9096	763629	0.999969	85.3154	2.20665e+06	nan	nan	nan	0.999973	85.3154	2.56259e+06	1	0	1
252	rs1	1:1	2:0.284	rs2	1:2	2:0.52425	0	1000	0	0.321322	1.15668	1.16631	0.715032	1.48474	4.06658	0.999908	-24.7586	214200	1.21063e-15	11.3367	1.41649	0.999918	-24.8909	240873	0.999987	-24.8909	1.55172e+06	0.999912	-24.8909	226341	0.999991	-24.8909	2.19446e+06	0.999975	24.8909	802698	0.999969	85.2967	2.20879e+06	nan	nan	nan	0.999975	85.2967	2.70794e+06	1	0	1
253	rs1	1:1	2:0.285	rs2	1:2	2:0.51175	0	1000	0	0.039334	1.25462	0.608838	0.999942	25.2921	347012	0.999921	-25.8335	261579	2.32076e-27	9.42729	0.869987	0.656668	0.344769	0.775602	0.99997	60.4058	1.59005e+06	0.999925	-25.8878	274308	0.999987	-25.8878	1.55172e+06	1	-0.344769	1.01901e+06	0.999969	60.061	1.55336e+06	nan	nan	nan	nan	nan	nan	1	0	1
254	rs1	1:1	2:0.27775	rs2	1:2	2:0.52425	0	1000	0	3.11373e-05	2.61703	0.62834	0.31371	2.17198	2.15588	0.953159	-0.0630309	1.07304	2.97715e-37	8.31787	0.652198	0.869259	0.175603	1.06684	0.999984	-25.5965	1.26697e+06	0.999907	-25.5963	220558	0.999981	-25.5965	1.09723e+06	0.999899	27.8299	220558	0.999956	60.2302	1.09949e+06	nan	nan	nan	0.999961	86.0023	1.74642e+06	0	0	1
255	rs1	1:1	2:0.289	rs2	1:2	2:0.51875	0	1000	0	0.00131924	1.97082	0.613625	0.301045	1.78554	1.7265	0.862991	0.183726	1.06465	2.16623e-33	8.86868	0.736548	0.345257	0.753152	0.797976	0.999979	-25.589	981393	0.863755	0.183065	1.06684	0.999984	-25.589	1.26697e+06	0.999976	-26.5252	895885	0.999963	59.6526	1.269e+06	nan	nan	nan	0.999958	85.9948	1.6302e+06	0	0	1
256	rs1	1:1	2:0.2785	rs2	1:2	2:0.51125	0	1000	0	2.95084e-05	2.14464	0.513412	0.00166662	3.92638	1.24885	0.761383	-0.319758	1.053	4.00407e-32	8.23101	0.69767	0.0188834	1.39937	0.596027	0.00381266	3.65066	1.26178	0.848805	0.200671	1.0526	0.999984	-25.8591	1.26697e+06	0.99997	-27.4591	731487	0.999963	59.0064	1.26898e+06	nan	nan	nan	0.999966	56.7551	1.31872e+06	0	0	1
257	rs1	1:1	2:0.281	rs2	1:2	2:0.523	0	1000	0	0.00121413	2.38967	0.738571	0.306764	2.28551	2.23623	0.999905	-25.1559	211220	3.04784e-35	8.70826	0.702978	0.999912	-25.4592	230042	0.999984	-25.4592	1.26697e+06	0.999912	-25.4592	231317	0.999981	-25.4592	1.09723e+06	0.999976	25.4592	841656	0.999939	85.865	1.12331e+06	nan	nan	nan	0.99996	85.865	1.73043e+06	1	0	1
258	rs1	1:1	2:0.278	rs2	1:2	2:0.519	0	1000	0	0.0252878	1.56278	0.698613	0.999943	25.5924	356026	0.999909	-25.6457	224882	1.39831e-24	9.38554	0.917107	0.855296	0.193468	1.06088	0.99997	60.4058	1.59204e+06	0.999914	-25.6787	238023	0.999987	-25.6787	1.55172e+06	1	-0.193468	862906	0.999969	60.2123	1.55335e+06	nan	nan	nan	nan	nan	nan	1	0	1
259	rs1	1:1	2:0.2775	rs2	1:2	2:0.516	0	1000	0	0.464678	0.568083	0.776956	0.999952	23.9074	394179	0.999911	-25.9243	233625	5.87525e-18	10.614	1.22919	0.830684	-0.223871	1.04698	0.999978	60.4058	2.22958e+06	0.999914	-25.9724	240873	0.999991	-25.9724	2.19446e+06	1	0.223871	1.01052e+06	0.999978	60.6297	2.19561e+06	nan	nan	nan	nan	nan	nan	1	0	1
260	rs1	1:1	2:0.27675	rs2	1:2	2:0.51875	0	1000	0	0.0122011	1.79371	0.715689	0.421107	1.99125	2.47513	0.733135	0.365824	1.07293	2.88711e-28	9.07886	0.82346	0.999922	-25.5513	260435	0.999987	-25.5513	1.55172e+06	0.809573	0.257127	1.06702	0.999984	-25.5513	1.26697e+06	1	-0.257127	1.01536e+06	0.999947	85.9571	1.29541e+06	nan	nan	nan	0.999966	85.9571	2.03638e+06	0	0	1
261	rs1	1:1	2:0.284	rs2	1:2	2:0.521	0	1000	0	0.0346248	1.55075	0.734004	0.519994	1.82984	2.84422	0.745507	0.35007	1.07857	2.55182e-30	9.46296	0.826972	0.999907	-25.4629	218357	0.999987	-25.4629	1.55172e+06	0.765216	0.32111	1.07525	0.999984	-25.4629	1.26697e+06	1	-0.32111	727493	0.999947	85.8687	1.2876e+06	nan	nan	nan	0.999967	85.8687	2.0443e+06	0	0	1
262	rs1	1:1	2:0.28375	rs2	1:2	2:0.5215	0	1000	0	0.999902	-25.4559	207268	0.999952	-25.4865	420561	0.187965	1.08494	0.824032	0.999778	60.5513	218087	0.999909	-25.3113	221674	0.999984	-25.3113	1.26697e+06	0.187965	1.08494	0.824032	0.999964	60.4058	1.33313e+06	0.999999	-1.08494	764338	1	7.42813e-08	1.35329e+06	1	-1.08494	2.53395e+06	nan	nan	nan	1	0	1
