Outcome	Var1_ID	Var1_Pos	Var1_MAF	Var2_ID	Var2_Pos	Var2_MAF	Num_Missing	Num_Cases	Converged	Red_Var1_Pval	Red_Var1_beta	Red_Var1_SE	Red_Var2_Pval	Red_Var2_beta	Red_Var2_SE	Full_Var1_Pval	Full_Var1_beta	Full_Var1_SE	Full_Var2_Pval	Full_Var2_beta	Full_Var2_SE	Full_Var1_Var2_Pval	Full_Var1_Var2_beta	Full_Var1_Var2_SE	Red_Model_Pval	Full_Model_Pval	Overall_Pval_(LRT)
1	rs1	1:1	2:0.2785	rs2	1:2	2:0.51925	0	1000	0	0.808804	0.885446	3.65933	4.92809e-55	10.6113	0.679129	0.999987	-25.3796	1.55172e+06	5.92365e-55	10.5937	0.678512	0.999975	49.8121	1.60262e+06	0	0	1
2	rs1	1:1	2:0.27975	rs2	1:2	2:0.522	0	1000	0	0.999948	24.7243	382047	4.41327e-64	10.1851	0.602627	0.999948	24.7243	382047	4.41327e-64	10.1851	0.602627	nan	nan	nan	1	0	1
3	rs1	1:1	2:0.283	rs2	1:2	2:0.52175	0	1000	0	0.843836	0.732773	3.71987	1.69647e-55	10.4966	0.668883	0.999987	-25.4974	1.55172e+06	1.94154e-55	10.4801	0.668195	0.999975	49.9257	1.61261e+06	0	0	1
4	rs1	1:1	2:0.284	rs2	1:2	2:0.52775	0	1000	0	0.00104874	4.01158	1.22412	5.9414e-28	12.6628	1.15535	0.00106282	4.01036	1.22516	6.15478e-28	12.6617	1.15559	0.999954	19.3329	334688	0	0	1
5	rs1	1:1	2:0.281	rs2	1:2	2:0.5235	0	1000	0	0.817997	0.89554	3.89159	1.16892e-43	11.1462	0.804425	0.999987	-25.2451	1.55172e+06	1.23132e-43	11.1243	0.803063	0.999975	49.2815	1.59005e+06	0	0	1
6	rs1	1:1	2:0.2865	rs2	1:2	2:0.52075	0	1000	0	0.800283	0.749181	2.96142	2.59731e-54	10.7439	0.692326	0.999982	-25.2481	1.09723e+06	3.73322e-54	10.7158	0.691554	0.999966	49.69	1.1508e+06	0	0	1
7	rs1	1:1	2:0.27875	rs2	1:2	2:0.5205	0	1000	0	0.770893	1.21367	4.16773	2.03274e-55	10.487	0.668761	0.999991	-25.4964	2.19446e+06	2.25458e-55	10.4738	0.6682	0.999982	49.932	2.22849e+06	0	0	1
8	rs1	1:1	2:0.27825	rs2	1:2	2:0.5215	0	1000	0	0.97587	0.142909	4.72468	1.06714e-27	11.4987	1.05425	0.999987	-25.6007	1.55172e+06	8.35912e-28	11.4733	1.04978	0.999976	48.9325	1.61031e+06	0	0	1
9	rs1	1:1	2:0.28125	rs2	1:2	2:0.521	0	1000	0	0.938549	0.373798	4.84865	1.44086e-28	12.1917	1.09957	0.999984	-24.9086	1.26697e+06	1.31174e-28	12.1654	1.09638	0.999971	48.2404	1.32688e+06	0	0	1
10	rs1	1:1	2:0.27775	rs2	1:2	2:0.51775	0	1000	0	0.843836	0.732773	3.71987	1.69647e-55	10.4966	0.668883	0.999987	-25.4974	1.55172e+06	1.94154e-55	10.4801	0.668195	0.999975	49.9257	1.61261e+06	0	0	1
11	rs1	1:1	2:0.2855	rs2	1:2	2:0.51875	0	1000	0	0.929707	0.346139	3.92387	4.29514e-27	11.3046	1.0487	0.999987	-25.7831	1.55172e+06	2.90708e-27	11.2678	1.04182	0.999975	49.1379	1.5851e+06	0	0	1
12	rs1	1:1	2:0.28725	rs2	1:2	2:0.52425	0	1000	0	0.903886	0.555645	4.60148	2.83256e-28	11.8453	1.07421	0.999987	-25.2441	1.55172e+06	2.33702e-28	11.8174	1.07	0.999976	48.5884	1.58912e+06	0	0	1
13	rs1	1:1	2:0.27625	rs2	1:2	2:0.5235	0	1000	0	0.865026	1.02922	6.05498	8.42165e-43	11.4953	0.838246	0.999991	-24.9076	2.19446e+06	9.07894e-43	11.4856	0.837871	0.999983	48.9202	2.25148e+06	0	0	1
14	rs1	1:1	2:0.27675	rs2	1:2	2:0.51725	0	1000	0	0.843272	0.977288	4.94303	6.62049e-44	11.0174	0.7928	0.999991	-25.3776	2.19446e+06	6.62418e-44	11.0043	0.791858	0.999982	49.4015	2.23474e+06	0	0	1
15	rs1	1:1	2:0.276	rs2	1:2	2:0.52175	0	1000	0	0.747937	1.29031	4.01516	3.20689e-64	10.2008	0.602888	0.999991	-25.4974	2.19446e+06	3.91415e-64	10.1893	0.602623	0.999982	50.2165	2.23331e+06	0	0	1
16	rs1	1:1	2:0.28575	rs2	1:2	2:0.52275	0	1000	0	0.999757	-18.1672	59681.1	0.99952	50.5804	84153.3	0.999987	-24.6834	1.55172e+06	0.999601	35.7224	71355.7	0.999988	24.6834	1.58406e+06	1	0	1
17	rs1	1:1	2:0.2795	rs2	1:2	2:0.521	0	1000	0	0.99995	24.9464	394179	6.34077e-72	9.85661	0.549589	0.99995	24.9464	394179	6.34077e-72	9.85661	0.549589	nan	nan	nan	1	0	1
18	rs1	1:1	2:0.286	rs2	1:2	2:0.5185	0	1000	0	0.720383	0.937455	2.61898	5.0272e-72	9.87003	0.549941	0.999984	-25.6058	1.26697e+06	8.6389e-72	9.84731	0.549598	0.999969	50.5585	1.31735e+06	0	0	1
19	rs1	1:1	2:0.2805	rs2	1:2	2:0.52425	0	1000	0	0.802424	0.629687	2.51662	3.30068e-65	10.0021	0.586518	0.999981	-25.7011	1.09723e+06	4.81454e-65	9.9741	0.585634	0.999965	50.4317	1.15503e+06	0	0	1
20	rs1	1:1	2:0.27925	rs2	1:2	2:0.51925	0	1000	0	0.891888	0.348907	2.56707	1.36094e-55	10.0516	0.639956	0.999981	-25.9412	1.09723e+06	1.31494e-55	10.0195	0.637826	0.999965	50.3863	1.1566e+06	0	0	1
21	rs1	1:1	2:0.2795	rs2	1:2	2:0.52425	0	1000	0	0.836262	0.684947	3.31409	7.92241e-56	10.2037	0.648225	0.999987	-25.7851	1.55172e+06	8.2441e-56	10.1841	0.647082	0.999975	50.2217	1.60262e+06	0	0	1
22	rs1	1:1	2:0.284	rs2	1:2	2:0.52375	0	1000	0	0.803496	0.945438	3.79961	1.25533e-43	11.1431	0.804499	0.999987	-25.2451	1.55172e+06	1.32535e-43	11.1201	0.803066	0.999975	49.2857	1.5866e+06	0	0	1
23	rs1	1:1	2:0.281	rs2	1:2	2:0.522	0	1000	0	0.757506	1.90768	6.17857	2.30354e-39	11.9994	0.914092	0.999991	-23.9923	2.19446e+06	2.65032e-39	11.9883	0.913985	0.999983	48.4175	2.23198e+06	0	0	1
24	rs1	1:1	2:0.2845	rs2	1:2	2:0.51825	0	1000	0	0.811221	0.601403	2.5179	3.29727e-64	10.2065	0.603281	0.999979	-25.5014	981393	5.57178e-64	10.1769	0.602634	0.999962	50.2289	1.04734e+06	0	0	1
25	rs1	1:1	2:0.27875	rs2	1:2	2:0.51875	0	1000	0	1	-2.72014e-10	388585	0.99961	34.7128	70981.5	1	-2.72014e-10	388585	0.99961	34.7128	70981.5	nan	nan	nan	1	0	1
26	rs1	1:1	2:0.282	rs2	1:2	2:0.52	0	1000	0	0.899047	0.327524	2.58167	5.14706e-55	10.6192	0.679756	0.999976	-25.3846	829429	7.52645e-55	10.5835	0.678519	0.999956	49.8223	908610	0	0	1
27	rs1	1:1	2:0.279	rs2	1:2	2:0.52225	0	1000	0	0.926191	-0.335621	3.62293	2.28733e-27	11.4153	1.05332	0.999979	-25.6991	981393	1.47576e-27	11.3718	1.04545	0.999963	49.034	1.06544e+06	0	0	1
28	rs1	1:1	2:0.284	rs2	1:2	2:0.517	0	1000	0	0.713052	1.22103	3.32018	4.77705e-62	10.4496	0.628638	0.999987	-25.2471	1.55172e+06	7.06378e-62	10.4312	0.628419	0.999975	49.9745	1.59204e+06	0	0	1
29	rs1	1:1	2:0.281	rs2	1:2	2:0.522	0	1000	0	0.999946	23.3496	342754	2.69207e-27	11.2751	1.04182	0.999946	23.3496	342754	2.69207e-27	11.2751	1.04182	nan	nan	nan	1	0	1
30	rs1	1:1	2:0.281	rs2	1:2	2:0.52	0	1000	0	0.999732	-20.0399	59646.5	0.999517	50.9742	84189.3	0.999981	-25.8641	1.09723e+06	0.999613	34.5417	71205.3	0.999982	25.8641	1.15722e+06	1	0	1
31	rs1	1:1	2:0.28275	rs2	1:2	2:0.52275	0	1000	0	0.893706	0.738961	5.53048	1.78438e-28	12.4084	1.12106	0.999987	-24.6844	1.55172e+06	1.74133e-28	12.3875	1.11895	0.999976	48.0183	1.59671e+06	0	0	1
32	rs1	1:1	2:0.28375	rs2	1:2	2:0.52125	0	1000	0	0.947278	0.289874	4.38369	1.55168e-28	12.1925	1.10031	0.999982	-24.9096	1.09723e+06	1.38305e-28	12.1602	1.09638	0.999967	48.2456	1.15825e+06	0	0	1
33	rs1	1:1	2:0.27925	rs2	1:2	2:0.52325	0	1000	0	0.844111	0.904249	4.59856	7.75305e-44	10.7916	0.777183	0.999991	-25.6007	2.19446e+06	7.34431e-44	10.777	0.775915	0.999982	49.6288	2.23198e+06	0	0	1
34	rs1	1:1	2:0.27875	rs2	1:2	2:0.52175	0	1000	0	0.895621	0.504662	3.84665	9.52326e-44	11.1582	0.804436	0.999984	-25.2461	1.26697e+06	1.00667e-43	11.1358	0.803056	0.99997	49.27	1.33313e+06	0	0	1
35	rs1	1:1	2:0.28275	rs2	1:2	2:0.523	0	1000	0	0.709506	1.51537	4.06789	4.7509e-62	10.4487	0.628568	0.999991	-25.2461	2.19446e+06	6.14491e-62	10.4364	0.628415	0.999982	49.9694	2.22651e+06	0	0	1
36	rs1	1:1	2:0.28025	rs2	1:2	2:0.5225	0	1000	0	0.814175	1.09706	4.66746	7.54149e-44	11.0118	0.792925	0.999991	-25.3776	2.19446e+06	7.54039e-44	10.997	0.791863	0.999982	49.4088	2.22651e+06	0	0	1
37	rs1	1:1	2:0.282	rs2	1:2	2:0.521	0	1000	0	0.914772	0.535879	5.0072	1.75705e-28	12.0039	1.08437	0.999987	-25.0899	1.55172e+06	1.54183e-28	11.9799	1.08107	0.999976	48.4259	1.59671e+06	0	0	1
38	rs1	1:1	2:0.2855	rs2	1:2	2:0.52075	0	1000	0	1	-3.78009e-11	428207	0.999592	36.012	70467.4	1	-3.78009e-11	428207	0.999592	36.012	70467.4	nan	nan	nan	1	0	1
39	rs1	1:1	2:0.283	rs2	1:2	2:0.515	0	1000	0	0.773459	0.588312	2.04379	5.2711e-81	9.35218	0.490628	0.999979	-25.9453	981393	1.10364e-80	9.32234	0.49006	0.999961	51.0835	1.04734e+06	0	0	1
40	rs1	1:1	2:0.27925	rs2	1:2	2:0.5165	0	1000	0	0.999746	-18.9724	59510.7	0.999523	50.2447	84002.1	0.999987	-25.4944	1.55172e+06	0.999608	34.9114	71018.6	0.999987	25.4944	1.59583e+06	1	0	1
41	rs1	1:1	2:0.2785	rs2	1:2	2:0.5215	0	1000	0	0.650074	1.63599	3.60621	1.40256e-69	10.0854	0.572	0.999991	-25.3806	2.19446e+06	1.96897e-69	10.0725	0.571888	0.999982	50.3333	2.22242e+06	0	0	1
42	rs1	1:1	2:0.2795	rs2	1:2	2:0.51725	0	1000	0	0.728086	1.0214	2.93782	8.17571e-73	9.77468	0.541593	0.999987	-25.7001	1.55172e+06	1.19895e-72	9.7572	0.541259	0.999975	50.6486	1.59949e+06	0	0	1
43	rs1	1:1	2:0.278	rs2	1:2	2:0.5195	0	1000	0	0.896122	0.478547	3.66529	1.64089e-43	10.613	0.767294	0.999987	-25.7841	1.55172e+06	1.42199e-43	10.5905	0.765102	0.999975	49.8152	1.60262e+06	0	0	1
44	rs1	1:1	2:0.28425	rs2	1:2	2:0.52125	0	1000	0	0.776797	1.23018	4.33931	2.05825e-49	11.3068	0.76516	0.999987	-24.6864	1.55172e+06	2.74873e-49	11.291	0.765097	0.999976	49.1148	1.60262e+06	0	0	1
45	rs1	1:1	2:0.27875	rs2	1:2	2:0.513	0	1000	0	0.950924	0.285625	4.64084	6.722e-28	11.6011	1.05956	0.999987	-25.4954	1.55172e+06	5.30328e-28	11.5745	1.05506	0.999976	48.8313	1.601e+06	0	0	1
46	rs1	1:1	2:0.28275	rs2	1:2	2:0.51925	0	1000	0	0.92945	0.390594	4.41165	7.45223e-28	11.5967	1.06007	0.999987	-25.4954	1.55172e+06	5.72844e-28	11.5671	1.05507	0.999976	48.8386	1.59204e+06	0	0	1
47	rs1	1:1	2:0.28075	rs2	1:2	2:0.52175	0	1000	0	0.785181	1.38781	5.09149	1.13213e-42	11.4798	0.838426	0.999991	-24.9076	2.19446e+06	1.25753e-42	11.466	0.837883	0.999982	48.9398	2.22315e+06	0	0	1
48	rs1	1:1	2:0.278	rs2	1:2	2:0.5235	0	1000	0	0.800673	0.876629	3.47212	2.02972e-55	10.4908	0.668998	0.999987	-25.4974	1.55172e+06	2.36738e-55	10.4718	0.668202	0.999975	49.934	1.59806e+06	0	0	1
49	rs1	1:1	2:0.278	rs2	1:2	2:0.52175	0	1000	0	0.78172	0.848448	3.06212	1.55908e-65	9.91276	0.579791	0.999987	-25.7861	1.55172e+06	1.91883e-65	9.89434	0.579124	0.999975	50.5115	1.601e+06	0	0	1
50	rs1	1:1	2:0.28325	rs2	1:2	2:0.524	0	1000	0	0.742956	1.04579	3.18895	3.0431e-53	10.8911	0.709065	0.999984	-25.0929	1.26697e+06	4.47115e-53	10.8657	0.708563	0.99997	49.5401	1.30764e+06	0	0	1
51	rs1	1:1	2:0.2775	rs2	1:2	2:0.52275	0	1000	0	0.90267	0.728799	5.95966	2.27497e-28	11.8474	1.07249	0.999991	-25.2431	2.19446e+06	2.02846e-28	11.8309	1.07	0.999983	48.5749	2.23198e+06	0	0	1
52	rs1	1:1	2:0.28125	rs2	1:2	2:0.51925	0	1000	0	0.817748	0.791996	3.43686	1.11574e-55	10.3864	0.660741	0.999987	-25.6027	1.55172e+06	1.24802e-55	10.3674	0.659834	0.999975	50.0384	1.601e+06	0	0	1
53	rs1	1:1	2:0.28225	rs2	1:2	2:0.521	0	1000	0	0.808632	1.21832	5.03041	2.30871e-39	11.9999	0.914144	0.999987	-24.3978	1.55172e+06	2.85732e-39	11.9831	0.913988	0.999976	48.4227	1.59806e+06	0	0	1
54	rs1	1:1	2:0.28625	rs2	1:2	2:0.5195	0	1000	0	0.829779	0.587971	2.73493	1.16526e-55	10.1201	0.643912	0.999984	-25.8661	1.26697e+06	1.17764e-55	10.0915	0.64212	0.999969	50.3143	1.31364e+06	0	0	1
55	rs1	1:1	2:0.28275	rs2	1:2	2:0.523	0	1000	0	0.699433	1.16185	3.00931	1.42555e-65	10.3853	0.607245	0.999984	-25.0949	1.26697e+06	2.54207e-65	10.3644	0.607221	0.99997	50.0414	1.32017e+06	0	0	1
56	rs1	1:1	2:0.278	rs2	1:2	2:0.52225	0	1000	0	0.991693	0.0404259	3.88291	2.28614e-27	11.4043	1.0523	0.999984	-25.697	1.26697e+06	1.56062e-27	11.3665	1.04545	0.99997	49.0393	1.32017e+06	0	0	1
57	rs1	1:1	2:0.28175	rs2	1:2	2:0.52075	0	1000	0	0.999951	24.026	387971	1.1152e-42	11.4732	0.837879	0.999951	24.026	387971	1.1152e-42	11.4732	0.837879	nan	nan	nan	1	0	1
58	rs1	1:1	2:0.27975	rs2	1:2	2:0.523	0	1000	0	0.716057	1.55948	4.28741	2.35025e-60	10.6054	0.647163	0.999991	-25.0919	2.19446e+06	3.05203e-60	10.5937	0.647079	0.999982	49.8121	2.22849e+06	0	0	1
59	rs1	1:1	2:0.27975	rs2	1:2	2:0.51475	0	1000	0	0.99974	-19.3764	59436.6	0.999519	50.5592	83917.7	0.999984	-25.4954	1.26697e+06	0.999607	34.9104	70907.4	0.999985	25.4954	1.32522e+06	1	0	1
60	rs1	1:1	2:0.28225	rs2	1:2	2:0.5235	0	1000	0	0.957566	0.209829	3.94352	8.22728e-28	11.6013	1.06135	0.999984	-25.4964	1.26697e+06	5.91883e-28	11.564	1.05507	0.99997	48.8418	1.31364e+06	0	0	1
61	rs1	1:1	2:0.28775	rs2	1:2	2:0.52375	0	1000	0	0.895702	0.575793	4.39227	5.79562e-28	12.6964	1.15818	0.99998	-24.3998	981393	6.2198e-28	12.6606	1.15559	0.999963	47.7452	1.03336e+06	0	0	1
62	rs1	1:1	2:0.28075	rs2	1:2	2:0.52375	0	1000	0	0.999741	-19.253	59269.9	0.99952	50.3489	83716.9	0.999984	-25.3776	1.26697e+06	0.999604	35.0282	70649.7	0.999985	25.3776	1.33739e+06	1	0	1
63	rs1	1:1	2:0.278	rs2	1:2	2:0.5195	0	1000	0	0.95358	0.17149	2.94596	9.36648e-56	10.3985	0.661048	0.999979	-25.6058	981393	1.09802e-55	10.3727	0.65983	0.999963	50.0331	1.08285e+06	0	0	1
64	rs1	1:1	2:0.276	rs2	1:2	2:0.5185	0	1000	0	0.886549	0.551362	3.86454	8.0501e-44	10.7967	0.777701	0.999987	-25.6017	1.55172e+06	7.47934e-44	10.776	0.775915	0.999975	49.6298	1.60435e+06	0	0	1
65	rs1	1:1	2:0.27725	rs2	1:2	2:0.519	0	1000	0	0.999952	24.4335	407545	1.13036e-55	10.3715	0.659831	0.999952	24.4335	407545	1.13036e-55	10.3715	0.659831	nan	nan	nan	1	0	1
66	rs1	1:1	2:0.28425	rs2	1:2	2:0.5265	0	1000	0	0.788763	1.04232	3.89046	1.99241e-49	11.3087	0.765172	0.999984	-24.6875	1.26697e+06	2.86074e-49	11.289	0.765098	0.99997	49.1168	1.32688e+06	0	0	1
67	rs1	1:1	2:0.2845	rs2	1:2	2:0.5235	0	1000	0	0.812573	0.697024	2.93968	7.22426e-65	10.1008	0.5939	0.999984	-25.6047	1.26697e+06	1.00095e-64	10.0798	0.593336	0.99997	50.326	1.33091e+06	0	0	1
68	rs1	1:1	2:0.28075	rs2	1:2	2:0.52225	0	1000	0	0.754923	1.16299	3.72569	9.64492e-56	10.1923	0.648012	0.999991	-25.7841	2.19446e+06	9.89461e-56	10.1767	0.647088	0.999982	50.2291	2.22315e+06	0	0	1
69	rs1	1:1	2:0.2875	rs2	1:2	2:0.52125	0	1000	0	0.947147	0.26898	4.05762	4.81594e-28	11.7184	1.06734	0.999984	-25.3786	1.26697e+06	3.62832e-28	11.6829	1.06163	0.99997	48.7229	1.31364e+06	0	0	1
70	rs1	1:1	2:0.27725	rs2	1:2	2:0.52325	0	1000	0	0.785823	0.744947	2.74141	6.90355e-73	9.78041	0.54163	0.999984	-25.7011	1.26697e+06	1.07667e-72	9.76036	0.541256	0.99997	50.6454	1.33313e+06	0	0	1
71	rs1	1:1	2:0.28	rs2	1:2	2:0.52325	0	1000	0	0.745794	0.854494	2.63578	2.84255e-63	10.3185	0.614525	0.999982	-25.3826	1.09723e+06	4.92903e-63	10.2904	0.614053	0.999965	50.1153	1.1483e+06	0	0	1
72	rs1	1:1	2:0.283	rs2	1:2	2:0.51875	0	1000	0	0.853205	0.601463	3.2506	9.16773e-44	10.8967	0.785435	0.999984	-25.4974	1.26697e+06	8.68446e-44	10.8667	0.783052	0.99997	49.5391	1.31043e+06	0	0	1
73	rs1	1:1	2:0.2815	rs2	1:2	2:0.517	0	1000	0	0.847655	0.613447	3.19318	5.90153e-43	10.4477	0.760425	0.999987	-25.9382	1.55172e+06	4.59098e-43	10.4185	0.757295	0.999975	49.9873	1.58583e+06	0	0	1
74	rs1	1:1	2:0.282	rs2	1:2	2:0.5225	0	1000	0	0.731142	0.823557	2.3968	6.14011e-78	9.69129	0.518569	0.999981	-25.6078	1.09723e+06	1.29474e-77	9.66716	0.518384	0.999965	50.7386	1.16184e+06	0	0	1
75	rs1	1:1	2:0.283	rs2	1:2	2:0.5255	0	1000	0	0.746899	1.62715	5.04182	5.12195e-28	12.7022	1.15753	0.999983	-23.3022	1.09723e+06	5.40326e-28	12.6753	1.15558	0.999967	47.7305	1.16184e+06	0	0	1
76	rs1	1:1	2:0.279	rs2	1:2	2:0.52175	0	1000	0	0.972444	0.114082	3.30254	9.4726e-44	11.1653	0.804931	0.999978	-25.2491	895885	1.02353e-43	11.1349	0.803056	0.99996	49.2709	993915	0	0	1
77	rs1	1:1	2:0.28625	rs2	1:2	2:0.5205	0	1000	0	0.780833	0.993792	3.57178	8.72652e-52	11.0821	0.731941	0.999984	-24.9106	1.26697e+06	1.26285e-51	11.0606	0.731697	0.99997	49.3452	1.32017e+06	0	0	1
78	rs1	1:1	2:0.2795	rs2	1:2	2:0.51725	0	1000	0	0.999749	-18.6412	59367.5	0.999533	49.1396	83865.8	0.999991	-25.8611	2.19446e+06	0.99961	34.5447	70723	0.999991	25.8611	2.24084e+06	1	0	1
79	rs1	1:1	2:0.28425	rs2	1:2	2:0.52325	0	1000	0	0.944302	0.281744	4.03276	4.88699e-28	11.7178	1.06741	0.999984	-25.3786	1.26697e+06	3.66859e-28	11.6818	1.06163	0.99997	48.724	1.31252e+06	0	0	1
80	rs1	1:1	2:0.28575	rs2	1:2	2:0.51725	0	1000	0	0.854428	0.454161	2.47537	2.44765e-55	10.4951	0.669782	0.999977	-25.5014	895885	3.34561e-55	10.4572	0.668213	0.999958	49.9486	956361	0	0	1
81	rs1	1:1	2:0.2825	rs2	1:2	2:0.51925	0	1000	0	0.863519	0.765856	4.45532	1.4362e-41	11.7189	0.867663	0.999984	-24.6864	1.26697e+06	1.76242e-41	11.6996	0.867201	0.999971	48.7062	1.33552e+06	0	0	1
82	rs1	1:1	2:0.27575	rs2	1:2	2:0.5155	0	1000	0	0.875977	0.698374	4.47471	2.16152e-43	10.5305	0.762425	0.999991	-25.8631	2.19446e+06	1.92858e-43	10.5157	0.760898	0.999982	49.8901	2.23793e+06	0	0	1
83	rs1	1:1	2:0.27275	rs2	1:2	2:0.51875	0	1000	0	0.999959	24.4242	478922	1.67697e-55	10.4862	0.66819	0.999959	24.4242	478922	1.67697e-55	10.4862	0.66819	nan	nan	nan	1	0	1
84	rs1	1:1	2:0.281	rs2	1:2	2:0.51825	0	1000	0	0.876614	0.533469	3.4359	2.94073e-43	10.5285	0.763508	0.999987	-25.8641	1.55172e+06	2.42807e-43	10.5032	0.760906	0.999975	49.9026	1.59425e+06	0	0	1
85	rs1	1:1	2:0.2825	rs2	1:2	2:0.5225	0	1000	0	0.824333	0.679639	3.06178	2.35979e-54	10.7473	0.692269	0.999982	-25.2481	1.09723e+06	3.31386e-54	10.7211	0.69155	0.999966	49.6847	1.15825e+06	0	0	1
86	rs1	1:1	2:0.28275	rs2	1:2	2:0.5195	0	1000	0	0.999747	-18.8528	59456.7	0.999523	50.2133	83932.4	0.999987	-25.3766	1.55172e+06	0.999606	35.0292	70944.4	0.999987	25.3766	1.59702e+06	1	0	1
87	rs1	1:1	2:0.28125	rs2	1:2	2:0.5215	0	1000	0	0.852515	0.539105	2.8998	2.03204e-55	10.4961	0.669339	0.999981	-25.4994	1.09723e+06	2.54621e-55	10.4687	0.668204	0.999966	49.9371	1.15999e+06	0	0	1
88	rs1	1:1	2:0.2835	rs2	1:2	2:0.521	0	1000	0	0.885109	0.494424	3.42172	7.83397e-44	10.9021	0.785186	0.999984	-25.4974	1.26697e+06	7.46629e-44	10.8751	0.783047	0.99997	49.5307	1.32017e+06	0	0	1
89	rs1	1:1	2:0.2815	rs2	1:2	2:0.519	0	1000	0	0.835595	0.495833	2.3892	1.01705e-65	9.76023	0.57004	0.999981	-25.9422	1.09723e+06	1.27554e-65	9.73083	0.568761	0.999965	50.675	1.1566e+06	0	0	1
90	rs1	1:1	2:0.27475	rs2	1:2	2:0.5195	0	1000	0	0.00117463	4.13226	1.27344	5.27552e-55	10.5974	0.678428	0.00119967	4.13015	1.27515	5.50767e-55	10.5968	0.678509	0.999962	20.2992	430415	0	0	1
91	rs1	1:1	2:0.28375	rs2	1:2	2:0.518	0	1000	0	0.00505823	3.21581	1.14715	5.75399e-55	10.5914	0.678282	0.00529785	3.21084	1.15152	6.51318e-55	10.5896	0.678515	0.999958	21.2227	400695	0	0	1
92	rs1	1:1	2:0.28	rs2	1:2	2:0.51925	0	1000	0	0.00147816	3.8597	1.21415	9.0599e-44	11.1406	0.802963	0.00150122	3.85822	1.2154	9.36317e-44	11.1399	0.803053	0.999965	20.1616	457625	0	0	1
93	rs1	1:1	2:0.27675	rs2	1:2	2:0.5205	0	1000	0	0.968547	0.167776	4.25492	1.86588e-28	12.0123	1.08567	0.999982	-25.0919	1.09723e+06	1.55738e-28	11.979	1.08107	0.999967	48.4268	1.16184e+06	0	0	1
94	rs1	1:1	2:0.2825	rs2	1:2	2:0.52175	0	1000	0	0.976846	0.134138	4.6217	2.44966e-28	11.8586	1.07414	0.999984	-25.2451	1.26697e+06	2.02703e-28	11.831	1.07	0.999971	48.5748	1.33552e+06	0	0	1
95	rs1	1:1	2:0.27975	rs2	1:2	2:0.52075	0	1000	0	0.95978	0.150485	2.98408	9.61142e-44	10.8039	0.778931	0.999979	-25.6047	981393	8.52159e-44	10.7688	0.77592	0.999962	49.637	1.05313e+06	0	0	1
96	rs1	1:1	2:0.28475	rs2	1:2	2:0.5225	0	1000	0	0.994927	-0.0258285	4.06209	4.3543e-28	11.7277	1.0673	0.999982	-25.3796	1.09723e+06	3.28543e-28	11.6923	1.06162	0.999967	48.7135	1.16811e+06	0	0	1
97	rs1	1:1	2:0.28425	rs2	1:2	2:0.5235	0	1000	0	0.822426	0.857618	3.82139	1.11141e-42	11.4865	0.838836	0.999984	-24.9096	1.26697e+06	1.34584e-42	11.4619	0.837885	0.99997	48.9439	1.31364e+06	0	0	1
98	rs1	1:1	2:0.281	rs2	1:2	2:0.5195	0	1000	0	0.999745	-18.9678	59343.6	0.999519	50.553	83788	0.999984	-25.0899	1.26697e+06	0.999602	35.3159	70796.6	0.999985	25.0899	1.32521e+06	1	0	1
99	rs1	1:1	2:0.27875	rs2	1:2	2:0.522	0	1000	0	0.762177	1.03141	3.40824	2.37457e-63	10.3216	0.614325	0.999987	-25.3806	1.55172e+06	3.28786e-63	10.305	0.61404	0.999975	50.1008	1.60262e+06	0	0	1
100	rs1	1:1	2:0.28	rs2	1:2	2:0.51925	0	1000	0	0.000924882	4.82521	1.4567	2.9262e-63	10.3084	0.613991	0.000939732	4.8233	1.45808	3.01772e-63	10.3081	0.614038	0.999962	19.8948	422369	0	0	1
101	rs1	1:1	2:0.28425	rs2	1:2	2:0.51475	0	1000	0	0.827572	0.610438	2.80254	2.26667e-55	10.4928	0.669428	0.999981	-25.4994	1.09723e+06	2.88466e-55	10.4635	0.668208	0.999965	49.9423	1.15214e+06	0	0	1
102	rs1	1:1	2:0.29275	rs2	1:2	2:0.5285	0	1000	0	0.937558	0.291018	3.71484	2.26187e-28	12.4141	1.12373	0.999976	-24.6895	829429	2.14345e-28	12.3667	1.11896	0.999957	48.0391	886708	0	0	1
103	rs1	1:1	2:0.2805	rs2	1:2	2:0.516	0	1000	0	0.936825	0.394327	4.97503	2.44099e-28	11.8526	1.07358	0.999987	-25.2441	1.55172e+06	2.07226e-28	11.8289	1.07	0.999976	48.5769	1.60262e+06	0	0	1
104	rs1	1:1	2:0.28025	rs2	1:2	2:0.51625	0	1000	0	0.954189	0.268783	4.67879	6.62256e-28	11.6017	1.05949	0.999987	-25.4954	1.55172e+06	5.24542e-28	11.5755	1.05506	0.999976	48.8303	1.60262e+06	0	0	1
105	rs1	1:1	2:0.2805	rs2	1:2	2:0.524	0	1000	0	0.794635	0.728551	2.79893	2.3271e-63	10.3246	0.614458	0.999982	-25.3826	1.09723e+06	3.79282e-63	10.2999	0.614045	0.999966	50.1059	1.16184e+06	0	0	1
106	rs1	1:1	2:0.27825	rs2	1:2	2:0.51475	0	1000	0	0.999955	24.0302	422369	3.11867e-43	10.4394	0.75728	0.999955	24.0302	422369	3.11867e-43	10.4394	0.75728	nan	nan	nan	1	0	1
107	rs1	1:1	2:0.2795	rs2	1:2	2:0.518	0	1000	0	0.870691	0.538551	3.30845	5.15361e-43	10.452	0.760194	0.999987	-25.9382	1.55172e+06	4.08313e-43	10.4248	0.75729	0.999975	49.9809	1.59102e+06	0	0	1
108	rs1	1:1	2:0.27925	rs2	1:2	2:0.5215	0	1000	0	0.999762	-17.6789	59166.8	0.99953	49.2058	83575	0.999991	-24.9056	2.19446e+06	0.999598	35.5002	70503.8	0.999991	24.9056	2.23738e+06	1	0	1
109	rs1	1:1	2:0.281	rs2	1:2	2:0.5215	0	1000	0	0.825336	1.09791	4.97498	9.77531e-44	11.1491	0.803889	0.999991	-25.2441	2.19446e+06	1.00785e-43	11.1357	0.803056	0.999982	49.27	2.23074e+06	0	0	1
110	rs1	1:1	2:0.278	rs2	1:2	2:0.51475	0	1000	0	0.971192	0.149794	4.1479	6.00767e-27	11.232	1.04496	0.999987	-25.8631	1.55172e+06	4.19781e-27	11.1994	1.03874	0.999975	49.2064	1.59671e+06	0	0	1
111	rs1	1:1	2:0.27975	rs2	1:2	2:0.51875	0	1000	0	0.801993	0.768757	3.06561	1.08369e-55	10.1173	0.643546	0.999987	-25.8651	1.55172e+06	1.08979e-55	10.0946	0.642118	0.999975	50.3112	1.59204e+06	0	0	1
112	rs1	1:1	2:0.28125	rs2	1:2	2:0.52	0	1000	0	0.921479	0.289552	2.9375	8.89696e-44	10.9058	0.785968	0.999979	-25.4994	981393	8.34783e-44	10.8689	0.783051	0.999962	49.5369	1.04242e+06	0	0	1
113	rs1	1:1	2:0.283	rs2	1:2	2:0.523	0	1000	0	0.938379	0.348109	4.50291	7.13177e-28	11.5986	1.05986	0.999987	-25.4954	1.55172e+06	5.54188e-28	11.5703	1.05506	0.999976	48.8355	1.59545e+06	0	0	1
114	rs1	1:1	2:0.28125	rs2	1:2	2:0.52375	0	1000	0	0.83344	0.802347	3.81541	8.24666e-44	11.014	0.79345	0.999987	-25.3786	1.55172e+06	8.26913e-44	10.9918	0.791866	0.999975	49.414	1.59204e+06	0	0	1
115	rs1	1:1	2:0.28125	rs2	1:2	2:0.5265	0	1000	0	0.670597	1.39647	3.28327	1.83423e-69	10.2022	0.579121	0.999987	-25.0949	1.55172e+06	2.98033e-69	10.1863	0.57912	0.999975	50.2195	1.601e+06	0	0	1
116	rs1	1:1	2:0.2795	rs2	1:2	2:0.51875	0	1000	0	0.771567	1.25501	4.32274	5.21176e-55	10.6063	0.678963	0.999991	-25.3786	2.19446e+06	5.92864e-55	10.5937	0.678512	0.999982	49.8121	2.22958e+06	0	0	1
117	rs1	1:1	2:0.28	rs2	1:2	2:0.52625	0	1000	0	0.827228	0.760532	3.48455	6.24499e-65	10.1029	0.593729	0.999987	-25.6037	1.55172e+06	7.86542e-65	10.0881	0.593329	0.999975	50.3177	1.62073e+06	0	0	1
118	rs1	1:1	2:0.27625	rs2	1:2	2:0.521	0	1000	0	0.955865	0.273564	4.94308	3.76414e-28	11.7211	1.06543	0.999987	-25.3776	1.55172e+06	3.11314e-28	11.6974	1.06162	0.999976	48.7084	1.60818e+06	0	0	1
119	rs1	1:1	2:0.27675	rs2	1:2	2:0.52175	0	1000	0	0.857373	0.775295	4.31394	2.35611e-43	10.5275	0.76255	0.999991	-25.8631	2.19446e+06	2.08249e-43	10.5115	0.760901	0.999982	49.8943	2.23198e+06	0	0	1
120	rs1	1:1	2:0.27875	rs2	1:2	2:0.51875	0	1000	0	0.909972	0.602645	5.32967	1.0719e-27	11.488	1.0533	0.999991	-25.5997	2.19446e+06	8.83441e-28	11.468	1.04978	0.999982	48.9378	2.22849e+06	0	0	1
121	rs1	1:1	2:0.279	rs2	1:2	2:0.51725	0	1000	0	0.999736	-19.6323	59269.4	0.999515	50.9309	83710.6	0.999979	-25.2461	981393	0.999603	35.1597	70686.4	0.999981	25.2461	1.065e+06	1	0	1
122	rs1	1:1	2:0.28125	rs2	1:2	2:0.516	0	1000	0	0.999745	-18.9663	59329	0.999524	49.9835	83792.8	0.999987	-25.4944	1.55172e+06	0.999606	34.9114	70723	0.999987	25.4944	1.60775e+06	1	0	1
123	rs1	1:1	2:0.27525	rs2	1:2	2:0.52075	0	1000	0	0.785494	1.16229	4.27052	1.89525e-55	10.4895	0.668729	0.999991	-25.4964	2.19446e+06	2.09281e-55	10.4769	0.668198	0.999982	49.9289	2.23198e+06	0	0	1
124	rs1	1:1	2:0.281	rs2	1:2	2:0.51825	0	1000	0	0.00432332	3.32171	1.16406	7.06322e-44	10.8757	0.782863	0.00446719	3.31822	1.1671	7.60257e-44	10.8741	0.783047	0.999956	20.7151	376387	0	0	1
125	rs1	1:1	2:0.28325	rs2	1:2	2:0.52175	0	1000	0	0.924085	0.488281	5.12421	1.6907e-28	12.0059	1.08422	0.999987	-25.0899	1.55172e+06	1.49265e-28	11.983	1.08107	0.999976	48.4227	1.601e+06	0	0	1
126	rs1	1:1	2:0.284	rs2	1:2	2:0.52325	0	1000	0	0.714094	1.64628	4.49358	1.12278e-51	11.0689	0.731869	0.999991	-24.9086	2.19446e+06	1.41154e-51	11.0553	0.731701	0.999982	49.3505	2.22044e+06	0	0	1
127	rs1	1:1	2:0.2815	rs2	1:2	2:0.51725	0	1000	0	0.977078	0.112545	3.91698	2.03523e-28	12.0134	1.08653	0.99998	-25.0929	981393	1.64339e-28	11.9738	1.08107	0.999963	48.432	1.04562e+06	0	0	1
128	rs1	1:1	2:0.28	rs2	1:2	2:0.5215	0	1000	0	0.744634	0.877593	2.69429	4.50382e-72	9.87293	0.549916	0.999984	-25.6058	1.26697e+06	7.51525e-72	9.8515	0.549594	0.99997	50.5543	1.32332e+06	0	0	1
129	rs1	1:1	2:0.28275	rs2	1:2	2:0.52125	0	1000	0	0.749367	1.38426	4.33293	2.62568e-54	10.7371	0.691919	0.999991	-25.2451	2.19446e+06	3.0939e-54	10.7241	0.691548	0.999982	49.6817	2.2256e+06	0	0	1
130	rs1	1:1	2:0.27975	rs2	1:2	2:0.52175	0	1000	0	0.999748	-18.7144	59312.1	0.999523	50.0508	83758.6	0.999987	-25.2431	1.55172e+06	0.999603	35.1627	70723	0.999987	25.2431	1.60418e+06	1	0	1
131	rs1	1:1	2:0.281	rs2	1:2	2:0.51775	0	1000	0	0.801062	1.10551	4.3874	1.7681e-55	10.4919	0.668697	0.999991	-25.4964	2.19446e+06	1.94301e-55	10.48	0.668195	0.999982	49.9258	2.23627e+06	0	0	1
132	rs1	1:1	2:0.28375	rs2	1:2	2:0.5165	0	1000	0	0.951179	-0.219676	3.58796	1.41039e-27	11.5088	1.05764	0.999979	-25.6037	981393	9.21656e-28	11.464	1.04979	0.999963	48.9418	1.0553e+06	0	0	1
133	rs1	1:1	2:0.2835	rs2	1:2	2:0.52475	0	1000	0	0.840569	0.913745	4.54226	9.73588e-43	11.4907	0.838548	0.999987	-24.9086	1.55172e+06	1.11392e-42	11.4733	0.837878	0.999976	48.9325	1.60262e+06	0	0	1
134	rs1	1:1	2:0.286	rs2	1:2	2:0.521	0	1000	0	0.858112	0.501619	2.80582	1.21962e-55	10.3898	0.661197	0.999981	-25.6047	1.09723e+06	1.4497e-55	10.3612	0.659839	0.999966	50.0445	1.15825e+06	0	0	1
135	rs1	1:1	2:0.287	rs2	1:2	2:0.521	0	1000	0	0.870816	0.791687	4.86827	1.30274e-27	11.4773	1.05404	0.999991	-25.5997	2.19446e+06	1.03177e-27	11.4533	1.04979	0.999982	48.9525	2.21819e+06	0	0	1
136	rs1	1:1	2:0.2785	rs2	1:2	2:0.5175	0	1000	0	0.999736	-19.6664	59506.2	0.99952	50.5333	84020.4	0.999984	-25.7831	1.26697e+06	0.999611	34.6227	70981.5	0.999985	25.7831	1.32694e+06	1	0	1
137	rs1	1:1	2:0.28225	rs2	1:2	2:0.517	0	1000	0	0.827923	0.585018	2.69139	7.40623e-65	10.1018	0.59401	0.999981	-25.6058	1.09723e+06	1.09532e-64	10.0767	0.593339	0.999966	50.3291	1.16589e+06	0	0	1
138	rs1	1:1	2:0.28125	rs2	1:2	2:0.52075	0	1000	0	0.762239	1.28768	4.25621	5.45111e-55	10.6046	0.67898	0.999991	-25.3786	2.19446e+06	6.22457e-55	10.5916	0.678513	0.999982	49.8142	2.22747e+06	0	0	1
139	rs1	1:1	2:0.28225	rs2	1:2	2:0.51925	0	1000	0	0.785706	0.800379	2.94375	3.19275e-64	10.2046	0.603104	0.999984	-25.4994	1.26697e+06	4.66884e-64	10.1831	0.602628	0.99997	50.2227	1.32504e+06	0	0	1
140	rs1	1:1	2:0.277	rs2	1:2	2:0.51975	0	1000	0	0.999953	23.337	394179	8.64594e-28	11.4701	1.04978	0.999953	23.337	394179	8.64594e-28	11.4701	1.04978	nan	nan	nan	1	0	1
141	rs1	1:1	2:0.279	rs2	1:2	2:0.51925	0	1000	0	0.947713	0.301948	4.60438	6.82262e-28	11.6005	1.05964	0.999987	-25.4954	1.55172e+06	5.3619e-28	11.5734	1.05506	0.999976	48.8324	1.59949e+06	0	0	1
142	rs1	1:1	2:0.2815	rs2	1:2	2:0.52025	0	1000	0	0.983935	0.0948538	4.71079	2.37979e-28	11.8596	1.07398	0.999984	-25.2451	1.26697e+06	1.9836e-28	11.8331	1.07	0.999971	48.5727	1.34085e+06	0	0	1
143	rs1	1:1	2:0.28	rs2	1:2	2:0.51825	0	1000	0	0.811384	0.653902	2.7401	3.09104e-64	10.207	0.603175	0.999981	-25.5004	1.09723e+06	4.805e-64	10.1821	0.602629	0.999966	50.2237	1.1638e+06	0	0	1
144	rs1	1:1	2:0.287	rs2	1:2	2:0.526	0	1000	0	0.750211	1.51966	4.77339	9.45672e-52	11.0767	0.73184	0.999991	-24.9086	2.19446e+06	1.15901e-51	11.0647	0.731695	0.999982	49.3411	2.22747e+06	0	0	1
145	rs1	1:1	2:0.283	rs2	1:2	2:0.52325	0	1000	0	0.921297	0.36058	3.64957	6.6983e-44	10.9071	0.78491	0.999984	-25.4974	1.26697e+06	6.42635e-44	10.8835	0.783041	0.99997	49.5223	1.33552e+06	0	0	1
146	rs1	1:1	2:0.27925	rs2	1:2	2:0.5235	0	1000	0	0.976231	0.116771	3.91928	1.36187e-27	11.4981	1.05635	0.999984	-25.6017	1.26697e+06	9.5352e-28	11.4608	1.04979	0.99997	48.945	1.31735e+06	0	0	1
147	rs1	1:1	2:0.28225	rs2	1:2	2:0.52475	0	1000	0	0.850288	0.739298	3.91679	1.53865e-41	11.7164	0.867806	0.999982	-24.6875	1.09723e+06	2.00735e-41	11.6913	0.867206	0.999967	48.7145	1.15999e+06	0	0	1
148	rs1	1:1	2:0.28275	rs2	1:2	2:0.52025	0	1000	0	0.789313	1.14973	4.30283	8.51283e-44	10.8868	0.78442	0.999991	-25.4954	2.19446e+06	8.21935e-44	10.8698	0.78305	0.999982	49.536	2.22044e+06	0	0	1
149	rs1	1:1	2:0.27725	rs2	1:2	2:0.5225	0	1000	0	0.999965	23.3184	532292	1.25816e-28	11.9995	1.08106	0.999965	23.3184	532292	1.25816e-28	11.9995	1.08106	nan	nan	nan	1	0	1
150	rs1	1:1	2:0.2795	rs2	1:2	2:0.52225	0	1000	0	0.753944	1.4236	4.54182	1.4e-41	11.7203	0.867643	0.999985	-23.9953	1.26697e+06	1.70481e-41	11.7017	0.867199	0.999971	48.7041	1.34085e+06	0	0	1
151	rs1	1:1	2:0.284	rs2	1:2	2:0.52475	0	1000	0	0.810646	0.921057	3.84426	1.21129e-43	11.1446	0.804462	0.999987	-25.2451	1.55172e+06	1.27744e-43	11.1222	0.803065	0.999975	49.2836	1.58824e+06	0	0	1
152	rs1	1:1	2:0.27925	rs2	1:2	2:0.519	0	1000	0	0.931364	0.467805	5.43149	1.70088e-27	11.3959	1.04891	0.999991	-25.695	2.19446e+06	1.39912e-27	11.3769	1.04544	0.999982	49.0289	2.23474e+06	0	0	1
153	rs1	1:1	2:0.27975	rs2	1:2	2:0.5195	0	1000	0	0.979418	-0.09518	3.68939	1.0993e-26	11.1645	1.04411	0.999984	-25.9382	1.26697e+06	6.91197e-27	11.1233	1.03609	0.99997	49.2825	1.3217e+06	0	0	1
154	rs1	1:1	2:0.27975	rs2	1:2	2:0.5235	0	1000	0	0.726693	1.15432	3.30251	5.67703e-58	10.7921	0.672388	0.999984	-24.9116	1.26697e+06	9.28744e-58	10.7709	0.672346	0.99997	49.6349	1.31872e+06	0	0	1
155	rs1	1:1	2:0.2835	rs2	1:2	2:0.519	0	1000	0	0.933328	0.203173	2.4286	9.53965e-56	10.2117	0.649221	0.999977	-25.7891	895885	1.03642e-55	10.1748	0.64709	0.999959	50.231	969655	0	0	1
156	rs1	1:1	2:0.27525	rs2	1:2	2:0.52	0	1000	0	0.999952	24.4335	407545	1.13036e-55	10.3715	0.659831	0.999952	24.4335	407545	1.13036e-55	10.3715	0.659831	nan	nan	nan	1	0	1
157	rs1	1:1	2:0.28375	rs2	1:2	2:0.52225	0	1000	0	0.998571	0.00716129	3.99782	4.49255e-28	11.7268	1.06749	0.999982	-25.3796	1.09723e+06	3.35808e-28	11.6902	1.06162	0.999967	48.7156	1.1638e+06	0	0	1
158	rs1	1:1	2:0.2795	rs2	1:2	2:0.5215	0	1000	0	0.88199	0.568873	3.83216	8.21502e-44	10.796	0.777734	0.999987	-25.6017	1.55172e+06	7.62211e-44	10.7749	0.775916	0.999975	49.6308	1.60262e+06	0	0	1
159	rs1	1:1	2:0.28025	rs2	1:2	2:0.521	0	1000	0	0.793788	1.02533	3.92253	1.96399e-49	11.3094	0.76517	0.999984	-24.6875	1.26697e+06	2.80333e-49	11.29	0.765098	0.99997	49.1158	1.32883e+06	0	0	1
160	rs1	1:1	2:0.2795	rs2	1:2	2:0.51525	0	1000	0	0.782476	1.17426	4.25313	8.85141e-44	10.8851	0.784456	0.999991	-25.4954	2.19446e+06	8.5372e-44	10.8677	0.783052	0.999982	49.5381	2.21926e+06	0	0	1
161	rs1	1:1	2:0.28075	rs2	1:2	2:0.523	0	1000	0	0.915866	0.323688	3.06399	1.01309e-43	10.7989	0.778782	0.999981	-25.6037	1.09723e+06	9.02806e-44	10.7656	0.775922	0.999966	49.6402	1.15503e+06	0	0	1
162	rs1	1:1	2:0.281	rs2	1:2	2:0.52	0	1000	0	0.964577	0.16969	3.82089	1.45109e-27	11.4959	1.05671	0.999984	-25.6017	1.26697e+06	9.9675e-28	11.4566	1.04979	0.99997	48.9492	1.31252e+06	0	0	1
163	rs1	1:1	2:0.28225	rs2	1:2	2:0.52425	0	1000	0	0.999735	-19.7707	59414	0.999514	51.0983	83884.6	0.999979	-25.3796	981393	0.999606	35.0262	70907.4	0.999981	25.3796	1.05348e+06	1	0	1
164	rs1	1:1	2:0.28125	rs2	1:2	2:0.5195	0	1000	0	0.963105	0.170902	3.69462	5.39691e-28	11.7208	1.06855	0.999982	-25.3796	1.09723e+06	3.8326e-28	11.6777	1.06163	0.999966	48.7281	1.14603e+06	0	0	1
165	rs1	1:1	2:0.27975	rs2	1:2	2:0.5215	0	1000	0	0.837052	0.872193	4.24082	2.2456e-43	11.3058	0.818723	0.999987	-25.0909	1.55172e+06	2.4678e-43	11.2868	0.817748	0.999976	49.119	1.59806e+06	0	0	1
166	rs1	1:1	2:0.28	rs2	1:2	2:0.52475	0	1000	0	0.687982	1.64976	4.10802	2.69878e-60	10.6002	0.647178	0.999991	-25.0919	2.19446e+06	3.58487e-60	10.5874	0.647084	0.999982	49.8183	2.22315e+06	0	0	1
167	rs1	1:1	2:0.2815	rs2	1:2	2:0.522	0	1000	0	0.813278	1.14748	4.8581	1.03116e-43	11.1466	0.803934	0.999991	-25.2441	2.19446e+06	1.06445e-43	11.1326	0.803058	0.999982	49.2732	2.22747e+06	0	0	1
168	rs1	1:1	2:0.2885	rs2	1:2	2:0.526	0	1000	0	0.683655	1.20352	2.95357	2.75062e-60	10.6007	0.647255	0.999984	-25.0939	1.26697e+06	4.81394e-60	10.576	0.647093	0.99997	49.8298	1.30679e+06	0	0	1
169	rs1	1:1	2:0.2775	rs2	1:2	2:0.5225	0	1000	0	0.998765	0.00712844	4.60577	3.78806e-28	11.7269	1.066	0.999984	-25.3786	1.26697e+06	3.04508e-28	11.6995	1.06162	0.999971	48.7063	1.34384e+06	0	0	1
170	rs1	1:1	2:0.2785	rs2	1:2	2:0.52425	0	1000	0	0.796659	1.16348	4.51533	4.66312e-55	10.6104	0.678918	0.999991	-25.3786	2.19446e+06	5.25103e-55	10.5989	0.678508	0.999982	49.8069	2.23627e+06	0	0	1
171	rs1	1:1	2:0.2805	rs2	1:2	2:0.518	0	1000	0	0.869535	0.396878	2.41632	1.53767e-65	9.91999	0.580187	0.999979	-25.7891	981393	2.16826e-65	9.89027	0.579127	0.999962	50.5155	1.0553e+06	0	0	1
172	rs1	1:1	2:0.28125	rs2	1:2	2:0.5265	0	1000	0	0.791426	0.85596	3.23664	3.62126e-62	10.46	0.628631	0.999984	-25.2481	1.26697e+06	5.48473e-62	10.4407	0.628411	0.99997	49.9651	1.33313e+06	0	0	1
173	rs1	1:1	2:0.283	rs2	1:2	2:0.51825	0	1000	0	0.95403	0.11408	1.97894	1.83304e-74	9.34836	0.512053	0.999975	-26.1404	829429	2.73801e-74	9.31369	0.510768	0.999956	51.0921	924145	0	0	1
174	rs1	1:1	2:0.2815	rs2	1:2	2:0.5215	0	1000	0	0.999759	-17.8666	59265.6	0.999517	50.6061	83668.2	0.999985	-23.9913	1.26697e+06	0.999589	36.4145	70723	0.999986	23.9913	1.32206e+06	1	0	1
175	rs1	1:1	2:0.285	rs2	1:2	2:0.52	0	1000	0	0.99974	-19.4914	59723.2	0.999518	50.8627	84251.3	0.999984	-25.6007	1.26697e+06	0.999611	34.8051	71355.7	0.999984	25.6007	1.3114e+06	1	0	1
176	rs1	1:1	2:0.28125	rs2	1:2	2:0.52275	0	1000	0	0.912147	0.379193	3.43689	8.67059e-44	10.7992	0.778178	0.999984	-25.6027	1.26697e+06	7.91054e-44	10.7729	0.775917	0.99997	49.6329	1.32688e+06	0	0	1
177	rs1	1:1	2:0.2785	rs2	1:2	2:0.5155	0	1000	0	0.872768	0.451118	2.81697	1.22087e-55	10.0502	0.639588	0.999984	-25.9402	1.26697e+06	1.18482e-55	10.0237	0.637822	0.99997	50.3821	1.32332e+06	0	0	1
178	rs1	1:1	2:0.2805	rs2	1:2	2:0.52025	0	1000	0	0.74712	1.00163	3.10643	8.74563e-65	10.0933	0.593855	0.999987	-25.6037	1.55172e+06	1.16672e-64	10.0746	0.593341	0.999975	50.3312	1.59545e+06	0	0	1
179	rs1	1:1	2:0.286	rs2	1:2	2:0.5255	0	1000	0	0.971402	-0.147593	4.1169	1.47662e-28	12.2032	1.10084	0.999976	-24.9126	829429	1.29636e-28	12.1665	1.09638	0.999959	48.2392	934456	0	0	1
180	rs1	1:1	2:0.2805	rs2	1:2	2:0.51975	0	1000	0	0.867095	0.836327	4.99747	5.89293e-44	10.9022	0.784036	0.999991	-25.4954	2.19446e+06	5.7527e-44	10.8896	0.783037	0.999982	49.5162	2.24167e+06	0	0	1
181	rs1	1:1	2:0.2825	rs2	1:2	2:0.52025	0	1000	0	0.959386	-0.162661	3.1942	1.80534e-27	11.5086	1.05981	0.999977	-25.6047	895885	1.05206e-27	11.4514	1.04979	0.999959	48.9543	956361	0	0	1
182	rs1	1:1	2:0.28125	rs2	1:2	2:0.523	0	1000	0	0.678862	1.14604	2.76809	5.99555e-79	9.58926	0.509735	0.999987	-25.7011	1.55172e+06	9.99203e-79	9.57178	0.50954	0.999975	50.834	1.59671e+06	0	0	1
183	rs1	1:1	2:0.27925	rs2	1:2	2:0.51925	0	1000	0	0.753751	1.36907	4.36431	2.56979e-54	10.738	0.691913	0.999991	-25.2451	2.19446e+06	3.02124e-54	10.7251	0.691547	0.999982	49.6807	2.22651e+06	0	0	1
184	rs1	1:1	2:0.2795	rs2	1:2	2:0.52225	0	1000	0	0.896369	0.386238	2.96537	1.04003e-55	10.394	0.661041	0.999981	-25.6047	1.09723e+06	1.21489e-55	10.3685	0.659833	0.999966	50.0372	1.173e+06	0	0	1
185	rs1	1:1	2:0.28025	rs2	1:2	2:0.52125	0	1000	0	0.759071	1.48704	4.84853	9.10916e-52	11.0784	0.731833	0.999991	-24.9086	2.19446e+06	1.10959e-51	11.0668	0.731693	0.999982	49.339	2.22958e+06	0	0	1
186	rs1	1:1	2:0.27775	rs2	1:2	2:0.52075	0	1000	0	0.779894	0.816392	2.92135	3.27042e-64	10.2039	0.603113	0.999984	-25.4994	1.26697e+06	4.80997e-64	10.1821	0.602629	0.99997	50.2237	1.32332e+06	0	0	1
187	rs1	1:1	2:0.283	rs2	1:2	2:0.523	0	1000	0	0.999741	-19.2984	59345	0.999513	51.1224	83782.7	0.99998	-24.9096	981393	0.9996	35.4962	70833.5	0.999981	24.9096	1.05156e+06	1	0	1
188	rs1	1:1	2:0.281	rs2	1:2	2:0.5235	0	1000	0	0.835084	1.00761	4.83999	1.50823e-41	11.7149	0.867596	0.999987	-24.6854	1.55172e+06	1.79217e-41	11.6985	0.867201	0.999976	48.7073	1.60435e+06	0	0	1
189	rs1	1:1	2:0.27775	rs2	1:2	2:0.51675	0	1000	0	0.717638	1.3092	3.62042	3.47812e-65	9.99271	0.586073	0.999991	-25.698	2.19446e+06	4.1372e-65	9.97922	0.58563	0.999982	50.4266	2.2256e+06	0	0	1
190	rs1	1:1	2:0.2765	rs2	1:2	2:0.5255	0	1000	0	1	-6.42828e-11	377687	0.999604	35.1647	70907.4	1	-6.42828e-11	377687	0.999604	35.1647	70907.4	nan	nan	nan	1	0	1
191	rs1	1:1	2:0.2805	rs2	1:2	2:0.5175	0	1000	0	0.999745	-18.9671	59321	0.999519	50.521	83762.1	0.999984	-25.0899	1.26697e+06	0.999602	35.3159	70759.8	0.999985	25.0899	1.32693e+06	1	0	1
192	rs1	1:1	2:0.28125	rs2	1:2	2:0.52325	0	1000	0	0.925113	0.339802	3.61508	9.44053e-44	11.1612	0.804618	0.999982	-25.2471	1.09723e+06	1.00613e-43	11.1358	0.803056	0.999967	49.2699	1.17572e+06	0	0	1
193	rs1	1:1	2:0.28525	rs2	1:2	2:0.521	0	1000	0	0.838225	0.601109	2.94423	9.48593e-56	10.2913	0.654263	0.999984	-25.6991	1.26697e+06	1.04899e-55	10.2659	0.652914	0.99997	50.1399	1.32017e+06	0	0	1
194	rs1	1:1	2:0.28475	rs2	1:2	2:0.51875	0	1000	0	0.737637	1.02294	3.05369	5.47477e-58	10.7937	0.672394	0.999982	-24.9126	1.09723e+06	9.76036e-58	10.7688	0.672348	0.999966	49.637	1.15503e+06	0	0	1
195	rs1	1:1	2:0.2815	rs2	1:2	2:0.5185	0	1000	0	0.806529	1.12692	4.60142	7.82885e-44	11.0101	0.792959	0.999991	-25.3776	2.19446e+06	7.82595e-44	10.9949	0.791864	0.999982	49.4109	2.22474e+06	0	0	1
196	rs1	1:1	2:0.2805	rs2	1:2	2:0.5195	0	1000	0	0.999755	-18.2769	59468.6	0.99953	49.4921	83953.7	0.999991	-25.4934	2.19446e+06	0.999607	34.9124	70944.4	0.999991	25.4934	2.22764e+06	1	0	1
197	rs1	1:1	2:0.2835	rs2	1:2	2:0.51975	0	1000	0	0.00195963	3.91078	1.26306	9.13742e-44	10.7634	0.775811	0.0020111	3.90802	1.26531	9.57651e-44	10.7624	0.775925	0.999953	20.1337	342754	0	0	1
198	rs1	1:1	2:0.28375	rs2	1:2	2:0.52125	0	1000	0	0.999954	23.3277	400695	1.26606e-26	13.0888	1.22557	0.999954	23.3277	400695	1.26606e-26	13.0888	1.22557	nan	nan	nan	1	0	1
199	rs1	1:1	2:0.27925	rs2	1:2	2:0.5215	0	1000	0	0.99995	24.9454	400695	6.12445e-72	9.85765	0.549588	0.99995	24.9454	400695	6.12445e-72	9.85765	0.549588	nan	nan	nan	1	0	1
200	rs1	1:1	2:0.284	rs2	1:2	2:0.52275	0	1000	0	0.670495	1.07467	2.52586	2.00204e-72	10.0469	0.558208	0.999982	-25.2511	1.09723e+06	4.47658e-72	10.0217	0.558194	0.999965	50.384	1.15355e+06	0	0	1
201	rs1	1:1	2:0.2845	rs2	1:2	2:0.517	0	1000	0	0.928023	-0.279508	3.09421	5.38095e-27	11.3294	1.05302	0.999977	-25.7871	895885	2.86834e-27	11.2691	1.04182	0.999959	49.1367	959214	0	0	1
202	rs1	1:1	2:0.28275	rs2	1:2	2:0.52225	0	1000	0	0.999952	24.715	414758	7.0593e-58	10.7822	0.672338	0.999952	24.715	414758	7.0593e-58	10.7822	0.672338	nan	nan	nan	1	0	1
203	rs1	1:1	2:0.281	rs2	1:2	2:0.524	0	1000	0	0.974944	0.135731	4.32151	1.81567e-28	12.0133	1.08552	0.999982	-25.0919	1.09723e+06	1.52411e-28	11.981	1.08107	0.999967	48.4248	1.16589e+06	0	0	1
204	rs1	1:1	2:0.2845	rs2	1:2	2:0.52325	0	1000	0	0.71652	1.12019	3.08496	4.75961e-71	9.97687	0.559802	0.999987	-25.4994	1.55172e+06	7.3099e-71	9.95996	0.559608	0.999975	50.4458	1.59949e+06	0	0	1
205	rs1	1:1	2:0.278	rs2	1:2	2:0.51775	0	1000	0	0.991705	0.0422351	4.06254	1.25651e-27	11.5007	1.05587	0.999984	-25.6017	1.26697e+06	9.02329e-28	11.466	1.04978	0.999971	48.9398	1.32504e+06	0	0	1
206	rs1	1:1	2:0.28325	rs2	1:2	2:0.52125	0	1000	0	0.999743	-19.0729	59306.4	0.999516	50.8383	83738	0.999982	-24.9086	1.09723e+06	0.9996	35.4972	70759.8	0.999983	24.9086	1.16399e+06	1	0	1
207	rs1	1:1	2:0.2825	rs2	1:2	2:0.517	0	1000	0	0.96834	0.14647	3.6903	2.60578e-27	11.4001	1.05307	0.999984	-25.697	1.26697e+06	1.70545e-27	11.3581	1.04545	0.99997	49.0477	1.31043e+06	0	0	1
208	rs1	1:1	2:0.28725	rs2	1:2	2:0.51925	0	1000	0	0.995393	0.0229112	3.96752	4.5629e-28	11.7264	1.06759	0.999982	-25.3796	1.09723e+06	3.39511e-28	11.6892	1.06163	0.999967	48.7166	1.16184e+06	0	0	1
209	rs1	1:1	2:0.2835	rs2	1:2	2:0.51725	0	1000	0	0.999749	-18.7198	59471.6	0.999522	50.2693	83941.8	0.999987	-25.2431	1.55172e+06	0.999605	35.1627	70981.5	0.999987	25.2431	1.59469e+06	1	0	1
210	rs1	1:1	2:0.286	rs2	1:2	2:0.52275	0	1000	0	0.745062	1.39904	4.30265	2.68295e-54	10.7363	0.691926	0.999991	-25.2451	2.19446e+06	3.16843e-54	10.723	0.691549	0.999982	49.6828	2.22474e+06	0	0	1
211	rs1	1:1	2:0.2845	rs2	1:2	2:0.52525	0	1000	0	0.658068	1.4317	3.23487	3.1176e-60	10.5955	0.647237	0.999987	-25.0929	1.55172e+06	4.95297e-60	10.5749	0.647094	0.999975	49.8309	1.58308e+06	0	0	1
212	rs1	1:1	2:0.28075	rs2	1:2	2:0.51925	0	1000	0	0.999748	-18.7129	59267.3	0.999524	49.9793	83706.4	0.999987	-25.2431	1.55172e+06	0.999603	35.1627	70649.7	0.999987	25.2431	1.60775e+06	1	0	1
213	rs1	1:1	2:0.2845	rs2	1:2	2:0.5155	0	1000	0	0.984566	0.0857637	4.43329	4.02763e-28	11.725	1.06637	0.999984	-25.3786	1.26697e+06	3.18065e-28	11.6954	1.06162	0.999971	48.7104	1.33313e+06	0	0	1
214	rs1	1:1	2:0.2845	rs2	1:2	2:0.5195	0	1000	0	0.901105	0.356882	2.87194	8.27396e-56	10.2978	0.654319	0.999981	-25.7001	1.09723e+06	9.22136e-56	10.2712	0.65291	0.999966	50.1346	1.17047e+06	0	0	1
215	rs1	1:1	2:0.2785	rs2	1:2	2:0.52525	0	1000	0	0.792945	0.72608	2.76614	6.71581e-73	9.78109	0.541622	0.999984	-25.7011	1.26697e+06	1.03926e-72	9.7614	0.541255	0.99997	50.6444	1.33552e+06	0	0	1
216	rs1	1:1	2:0.2825	rs2	1:2	2:0.5235	0	1000	0	0.780534	1.11048	3.9856	1.50114e-43	10.681	0.771855	0.999991	-25.696	2.19446e+06	1.35395e-43	10.6617	0.770048	0.999982	49.7441	2.21769e+06	0	0	1
217	rs1	1:1	2:0.2845	rs2	1:2	2:0.52525	0	1000	0	0.747118	1.17828	3.65425	2.84606e-53	10.8923	0.708942	0.999987	-25.0919	1.55172e+06	3.80688e-53	10.873	0.708557	0.999975	49.5328	1.59005e+06	0	0	1
218	rs1	1:1	2:0.2815	rs2	1:2	2:0.51825	0	1000	0	0.999949	23.3401	365782	3.36391e-28	11.6901	1.06162	0.999949	23.3401	365782	3.36391e-28	11.6901	1.06162	nan	nan	nan	1	0	1
219	rs1	1:1	2:0.2815	rs2	1:2	2:0.521	0	1000	0	1	-1.98401e-10	406894	0.999605	35.0312	70759.8	1	-1.98401e-10	406894	0.999605	35.0312	70759.8	nan	nan	nan	1	0	1
220	rs1	1:1	2:0.279	rs2	1:2	2:0.52025	0	1000	0	0.976109	-0.120249	4.01528	7.19249e-28	11.6114	1.0611	0.999981	-25.4974	1.09723e+06	5.24152e-28	11.5756	1.05506	0.999967	48.8302	1.173e+06	0	0	1
221	rs1	1:1	2:0.28225	rs2	1:2	2:0.5195	0	1000	0	0.999948	23.3433	360806	9.23765e-28	11.4638	1.04979	0.999948	23.3433	360806	9.23765e-28	11.4638	1.04979	nan	nan	nan	1	0	1
222	rs1	1:1	2:0.2835	rs2	1:2	2:0.52	0	1000	0	0.9916	-0.0446038	4.2366	1.15733e-27	11.503	1.05536	0.999984	-25.6017	1.26697e+06	8.54109e-28	11.4712	1.04978	0.999971	48.9346	1.33552e+06	0	0	1
223	rs1	1:1	2:0.28225	rs2	1:2	2:0.521	0	1000	0	0.784398	1.0678	3.90288	2.21408e-43	10.5935	0.767084	0.999991	-25.7831	2.19446e+06	1.93886e-43	10.5736	0.765114	0.999982	49.8321	2.21769e+06	0	0	1
224	rs1	1:1	2:0.2765	rs2	1:2	2:0.5235	0	1000	0	0.776092	1.28858	4.53062	3.56966e-62	10.4587	0.628523	0.999991	-25.2461	2.19446e+06	4.3977e-62	10.4489	0.628404	0.999982	49.9569	2.24379e+06	0	0	1
225	rs1	1:1	2:0.2785	rs2	1:2	2:0.521	0	1000	0	0.717269	1.05054	2.90115	4.01909e-65	9.9919	0.586316	0.999987	-25.6991	1.55172e+06	5.30154e-65	9.97085	0.585637	0.999975	50.4349	1.58824e+06	0	0	1
226	rs1	1:1	2:0.27975	rs2	1:2	2:0.52125	0	1000	0	0.00201304	3.72709	1.20684	3.50167e-28	11.685	1.06151	0.00204165	3.72569	1.20803	3.58849e-28	11.6839	1.06163	0.999956	19.6176	356026	0	0	1
227	rs1	1:1	2:0.27925	rs2	1:2	2:0.521	0	1000	0	0.999958	23.3277	438939	1.92209e-28	11.8361	1.07	0.999958	23.3277	438939	1.92209e-28	11.8361	1.07	nan	nan	nan	1	0	1
228	rs1	1:1	2:0.2815	rs2	1:2	2:0.52175	0	1000	0	0.994938	0.0259781	4.09453	1.23621e-27	11.5012	1.05577	0.999984	-25.6017	1.26697e+06	8.92458e-28	11.4671	1.04978	0.999971	48.9387	1.32688e+06	0	0	1
229	rs1	1:1	2:0.28125	rs2	1:2	2:0.5205	0	1000	0	0.8057	0.860618	3.49878	1.98427e-55	10.4915	0.668984	0.999987	-25.4974	1.55172e+06	2.30922e-55	10.4728	0.668201	0.999975	49.933	1.59949e+06	0	0	1
230	rs1	1:1	2:0.2805	rs2	1:2	2:0.52175	0	1000	0	0.862229	0.696628	4.01427	7.2385e-44	11.0191	0.793285	0.999987	-25.3786	1.55172e+06	7.26083e-44	10.9991	0.791861	0.999975	49.4067	1.601e+06	0	0	1
231	rs1	1:1	2:0.27475	rs2	1:2	2:0.52225	0	1000	0	0.769454	0.938246	3.20124	7.86929e-65	10.0964	0.593819	0.999987	-25.6037	1.55172e+06	1.03288e-64	10.0787	0.593337	0.999975	50.327	1.601e+06	0	0	1
232	rs1	1:1	2:0.2845	rs2	1:2	2:0.52075	0	1000	0	0.833894	0.766347	3.65431	2.50253e-43	11.3042	0.81907	0.999984	-25.0919	1.26697e+06	2.84509e-43	11.2785	0.817753	0.99997	49.1273	1.31364e+06	0	0	1
233	rs1	1:1	2:0.27775	rs2	1:2	2:0.52225	0	1000	0	0.910655	0.496257	4.42248	6.01844e-44	11.0259	0.793018	0.999987	-25.3786	1.55172e+06	6.03899e-44	11.0095	0.791855	0.999976	49.3963	1.62394e+06	0	0	1
234	rs1	1:1	2:0.285	rs2	1:2	2:0.52325	0	1000	0	0.811803	0.682445	2.86621	5.84661e-55	10.6102	0.679529	0.999982	-25.3816	1.09723e+06	7.92588e-55	10.5812	0.678521	0.999965	49.8245	1.1508e+06	0	0	1
235	rs1	1:1	2:0.285	rs2	1:2	2:0.52675	0	1000	0	0.797183	1.11378	4.33387	2.41495e-39	11.9975	0.914201	0.999985	-24.3988	1.26697e+06	3.22318e-39	11.9748	0.913993	0.999971	48.431	1.31364e+06	0	0	1
236	rs1	1:1	2:0.272	rs2	1:2	2:0.5215	0	1000	0	0.990758	0.054536	4.70822	1.77177e-27	11.4044	1.05005	0.999987	-25.696	1.55172e+06	1.36829e-27	11.379	1.04544	0.999976	49.0268	1.61509e+06	0	0	1
237	rs1	1:1	2:0.281	rs2	1:2	2:0.5215	0	1000	0	0.68911	1.39224	3.48005	9.19059e-73	9.76965	0.541508	0.999991	-25.6991	2.19446e+06	1.20055e-72	9.75716	0.541259	0.999982	50.6486	2.22747e+06	0	0	1
238	rs1	1:1	2:0.28375	rs2	1:2	2:0.5215	0	1000	0	0.967225	0.162603	3.95733	2.99404e-28	11.8565	1.07572	0.999982	-25.2461	1.09723e+06	2.30935e-28	11.8185	1.07	0.999966	48.5872	1.15355e+06	0	0	1
239	rs1	1:1	2:0.28	rs2	1:2	2:0.5165	0	1000	0	0.999751	-18.5639	59448.5	0.999531	49.333	83952.9	0.999991	-25.781	2.19446e+06	0.99961	34.6247	70870.4	0.999991	25.781	2.23311e+06	1	0	1
240	rs1	1:1	2:0.2895	rs2	1:2	2:0.52525	0	1000	0	0.854461	0.723845	3.94619	1.51967e-41	11.7171	0.867796	0.999982	-24.6875	1.09723e+06	1.97474e-41	11.6923	0.867205	0.999967	48.7134	1.16184e+06	0	0	1
241	rs1	1:1	2:0.28175	rs2	1:2	2:0.51775	0	1000	0	0.739938	1.09667	3.30388	2.61233e-63	10.3186	0.614349	0.999987	-25.3806	1.55172e+06	3.69189e-63	10.3008	0.614044	0.999975	50.1049	1.59671e+06	0	0	1
242	rs1	1:1	2:0.27825	rs2	1:2	2:0.52325	0	1000	0	0.963286	0.201834	4.38486	2.0147e-27	11.4001	1.05079	0.999987	-25.696	1.55172e+06	1.49389e-27	11.3707	1.04545	0.999976	49.0351	1.59949e+06	0	0	1
243	rs1	1:1	2:0.2845	rs2	1:2	2:0.51875	0	1000	0	0.8126	0.653147	2.75505	1.08818e-55	10.1991	0.648759	0.999984	-25.7861	1.26697e+06	1.15406e-55	10.1705	0.647093	0.999969	50.2353	1.31145e+06	0	0	1
244	rs1	1:1	2:0.28075	rs2	1:2	2:0.52125	0	1000	0	0.959833	0.134698	2.67451	1.75738e-55	10.5052	0.669527	0.999975	-25.5024	829429	2.3002e-55	10.473	0.6682	0.999957	49.9328	930778	0	0	1
245	rs1	1:1	2:0.288	rs2	1:2	2:0.52275	0	1000	0	0.942001	0.329696	4.53158	1.82711e-28	12.0082	1.08511	0.999984	-25.0909	1.26697e+06	1.55797e-28	11.9789	1.08107	0.999971	48.4269	1.3217e+06	0	0	1
246	rs1	1:1	2:0.283	rs2	1:2	2:0.52075	0	1000	0	0.822426	0.857618	3.82139	1.11141e-42	11.4865	0.838836	0.999984	-24.9096	1.26697e+06	1.34584e-42	11.4619	0.837885	0.99997	48.9439	1.31364e+06	0	0	1
247	rs1	1:1	2:0.287	rs2	1:2	2:0.522	0	1000	0	0.739043	0.843799	2.53301	4.71336e-62	10.4527	0.628791	0.999979	-25.2501	981393	9.33498e-62	10.4209	0.628427	0.999961	49.9849	1.03449e+06	0	0	1
248	rs1	1:1	2:0.2825	rs2	1:2	2:0.52225	0	1000	0	0.839406	0.956178	4.71829	6.61557e-44	10.8975	0.784168	0.999991	-25.4954	2.19446e+06	6.43434e-44	10.8834	0.783041	0.999982	49.5224	2.23198e+06	0	0	1
249	rs1	1:1	2:0.28575	rs2	1:2	2:0.521	0	1000	0	0.767489	1.32173	4.47043	1.30307e-43	11.1356	0.804112	0.999991	-25.2441	2.19446e+06	1.35123e-43	11.119	0.803067	0.999982	49.2868	2.21819e+06	0	0	1
250	rs1	1:1	2:0.2835	rs2	1:2	2:0.52225	0	1000	0	0.829516	0.750586	3.48587	7.66576e-52	11.0884	0.731944	0.999982	-24.9116	1.09723e+06	1.13176e-51	11.0658	0.731694	0.999966	49.3399	1.17047e+06	0	0	1
251	rs1	1:1	2:0.286	rs2	1:2	2:0.52375	0	1000	0	0.918154	0.518095	5.04186	1.79197e-28	12.4128	1.12149	0.999984	-24.6854	1.26697e+06	1.74072e-28	12.3875	1.11895	0.999971	48.0183	1.32332e+06	0	0	1
252	rs1	1:1	2:0.284	rs2	1:2	2:0.52425	0	1000	0	0.866251	0.872822	5.18232	1.98869e-28	12.4009	1.12137	0.999987	-24.6844	1.55172e+06	1.93355e-28	12.377	1.11895	0.999976	48.0288	1.5866e+06	0	0	1
253	rs1	1:1	2:0.285	rs2	1:2	2:0.51175	0	1000	0	0.999945	24.0427	347012	2.52888e-43	10.501	0.760908	0.999945	24.0427	347012	2.52888e-43	10.501	0.760908	nan	nan	nan	1	0	1
254	rs1	1:1	2:0.27775	rs2	1:2	2:0.52425	0	1000	0	0.875376	0.505433	3.22274	5.80913e-65	10.1065	0.593791	0.999984	-25.6047	1.26697e+06	7.62629e-65	10.0891	0.593328	0.99997	50.3166	1.3587e+06	0	0	1
255	rs1	1:1	2:0.289	rs2	1:2	2:0.51875	0	1000	0	0.807814	0.566675	2.32962	1.53079e-55	10.2848	0.655116	0.999979	-25.7011	981393	1.8024e-55	10.2438	0.652932	0.999961	50.162	1.02583e+06	0	0	1
256	rs1	1:1	2:0.2785	rs2	1:2	2:0.51125	0	1000	0	0.00571911	3.4427	1.24579	2.20898e-55	9.88629	0.630666	0.00598282	3.43701	1.2504	2.40273e-55	9.88484	0.630789	0.999954	21.0112	365782	0	0	1
257	rs1	1:1	2:0.281	rs2	1:2	2:0.523	0	1000	0	0.804129	0.817634	3.29682	3.47659e-62	10.4613	0.628621	0.999984	-25.2481	1.26697e+06	5.18757e-62	10.4427	0.628409	0.99997	49.9631	1.33809e+06	0	0	1
258	rs1	1:1	2:0.278	rs2	1:2	2:0.519	0	1000	0	0.999946	24.0375	356026	8.55534e-44	10.7686	0.77592	0.999946	24.0375	356026	8.55534e-44	10.7686	0.77592	nan	nan	nan	1	0	1
259	rs1	1:1	2:0.2775	rs2	1:2	2:0.516	0	1000	0	0.999953	23.3401	394179	3.97646e-27	11.2046	1.03873	0.999953	23.3401	394179	3.97646e-27	11.2046	1.03873	nan	nan	nan	1	0	1
260	rs1	1:1	2:0.27675	rs2	1:2	2:0.51875	0	1000	0	0.786118	0.922002	3.39777	2.17325e-55	10.4885	0.669038	0.999987	-25.4974	1.55172e+06	2.55112e-55	10.4686	0.668204	0.999975	49.9372	1.59425e+06	0	0	1
261	rs1	1:1	2:0.284	rs2	1:2	2:0.521	0	1000	0	0.814073	0.867868	3.69031	4.82423e-55	10.6121	0.679117	0.999987	-25.3796	1.55172e+06	5.78152e-55	10.5947	0.678511	0.999975	49.811	1.60435e+06	0	0	1
262	rs1	1:1	2:0.28375	rs2	1:2	2:0.5215	0	1000	0	0.999737	-19.5422	59285.4	0.999517	50.6739	83735.6	0.999982	-25.3786	1.09723e+06	0.999605	35.0272	70686.4	0.999983	25.3786	1.17513e+06	1	0	1
