Outcome	Var1_ID	Var1_Pos	Var1_MAF	Var2_ID	Var2_Pos	Var2_MAF	Num_Missing	Num_Cases	Converged	Red_Var1_Pval	Red_Var1_beta	Red_Var1_SE	Red_Var2_Pval	Red_Var2_beta	Red_Var2_SE	Full_Var1_Pval	Full_Var1_beta	Full_Var1_SE	Full_Var2_Pval	Full_Var2_beta	Full_Var2_SE	Full_Var1_Var2_Pval	Full_Var1_Var2_beta	Full_Var1_Var2_SE	Red_Model_Pval	Full_Model_Pval	Overall_Pval_(LRT)
1	rs1	1:1	2:0.2785	rs2	1:2	2:0.51925	0	1000	0	0.323156	1.28779	0.856767	1.63603e-24	9.6285	0.919969	1	-26.8427	243915	0.998971	-0.406519	8.95656	1	39.4031	243915	0	0	1
2	rs1	1:1	2:0.27975	rs2	1:2	2:0.522	0	1000	0	0.00103519	12.0234	3.2429	1.03744e-34	8.36584	0.668728	0.986765	0.862469	5.28355	0.756755	1.15634	1.54879	1	163.218	265204	0	0	1
3	rs1	1:1	2:0.283	rs2	1:2	2:0.52175	0	1000	0	0.135057	1.49905	0.749137	1.2568e-28	9.27717	0.818436	1	-25.9725	137286	0.753354	1.23015	1.63449	1	61.1459	153804	0	0	1
4	rs1	1:1	2:0.284	rs2	1:2	2:0.52775	0	1000	1	0.0666154	2.20795	0.948601	5.13884e-17	10.8318	1.25063	0.670393	1.01655	1.1367	0.869757	2.61125	4.9429	0.408774	12.5928	9.4144	0	0	0.000716047
5	rs1	1:1	2:0.281	rs2	1:2	2:0.5235	0	1000	1	0.0265635	2.22172	0.82476	1.46552e-24	9.61866	0.918107	0.904101	0.527971	1.1758	0.999967	-0.0727304	8.90816	0.625749	18.2559	18.8534	0	0	1.60923e-06
6	rs1	1:1	2:0.2865	rs2	1:2	2:0.52075	0	1000	0	0.00689786	2.39318	0.758572	3.07176e-31	9.03221	0.761959	0.956513	0.327429	1.09803	0.825318	1.24355	2.00684	1	33.8622	67703	0	0	1
7	rs1	1:1	2:0.27875	rs2	1:2	2:0.5205	0	1000	0	0.430278	1.21197	0.933208	2.18919e-24	9.7539	0.934438	1	-31.4377	273712	0.863079	1.70755	3.14654	1	42.7899	273712	0	0	1
8	rs1	1:1	2:0.27825	rs2	1:2	2:0.5215	0	1000	0	0.525877	0.932892	0.822841	6.41374e-17	10.6144	1.22916	0.996287	0.094243	1.0926	0.786351	1.65882	2.39255	1	33.8815	69122.2	0	0	1
9	rs1	1:1	2:0.28125	rs2	1:2	2:0.521	0	1000	0	0.139978	1.81676	0.916138	3.22297e-17	10.6952	1.22725	0.755349	0.840102	1.12148	0.893186	1.69807	3.57253	1	32.8823	67730.4	0	0	1
10	rs1	1:1	2:0.27775	rs2	1:2	2:0.51775	0	1000	1	0.0752304	1.65339	0.72685	4.21326e-28	9.23187	0.822218	0.983787	0.197239	1.09086	0.998433	-0.540946	9.65781	0.471346	12.2227	9.96539	0	0	5.0863e-06
11	rs1	1:1	2:0.2855	rs2	1:2	2:0.51875	0	1000	0	0.792198	0.605877	0.887654	1.23681e-17	10.8404	1.22852	0.978815	-0.247159	1.19433	0.996452	-1.74261	20.6678	0.999852	773.496	44984.6	0	1	1
12	rs1	1:1	2:0.28725	rs2	1:2	2:0.52425	0	1000	0	0.0695305	1.97865	0.856888	1.21428e-18	10.5546	1.16199	0.888043	0.597561	1.22624	0.999999	-705.293	623538	0.999999	855.612	695742	0	1	1
13	rs1	1:1	2:0.27625	rs2	1:2	2:0.5235	0	1000	0	0.101276	2.09145	0.97729	6.97117e-22	9.87264	1.0002	1	-25.8122	161044	0.850466	1.43854	2.52748	1	62.0369	176269	0	0	1
14	rs1	1:1	2:0.27675	rs2	1:2	2:0.51725	0	1000	0	0.308429	1.41358	0.921621	3.80441e-22	10.0158	1.00845	1	-29.4729	264918	0.999969	-0.0594653	7.61393	1	68.7269	276712	0	0	1
15	rs1	1:1	2:0.276	rs2	1:2	2:0.52175	0	1000	1	0.00473192	2.44333	0.746708	2.54055e-32	8.55406	0.709153	0.95806	0.350002	1.19565	0.992417	-2.14236	17.363	0.742267	15.0588	19.5044	0	0	1.25072e-07
16	rs1	1:1	2:0.28575	rs2	1:2	2:0.52275	0	1000	0	1	-26.3539	141147	1	59.5377	147661	1	-27.3819	223731	1	35.7697	331371	1	27.0846	437007	1	0	1
17	rs1	1:1	2:0.2795	rs2	1:2	2:0.521	0	1000	1	1.45518e-05	14.6667	3.10755	1.80106e-41	7.96607	0.58155	0.567915	4.21374	3.96121	0.990335	-3.12652	22.4338	0.841918	101.351	172.767	0	0	5.78317e-11
18	rs1	1:1	2:0.286	rs2	1:2	2:0.5185	0	1000	0	0.000539403	2.52338	0.65045	8.9088e-41	8.18393	0.602611	0.99286	-0.133305	1.11351	0.759164	1.02195	1.37665	1	35.4588	69977.9	0	0	1
19	rs1	1:1	2:0.2805	rs2	1:2	2:0.52425	0	1000	1	0.0192273	1.73418	0.616881	1.0669e-31	8.48857	0.710768	0.999355	0.0369897	1.02991	0.711561	1.25162	1.51716	8.97435e-06	9.77761	2.02812	0	0	4.99883e-08
20	rs1	1:1	2:0.27925	rs2	1:2	2:0.51925	0	1000	0	0.0634187	1.36748	0.58225	7.20238e-30	8.87439	0.766041	0.985387	-0.173731	1.01249	0.989619	-1.21721	8.42568	0.999997	449.31	186991	0	0	1
21	rs1	1:1	2:0.2795	rs2	1:2	2:0.52425	0	1000	0	0.00486167	2.03287	0.622844	1.25341e-31	8.71207	0.730308	0.589726	0.851093	0.828142	0.989233	-1.79855	12.223	0.999997	542.056	208449	0	0	1
22	rs1	1:1	2:0.284	rs2	1:2	2:0.52375	0	1000	1	0.0408703	2.13915	0.845923	5.19798e-25	9.72382	0.919502	0.95036	0.385524	1.20814	1	0.00343606	8.58158	0.508935	18.0873	15.562	0	0	1.291e-06
23	rs1	1:1	2:0.281	rs2	1:2	2:0.522	0	1000	0	0.000111234	6.32877	1.48317	6.97477e-23	10.0242	0.99238	1	-26.1955	173486	0.934429	1.31055	3.55846	1	65.3458	189177	0	0	1
24	rs1	1:1	2:0.2845	rs2	1:2	2:0.51825	0	1000	0	0.00163204	2.25698	0.629964	1.10549e-35	8.48576	0.668812	0.996091	0.0905657	1.02332	0.792002	1.09447	1.60264	1	32.3005	64123.9	0	0	1
25	rs1	1:1	2:0.27875	rs2	1:2	2:0.51875	0	1000	0	0.629449	3.79767	3.94687	1	33.8729	65255.4	0.629449	3.79767	3.94687	1	34.522	134539	1	-3.29806	565276	1	0	1
26	rs1	1:1	2:0.282	rs2	1:2	2:0.52	0	1000	0	0.000111039	2.90503	0.68074	8.38643e-33	8.55528	0.703912	0.0622587	1.56047	0.662208	0.848815	1.25266	2.18781	1	29.5258	62319.3	0	0	1
27	rs1	1:1	2:0.279	rs2	1:2	2:0.52225	0	1000	1	0.581038	0.742708	0.712733	2.33427e-17	10.9036	1.24588	0.98377	-0.177357	0.9804	0.554605	2.89884	2.66973	0.161769	11.1295	5.83092	0	0	0.000381001
28	rs1	1:1	2:0.284	rs2	1:2	2:0.517	0	1000	0	0.315106	1.39653	0.918912	7.01442e-26	9.65926	0.897465	1	-31.2233	248741	0.532298	2.66345	2.37175	1	40.4924	248741	0	0	1
29	rs1	1:1	2:0.281	rs2	1:2	2:0.522	0	1000	0	0.679352	3.48551	3.96379	3.35861e-17	10.6615	1.22404	0.999983	0.0317712	5.4132	0.997939	-0.829626	12.9157	0.975384	726.28	3252.95	0	1	1
30	rs1	1:1	2:0.281	rs2	1:2	2:0.52	0	1000	0	0.977466	-0.219454	1.02787	0.949183	34.0925	105.56	0.993868	-0.114455	1.03194	0.976112	23.303	105.972	0.997592	703.15	10126.5	0	1	1
31	rs1	1:1	2:0.28275	rs2	1:2	2:0.52275	0	1000	0	0.558717	1.32381	1.22689	5.86894e-15	11.5651	1.42857	1	-28.3249	236232	0.878278	2.39802	4.70667	1	63.8602	249282	0	0	1
32	rs1	1:1	2:0.28375	rs2	1:2	2:0.52125	0	1000	0	0.757979	0.820406	1.10204	4.80098e-15	11.6092	1.42964	1	-26.4537	215950	0.941281	1.86696	5.36653	1	59.4671	227831	0	0	1
33	rs1	1:1	2:0.27925	rs2	1:2	2:0.52325	0	1000	0	0.108074	1.69206	0.802123	6.12313e-24	9.48519	0.917397	0.994202	0.13159	1.22018	0.754384	1.40114	1.86618	1	38.0818	76046.6	0	0	1
34	rs1	1:1	2:0.27875	rs2	1:2	2:0.52175	0	1000	0	0.247735	1.37452	0.822788	2.10553e-22	10.0576	1.00665	1	-25.3343	225777	0.999755	-0.191006	8.62771	1	59.8404	236187	0	0	1
35	rs1	1:1	2:0.28275	rs2	1:2	2:0.523	0	1000	1	0.00458288	2.85417	0.869671	1.87421e-33	8.662	0.705571	0.932483	0.476588	1.2746	0.820351	1.24373	1.9763	0.000164954	11.9229	2.85669	0	0	2.04694e-07
36	rs1	1:1	2:0.28025	rs2	1:2	2:0.5225	0	1000	0	0.000658364	3.20082	0.836219	6.01269e-26	9.033	0.838163	0.0565269	2.04313	0.852333	0.849249	1.41999	2.48394	1	36.9029	77431	0	0	1
37	rs1	1:1	2:0.282	rs2	1:2	2:0.521	0	1000	0	0.844894	0.682574	1.17565	5.68585e-15	11.5436	1.42522	1	-28.1146	238406	0.983775	1.20733	6.6749	1	64.5573	250572	0	0	1
38	rs1	1:1	2:0.2855	rs2	1:2	2:0.52075	0	1000	0	1	-93.0156	110135	0.999999	124.356	119135	1	-111.351	805812	1	35.6804	147400	1	111.573	997132	1	0	1
39	rs1	1:1	2:0.283	rs2	1:2	2:0.515	0	1000	0	0.000272169	2.03954	0.503351	7.09091e-44	7.82242	0.554921	0.947358	-0.328419	0.998622	0.995814	-6.16775	67.3368	0.994303	781.463	7310.55	0	1	1
40	rs1	1:1	2:0.27925	rs2	1:2	2:0.5165	0	1000	1	0.387994	1.18307	0.859754	0.947338	38.0468	115.666	0.369612	1.23439	0.8749	0.860354	63.9994	116.686	0.924166	-49.2325	123.965	0	0	0.739155
41	rs1	1:1	2:0.2785	rs2	1:2	2:0.5215	0	1000	1	1.30258e-05	3.77046	0.794934	1.56041e-39	8.05814	0.602779	0.931456	0.472452	1.2537	0.99227	-1.06274	8.53059	0.541207	20.4231	18.4306	0	0	7.94756e-11
42	rs1	1:1	2:0.2795	rs2	1:2	2:0.51725	0	1000	0	0.00268802	2.18976	0.636442	7.77624e-38	8.25672	0.631602	1	-27.5539	239827	0.987916	-3.51377	22.5333	1	68.1307	251084	0	0	1
43	rs1	1:1	2:0.278	rs2	1:2	2:0.5195	0	1000	0	0.0310361	1.71279	0.649921	5.89759e-25	9.19961	0.870915	0.65892	0.747955	0.818865	0.74795	1.37024	1.79792	1	33.9314	70232.4	0	0	1
44	rs1	1:1	2:0.28425	rs2	1:2	2:0.52125	0	1000	0	0.0114863	3.23543	1.0825	5.94622e-30	9.37083	0.807741	1	-25.5457	149576	0.880448	1.26017	2.49723	1	61.9885	165607	0	0	1
45	rs1	1:1	2:0.27875	rs2	1:2	2:0.513	0	1000	1	0.432642	1.0994	0.849294	3.37912e-17	10.7589	1.23533	0.991607	0.146399	1.12757	0.989978	0.946518	6.66871	0.469107	15.9872	12.9937	0	0	0.000182342
46	rs1	1:1	2:0.28275	rs2	1:2	2:0.51925	0	1000	0	0.992348	0.143916	1.16109	3.80034e-15	11.6457	1.42908	1	-31.4694	242324	0.792535	2.32033	3.40257	1	67.0951	256028	0	0	1
47	rs1	1:1	2:0.28075	rs2	1:2	2:0.52175	0	1000	0	0.104004	2.25112	1.05806	2.55186e-22	10.0976	1.0126	1	-31.726	272175	0.968744	1.27465	5.0579	1	71.4349	285448	0	0	1
48	rs1	1:1	2:0.278	rs2	1:2	2:0.5235	0	1000	1	0.000387662	2.74666	0.692957	6.06921e-31	8.74089	0.740983	0.454626	1.08154	0.861369	0.895812	1.50911	3.21707	0.137252	13.2537	6.65026	0	0	1.52629e-07
49	rs1	1:1	2:0.278	rs2	1:2	2:0.52175	0	1000	0	0.00290145	2.11292	0.618113	1.67149e-33	8.2672	0.672902	0.999027	-0.0487573	1.10486	0.689873	1.13968	1.32263	1	35.0445	70055.7	0	0	1
50	rs1	1:1	2:0.28325	rs2	1:2	2:0.524	0	1000	0	0.00167363	3.04759	0.85231	2.4532e-30	8.86364	0.759046	0.810352	0.744561	1.1481	0.836003	1.29455	2.16285	1	34.6361	70099.4	0	0	1
51	rs1	1:1	2:0.2775	rs2	1:2	2:0.52275	0	1000	0	0.875952	0.630168	1.2244	2.08488e-14	11.2571	1.41823	1	-27.7508	180389	0.818911	1.70028	2.68986	1	65.2526	195788	0	0	1
52	rs1	1:1	2:0.28125	rs2	1:2	2:0.51925	0	1000	0	0.145401	1.46019	0.743552	4.23296e-28	9.19764	0.819199	1	-26.5405	150364	0.743081	1.21262	1.57351	1	62.1892	166379	0	0	1
53	rs1	1:1	2:0.28225	rs2	1:2	2:0.521	0	1000	0	0.0522306	2.98995	1.23051	4.49631e-23	10.0691	0.992562	1	-25.303	171763	0.908236	1.4489	3.30234	1	61.6794	186154	0	0	1
54	rs1	1:1	2:0.28625	rs2	1:2	2:0.5195	0	1000	0	0.451282	0.897272	0.711287	2.04779e-29	9.50004	0.826508	1	-29.2332	220349	0.999938	-0.0535056	4.81693	1	66.1303	233576	0	0	1
55	rs1	1:1	2:0.28275	rs2	1:2	2:0.523	0	1000	0	0.000161147	3.39412	0.812131	4.68377e-40	8.51302	0.632561	1	-26.9789	225873	0.999353	-0.213869	5.94626	1	63.1323	237732	0	0	1
56	rs1	1:1	2:0.278	rs2	1:2	2:0.52225	0	1000	1	0.546127	0.869204	0.790249	5.52889e-17	10.7287	1.23994	0.998684	-0.0548282	1.06822	0.946948	1.52321	4.61319	0.322991	14.145	9.40857	0	0	0.000188858
57	rs1	1:1	2:0.28175	rs2	1:2	2:0.52075	0	1000	0	0.142552	8.53986	4.32649	1.00241e-22	10.1985	1.01324	0.986513	-35.17	213.419	1	780.993	7.58652e+12	1	-3611.13	3.60066e+13	0	1	1
58	rs1	1:1	2:0.27975	rs2	1:2	2:0.523	0	1000	0	1.39283e-05	4.89209	1.03449	1.70357e-35	8.37428	0.661806	0.153004	1.92528	0.993604	0.874357	1.15519	2.22922	1	37.0921	75480.4	0	0	1
59	rs1	1:1	2:0.27975	rs2	1:2	2:0.51475	0	1000	0	0.997662	-10.5852	154.715	0.3421	32.999	22.5297	1	-25.6449	229654	0.344378	32.9882	22.5924	1	27.6466	240163	0	0	1
60	rs1	1:1	2:0.28225	rs2	1:2	2:0.5235	0	1000	0	0.991521	0.14329	1.09803	3.33435e-15	11.7751	1.44212	1	-32.2235	236415	0.401144	3.2997	2.44129	1	64.9238	249863	0	0	1
61	rs1	1:1	2:0.28775	rs2	1:2	2:0.52375	0	1000	0	0.45156	1.53749	1.21928	9.82916e-15	11.3675	1.41535	1	-23.4255	140734	0.914804	1.73407	4.10907	1	57.2071	155544	0	0	1
62	rs1	1:1	2:0.28075	rs2	1:2	2:0.52375	0	1000	1	0.972113	0.252023	1.05965	0.990181	36.5187	259.952	0.967292	0.276101	1.07059	0.968047	66.9291	262.619	0.984286	-46.9238	263.64	0	0	0.871248
63	rs1	1:1	2:0.278	rs2	1:2	2:0.5195	0	1000	0	0.105777	1.2994	0.613032	1.14088e-27	9.57549	0.859641	1	-32.1317	206698	0.186853	2.91495	1.59145	1	60.6839	219438	0	0	1
64	rs1	1:1	2:0.276	rs2	1:2	2:0.5185	0	1000	1	0.0765255	1.62291	0.715815	4.6369e-24	9.51356	0.917757	0.983666	0.197737	1.08952	0.994514	-2.03743	19.4237	0.835717	20.4798	34.1839	0	0	6.38825e-07
65	rs1	1:1	2:0.27725	rs2	1:2	2:0.519	0	1000	0	0.00100101	11.5383	3.10449	1.50827e-30	8.86585	0.756541	1	-564.468	1.25287e+13	1	-1509.92	1.03397e+18	1	8185.75	5.06755e+18	0	1	1
66	rs1	1:1	2:0.28425	rs2	1:2	2:0.5265	0	1000	0	0.0922288	2.17603	0.996651	4.83715e-25	9.64037	0.911024	1	-24.1913	139321	0.871219	1.44592	2.75364	1	35.1079	139321	0	0	1
67	rs1	1:1	2:0.2845	rs2	1:2	2:0.5235	0	1000	0	0.00533844	2.06187	0.63735	5.07696e-37	8.65715	0.669626	0.99806	-0.067329	1.0804	0.998358	-7.00383	122.184	0.98766	751.342	4767.85	0	1	1
68	rs1	1:1	2:0.28075	rs2	1:2	2:0.52225	0	1000	0	6.82395e-05	3.01332	0.687962	3.9893e-32	8.32665	0.692451	0.0464123	1.81952	0.734275	0.753527	1.26329	1.6792	1	37.7167	79557.2	0	0	1
69	rs1	1:1	2:0.2875	rs2	1:2	2:0.52125	0	1000	0	0.122433	1.59922	0.780306	1.96922e-18	10.4589	1.15826	0.533503	0.977227	0.871767	0.843743	1.67459	2.87267	1	34.3453	71393.4	0	0	1
70	rs1	1:1	2:0.27725	rs2	1:2	2:0.52325	0	1000	0	1.20569e-05	2.71534	0.570522	8.80965e-40	7.79651	0.581352	0.579335	0.803384	0.768885	0.0404489	2.89347	1.14237	1	30.0809	65220.6	0	0	1
71	rs1	1:1	2:0.28	rs2	1:2	2:0.52325	0	1000	0	0.00270715	2.33168	0.678096	7.13321e-33	8.59043	0.706031	1	-25.2855	238298	0.990073	-1.81084	12.8199	1	61.325	248049	0	0	1
72	rs1	1:1	2:0.283	rs2	1:2	2:0.51875	0	1000	0	0.43498	1.08806	0.843253	2.08483e-22	10.3316	1.03396	1	-34.058	237900	0.369033	2.8557	2.02245	1	67.5576	252281	0	0	1
73	rs1	1:1	2:0.2815	rs2	1:2	2:0.517	0	1000	1	0.0687346	1.54415	0.667281	1.58e-25	9.37176	0.876922	0.86833	0.459806	0.865301	0.99305	0.553321	4.68489	0.25158	15.7538	9.48269	0	0	9.65719e-07
74	rs1	1:1	2:0.282	rs2	1:2	2:0.5225	0	1000	0	0.000239995	2.4117	0.590688	4.43996e-42	7.90935	0.573148	1	-24.2403	139283	0.696236	1.0129	1.1903	1	56.9186	153765	0	0	1
75	rs1	1:1	2:0.283	rs2	1:2	2:0.5255	0	1000	0	8.52956e-06	7.41621	1.53495	8.54109e-15	11.3931	1.41545	1	-22.2097	159864	0.958764	1.41304	4.86904	1	56.7852	172995	0	0	1
76	rs1	1:1	2:0.279	rs2	1:2	2:0.52175	0	1000	0	0.256914	1.2118	0.735031	2.38982e-22	10.0681	1.00898	1	-23.9392	207381	0.999949	-0.0830717	8.22492	1	55.5514	216973	0	0	1
77	rs1	1:1	2:0.28625	rs2	1:2	2:0.5205	0	1000	0	0.0230056	2.50857	0.913325	5.0469e-30	9.57329	0.82419	1	-29.1066	216763	0.9729	1.06249	4.53259	1	64.7145	230397	0	0	1
78	rs1	1:1	2:0.2795	rs2	1:2	2:0.51725	0	1000	1	0.84959	0.505291	0.884974	0.980593	32.6515	164.923	0.885956	0.434843	0.883625	0.734585	371.447	472.922	0.749812	-359.089	473.196	0	0	0.248957
79	rs1	1:1	2:0.28425	rs2	1:2	2:0.52325	0	1000	0	0.979997	0.226152	1.125	7.97029e-15	11.4225	1.41759	1	-25.9477	157555	0.791142	1.70089	2.48482	1	60.5769	172638	0	0	1
80	rs1	1:1	2:0.28575	rs2	1:2	2:0.51725	0	1000	1	0.0142621	1.87112	0.641778	4.31651e-31	9.0696	0.766972	0.999265	0.0392369	1.02296	0.996301	-0.751384	8.72765	0.589728	16.9783	16.5205	0	0	6.84256e-09
81	rs1	1:1	2:0.2825	rs2	1:2	2:0.51925	0	1000	0	0.0854185	2.17743	0.981623	1.03016e-22	10.0396	0.997719	1	-23.6976	140550	0.896784	1.37502	2.94577	1	57.5114	155341	0	0	1
82	rs1	1:1	2:0.27575	rs2	1:2	2:0.5155	0	1000	0	0.260191	1.22737	0.747971	4.05478e-24	9.52818	0.918023	0.982552	-0.22041	1.17472	0.729513	1.33549	1.68155	1	37.3143	76273.4	0	0	1
83	rs1	1:1	2:0.27275	rs2	1:2	2:0.51875	0	1000	1	0.00360499	10.817	3.22487	3.17022e-29	8.77824	0.76625	0.949066	1.66456	5.14787	0.994463	-1.11692	10.599	0.684429	87.4346	100.404	0	0	1.71933e-08
84	rs1	1:1	2:0.281	rs2	1:2	2:0.51825	0	1000	1	0.310125	1.11085	0.725941	5.40101e-25	9.75146	0.922432	0.942125	-0.398159	1.15307	0.0128214	3.69885	1.25307	0.449107	13.6035	10.7512	0	0	1.89087e-06
85	rs1	1:1	2:0.2825	rs2	1:2	2:0.5225	0	1000	0	0.361563	1.18521	0.830909	1.22109e-24	9.97953	0.950972	1	-27.5045	225573	0.682388	2.35375	2.69231	1	36.7642	225573	0	0	1
86	rs1	1:1	2:0.28275	rs2	1:2	2:0.5195	0	1000	0	0.981228	0.226469	1.16329	1	34.6917	65866.7	0.981228	0.226469	1.16329	1	34.9038	322561	1	-0.177044	356241	1	0	1
87	rs1	1:1	2:0.28125	rs2	1:2	2:0.5215	0	1000	1	0.00992833	1.97825	0.651335	1.22374e-30	8.98166	0.76526	0.989775	0.148551	1.03611	0.992568	-2.18086	17.8547	0.840653	19.8539	33.6965	0	0	7.92952e-09
88	rs1	1:1	2:0.2835	rs2	1:2	2:0.521	0	1000	1	0.0141182	2.02385	0.693337	2.98967e-26	9.57191	0.882873	0.963582	0.301341	1.10629	0.996695	0.477827	5.87202	0.254598	29.6724	17.9384	0	0	8.49681e-07
89	rs1	1:1	2:0.2815	rs2	1:2	2:0.519	0	1000	1	0.0145341	1.61259	0.554337	3.56529e-35	8.53131	0.677347	0.912143	-0.443847	1.03496	0.996433	-0.427472	5.05673	0.37095	16.5155	11.7271	0	0	2.22377e-11
90	rs1	1:1	2:0.27475	rs2	1:2	2:0.5195	0	1000	1	0.000270081	2.70361	0.666927	1.2853e-30	8.58256	0.731516	0.34393	1.19455	0.817602	0.996181	-0.898887	10.2755	0.575397	16.5301	15.7224	0	0	8.8198e-08
91	rs1	1:1	2:0.28375	rs2	1:2	2:0.518	0	1000	0	0.00281556	2.14833	0.62686	2.72729e-32	8.82697	0.732134	0.609	0.766557	0.769691	0.808888	1.21466	1.86499	1	31.0492	63818.7	0	0	1
92	rs1	1:1	2:0.28	rs2	1:2	2:0.51925	0	1000	0	0.0710789	1.64444	0.715113	1.50019e-24	9.61059	0.917532	0.975816	0.233734	1.0563	0.819836	1.36822	2.17068	1	32.2914	64974.7	0	0	1
93	rs1	1:1	2:0.27675	rs2	1:2	2:0.5205	0	1000	0	0.105927	1.73913	0.820746	2.71564e-16	10.4022	1.2286	0.698526	0.876713	1.03497	0.876774	1.67361	3.26337	1	30.7928	63719.8	0	0	1
94	rs1	1:1	2:0.2825	rs2	1:2	2:0.52175	0	1000	1	0.308057	1.28445	0.837002	1.9108e-17	11.2664	1.28399	0.998551	0.0618425	1.14846	0.129006	4.35625	2.1525	0.0692552	10.1762	4.4037	0	0	0.00175144
95	rs1	1:1	2:0.27975	rs2	1:2	2:0.52075	0	1000	0	0.989368	0.140283	0.959432	9.53229e-18	11.0784	1.25131	1	-27.916	224931	0.110865	4.15551	1.98131	1	34.7592	224931	0	0	1
96	rs1	1:1	2:0.28475	rs2	1:2	2:0.5225	0	1000	0	0.990474	0.145215	1.04954	5.47919e-15	11.486	1.41732	1	-24.0558	132155	0.802004	1.67098	2.51544	1	56.3562	147265	0	0	1
97	rs1	1:1	2:0.28425	rs2	1:2	2:0.5235	0	1000	1	0.0187899	2.6391	0.93606	1.31203e-24	10.0901	0.962132	0.95218	0.391508	1.25061	0.335997	3.42386	2.31824	0.0371564	11.4342	4.45576	0	0	1.6776e-05
98	rs1	1:1	2:0.281	rs2	1:2	2:0.5195	0	1000	1	0.839743	0.653587	1.10584	0.816984	34.6248	54.4566	0.796579	0.762203	1.13014	0.692781	47.6023	55.5592	0.874669	-30.4026	58.7475	0	0	0.686435
99	rs1	1:1	2:0.27875	rs2	1:2	2:0.522	0	1000	0	0.00447145	2.38425	0.724831	1.02624e-32	8.55448	0.70481	1	-25.7144	156512	0.763168	1.15239	1.5674	1	60.8566	171447	0	0	1
100	rs1	1:1	2:0.28	rs2	1:2	2:0.51925	0	1000	0	0.000842313	2.82166	0.749881	1.65363e-35	8.40686	0.664257	0.955148	0.349081	1.15228	0.785917	1.11296	1.6034	1	38.3104	76573.2	0	0	1
101	rs1	1:1	2:0.28425	rs2	1:2	2:0.51475	0	1000	0	0.00145008	2.39935	0.663617	2.01999e-32	8.85821	0.733213	0.980645	0.212182	1.07319	1	-505.193	2.97955e+06	1	566.369	2.97592e+06	0	0	1
102	rs1	1:1	2:0.29275	rs2	1:2	2:0.5285	0	1000	1	0.131977	1.96017	0.973986	3.56734e-18	11.1356	1.24229	0.79766	0.774343	1.15158	0.000821959	5.8243	1.54519	0.392293	9.72153	7.10626	0	0	0.0019872
103	rs1	1:1	2:0.2805	rs2	1:2	2:0.516	0	1000	0	0.00359559	2.69469	0.803184	7.15375e-18	9.96106	1.12101	0.0341442	2.0968	0.8068	0.915033	1.58537	3.76202	1	33.337	70450.2	0	0	1
104	rs1	1:1	2:0.28025	rs2	1:2	2:0.51625	0	1000	0	0.986957	0.182144	1.12403	5.72982e-15	11.4881	1.41854	1	-27.2354	234639	0.999638	-0.302664	11.2531	1	64.3702	246042	0	0	1
105	rs1	1:1	2:0.2805	rs2	1:2	2:0.524	0	1000	1	0.000439816	2.62684	0.668116	6.66744e-36	8.5001	0.667848	0.961868	0.289233	1.03724	0.99165	-1.6348	12.6243	0.70683	18.2898	21.9559	0	0	5.50949e-10
106	rs1	1:1	2:0.27825	rs2	1:2	2:0.51475	0	1000	0	0.0897948	6.88664	3.13663	7.55125e-26	9.35118	0.869394	0.808145	2.63695	4.04001	0.994062	-3.62866	33.2479	0.958886	850.346	2934.55	0	1	1
107	rs1	1:1	2:0.2795	rs2	1:2	2:0.518	0	1000	0	0.80554	0.554125	0.842602	2.41861e-22	9.99482	1.00175	1	-28.4435	249774	0.0204875	3.47871	1.24751	1	62.2365	261182	0	0	1
108	rs1	1:1	2:0.27925	rs2	1:2	2:0.5215	0	1000	0	1	-26.7978	144702	1	59.4132	148728	1	-27.7633	222449	1	35.544	334424	1	27.4727	442102	1	0	1
109	rs1	1:1	2:0.281	rs2	1:2	2:0.5215	0	1000	0	0.329759	1.4467	0.97123	1.62783e-22	10.0433	1.00263	1	-28.5695	179526	0.799608	1.41926	2.12216	1	67.2985	195699	0	0	1
110	rs1	1:1	2:0.278	rs2	1:2	2:0.51475	0	1000	0	0.990276	-0.155685	1.11363	1.08811e-14	11.365	1.41726	1	-27.6152	247548	0.997208	-3.57448	47.7971	1	68.1201	258445	0	0	1
111	rs1	1:1	2:0.27975	rs2	1:2	2:0.51875	0	1000	0	0.00563718	2.00657	0.623508	4.18959e-31	8.66389	0.732507	0.665879	0.7591	0.841735	0.989539	-2.78732	19.2199	0.99999	717.635	158080	0	1	1
112	rs1	1:1	2:0.28125	rs2	1:2	2:0.52	0	1000	0	0.387806	1.05538	0.766762	3.12081e-22	10.1148	1.01639	1	-27.4906	222306	0.878509	1.64626	3.23444	1	59.1172	233767	0	0	1
113	rs1	1:1	2:0.283	rs2	1:2	2:0.523	0	1000	0	0.997134	0.087903	1.16014	4.23292e-15	11.5406	1.41849	1	-27.9676	234660	0.997809	-3.14012	47.4146	1	69.3288	246629	0	0	1
114	rs1	1:1	2:0.28125	rs2	1:2	2:0.52375	0	1000	1	0.051304	1.93165	0.792566	1.01034e-24	9.64009	0.91705	0.959327	0.335009	1.16251	0.996339	-1.2895	15.0558	0.7882	20.5274	29.7528	0	0	9.13684e-07
115	rs1	1:1	2:0.28125	rs2	1:2	2:0.5265	0	1000	1	1.28695e-05	4.09455	0.862799	1.28099e-41	8.43543	0.614699	0.953244	0.371386	1.20009	0.69667	2.01524	2.37024	0.00218859	10.2735	2.93539	0	0	1.76344e-08
116	rs1	1:1	2:0.2795	rs2	1:2	2:0.51875	0	1000	0	0.0510083	2.05265	0.841397	1.82958e-28	9.26494	0.819756	1	-29.85	261660	0.99635	-0.732254	8.56307	1	71.0057	273954	0	0	1
117	rs1	1:1	2:0.28	rs2	1:2	2:0.52625	0	1000	0	3.91474e-05	2.97663	0.660718	7.42416e-39	8.25282	0.622802	0.131358	1.46856	0.728867	0.980938	-12.5714	64.0765	0.999909	769.821	57106.7	0	1	1
118	rs1	1:1	2:0.27625	rs2	1:2	2:0.521	0	1000	0	0.890064	0.523873	1.08547	1.04975e-14	11.4512	1.42722	1	-29.0142	245108	0.74021	2.54985	3.28734	1	62.0425	257050	0	0	1
119	rs1	1:1	2:0.27675	rs2	1:2	2:0.52175	0	1000	1	0.226677	1.3126	0.761845	2.40692e-24	9.61751	0.922175	0.976198	-0.264611	1.20553	0.999986	0.0317014	5.98138	0.500571	18.8944	16.0607	0	0	3.48558e-07
120	rs1	1:1	2:0.27875	rs2	1:2	2:0.51875	0	1000	1	0.513119	1.06466	0.921625	3.4402e-17	10.7152	1.2306	0.997061	0.0941415	1.22692	0.997303	-1.76166	23.969	0.87042	23.0503	43.7522	0	0	0.000130125
121	rs1	1:1	2:0.279	rs2	1:2	2:0.51725	0	1000	0	0.999738	-11.9219	520.614	0.822306	38.3598	61.3238	1	-23.4008	213733	0.822823	38.354	61.4134	1	20.4767	222888	0	0	1
122	rs1	1:1	2:0.28125	rs2	1:2	2:0.516	0	1000	1	0.118883	1.55094	0.751502	0.961613	19.4752	69.6045	0.102682	1.64812	0.77246	0.713629	89.5622	109.029	0.793231	-76.6746	112.649	0	0	0.539177
123	rs1	1:1	2:0.27525	rs2	1:2	2:0.52075	0	1000	0	0.0403241	2.01868	0.796609	1.36563e-26	8.93686	0.818858	1	-27.6158	176009	0.757489	1.23706	1.65979	1	65.079	191329	0	0	1
124	rs1	1:1	2:0.281	rs2	1:2	2:0.51825	0	1000	1	0.0153634	1.83441	0.634767	1.17873e-25	9.46128	0.883035	0.976421	0.229779	1.05184	0.998851	0.288162	6.01013	0.237191	29.5435	17.4154	0	0	6.89731e-07
125	rs1	1:1	2:0.28325	rs2	1:2	2:0.52175	0	1000	0	0.899962	0.539377	1.17477	3.34712e-15	11.8782	1.45484	1	-33.2051	230976	0.477999	3.34647	2.75423	1	67.3647	245737	0	0	1
126	rs1	1:1	2:0.284	rs2	1:2	2:0.52325	0	1000	1	0.00158026	4.01551	1.118	7.18036e-32	9.17646	0.766243	0.824756	0.839461	1.35232	0.967416	1.22448	4.75716	0.273561	17.1283	10.6379	0	0	2.12216e-07
127	rs1	1:1	2:0.2815	rs2	1:2	2:0.51725	0	1000	0	0.810716	0.674179	1.04068	9.36233e-15	11.4901	1.42954	1	-25.5634	220058	0.952355	1.68325	5.38702	1	57.3898	230852	0	0	1
128	rs1	1:1	2:0.28	rs2	1:2	2:0.5215	0	1000	0	0.00180763	2.21746	0.623918	8.53781e-38	8.37572	0.641056	1	-29.2542	230205	0.986817	0.531506	3.2625	1	63.6493	242449	0	0	1
129	rs1	1:1	2:0.28275	rs2	1:2	2:0.52125	0	1000	0	0.0549835	2.17351	0.902388	1.28399e-28	9.56788	0.844223	1	-36.9901	260471	0.743255	1.98696	2.57932	1	76.1163	276320	0	0	1
130	rs1	1:1	2:0.27975	rs2	1:2	2:0.52175	0	1000	0	0.998446	-11.3839	204.111	0.933787	33.8562	91.4653	1	-26.6229	237656	0.938012	33.7325	94.2909	1	28.0638	248593	0	0	1
131	rs1	1:1	2:0.281	rs2	1:2	2:0.51775	0	1000	0	0.130797	1.64794	0.817034	1.14344e-28	9.28417	0.818452	1	-28.629	167793	0.77045	1.2056	1.66936	1	67.1391	184685	0	0	1
132	rs1	1:1	2:0.28375	rs2	1:2	2:0.5165	0	1000	0	0.997397	-0.072396	1.00269	5.70968e-15	11.4826	1.41778	1	-23.6701	136032	0.794652	1.59563	2.35339	1	54.9181	150186	0	0	1
133	rs1	1:1	2:0.2835	rs2	1:2	2:0.52475	0	1000	1	0.0172789	2.71204	0.951944	1.10626e-25	9.86078	0.919813	0.839815	0.711757	1.20456	0.967011	1.38545	5.34884	0.423661	15.828	12.077	0	0	3.9477e-06
134	rs1	1:1	2:0.286	rs2	1:2	2:0.521	0	1000	1	0.0371105	1.66748	0.649671	1.66852e-31	9.13276	0.767116	0.697289	0.67658	0.796743	0.996261	-3.2392	37.4211	0.930939	14.1579	37.4235	0	0	7.03745e-06
135	rs1	1:1	2:0.287	rs2	1:2	2:0.521	0	1000	0	0.995728	-0.121723	1.3155	3.32301e-15	11.5886	1.41921	1	-32.1935	260485	0.99977	-21.4693	1001.4	1	102.469	274390	0	0	1
136	rs1	1:1	2:0.2785	rs2	1:2	2:0.5175	0	1000	1	0.66164	0.707331	0.778242	0.689757	34.4421	39.9617	0.597845	0.80651	0.795123	0.519762	46.653	40.7801	0.776561	-30.4634	42.8358	0	0	0.587694
137	rs1	1:1	2:0.28225	rs2	1:2	2:0.517	0	1000	0	0.000320861	2.4394	0.608161	6.04244e-37	8.3166	0.643956	0.619817	0.754814	0.771721	0.792264	1.09114	1.59889	1	31.8649	65230	0	0	1
138	rs1	1:1	2:0.28125	rs2	1:2	2:0.52075	0	1000	1	0.000145228	3.68937	0.877566	3.99566e-33	8.81886	0.721984	0.231766	1.5788	0.923281	0.954957	1.25466	4.13252	0.169938	15.1999	8.07337	0	0	3.86887e-07
139	rs1	1:1	2:0.28225	rs2	1:2	2:0.51925	0	1000	0	0.0993658	1.54787	0.7203	4.15897e-30	8.90906	0.765907	1	-25.0322	141349	0.777786	1.18409	1.6702	1	35.4284	141349	0	0	1
140	rs1	1:1	2:0.277	rs2	1:2	2:0.51975	0	1000	0	0.972576	1.10889	4.70216	2.26676e-15	11.288	1.37453	1	-18413.9	3.07755e+16	1	-9.35173e+06	1.83043e+18	1	4.69585e+07	9.19089e+18	0	1	1
141	rs1	1:1	2:0.279	rs2	1:2	2:0.51925	0	1000	0	0.0730123	1.71823	0.751025	7.7901e-18	10.3047	1.16093	0.936929	0.40766	1.12937	0.999916	-754.388	58207.7	0.999887	920.755	61174.1	0	1	1
142	rs1	1:1	2:0.2815	rs2	1:2	2:0.52025	0	1000	0	0.347405	1.20258	0.827005	2.03943e-17	10.7656	1.22795	0.94916	0.343948	1.06471	0.851379	1.66384	2.93305	1	32.4195	66147.7	0	0	1
143	rs1	1:1	2:0.28	rs2	1:2	2:0.51825	0	1000	0	0.000795535	2.36957	0.627209	8.87738e-35	8.37471	0.668771	0.979107	0.209896	1.02142	0.788286	1.1059	1.60329	1	32.1018	64503.6	0	0	1
144	rs1	1:1	2:0.287	rs2	1:2	2:0.526	0	1000	0	0.0253268	2.83686	1.04627	1.13063e-29	9.37363	0.811869	1	-28.7557	155620	0.829073	1.30562	2.13237	1	69.0839	174183	0	0	1
145	rs1	1:1	2:0.283	rs2	1:2	2:0.52325	0	1000	0	0.0210013	1.87576	0.674822	3.75585e-26	9.40131	0.868826	0.573917	0.850967	0.807506	0.79383	1.41485	2.08207	1	32.5363	66613.2	0	0	1
146	rs1	1:1	2:0.27925	rs2	1:2	2:0.5235	0	1000	0	0.987397	0.170894	1.073	2.4399e-14	11.2299	1.41834	1	-25.12	155945	0.753496	1.68867	2.24446	1	58.3481	170154	0	0	1
147	rs1	1:1	2:0.28225	rs2	1:2	2:0.52475	0	1000	0	0.0931112	2.09925	0.963414	9.58476e-23	10.049	0.997948	1	-23.7555	174791	0.861112	1.49717	2.73773	1	56.8427	187032	0	0	1
148	rs1	1:1	2:0.28275	rs2	1:2	2:0.52025	0	1000	0	0.443516	1.23674	0.969869	1.65102e-22	10.1862	1.01704	1	-34.6688	270845	0.883507	1.62176	3.25848	1	74.761	285687	0	0	1
149	rs1	1:1	2:0.27725	rs2	1:2	2:0.5225	0	1000	0	0.212111	7.24101	4.11176	2.11997e-17	10.8392	1.23697	0.92783	-3.8522	9.95252	0.986844	-139.347	856.231	0.965505	1071.27	4043.01	0	1	1
150	rs1	1:1	2:0.2795	rs2	1:2	2:0.52225	0	1000	0	1.01271e-06	5.69446	1.08381	1.25856e-22	9.97875	0.993643	1	-22.5995	150387	0.00214704	4.63841	1.32325	1	53.1548	163934	0	0	1
151	rs1	1:1	2:0.284	rs2	1:2	2:0.52475	0	1000	0	0.263487	1.51634	0.92842	5.59676e-22	9.91988	1.00273	1	-26.9129	153673	0.795222	1.42804	2.10951	1	63.8583	170109	0	0	1
152	rs1	1:1	2:0.27925	rs2	1:2	2:0.519	0	1000	0	0.677995	0.797897	0.905049	3.48287e-17	10.7039	1.2295	0.994862	-0.122862	1.21048	0.776185	1.63406	2.29552	1	37.889	77147.8	0	0	1
153	rs1	1:1	2:0.27975	rs2	1:2	2:0.5195	0	1000	0	0.0978029	1.31021	0.607622	6.49221e-18	9.98858	1.12272	0.385638	0.920975	0.667144	0.745868	1.64747	2.15137	1	32.2007	68953.8	0	0	1
154	rs1	1:1	2:0.27975	rs2	1:2	2:0.5235	0	1000	0	4.77375e-05	4.24447	0.951484	4.78264e-34	8.93695	0.721459	0.999999	-19.5357	18335.2	0.884225	1.65416	3.33452	0.999999	138.814	110874	0	0	1
155	rs1	1:1	2:0.2835	rs2	1:2	2:0.519	0	1000	0	0.308061	0.958144	0.624372	2.00126e-28	9.26326	0.820184	1	-23.4679	134506	0.687802	1.22386	1.4146	1	54.3614	148325	0	0	1
156	rs1	1:1	2:0.27525	rs2	1:2	2:0.52	0	1000	0	0.00753889	9.95244	3.18319	2.69788e-29	8.78615	0.765999	1	-9637.58	1.4099e+14	1	-2.33967e+06	2.56929e+17	1	1.14769e+07	1.26025e+18	0	1	1
157	rs1	1:1	2:0.28375	rs2	1:2	2:0.52225	0	1000	0	0.979174	0.215748	1.05159	7.90928e-15	11.423	1.41749	1	-24.0681	135247	0.804784	1.66741	2.52997	1	56.4358	150122	0	0	1
158	rs1	1:1	2:0.2795	rs2	1:2	2:0.5215	0	1000	0	0.563063	0.901923	0.841513	1.55202e-22	10.1861	1.0164	1	-29.6217	238201	0.95214	1.18299	3.77726	1	65.0108	250785	0	0	1
159	rs1	1:1	2:0.28025	rs2	1:2	2:0.521	0	1000	0	0.0007137	4.28241	1.125	1.57679e-30	9.09666	0.776488	0.568222	1.21988	1.14732	0.909582	1.26297	2.90097	1	32.9066	66491.3	0	0	1
160	rs1	1:1	2:0.2795	rs2	1:2	2:0.51525	0	1000	1	0.0461286	2.0827	0.839643	6.13884e-24	9.50853	0.919676	0.958113	0.369481	1.26301	0.999901	-0.110732	7.86467	0.691169	20.3955	23.7295	0	0	1.01012e-06
161	rs1	1:1	2:0.28075	rs2	1:2	2:0.523	0	1000	1	0.482317	0.938848	0.777447	3.32103e-22	10.2138	1.02698	0.98991	-0.158657	1.11401	0.771975	2.35298	3.27053	0.0324152	9.23604	3.52679	0	0	0.000662678
162	rs1	1:1	2:0.281	rs2	1:2	2:0.52	0	1000	1	0.100176	1.53943	0.717633	8.80182e-18	10.2735	1.15922	0.497881	0.969118	0.820582	0.997763	-2.56158	38.2768	0.9315	21.1329	56.0968	0	0	0.000265553
163	rs1	1:1	2:0.28225	rs2	1:2	2:0.52425	0	1000	0	1	-23.1011	122936	1	59.1887	145813	1	-23.817	179048	1	35.0479	300111	1	23.5745	341135	1	0	1
164	rs1	1:1	2:0.28125	rs2	1:2	2:0.5195	0	1000	0	0.914514	0.448652	1.06125	9.8603e-15	11.5126	1.43349	1	-29.0399	237939	0.692172	2.6826	3.12726	1	61.0674	249788	0	0	1
165	rs1	1:1	2:0.27975	rs2	1:2	2:0.5215	0	1000	0	0.0182359	2.42291	0.856161	2.4872e-24	9.52289	0.913378	0.81346	0.744462	1.15854	0.854667	1.41957	2.53299	1	34.8441	71003.9	0	0	1
166	rs1	1:1	2:0.28	rs2	1:2	2:0.52475	0	1000	1	0.000110739	4.10719	0.9623	3.54733e-36	8.57682	0.671266	0.848108	0.739669	1.28859	0.999674	0.157939	6.18591	0.378413	18.3068	13.1315	0	0	6.63501e-09
167	rs1	1:1	2:0.2815	rs2	1:2	2:0.522	0	1000	0	0.00434627	2.89719	0.878467	9.71313e-26	9.30526	0.867014	0.296289	1.52325	0.976593	0.853271	1.41264	2.50761	1	37.6214	77452.5	0	0	1
168	rs1	1:1	2:0.2885	rs2	1:2	2:0.526	0	1000	0	0.00376798	2.87566	0.860712	8.5247e-35	8.77669	0.70069	1	-26.23	146879	0.791808	1.19979	1.75592	1	62.6766	163336	0	0	1
169	rs1	1:1	2:0.2775	rs2	1:2	2:0.5225	0	1000	1	0.0471359	1.74187	0.704717	7.5557e-18	10.3069	1.16073	0.350748	1.14221	0.789069	0.999975	0.0829077	11.7835	0.681297	15.1921	17.341	0	0	0.000400686
170	rs1	1:1	2:0.2785	rs2	1:2	2:0.52425	0	1000	1	8.13223e-05	3.65752	0.842778	3.52525e-33	8.62251	0.705317	0.0639712	1.9394	0.827064	0.998062	-0.676591	10.8636	0.585536	17.6187	17.029	0	0	4.19947e-07
171	rs1	1:1	2:0.2805	rs2	1:2	2:0.518	0	1000	0	0.0365097	1.47673	0.573931	2.3083e-32	8.56385	0.709497	1	-23.3089	132827	0.704365	1.09225	1.30463	1	54.3967	146641	0	0	1
172	rs1	1:1	2:0.28125	rs2	1:2	2:0.5265	0	1000	0	0.00474753	2.38714	0.72976	1.05714e-34	8.82418	0.70545	1	-25.6563	217678	0.992005	-1.41671	11.1813	1	61.8581	228654	0	0	1
173	rs1	1:1	2:0.283	rs2	1:2	2:0.51825	0	1000	1	0.0135125	1.3201	0.449932	4.68882e-40	8.14344	0.605103	0.854689	-0.495244	0.88375	0.999917	-0.0434882	3.36792	0.0343219	12.7173	4.89709	0	0	1.76549e-13
174	rs1	1:1	2:0.2815	rs2	1:2	2:0.5215	0	1000	0	1	-23.2868	147796	1	59.2789	161077	1	-23.9537	205878	1	36.4619	370038	1	23.7088	431011	1	0	1
175	rs1	1:1	2:0.285	rs2	1:2	2:0.52	0	1000	0	0.998697	-11.5512	226.159	0.994004	33.0136	301.015	1	-27.3579	229937	0.998178	-199.585	3304.95	0.999999	276.767	241083	0	0	1
176	rs1	1:1	2:0.28125	rs2	1:2	2:0.52275	0	1000	1	0.0238366	1.79354	0.656088	3.86118e-26	9.52709	0.880657	0.719981	0.661776	0.816411	0.916497	1.51915	3.63776	0.119578	12.7008	6.16256	0	0	2.66834e-06
177	rs1	1:1	2:0.2785	rs2	1:2	2:0.5155	0	1000	1	0.0673743	1.3978	0.601797	6.58306e-30	8.97429	0.774146	0.932901	-0.394736	1.05909	0.997356	0.300864	4.13498	0.261285	15.5642	9.49973	0	0	2.44158e-09
178	rs1	1:1	2:0.2805	rs2	1:2	2:0.52025	0	1000	0	0.0151224	2.00648	0.692996	2.77501e-33	8.77843	0.716925	1	-30.672	243787	0.974994	0.740789	3.29165	1	67.2506	256953	0	0	1
179	rs1	1:1	2:0.286	rs2	1:2	2:0.5255	0	1000	0	0.859265	0.548239	0.995392	2.24962e-15	11.7791	1.43417	1	-23.7991	182929	0.969896	1.53699	6.21636	1	54.3711	194139	0	0	1
180	rs1	1:1	2:0.2805	rs2	1:2	2:0.51975	0	1000	0	0.549156	1.00148	0.914702	4.69072e-23	10.1912	1.00501	1	-29.2759	241112	0.994329	-1.70103	15.95	1	70.689	253799	0	0	1
181	rs1	1:1	2:0.2825	rs2	1:2	2:0.52025	0	1000	0	0.992607	0.121284	0.995589	1.82046e-14	11.2806	1.41815	1	-23.4095	142887	0.773791	1.6474	2.30028	1	54.4453	156295	0	0	1
182	rs1	1:1	2:0.28125	rs2	1:2	2:0.523	0	1000	1	2.83872e-06	3.22529	0.638149	1.15011e-45	7.80235	0.542363	0.772015	0.620294	0.862265	0.997426	0.257674	3.58924	0.100703	15.1538	7.07229	0	0	2.98636e-12
183	rs1	1:1	2:0.27925	rs2	1:2	2:0.51925	0	1000	1	0.00315889	2.92737	0.862669	5.92787e-30	9.15389	0.789024	0.989748	0.189342	1.31891	0.619559	2.35312	2.40478	0.0378838	13.9949	5.46975	0	0	1.16045e-07
184	rs1	1:1	2:0.2795	rs2	1:2	2:0.52225	0	1000	0	0.0191848	1.72201	0.612381	6.35493e-30	8.88276	0.766049	0.999346	0.0361222	0.998609	0.734043	1.26324	1.60643	1	31.5085	63563.4	0	0	1
185	rs1	1:1	2:0.28025	rs2	1:2	2:0.52125	0	1000	1	0.0114658	3.01302	1.00789	3.55795e-28	9.16026	0.814748	0.721403	1.03354	1.27889	0.888754	1.37991	2.84127	0.00743067	11.3182	3.61466	0	0	2.67551e-05
186	rs1	1:1	2:0.27775	rs2	1:2	2:0.52075	0	1000	0	0.00411676	2.18338	0.658751	1.21525e-31	8.42785	0.706329	1	-24.3695	150529	0.753803	1.12781	1.50008	1	57.5742	164425	0	0	1
187	rs1	1:1	2:0.283	rs2	1:2	2:0.523	0	1000	0	1	-22.9369	130376	1	59.3538	152317	1	-23.7292	197397	1	35.545	314894	1	23.4746	364060	1	0	1
188	rs1	1:1	2:0.281	rs2	1:2	2:0.5235	0	1000	1	0.0101689	3.38074	1.116	1.72356e-25	9.8782	0.925014	0.723845	0.996704	1.23974	0.853381	2.30045	4.08522	0.198938	13.4779	7.49986	0	0	1.42699e-05
189	rs1	1:1	2:0.27775	rs2	1:2	2:0.51675	0	1000	0	0.000125974	2.91766	0.688486	5.57874e-35	8.10823	0.645581	0.544953	1.0065	0.913451	0.771143	1.09256	1.51545	1	37.8262	77996.2	0	0	1
190	rs1	1:1	2:0.2765	rs2	1:2	2:0.5255	0	1000	0	1	-97.5542	109096	0.999999	128.274	117816	1	-118.767	1.01841e+06	1	34.8239	127028	1	118.99	1.13443e+06	1	0	1
191	rs1	1:1	2:0.2805	rs2	1:2	2:0.5175	0	1000	0	0.998028	-10.3475	164.684	0.779613	33.2456	47.1146	1	-25.2024	227716	0.784269	33.203	47.6274	1	27.3134	238181	0	0	1
192	rs1	1:1	2:0.28125	rs2	1:2	2:0.52325	0	1000	0	0.336395	1.18013	0.799481	1.1681e-22	10.3579	1.03063	1	-28.6078	209395	0.74135	2.20749	2.85328	1	59.8147	221864	0	0	1
193	rs1	1:1	2:0.28525	rs2	1:2	2:0.521	0	1000	0	0.0569731	1.57625	0.658469	1.34964e-31	9.12493	0.765315	0.991237	-0.146091	1.10112	0.995574	-4.62114	49.0629	0.997079	748.2	9781.04	0	1	1
194	rs1	1:1	2:0.28475	rs2	1:2	2:0.51875	0	1000	1	0.000163315	4.05646	0.971354	1.16173e-36	8.93153	0.694297	0.874561	0.591544	1.14253	0.940802	1.35657	3.88314	0.144023	13.8366	7.02849	0	0	2.18942e-08
195	rs1	1:1	2:0.2815	rs2	1:2	2:0.5185	0	1000	0	0.00534226	2.68124	0.828861	2.34886e-25	9.24918	0.868472	0.34743	1.40242	0.964466	0.850357	1.35126	2.3732	1	38.0479	77939.1	0	0	1
196	rs1	1:1	2:0.2805	rs2	1:2	2:0.5195	0	1000	0	0.998048	-12.5082	200.079	0.982198	33.0626	174.439	1	-30.0916	263083	0.988772	32.0653	213.377	1	33.2442	274652	0	0	1
197	rs1	1:1	2:0.2835	rs2	1:2	2:0.51975	0	1000	0	0.00295714	2.29837	0.673459	1.07869e-26	9.15232	0.836945	0.111781	1.60194	0.765225	0.950757	-58.7483	184.862	0.945482	914.991	2732.57	0	1	1
198	rs1	1:1	2:0.28375	rs2	1:2	2:0.52125	0	1000	0	0.315919	9.33259	6.14766	5.47268e-15	11.4454	1.41228	1	-102.348	665926	0.943092	1.7409	5.0856	1	251.258	711118	0	0	1
199	rs1	1:1	2:0.27925	rs2	1:2	2:0.5215	0	1000	0	0.0171721	9.44126	3.31141	2.77573e-33	8.92769	0.729116	1	-164.594	1.19556e+06	0.0513939	3.18314	1.30645	1	207.252	1.19556e+06	0	0	1
200	rs1	1:1	2:0.284	rs2	1:2	2:0.52275	0	1000	0	1.54558e-05	3.3703	0.716031	2.22508e-42	7.98059	0.576224	1	-24.1774	135090	0.796652	0.989818	1.46793	1	57.8983	150103	0	0	1
201	rs1	1:1	2:0.2845	rs2	1:2	2:0.517	0	1000	0	0.760712	0.547399	0.740135	1.44632e-17	10.8104	1.22759	0.99416	-0.107841	0.996385	0.998795	-6.13911	125.005	0.992454	791.032	6426.81	0	1	1
202	rs1	1:1	2:0.28275	rs2	1:2	2:0.52225	0	1000	0	0.000251289	18.7972	4.61669	1.22714e-36	8.77178	0.682104	0.81852	3.32549	5.25467	0.867366	1.17567	2.20383	1	155.128	258579	0	0	1
203	rs1	1:1	2:0.281	rs2	1:2	2:0.524	0	1000	0	0.19825	1.50433	0.836199	4.77667e-17	10.6448	1.22785	0.838143	0.627045	1.05519	0.860217	1.71907	3.13263	1	31.5411	64663.6	0	0	1
204	rs1	1:1	2:0.2845	rs2	1:2	2:0.52325	0	1000	1	0.000369196	2.84175	0.71473	1.01534e-41	8.42932	0.613497	0.959487	-0.344466	1.19774	0.951808	0.941759	2.99639	0.0601274	15.4758	6.52657	0	0	9.95699e-12
205	rs1	1:1	2:0.278	rs2	1:2	2:0.51775	0	1000	0	0.986519	0.172221	1.04529	8.45622e-15	11.4758	1.42551	1	-28.0032	234568	0.841513	2.0995	3.57387	1	60.3348	246069	0	0	1
206	rs1	1:1	2:0.28325	rs2	1:2	2:0.52125	0	1000	0	0.999279	-11.2848	297.197	0.731424	35.9053	45.398	1	-24.5932	213776	0.732869	35.8941	45.5277	1	24.2257	224449	0	0	1
207	rs1	1:1	2:0.2825	rs2	1:2	2:0.517	0	1000	0	0.997955	-0.0706761	1.10447	1.06696e-14	11.3745	1.41801	1	-26.3192	165724	0.769411	1.61463	2.22998	1	60.7502	180293	0	0	1
208	rs1	1:1	2:0.28725	rs2	1:2	2:0.51925	0	1000	0	0.56312	0.879977	0.82111	7.19299e-18	10.9097	1.22785	0.999482	0.0345235	1.07206	0.832292	1.64476	2.71447	1	33.1432	67172.7	0	0	1
209	rs1	1:1	2:0.2835	rs2	1:2	2:0.51725	0	1000	0	0.934629	0.434279	1.18103	1	34.6846	66313.5	0.934629	0.434279	1.18103	1	35.0164	353007	1	-0.320937	390454	1	0	1
210	rs1	1:1	2:0.286	rs2	1:2	2:0.52275	0	1000	0	0.0698009	2.11246	0.915504	9.9611e-30	9.48712	0.820919	1	-31.5403	248983	0.997791	-0.556224	8.36342	1	74.4524	263158	0	0	1
211	rs1	1:1	2:0.2845	rs2	1:2	2:0.52525	0	1000	0	3.08892e-05	4.66695	1.02403	1.94656e-36	8.46826	0.660347	0.202225	1.72477	0.964664	0.853279	1.2097	2.14742	1	36.1439	74621.4	0	0	1
212	rs1	1:1	2:0.28075	rs2	1:2	2:0.51925	0	1000	0	0.999341	-12.6289	347.942	0.884118	36.17	72.8771	1	-26.6463	230394	0.885611	36.1454	73.3316	1	25.5644	241656	0	0	1
213	rs1	1:1	2:0.2845	rs2	1:2	2:0.5155	0	1000	0	0.987279	0.173859	1.08651	5.16928e-15	11.4961	1.41731	1	-24.8511	134965	0.848811	1.54983	2.7068	1	58.4312	150741	0	0	1
214	rs1	1:1	2:0.2845	rs2	1:2	2:0.5195	0	1000	0	0.00950027	1.80843	0.592597	2.326e-32	8.84065	0.732468	0.789113	0.528022	0.767193	0.753677	1.22118	1.62379	1	31.9826	64991.1	0	0	1
215	rs1	1:1	2:0.2785	rs2	1:2	2:0.52525	0	1000	0	1.07203e-05	2.76451	0.577864	4.95854e-39	7.74867	0.583416	0.546832	0.847692	0.771513	0.716124	1.08414	1.32667	1	31.8676	64160.1	0	0	1
216	rs1	1:1	2:0.2825	rs2	1:2	2:0.5235	0	1000	0	0.021592	2.12615	0.767664	1.45335e-25	9.29214	0.868836	0.5141	1.10838	0.960841	0.993713	-2.81808	25.0917	0.999934	734.045	64100.6	0	1	1
217	rs1	1:1	2:0.2845	rs2	1:2	2:0.52525	0	1000	0	0.00255427	3.11085	0.90028	8.65379e-31	8.93556	0.759424	0.854424	0.677569	1.20791	0.83394	1.29418	2.14749	1	36.5005	72740.2	0	0	1
218	rs1	1:1	2:0.2815	rs2	1:2	2:0.51825	0	1000	0	0.945608	1.62278	4.85211	1.56803e-15	11.4545	1.38725	1	-2840.87	1.40843e+15	1	-71914.2	2.96014e+14	1	360539	1.4764e+15	0	1	1
219	rs1	1:1	2:0.2815	rs2	1:2	2:0.521	0	1000	0	0.986167	0.886931	5.31387	1	34.6788	65194.1	0.986167	0.886931	5.31387	1	34.7827	135873	1	-0.509075	570565	1	0	1
220	rs1	1:1	2:0.279	rs2	1:2	2:0.52025	0	1000	0	0.0969085	1.45081	0.671502	8.79248e-18	10.2681	1.15859	0.476686	0.924656	0.759602	0.825143	1.67061	2.69454	1	30.3944	64419.8	0	0	1
221	rs1	1:1	2:0.28225	rs2	1:2	2:0.5195	0	1000	0	0.618233	3.94813	4.02582	1.41376e-17	11.0582	1.25536	1	-922.798	6.79734e+18	1	-2497.45	1.01049e+21	1	14798.1	5.13491e+21	0	1	1
222	rs1	1:1	2:0.2835	rs2	1:2	2:0.52	0	1000	0	0.0394308	1.66322	0.654059	1.91541e-18	10.1322	1.1217	0.217094	1.22111	0.698652	0.830314	1.64229	2.69299	1	32.0402	67261.8	0	0	1
223	rs1	1:1	2:0.28225	rs2	1:2	2:0.521	0	1000	0	0.666079	0.860028	0.954001	2.79887e-22	9.98657	1.0024	1	-31.6612	278319	0.992419	-1.64102	13.3021	1	76.0372	290926	0	0	1
224	rs1	1:1	2:0.2765	rs2	1:2	2:0.5235	0	1000	0	0.00225873	2.79742	0.801362	6.58188e-33	8.5528	0.702556	1	-26.7823	164053	0.781161	1.1708	1.66588	1	63.7467	179655	0	0	1
225	rs1	1:1	2:0.2785	rs2	1:2	2:0.521	0	1000	0	0.000744702	2.46668	0.649912	1.01646e-32	8.15622	0.671954	0.984718	0.199534	1.13695	0.722602	1.13333	1.40594	1	35.7803	72016.9	0	0	1
226	rs1	1:1	2:0.27975	rs2	1:2	2:0.52125	0	1000	1	0.363632	1.16575	0.819567	5.19213e-17	10.7697	1.24363	0.988631	0.1659	1.09708	0.790534	2.40328	3.50519	0.239095	13.1293	7.76107	0	0	0.00032995
227	rs1	1:1	2:0.27925	rs2	1:2	2:0.521	0	1000	0	0.0394826	9.24925	3.638	1.05321e-17	10.2397	1.15805	0.288353	6.2851	3.98531	0.874005	1.66518	3.20857	1	150.343	264226	0	0	1
228	rs1	1:1	2:0.2815	rs2	1:2	2:0.52175	0	1000	1	0.151	1.36474	0.701859	3.1557e-18	10.3952	1.15792	0.591249	0.821772	0.801572	0.998412	-0.97504	17.292	0.775239	17.5886	24.6491	0	0	0.000240824
229	rs1	1:1	2:0.28125	rs2	1:2	2:0.5205	0	1000	0	0.103881	1.61705	0.75984	8.60689e-29	9.31912	0.819726	1	-27.6281	235320	0.991397	-2.07846	15.8108	1	67.1041	246947	0	0	1
230	rs1	1:1	2:0.2805	rs2	1:2	2:0.52175	0	1000	0	0.369582	1.22691	0.869566	1.19288e-22	10.0938	1.00457	1	-27.1741	236375	0.995576	-1.30406	13.8481	1	65.5648	247714	0	0	1
231	rs1	1:1	2:0.27475	rs2	1:2	2:0.52225	0	1000	0	0.00534566	2.13912	0.661314	5.14137e-31	8.3599	0.707842	1	-25.4243	167817	0.707839	1.15907	1.39427	1	59.6617	181507	0	0	1
232	rs1	1:1	2:0.2845	rs2	1:2	2:0.52075	0	1000	0	0.217428	1.5795	0.904157	7.07035e-23	10.191	1.00902	1	-27.6239	228519	0.993609	0.686353	6.06131	1	63.6069	240731	0	0	1
233	rs1	1:1	2:0.27775	rs2	1:2	2:0.52225	0	1000	1	0.00602731	2.26499	0.708402	4.78508e-26	9.39324	0.869881	0.39566	1.12448	0.825753	0.999366	-0.369186	10.3684	0.606239	16.1968	16.189	0	0	3.29721e-06
234	rs1	1:1	2:0.285	rs2	1:2	2:0.52325	0	1000	0	0.00789969	2.19896	0.706703	2.2543e-30	8.92423	0.763762	0.97081	0.262987	1.08042	0.789098	1.26068	1.83163	1	33.5182	66756	0	0	1
235	rs1	1:1	2:0.285	rs2	1:2	2:0.52675	0	1000	0	0.0541632	2.91032	1.20518	5.15253e-23	10.0578	0.992763	1	-24.5989	154812	0.890558	1.51699	3.15073	1	60.0751	169748	0	0	1
236	rs1	1:1	2:0.272	rs2	1:2	2:0.5215	0	1000	0	0.42306	1.01882	0.776735	3.42313e-16	10.3814	1.23013	0.975634	0.230137	1.03611	0.763076	1.67216	2.27384	1	32.0517	66747	0	0	1
237	rs1	1:1	2:0.281	rs2	1:2	2:0.5215	0	1000	0	0.000369397	2.75895	0.693929	3.60867e-40	8.12492	0.602855	0.999711	-0.029938	1.24532	0.995456	-5.37215	56.2854	0.994037	808.507	7392.66	0	1	1
238	rs1	1:1	2:0.28375	rs2	1:2	2:0.5215	0	1000	0	0.935723	0.393498	1.07951	5.03356e-15	11.5639	1.42509	1	-25.8945	219119	0.998571	0.471994	8.82533	1	60.2691	230212	0	0	1
239	rs1	1:1	2:0.28	rs2	1:2	2:0.5165	0	1000	0	0.754963	0.680073	0.907027	0.997097	38.5324	505.302	0.671889	0.816735	0.915818	0.9909	-68.9668	510.058	0.936822	1155.54	3198.44	0	1	1
240	rs1	1:1	2:0.2895	rs2	1:2	2:0.52525	0	1000	0	0.149846	1.94261	0.997023	7.04123e-24	10.5093	1.01778	1	-28.1448	198945	0.93556	1.67843	4.59852	1	62.2307	212843	0	0	1
241	rs1	1:1	2:0.28175	rs2	1:2	2:0.51775	0	1000	0	0.00821731	2.31427	0.74681	1.00037e-33	8.68902	0.704843	1	-26.7039	167892	0.788972	1.10685	1.6076	1	62.9629	182959	0	0	1
242	rs1	1:1	2:0.27825	rs2	1:2	2:0.52325	0	1000	0	0.110925	1.51513	0.722492	4.09105e-17	10.0784	1.16012	0.513179	0.960452	0.831487	0.782854	1.66347	2.37731	1	33.6605	69934.3	0	0	1
243	rs1	1:1	2:0.2845	rs2	1:2	2:0.51875	0	1000	0	0.0653677	1.52991	0.655014	1.98615e-30	8.97313	0.767235	0.968826	-0.279916	1.11221	0.711622	1.21952	1.47843	1	35.4622	71114.3	0	0	1
244	rs1	1:1	2:0.28075	rs2	1:2	2:0.52125	0	1000	0	8.60643e-05	2.56248	0.592241	7.36761e-32	8.45046	0.705747	0.074625	1.41055	0.619129	0.827997	1.23357	2.00776	1	28.8478	58962	0	0	1
245	rs1	1:1	2:0.288	rs2	1:2	2:0.52275	0	1000	1	0.0505202	2.08602	0.853698	7.39595e-19	10.6511	1.16563	0.375553	1.28126	0.915485	0.954918	1.84284	6.06711	0.384427	13.794	9.97577	0	0	0.000578346
246	rs1	1:1	2:0.283	rs2	1:2	2:0.52075	0	1000	0	0.120769	1.93214	0.939687	1.38508e-22	10.1633	1.01298	1	-28.3086	234727	0.961731	1.35668	4.85638	1	63.4143	247021	0	0	1
247	rs1	1:1	2:0.287	rs2	1:2	2:0.522	0	1000	0	0.000498618	2.93135	0.751694	3.08589e-36	8.50682	0.66522	0.932668	0.401973	1.07658	0.819786	1.14305	1.81317	1	33.2123	65937.2	0	0	1
248	rs1	1:1	2:0.2825	rs2	1:2	2:0.52225	0	1000	0	0.0205176	2.18838	0.784929	4.11658e-26	9.39771	0.869174	0.572388	0.993516	0.940518	0.797224	1.40891	2.09276	1	37.9245	77664.5	0	0	1
249	rs1	1:1	2:0.28575	rs2	1:2	2:0.521	0	1000	0	0.0048554	3.00745	0.921329	8.64121e-26	9.32181	0.867675	0.312331	1.56056	1.02293	0.859077	1.39531	2.53152	1	39.3662	80280.7	0	0	1
250	rs1	1:1	2:0.2835	rs2	1:2	2:0.52225	0	1000	0	0.0301535	2.27361	0.859164	1.10665e-28	9.83669	0.866939	1	-32.8689	210153	0.45204	2.77291	2.20047	1	64.4407	224337	0	0	1
251	rs1	1:1	2:0.286	rs2	1:2	2:0.52375	0	1000	0	0.7075	0.990682	1.19089	4.20697e-15	11.523	1.4162	1	-24.7582	148167	0.883238	1.73876	3.48924	1	59.4085	163466	0	0	1
252	rs1	1:1	2:0.284	rs2	1:2	2:0.52425	0	1000	0	0.601564	1.27788	1.2675	1.24519e-14	11.3368	1.41673	1	-26.3435	170740	0.882757	1.74923	3.50259	1	63.2798	185968	0	0	1
253	rs1	1:1	2:0.285	rs2	1:2	2:0.51175	0	1000	0	0.118678	6.64183	3.21696	3.1515e-26	9.42706	0.869903	0.899773	1.88616	4.10398	0.779542	1.27075	1.80055	1	171.153	285633	0	0	1
254	rs1	1:1	2:0.27775	rs2	1:2	2:0.52425	0	1000	1	0.000173549	2.44589	0.587741	4.47389e-37	8.31518	0.642688	0.547067	0.819864	0.746452	0.991103	-1.49766	11.202	0.570397	16.1079	15.2013	0	0	8.83753e-10
255	rs1	1:1	2:0.289	rs2	1:2	2:0.51875	0	1000	1	0.00571634	1.99624	0.621137	1.70598e-32	8.85483	0.732086	0.732552	0.63554	0.805551	0.998209	-5.57493	93.0983	0.983869	26.3728	146.235	0	0	1.04162e-08
256	rs1	1:1	2:0.2785	rs2	1:2	2:0.51125	0	1000	0	2.70242e-05	2.42882	0.529539	5.12818e-32	8.15782	0.679592	0.0135109	1.73004	0.589648	0.98082	-9.26012	47.0525	0.999988	762.523	154772	0	1	1
257	rs1	1:1	2:0.281	rs2	1:2	2:0.523	0	1000	0	0.00519603	2.34785	0.723884	4.76228e-34	8.70832	0.702983	1	-24.1567	143095	0.778343	1.17109	1.65422	1	57.3315	157556	0	0	1
258	rs1	1:1	2:0.278	rs2	1:2	2:0.519	0	1000	0	0.0815432	7.70569	3.44153	1.79604e-23	9.3854	0.917023	0.981244	1.01772	5.22988	0.773891	1.3726	1.91705	1	160.691	264363	0	0	1
259	rs1	1:1	2:0.2775	rs2	1:2	2:0.516	0	1000	0	0.752735	2.97445	3.9464	6.02905e-17	10.6107	1.22772	0.978989	-1.11526	5.4118	0.756033	1.60207	2.14212	1	168.166	282690	0	0	1
260	rs1	1:1	2:0.27675	rs2	1:2	2:0.51875	0	1000	0	0.0412245	1.88229	0.745355	2.69152e-27	9.07031	0.819981	1	-27.0765	261109	0.992001	-1.54898	12.2222	1	65.2414	271273	0	0	1
261	rs1	1:1	2:0.284	rs2	1:2	2:0.521	0	1000	0	0.103734	1.6701	0.784521	1.28677e-29	9.45719	0.819902	1	-27.7996	222237	0.993849	-1.17713	10.5965	1	66.5453	234724	0	0	1
262	rs1	1:1	2:0.28375	rs2	1:2	2:0.5215	0	1000	0	0.998667	-11.0813	214.575	0.418864	34.7823	26.3652	1	-24.8407	201661	0.420317	34.7753	26.4125	1	25.1451	212789	0	0	1
