Outcome	Var1_ID	Var1_Pos	Var1_MAF	Var2_ID	Var2_Pos	Var2_MAF	Num_Missing	Num_Cases	Converged	Red_Var1_Het_Pval	Red_Var1_Het_beta	Red_Var1_Het_SE	Red_Var1_Hom_Pval	Red_Var1_Hom_beta	Red_Var1_Hom_SE	Red_Var2_Het_Pval	Red_Var2_Het_beta	Red_Var2_Het_SE	Red_Var2_Hom_Pval	Red_Var2_Hom_beta	Red_Var2_Hom_SE	Full_Var1_Het_Pval	Full_Var1_Het_beta	Full_Var1_Het_SE	Full_Var1_Hom_Pval	Full_Var1_Hom_beta	Full_Var1_Hom_SE	Full_Var2_Het_Pval	Full_Var2_Het_beta	Full_Var2_Het_SE	Full_Var2_Hom_Pval	Full_Var2_Hom_beta	Full_Var2_Hom_SE	Full_Var1_Het_Var2_Het_Pval	Full_Var1_Het_Var2_Het_beta	Full_Var1_Het_Var2_Het_SE	Full_Var1_Het_Var2_Hom_Pval	Full_Var1_Het_Var2_Hom_beta	Full_Var1_Het_Var2_Hom_SE	Full_Var1_Hom_Var2_Het_Pval	Full_Var1_Hom_Var2_Het_beta	Full_Var1_Hom_Var2_Het_SE	Full_Var1_Hom_Var2_Hom_Pval	Full_Var1_Hom_Var2_Hom_beta	Full_Var1_Hom_Var2_Hom_SE	Red_Model_Pval	Full_Model_Pval	Overall_Pval_(LRT)
1	rs1	1:1	2:0.553	rs2	1:2	2:0.5505	0	1000	0	0.999788	48.8181	184098	0.999432	53.9978	75878.7	0.999996	-0.661191	136894	0.999447	54.2922	78347.4	1	-1.29113e-11	193605	1	2.52243e-12	900101	1	-6.39688e-12	196065	1	6.35225e-12	985243	1	1.21408e-12	462906	nan	nan	nan	1	4.84945e-12	1.56406e+06	0.999964	60.4058	1.33347e+06	1	0	1
2	rs1	1:1	2:0.54725	rs2	1:2	2:0.55025	0	1000	0	0.999683	23.8564	60000.7	0.999576	31.8868	60000.7	0.999674	24.9705	61102.6	0.999583	31.9097	61102.6	1	4.99061e-09	207718	1	1.10557e-09	833763	1	1.55054e-09	201621	1	-7.37654e-10	833763	0.999923	26.6765	276747	1	-8.28103e-09	1.39105e+06	1	6.94953e-10	1.771e+06	0.999959	60.4058	1.17811e+06	1	0	1
3	rs1	1:1	2:0.5495	rs2	1:2	2:0.54775	0	1000	0	1	1.67615e-12	174194	0.999946	60.4058	899038	1	-2.46082e-12	181189	1	-3.5989e-12	899189	1	-1.0315e-11	194444	0.999951	60.4058	983844	1	6.28095e-13	204273	1	-2.94875e-12	985120	1	-8.60099e-12	442363	1	1.13403e-11	2.41176e+06	nan	nan	nan	nan	nan	nan	1	0	1
4	rs1	1:1	2:0.549	rs2	1:2	2:0.555	0	1000	0	0.999999	0.254886	137565	0.999394	54.6527	71973	0.999993	-1.14065	137789	0.99941	54.1658	73208.4	1	2.45254e-12	204550	1	3.30758e-12	833903	1	2.72948e-12	195233	1	9.23883e-12	639334	1	-3.89427e-12	482738	1	-3.48166e-13	1.68848e+06	1	3.21521e-12	1.29969e+06	0.999954	60.4058	1.04953e+06	1	0	1
5	rs1	1:1	2:0.5465	rs2	1:2	2:0.545	0	1000	0	0.999994	0.972768	138365	0.999417	54.9373	75238.1	0.999802	49.4949	199512	0.99942	54.273	74684.9	1	1.13837e-12	198034	1	9.74865e-12	833706	1	5.56222e-13	209461	1	3.94174e-12	614450	1	1.80428e-12	552536	1	3.82805e-12	2.2859e+06	nan	nan	nan	0.999953	60.4058	1.03456e+06	1	0	1
6	rs1	1:1	2:0.5515	rs2	1:2	2:0.548	0	1000	0	0.999994	-1.10306	141878	0.999424	53.3415	73889.3	0.999998	-0.264426	133681	0.999392	54.0627	70905.2	1	-1.29119e-11	198609	1	1.09157e-11	833842	1	-1.19359e-11	201948	1	-2.40732e-11	1.26987e+06	1	1.35743e-11	454594	1	3.02229e-11	2.01308e+06	1	-4.31655e-13	1.77104e+06	0.999968	60.4058	1.51833e+06	1	0	1
7	rs1	1:1	2:0.55025	rs2	1:2	2:0.54975	0	1000	0	0.999996	0.657956	132177	0.999401	54.2563	72240.3	0.999998	0.314834	137775	0.999411	54.0067	73146.6	1	8.53356e-12	196670	1	5.03775e-12	900011	1	5.56727e-12	199867	1	3.97193e-12	780619	1	2.29311e-12	470858	1	-3.06422e-12	2.33587e+06	1	2.54303e-11	2.3787e+06	0.99996	60.4058	1.19029e+06	1	0	1
8	rs1	1:1	2:0.54875	rs2	1:2	2:0.549	0	1000	0	0.999991	-1.59601	144021	0.999413	53.5909	72907.7	0.999999	-0.12949	135375	0.999395	54.2265	71553.5	1	4.1192e-13	207050	1	5.08571e-12	780485	1	2.32434e-12	202760	1	-2.56506e-12	1.10051e+06	1	2.09271e-12	458859	1	-1.25979e-11	1.56547e+06	1	-1.06226e-11	1.74668e+06	0.999964	60.4058	1.34829e+06	1	0	1
9	rs1	1:1	2:0.54775	rs2	1:2	2:0.551	0	1000	0	0.999999	-0.152687	140993	0.999414	53.5942	73005.1	0.999997	-0.53589	132813	0.999403	53.7687	71854	1	-8.52263e-13	201516	1	-1.28679e-11	985155	1	9.70918e-13	193154	1	-1.16636e-11	1.1006e+06	1	2.22913e-12	475251	1	1.6982e-12	2.46174e+06	1	-6.07159e-12	1.84615e+06	0.999967	60.4058	1.47623e+06	1	0	1
10	rs1	1:1	2:0.55025	rs2	1:2	2:0.55025	0	1000	0	0.999994	1.09943	134905	0.999397	54.7528	72435.2	1	0.0669238	140254	0.999403	54.5052	72785.4	1	3.37796e-12	201865	1	8.95284e-13	699195	1	-2.97867e-12	204823	1	-6.10711e-12	614608	1	8.95273e-12	475273	1	8.38973e-12	2.28623e+06	1	2.71783e-12	1.71212e+06	0.999948	60.4058	929584	1	0	1
11	rs1	1:1	2:0.549	rs2	1:2	2:0.54775	0	1000	0	0.999998	0.295095	138398	0.99941	53.9997	72976.6	0.999995	-0.888711	139182	0.999399	53.9409	71591.6	1	-7.1976e-12	205685	1	5.64526e-12	899870	1	-7.85733e-12	207589	1	-1.8634e-11	899870	1	6.23476e-12	445686	1	1.09424e-11	2.3792e+06	1	3.68061e-12	1.56554e+06	0.999962	60.4058	1.27169e+06	1	0	1
12	rs1	1:1	2:0.54625	rs2	1:2	2:0.5525	0	1000	0	0.999999	0.239546	135026	0.999384	54.5964	70747.8	0.999998	0.328863	140584	0.99942	54.057	74397.5	1	3.13694e-13	201460	1	-1.07683e-11	899992	1	-3.94806e-12	195058	1	-5.42855e-12	639281	1	-1.17124e-11	521452	1	1.04983e-12	1.68811e+06	1	3.09441e-11	2.3783e+06	0.999956	60.4058	1.10277e+06	1	0	1
13	rs1	1:1	2:0.5465	rs2	1:2	2:0.55075	0	1000	0	0.999999	0.190107	140326	0.999391	54.6385	71646.4	0.999995	0.816338	138462	0.999406	54.5246	73259.3	1	-1.22069e-12	207744	1	-1.22924e-12	699132	1	4.64212e-12	200509	1	3.26494e-12	639160	1	-1.4542e-11	498126	1	-8.23874e-12	1.68887e+06	1	-2.32774e-11	2.31029e+06	0.999949	60.4058	945996	1	0	1
14	rs1	1:1	2:0.54925	rs2	1:2	2:0.54975	0	1000	0	0.999998	-0.396594	131030	0.999384	54.2888	70367.4	0.999994	-1.19072	148408	0.999427	53.3561	74288.3	1	-1.63602e-11	200058	1	1.84102e-11	1.26984e+06	1	-8.52177e-12	206574	1	-1.64491e-12	736435	1	-8.32667e-16	453415	1	-4.78728e-12	1.47659e+06	1	-8.23164e-12	2.01388e+06	0.999967	60.4058	1.4671e+06	1	0	1
15	rs1	1:1	2:0.5515	rs2	1:2	2:0.5525	0	1000	0	0.999999	-0.151046	131571	0.999391	54.5429	71490	0.999998	-0.413795	141864	0.999416	54.0368	73870.5	1	-5.1617e-12	199867	1	-6.23857e-12	900011	1	2.83074e-12	203868	1	-8.27782e-13	667230	1	1.77219e-12	444499	1	1.17222e-11	1.44324e+06	1	7.84794e-12	1.80333e+06	0.999957	60.4058	1.11921e+06	1	0	1
16	rs1	1:1	2:0.5545	rs2	1:2	2:0.54825	0	1000	0	0.999995	-0.905756	133692	0.999411	53.8135	72879.9	0.999997	0.451738	136576	0.999403	54.1297	72399	1	-1.24609e-11	194184	1	-1.45075e-11	833890	1	-1.06069e-11	206953	1	-9.59943e-12	985166	1	2.0215e-11	439896	1	1.93658e-11	1.61433e+06	1	-1.4575e-11	2.35509e+06	0.999963	60.4058	1.2897e+06	1	0	1
17	rs1	1:1	2:0.54625	rs2	1:2	2:0.5515	0	1000	0	0.999996	-0.646415	136778	0.999381	54.143	69789.7	0.999988	-2.18484	144026	0.999436	52.972	74889.9	1	2.84649e-12	207692	1	2.76756e-12	1.55404e+06	1	-2.03981e-12	201595	1	-4.41425e-13	780485	1	1.31565e-11	458636	1	6.8523e-12	1.5001e+06	1	1.21929e-11	1.91112e+06	0.999972	60.4058	1.73833e+06	1	0	1
18	rs1	1:1	2:0.5495	rs2	1:2	2:0.54775	0	1000	0	0.999998	0.307388	149954	0.999451	54.4845	79164.7	0.999792	49.7492	190987	0.999397	54.8848	72653.2	1	-4.62447e-12	207076	1	-1.44684e-11	592609	1	1.13654e-12	203378	1	1.29106e-11	833763	1	-1.30096e-12	467623	1	-2.47624e-11	2.3551e+06	nan	nan	nan	0.999953	60.4058	1.02174e+06	1	0	1
19	rs1	1:1	2:0.55	rs2	1:2	2:0.548	0	1000	0	0.999995	-0.876119	141760	0.999408	53.99	72722.1	0.999995	0.809426	135348	0.999397	54.4708	72014.8	1	-9.22112e-12	200672	1	6.18883e-12	699179	1	-9.91029e-12	201811	1	-1.67333e-12	899942	1	1.87352e-11	489662	1	6.90648e-12	1.56464e+06	1	-3.52784e-12	2.3104e+06	0.999958	60.4058	1.13854e+06	1	0	1
20	rs1	1:1	2:0.554	rs2	1:2	2:0.55125	0	1000	0	0.999993	-1.16068	136787	0.999417	53.6092	73349.7	0.999996	0.696805	130163	0.999401	54.256	72241.1	1	-9.4634e-12	195066	1	-1.03579e-11	780724	1	-4.37622e-13	197602	1	-1.13438e-11	1.10068e+06	1	1.26558e-11	446854	1	2.73914e-12	1.68736e+06	1	1.6156e-11	2.33595e+06	0.999964	60.4058	1.34843e+06	1	0	1
21	rs1	1:1	2:0.55825	rs2	1:2	2:0.55	0	1000	0	0.999995	-0.810251	133723	0.999408	54.4236	73335.5	0.999997	-0.583353	141182	0.999396	54.572	72094.2	1	-8.67573e-12	192532	1	3.07665e-12	667317	1	-8.32556e-12	209123	1	-1.20615e-11	736613	1	1.15155e-11	459202	1	1.72946e-11	1.23906e+06	1	-6.19238e-12	1.29824e+06	0.999951	60.4058	992574	1	0	1
22	rs1	1:1	2:0.54875	rs2	1:2	2:0.543	0	1000	0	0.999992	-1.62575	153825	0.999439	52.9863	75344.5	0.999999	0.0973957	133624	0.999371	54.4249	69047.2	1	8.41652e-12	207864	1	1.25349e-11	666924	1	5.29229e-12	211239	1	3.88312e-12	1.55397e+06	1	-3.25838e-12	471664	1	8.63345e-11	2.20428e+06	1	-1.18323e-11	1.70007e+06	0.999972	60.4058	1.69039e+06	1	0	1
23	rs1	1:1	2:0.55225	rs2	1:2	2:0.54575	0	1000	0	0.999995	-0.79272	138975	0.999417	53.6098	73370	0.999995	-0.940421	140361	0.999394	53.9131	70971.5	1	1.37283e-11	193008	1	1.4392e-11	899973	1	-6.63442e-13	204300	1	-1.40332e-12	1.10057e+06	1	-8.78497e-12	493596	1	-1.21716e-11	1.91024e+06	1	-1.21787e-11	1.56511e+06	0.999966	60.4058	1.4208e+06	1	0	1
24	rs1	1:1	2:0.549	rs2	1:2	2:0.551	0	1000	0	0.999999	0.181748	143888	0.9994	54.6855	72708	0.999996	-0.695095	139527	0.999395	54.6567	72031.8	1	6.92857e-12	211684	1	4.17089e-12	639134	1	2.61619e-12	204530	1	-3.79785e-12	639134	1	-1.00245e-11	479525	1	-9.32232e-12	1.68936e+06	1	-3.26494e-12	1.18586e+06	0.999947	60.4058	902560	1	0	1
25	rs1	1:1	2:0.54825	rs2	1:2	2:0.545	0	1000	0	0.999999	-0.143047	139738	0.999412	53.5845	72766.3	0.999992	-1.35884	141807	0.9994	53.5166	71180.5	1	-3.91201e-12	194745	1	-1.42002e-11	1.10053e+06	1	-2.28906e-12	200590	1	-1.23279e-12	1.10053e+06	1	8.92439e-12	547930	1	2.3622e-11	2.4612e+06	1	1.87974e-11	1.68801e+06	0.999969	60.4058	1.5556e+06	1	0	1
26	rs1	1:1	2:0.54925	rs2	1:2	2:0.5455	0	1000	0	0.999997	0.475922	135835	0.999405	54.1387	72607.9	0.999998	0.365307	140734	0.999401	54.1187	72136.5	1	6.42364e-12	196245	1	4.75353e-12	833783	1	1.22459e-11	204662	1	5.39657e-12	833783	1	-2.01755e-11	508306	1	-2.36966e-12	2.35417e+06	1	-3.15836e-12	2.35489e+06	0.999959	60.4058	1.17812e+06	1	0	1
27	rs1	1:1	2:0.54625	rs2	1:2	2:0.547	0	1000	0	0.999999	0.210141	142527	0.999408	53.9885	72709.9	0.999997	0.564933	136093	0.999398	54.2391	71838	1	-3.73518e-12	201102	1	2.17071e-12	780505	1	8.53834e-12	197263	1	8.40927e-12	899912	1	-2.24837e-12	549037	1	-9.51772e-12	2.37881e+06	1	-2.3304e-11	2.33592e+06	0.99996	60.4058	1.19022e+06	1	0	1
28	rs1	1:1	2:0.548	rs2	1:2	2:0.55775	0	1000	0	0.999994	1.00751	133086	0.999391	54.6316	71521.4	0.999998	-0.258731	134492	0.99942	54.0561	74338.3	1	5.29465e-12	202637	1	8.03979e-12	900128	1	7.80787e-12	188727	1	5.07505e-12	639472	1	-5.37631e-12	473713	1	-1.27365e-11	2.29304e+06	1	-1.96039e-11	1.80168e+06	0.999956	60.4058	1.10288e+06	1	0	1
29	rs1	1:1	2:0.545	rs2	1:2	2:0.54625	0	1000	0	0.999997	0.487842	146811	0.999429	54.621	76365.6	0.999798	49.3503	195045	0.999414	54.3821	74010.3	1	-1.18561e-12	208596	1	5.35394e-12	780377	1	-3.34704e-12	207287	1	-1.91136e-11	736277	1	1.63984e-11	484556	1	1.97513e-10	2.32255e+06	nan	nan	nan	0.999955	60.4058	1.07186e+06	1	0	1
30	rs1	1:1	2:0.54775	rs2	1:2	2:0.5425	0	1000	0	0.999798	49.2767	194615	0.999426	54.1462	75268.1	0.999996	-0.81285	146582	0.999425	54.5782	75708.2	1	3.64708e-14	203488	1	3.30402e-13	736263	1	-9.96631e-12	210572	1	1.21645e-11	899789	1	8.52796e-12	520927	nan	nan	nan	1	1.26636e-11	1.33541e+06	0.999959	60.4058	1.16168e+06	1	0	1
31	rs1	1:1	2:0.55125	rs2	1:2	2:0.5535	0	1000	0	0.999998	-0.315534	127106	0.999389	53.8839	70420.6	0.999996	-0.744444	141381	0.999437	52.9793	75069.6	1	9.9728e-12	194666	1	-9.57456e-12	1.55417e+06	1	6.52577e-12	194666	1	-3.58202e-12	900121	1	-6.96491e-12	441486	1	-1.43885e-12	1.80231e+06	1	1.08074e-11	2.6947e+06	0.999973	60.4058	1.79523e+06	1	0	1
32	rs1	1:1	2:0.54775	rs2	1:2	2:0.55425	0	1000	0	0.999996	-0.710298	141505	0.999393	54.4523	71558.2	0.999995	0.918381	133990	0.999409	54.5415	73670.8	1	-4.07524e-12	206898	1	-9.91918e-12	699259	1	3.26139e-12	194125	1	-1.54436e-11	699259	1	-1.029e-11	489031	1	9.13403e-12	1.31464e+06	1	2.57572e-11	2.30974e+06	0.999951	60.4058	987596	1	0	1
33	rs1	1:1	2:0.54625	rs2	1:2	2:0.554	0	1000	0	0.999995	0.843957	138364	0.999394	54.5616	71894.5	0.999995	0.827544	132994	0.99941	54.4313	73569.8	1	-2.89974e-12	207503	1	-2.09965e-12	736519	1	5.30737e-12	192646	1	-1.301e-11	667213	1	-2.0894e-11	488714	1	-1.79163e-11	2.30141e+06	1	-1.36424e-11	2.32117e+06	0.999951	60.4058	992504	1	0	1
34	rs1	1:1	2:0.55275	rs2	1:2	2:0.55375	0	1000	0	0.999995	0.885379	134979	0.999407	54.5293	73379.8	0.999999	-0.22974	133410	0.9994	54.4926	72501.8	1	2.88181e-12	200738	1	1.44134e-11	699359	1	-3.10141e-13	197512	1	-9.45732e-12	699359	1	-8.4126e-12	449359	1	6.72173e-12	2.31031e+06	1	-3.89022e-12	1.45801e+06	0.999951	60.4058	987667	1	0	1
35	rs1	1:1	2:0.55325	rs2	1:2	2:0.5475	0	1000	0	0.999999	0.21655	130955	0.999399	54.4863	72374.4	0.999997	0.512155	142328	0.999406	54.2876	72957.4	1	1.31498e-11	199949	1	1.06581e-12	780498	1	1.79254e-11	218375	1	-8.92442e-12	699132	1	-2.19327e-11	430274	1	1.16138e-11	1.71154e+06	1	5.68079e-12	2.3378e+06	0.999954	60.4058	1.04669e+06	1	0	1
36	rs1	1:1	2:0.5535	rs2	1:2	2:0.551	0	1000	0	0.999995	0.906377	141327	0.999428	55.0151	76693.2	0.999794	49.8129	192847	0.999418	54.6464	74855.1	1	-7.71444e-12	199811	1	4.30944e-12	699251	1	-2.2739e-12	210111	1	3.02514e-12	614672	1	1.08362e-11	428602	1	2.51479e-11	2.28605e+06	nan	nan	nan	0.999948	60.4058	929626	1	0	1
37	rs1	1:1	2:0.5465	rs2	1:2	2:0.55125	0	1000	0	0.99986	-23.6294	134611	4.15078e-10	9.02265	1.44403	0.999673	25.227	61570	0.999583	32.1854	61570	1	-1.15801e-09	209103	1	-9.00588e-10	736421	0.999764	25.1989	85097.6	1	-1.75262e-09	736421	0.999955	-25.1989	446170	1	1.1494e-08	1.47784e+06	0.999988	-25.1989	1.7176e+06	0.999954	60.4058	1.04029e+06	1	0	1
38	rs1	1:1	2:0.54425	rs2	1:2	2:0.548	0	1000	0	0.999998	-0.387208	140763	0.999392	54.0676	70979.5	1	0.0676586	141773	0.999413	53.827	73225.7	1	-4.5477e-12	210669	1	5.74119e-12	984979	1	-7.72071e-12	204196	1	7.22977e-13	833668	1	8.93291e-12	469748	1	6.23146e-12	1.77205e+06	1	1.0683e-11	2.41257e+06	0.999963	60.4058	1.28955e+06	1	0	1
39	rs1	1:1	2:0.54875	rs2	1:2	2:0.5575	0	1000	0	0.999992	-1.37354	136697	0.999384	54.4051	70515.3	0.999997	0.592064	135892	0.999422	54.2342	74933	1	-3.07476e-13	203037	1	-5.14788e-12	833966	1	-1.30163e-12	191661	1	1.07718e-11	699367	1	5.92942e-12	492339	1	-1.88365e-11	1.06054e+06	1	-2.45137e-13	2.35379e+06	0.999956	60.4058	1.08714e+06	1	0	1
40	rs1	1:1	2:0.5535	rs2	1:2	2:0.5505	0	1000	0	0.999787	49.9866	187538	0.999424	54.5736	75595	1	-0.0689707	138559	0.999436	54.9655	77700.7	1	-3.54572e-12	197918	1	-5.2971e-12	639370	1	-1.73761e-12	199523	1	-4.44444e-12	736589	1	1.72523e-12	471148	nan	nan	nan	1	8.63132e-12	1.4305e+06	0.999951	60.4058	974005	1	0	1
41	rs1	1:1	2:0.5455	rs2	1:2	2:0.54975	0	1000	0	0.999995	0.80613	140776	0.999395	54.5657	71980.2	0.999995	0.819328	137093	0.999403	54.5067	72835.6	1	-7.3398e-12	212915	1	9.11982e-12	699056	1	-3.02353e-12	203142	1	1.41291e-11	667009	1	1.57308e-11	474780	1	1.13651e-11	2.30191e+06	1	-1.2939e-11	2.31052e+06	0.99995	60.4058	965030	1	0	1
42	rs1	1:1	2:0.55175	rs2	1:2	2:0.54975	0	1000	0	0.999996	-0.616379	138444	0.999399	54.488	72372.6	0.999998	-0.383416	141860	0.9994	54.4915	72455.8	1	-3.05977e-12	200727	1	-6.4766e-12	699195	1	1.00234e-11	206054	1	-1.17844e-11	699195	1	-7.02582e-12	480402	1	9.71667e-12	1.31369e+06	1	-4.53326e-12	1.45919e+06	0.999951	60.4058	987551	1	0	1
43	rs1	1:1	2:0.55025	rs2	1:2	2:0.551	0	1000	0	0.999996	-0.624436	136918	0.999394	54.4565	71665.5	0.999996	0.716798	138696	0.999409	54.4263	73445.7	1	2.35983e-12	203593	1	9.28324e-12	736458	1	1.54332e-12	204796	1	6.05738e-12	699187	1	1.21553e-12	458109	1	-4.27036e-12	1.31413e+06	1	-3.76872e-11	2.32221e+06	0.999952	60.4058	1.01427e+06	1	0	1
44	rs1	1:1	2:0.54975	rs2	1:2	2:0.54425	0	1000	0	0.999996	-0.681553	136998	0.999399	54.1082	71888	0.999998	0.297851	145455	0.999403	54.1291	72375.6	1	1.47236e-11	197045	1	1.12053e-11	833725	1	2.13873e-12	211583	1	1.14824e-11	833725	1	-7.45626e-12	498435	1	-1.17915e-11	1.52709e+06	1	5.74119e-12	2.3555e+06	0.999959	60.4058	1.17808e+06	1	0	1
45	rs1	1:1	2:0.54975	rs2	1:2	2:0.545	0	1000	0	0.999998	0.423104	144941	0.999449	54.4648	78854.8	0.999797	49.5716	194906	0.999398	54.7235	72563.1	1	9.90874e-14	198331	1	1.19833e-11	639168	1	-1.66078e-12	204030	1	-1.65805e-11	833776	1	-1.30712e-12	523818	1	-2.08509e-11	2.35435e+06	nan	nan	nan	0.999954	60.4058	1.04943e+06	1	0	1
46	rs1	1:1	2:0.5525	rs2	1:2	2:0.55275	0	1000	0	1	-0.0430092	137878	0.999422	53.6381	74087.3	0.999996	-0.727203	130005	0.999398	53.9332	71449.7	1	3.4196e-12	196187	1	7.64899e-12	900128	1	6.395e-12	192779	1	2.25597e-12	1.1007e+06	1	-7.40219e-12	453457	1	-1.17844e-11	2.46131e+06	1	-2.15117e-11	1.56365e+06	0.999966	60.4058	1.4209e+06	1	0	1
47	rs1	1:1	2:0.55075	rs2	1:2	2:0.55125	0	1000	0	0.999996	0.644803	132612	0.999433	54.5235	76678.4	0.999791	48.6214	185840	0.999437	53.7827	76163.7	1	-3.70498e-12	192624	1	-4.99867e-12	1.10067e+06	1	-9.47603e-13	196035	1	-1.84031e-12	780716	1	9.78906e-12	472565	1	5.67724e-12	2.33554e+06	nan	nan	nan	0.999964	60.4058	1.34842e+06	1	0	1
48	rs1	1:1	2:0.54975	rs2	1:2	2:0.542	0	1000	0	0.999999	-0.120576	141484	0.99942	53.6263	73800.4	0.999997	0.440601	139438	0.999387	54.181	70548.6	1	-3.92225e-12	196965	1	6.71463e-12	780430	1	2.24459e-12	210817	1	-5.1017e-12	1.10047e+06	1	-1.18686e-12	498110	1	1.04556e-11	2.46138e+06	1	-1.11982e-11	2.33711e+06	0.999964	60.4058	1.34826e+06	1	0	1
49	rs1	1:1	2:0.5515	rs2	1:2	2:0.55	0	1000	0	0.999858	-22.9266	129037	5.15934e-09	8.55974	1.46522	0.999899	-19.538	154497	1.87229e-09	8.7414	1.45484	0.999892	-23.7383	175698	0.999977	-23.7383	829429	0.999894	-23.7383	178583	0.999979	-23.7383	895885	0.999957	23.7383	439220	0.999992	23.7383	2.37679e+06	nan	nan	nan	0.999945	84.1441	1.22286e+06	1	0	1
50	rs1	1:1	2:0.544	rs2	1:2	2:0.5485	0	1000	0	0.999994	-1.02414	147706	0.999437	54.3833	77011.6	0.999795	49.2393	191369	0.99942	54.2796	74691.2	1	-6.07253e-12	210718	1	1.05338e-11	833681	1	6.23457e-12	201860	1	9.0985e-12	833681	1	4.07752e-12	494101	1	1.09672e-11	1.3915e+06	nan	nan	nan	0.999959	60.4058	1.17805e+06	1	0	1
51	rs1	1:1	2:0.553	rs2	1:2	2:0.549	0	1000	0	0.999998	-0.291373	137658	0.999403	54.507	72822.1	0.999994	1.05144	137518	0.999397	54.7525	72421.9	1	5.53485e-12	203512	1	1.23137e-11	614572	1	-6.1155e-12	211173	1	1.23954e-11	699164	1	1.48962e-11	446250	1	-9.57101e-12	1.45884e+06	1	-1.33902e-11	2.28707e+06	0.999948	60.4058	929560	1	0	1
52	rs1	1:1	2:0.5465	rs2	1:2	2:0.54925	0	1000	0	0.999796	49.0741	191872	0.99941	54.3637	73552.9	0.999995	-0.948704	144040	0.99945	54.1095	78554.2	1	-8.31279e-13	206999	1	1.29994e-11	985043	1	-3.75941e-12	202121	1	3.09441e-12	780471	1	3.49729e-11	462725	nan	nan	nan	1	7.62412e-12	1.6153e+06	0.999962	60.4058	1.25582e+06	1	0	1
53	rs1	1:1	2:0.55125	rs2	1:2	2:0.55125	0	1000	0	1	-0.0437044	142321	0.999408	54.4243	73378.5	1	-0.0173765	134351	0.999393	54.7293	71891.3	1	-4.56302e-13	207955	1	-8.36309e-12	614608	1	8.86846e-13	202444	1	1.41398e-11	736465	1	-6.78591e-12	455054	1	-2.13163e-11	1.72805e+06	1	-2.66276e-12	1.42008e+06	0.99995	60.4058	957932	1	0	1
54	rs1	1:1	2:0.557	rs2	1:2	2:0.55275	0	1000	0	0.999999	-0.0862848	133275	0.999406	54.6278	73419.7	0.999999	-0.099076	136497	0.999399	54.6819	72633.6	1	2.95414e-12	193791	1	-3.57048e-12	639491	1	-3.49282e-12	201564	1	-5.47473e-12	667406	1	1.26477e-12	460626	1	-6.70397e-12	1.44242e+06	1	-1.81402e-11	1.43079e+06	0.999948	60.4058	922796	1	0	1
55	rs1	1:1	2:0.55175	rs2	1:2	2:0.549	0	1000	0	0.999994	-1.00376	139429	0.999412	53.8181	72985.7	0.999996	0.742525	133432	0.999398	54.3668	72059.3	1	4.45388e-12	198186	1	4.14957e-12	736519	1	-2.59373e-12	200923	1	7.24754e-13	985149	1	5.32463e-12	467109	1	1.7927e-11	1.61482e+06	1	3.70104e-11	2.32188e+06	0.999961	60.4058	1.22899e+06	1	0	1
56	rs1	1:1	2:0.553	rs2	1:2	2:0.55075	0	1000	0	0.999684	24.443	61743.7	0.999586	32.0662	61743.7	0.999855	-23.1167	127190	5.26147e-10	9.00585	1.44996	0.999769	25.134	86879	1	-2.5129e-05	736628	1	-2.51349e-05	198066	1	-2.51229e-05	780708	0.999956	-25.134	453086	0.999987	-25.134	1.4882e+06	1	2.51276e-05	1.72689e+06	0.999955	60.4058	1.0721e+06	1	0	1
57	rs1	1:1	2:0.54575	rs2	1:2	2:0.554	0	1000	0	0.999863	-22.8022	132757	6.23231e-11	9.40452	1.43843	0.999861	-22.4616	128999	5.78889e-10	8.99934	1.45243	0.999898	-23.729	185466	0.999974	-23.729	731487	0.999889	-23.729	171359	0.999969	-23.729	608634	0.999964	23.729	522626	0.999989	23.729	1.6771e+06	0.999992	23.729	2.3195e+06	0.99993	84.1348	954113	1	0	1
58	rs1	1:1	2:0.55	rs2	1:2	2:0.5445	0	1000	0	0.999995	0.913976	136912	0.999401	54.6	72775.2	0.999995	-0.933351	148562	0.999394	54.3456	71518.6	1	5.31536e-12	196080	1	-6.27054e-12	736377	1	-9.57973e-12	209613	1	-8.44125e-12	667056	1	-2.18175e-12	573292	1	1.92806e-11	2.30041e+06	1	1.79234e-11	1.33526e+06	0.999951	60.4058	992398	1	0	1
59	rs1	1:1	2:0.55325	rs2	1:2	2:0.548	0	1000	0	0.999998	-0.396635	139649	0.999448	54.5996	78956.9	0.999794	49.7977	192826	0.999408	54.6923	73757.5	1	9.64506e-13	194184	1	5.65592e-12	667239	1	-6.86295e-12	203896	1	1.12337e-11	780627	1	2.37345e-11	487769	1	-1.66018e-11	1.49829e+06	nan	nan	nan	0.999953	60.4058	1.02566e+06	1	0	1
60	rs1	1:1	2:0.5535	rs2	1:2	2:0.5495	0	1000	0	0.999995	-0.927329	137524	0.999407	54.1528	72908.5	1	0.0861892	137490	0.999398	54.4793	72193.6	1	3.89144e-12	198186	1	-4.87788e-12	699251	1	1.57929e-13	205015	1	-6.6791e-12	833869	1	-1.28219e-11	459906	1	7.30793e-12	1.38966e+06	1	3.1033e-12	1.71214e+06	0.999956	60.4058	1.08707e+06	1	0	1
61	rs1	1:1	2:0.5535	rs2	1:2	2:0.5545	0	1000	0	0.999994	-1.01452	143256	0.99942	53.8618	74070.5	1	0.0268349	127391	0.999392	54.6367	71662.8	1	-1.44053e-11	205963	1	-5.73941e-12	639398	1	-1.22073e-11	195944	1	-2.53273e-11	985219	1	1.57256e-11	430444	1	2.75229e-11	1.61579e+06	1	1.56746e-11	1.43001e+06	0.999959	60.4058	1.17336e+06	1	0	1
62	rs1	1:1	2:0.551	rs2	1:2	2:0.55	0	1000	0	0.999993	1.1456	137695	0.9994	54.8475	72897.1	0.999998	0.409843	138620	0.999396	54.826	72387.2	1	-2.6511e-12	203029	1	-2.1565e-12	592692	1	-9.49019e-13	204823	1	7.27596e-12	592692	1	2.11053e-13	491857	1	-7.3932e-12	2.28054e+06	1	-1.28288e-11	1.67145e+06	0.999942	60.4058	836705	1	0	1
63	rs1	1:1	2:0.552	rs2	1:2	2:0.55	0	1000	0	0.999997	-0.512594	131459	0.999403	53.7662	71805.2	0.999994	-1.1201	140641	0.999418	53.3117	73140.4	1	6.34373e-12	197656	1	8.55849e-12	1.26988e+06	1	9.96042e-12	204410	1	-2.98428e-13	985149	1	-5.29068e-12	427683	1	-4.01634e-12	1.84663e+06	1	-1.08678e-11	2.01366e+06	0.99997	60.4058	1.60641e+06	1	0	1
64	rs1	1:1	2:0.54775	rs2	1:2	2:0.55325	0	1000	0	0.999996	-0.651836	144084	0.999401	54.2594	72269.3	0.999998	-0.355081	134688	0.999402	54.3898	72565.5	1	3.36348e-12	211251	1	2.58282e-12	736458	1	-4.43029e-12	196904	1	-3.9222e-12	780547	1	-3.81917e-14	462269	1	-2.08189e-12	1.5006e+06	1	8.27072e-12	1.47617e+06	0.999955	60.4058	1.07198e+06	1	0	1
65	rs1	1:1	2:0.54925	rs2	1:2	2:0.55025	0	1000	0	0.999997	0.436574	139856	0.99941	54.1655	73241.9	1	0.0331473	133881	0.999397	54.3608	71913.5	1	-7.49789e-13	204823	1	1.18945e-11	736465	1	7.74703e-12	199614	1	6.15685e-12	833822	1	-4.56135e-12	460523	1	8.28493e-12	2.3549e+06	1	-5.98632e-12	1.72706e+06	0.999957	60.4058	1.11137e+06	1	0	1
66	rs1	1:1	2:0.5525	rs2	1:2	2:0.55025	0	1000	0	0.999996	0.668563	134761	0.99941	54.3062	73399.2	0.999993	-1.21649	137896	0.999398	54.1029	71745.8	1	3.35876e-12	199263	1	6.3487e-12	833869	1	1.54043e-12	203222	1	-2.0961e-12	780605	1	-7.0346e-12	455398	1	7.94387e-12	2.33609e+06	1	-2.02505e-12	1.30092e+06	0.999958	60.4058	1.1411e+06	1	0	1
67	rs1	1:1	2:0.5535	rs2	1:2	2:0.5515	0	1000	0	0.999995	-0.838104	143098	0.999417	54.0395	73926.3	1	0.0132357	131557	0.999389	54.7083	71443.8	1	-6.91752e-12	197572	1	-2.17071e-12	614813	1	-1.91924e-12	194543	1	-7.38609e-12	900095	1	1.23906e-11	504519	1	-1.42819e-12	1.56425e+06	1	5.31486e-12	1.41898e+06	0.999956	60.4058	1.08877e+06	1	0	1
68	rs1	1:1	2:0.54825	rs2	1:2	2:0.55375	0	1000	0	0.999792	49.8832	191115	0.999403	54.8393	73285.2	0.999997	-0.579764	143010	0.999453	54.4908	79534	1	9.46337e-12	207395	1	1.18696e-11	833842	1	-5.20783e-12	199698	1	2.97007e-12	614635	1	-1.83157e-11	449754	nan	nan	nan	1	2.39453e-12	1.52743e+06	0.999953	60.4058	1.03467e+06	1	0	1
69	rs1	1:1	2:0.55675	rs2	1:2	2:0.54825	0	1000	0	1	-0.0124784	141453	0.999436	53.7071	75931.4	1	-0.0257056	129469	0.999376	54.6333	69867.1	1	4.09089e-13	198808	1	-1.43876e-11	614700	1	-4.90857e-13	206953	1	-8.21387e-12	1.10061e+06	1	2.60569e-13	429396	1	2.22045e-11	2.46152e+06	1	9.36051e-12	1.42073e+06	0.999962	60.4058	1.2596e+06	1	0	1
70	rs1	1:1	2:0.55025	rs2	1:2	2:0.545	0	1000	0	0.999995	0.867876	133125	0.999399	54.4855	72356.4	0.999997	0.451725	144411	0.999402	54.2665	72452.8	1	7.61619e-12	198141	1	-5.60973e-12	780457	1	1.20637e-12	213731	1	-5.11946e-12	699086	1	-5.43354e-12	477781	1	4.1851e-12	2.31008e+06	1	-2.79954e-12	2.33737e+06	0.999954	60.4058	1.04666e+06	1	0	1
71	rs1	1:1	2:0.5485	rs2	1:2	2:0.55275	0	1000	0	0.999998	0.431154	139246	0.999408	54.1525	72929.6	0.999995	0.837673	129947	0.999402	54.3909	72623.2	1	-1.57637e-11	207476	1	3.50653e-12	736511	1	-1.19933e-11	195562	1	-2.4869e-13	833862	1	3.59113e-11	447933	1	-1.60938e-12	2.35514e+06	1	-1.38698e-11	2.32142e+06	0.999957	60.4058	1.1114e+06	1	0	1
72	rs1	1:1	2:0.54625	rs2	1:2	2:0.5495	0	1000	0	0.999797	49.0258	192823	0.999414	54.2436	73882.6	0.999997	0.44401	139538	0.99944	54.4177	77549.6	1	-1.5674e-11	204137	1	2.01403e-11	833802	1	-7.88225e-12	196329	1	-7.91189e-12	833802	1	1.28848e-11	488876	nan	nan	nan	1	-1.06972e-11	2.35418e+06	0.999959	60.4058	1.17813e+06	1	0	1
73	rs1	1:1	2:0.55225	rs2	1:2	2:0.54575	0	1000	0	0.99995	46.0245	732842	0.999429	54.1837	75761.8	0.999995	5.0284	738518	0.999423	54.3086	75069.1	1	-5.99665e-12	192142	1	-7.35056e-12	833862	1	4.63996e-12	204987	1	-7.68807e-12	899992	1	-1.29873e-11	471225	nan	nan	nan	nan	nan	nan	0.999961	60.4058	1.22587e+06	1	0	1
74	rs1	1:1	2:0.5475	rs2	1:2	2:0.5525	0	1000	0	0.999999	-0.186667	139730	0.999399	54.2457	71970.4	0.999996	0.681892	133630	0.999408	54.2994	73245.3	1	6.54249e-12	203841	1	-7.53175e-13	780612	1	3.40078e-12	193637	1	-1.2399e-12	780612	1	-1.17545e-11	487551	1	5.61329e-13	1.74681e+06	1	-1.60689e-11	2.33562e+06	0.999956	60.4058	1.10278e+06	1	0	1
75	rs1	1:1	2:0.54925	rs2	1:2	2:0.54775	0	1000	0	0.999796	48.8818	191520	0.999438	53.7864	76416.1	0.999998	-0.373818	135744	0.999423	54.5758	75527.4	1	-1.02555e-11	203512	1	5.9881e-12	736435	1	-3.81722e-12	199504	1	-1.59623e-11	1.10054e+06	1	1.60747e-11	473756	nan	nan	nan	1	-2.33946e-12	1.47651e+06	0.999964	60.4058	1.32328e+06	1	0	1
76	rs1	1:1	2:0.55125	rs2	1:2	2:0.54925	0	1000	0	0.999999	0.162006	133152	0.999397	54.4755	72124.2	0.999997	0.564895	139924	0.999408	54.2969	73182.4	1	9.2823e-12	198580	1	1.17559e-11	780569	1	-2.66764e-12	206108	1	-3.04112e-12	699211	1	1.36483e-11	460625	1	7.34346e-12	1.71138e+06	1	8.28848e-12	2.33669e+06	0.999954	60.4058	1.04674e+06	1	0	1
77	rs1	1:1	2:0.54775	rs2	1:2	2:0.55175	0	1000	0	0.999797	49.2996	193909	0.999426	54.1445	75218.1	0.999999	0.245832	132599	0.999432	54.7405	76850.7	1	5.60707e-12	203362	1	5.05018e-12	699292	1	4.62547e-12	190020	1	-1.56106e-11	900030	1	-4.88154e-12	512491	nan	nan	nan	1	7.10187e-12	1.71041e+06	0.999958	60.4058	1.13861e+06	1	0	1
78	rs1	1:1	2:0.54725	rs2	1:2	2:0.545	0	1000	0	0.999997	-0.514507	143893	0.999406	53.9825	72555.9	0.999996	0.616741	139213	0.999395	54.349	71643.4	1	-9.97202e-13	200348	1	4.22951e-12	736362	1	3.9268e-12	202654	1	-9.80549e-13	899870	1	-5.65226e-12	550790	1	2.30216e-12	1.80294e+06	1	2.78888e-12	2.32203e+06	0.999959	60.4058	1.16175e+06	1	0	1
79	rs1	1:1	2:0.55	rs2	1:2	2:0.55175	0	1000	0	0.999996	0.792391	140928	0.999433	54.8709	77264.7	0.999789	49.6709	187827	0.999419	54.5454	74930.2	1	9.09062e-12	200449	1	2.03926e-12	736542	1	-2.92683e-12	199349	1	-5.15143e-13	667239	1	-1.66189e-12	462749	1	9.14824e-12	2.30079e+06	nan	nan	nan	0.999951	60.4058	992521	1	0	1
80	rs1	1:1	2:0.54875	rs2	1:2	2:0.5505	0	1000	0	0.999999	-0.150631	138110	0.9994	54.2521	72120.6	0.999996	0.626498	135920	0.999407	54.2887	72988.3	1	-1.52285e-11	205355	1	-8.99547e-12	780533	1	-1.2341e-11	201783	1	-8.06821e-12	780533	1	2.36169e-11	453614	1	8.52296e-12	1.74699e+06	1	2.39879e-11	2.33631e+06	0.999956	60.4058	1.10273e+06	1	0	1
81	rs1	1:1	2:0.55225	rs2	1:2	2:0.5515	0	1000	0	0.999787	49.588	185767	0.999417	54.5359	74677.5	1	-0.017481	139397	0.999449	54.6161	79105	1	1.34202e-11	194574	1	1.22959e-11	780724	1	1.23273e-11	196065	1	-2.85638e-12	736645	1	-2.14704e-11	478801	nan	nan	nan	1	-2.50324e-11	1.74592e+06	0.999955	60.4058	1.07211e+06	1	0	1
82	rs1	1:1	2:0.5455	rs2	1:2	2:0.5505	0	1000	0	0.999995	-0.886601	145610	0.999394	54.3442	71497.2	1	-0.0259474	139591	0.999404	54.3995	72789.1	1	-4.14546e-12	210261	1	-1.45448e-11	736369	1	-1.97592e-12	199260	1	-3.26494e-12	736369	1	1.85635e-12	511826	1	8.14637e-12	1.33536e+06	1	3.79785e-12	1.72702e+06	0.999954	60.4058	1.04025e+06	1	0	1
83	rs1	1:1	2:0.5515	rs2	1:2	2:0.551	0	1000	0	0.999792	48.9538	187522	0.999433	53.9985	75983.2	0.999995	-0.779726	135141	0.99944	54.4106	77595.9	1	-5.62345e-12	196964	1	4.62563e-12	833952	1	7.48313e-12	193965	1	-1.27542e-11	985219	1	-7.70975e-12	478973	nan	nan	nan	1	-2.14229e-12	1.38906e+06	0.999963	60.4058	1.28974e+06	1	0	1
84	rs1	1:1	2:0.548	rs2	1:2	2:0.551	0	1000	0	0.999795	49.8224	194217	0.999406	54.7725	73595.1	0.999997	0.617945	145910	0.999436	54.7783	77448.9	1	-7.45248e-12	211019	1	3.87956e-12	699117	1	-8.4498e-12	205169	1	-1.24381e-11	639143	1	1.93586e-11	443712	nan	nan	nan	1	1.93801e-11	2.3107e+06	0.999949	60.4058	945984	1	0	1
85	rs1	1:1	2:0.545	rs2	1:2	2:0.5465	0	1000	0	0.999997	-0.623262	146343	0.999445	54.0768	77733	0.999797	48.702	191748	0.999417	54.0939	73978.4	1	1.49958e-11	204374	1	3.76943e-12	899852	1	8.45979e-12	200836	1	5.91172e-12	985016	1	-1.3929e-11	503327	1	-4.59011e-12	1.84736e+06	nan	nan	nan	0.999964	60.4058	1.3333e+06	1	0	1
86	rs1	1:1	2:0.5535	rs2	1:2	2:0.55325	0	1000	0	0.999995	0.822094	132655	0.999408	54.4214	73334.9	0.999997	-0.471792	134567	0.999403	54.27	72527.9	1	1.15444e-11	201716	1	3.09583e-11	780664	1	-3.17568e-12	202287	1	-1.40865e-11	736581	1	8.50287e-12	422871	1	6.00053e-12	2.32194e+06	1	-6.3558e-12	1.49937e+06	0.999955	60.4058	1.07207e+06	1	0	1
87	rs1	1:1	2:0.5495	rs2	1:2	2:0.549	0	1000	0	0.999793	49.7184	191491	0.999418	54.533	74712.3	0.999995	0.877872	140579	0.999429	54.9292	76689.9	1	1.74305e-13	202471	1	4.26859e-12	639237	1	1.02932e-11	199642	1	1.98952e-12	736473	1	8.33977e-12	489480	nan	nan	nan	1	1.15783e-11	2.29278e+06	0.999951	60.4058	973917	1	0	1
88	rs1	1:1	2:0.55525	rs2	1:2	2:0.5525	0	1000	0	0.999994	-0.997606	131785	0.999406	53.9787	72464.8	0.999998	-0.368228	136841	0.99941	54.0025	73031.8	1	-8.08131e-12	190263	1	-1.12266e-11	900175	1	-6.66128e-12	196404	1	-1.03491e-11	900175	1	4.55486e-12	466432	1	-2.21334e-12	1.42924e+06	1	1.39551e-11	1.8025e+06	0.999962	60.4058	1.27191e+06	1	0	1
89	rs1	1:1	2:0.54625	rs2	1:2	2:0.551	0	1000	0	0.999998	-0.395543	137516	0.999386	54.4115	70688.3	0.999996	-0.638657	144161	0.999418	53.8497	73775.2	1	-3.21743e-13	204662	1	-1.2335e-11	985076	1	-1.45786e-12	200003	1	-1.61648e-13	699148	1	-5.11713e-12	490616	1	-1.50102e-12	1.459e+06	1	1.68718e-11	1.84688e+06	0.99996	60.4058	1.20696e+06	1	0	1
90	rs1	1:1	2:0.5525	rs2	1:2	2:0.54725	0	1000	0	0.999789	48.8895	184580	0.999432	53.9956	75848.1	0.999999	-0.2594	140530	0.999439	54.4104	77318.5	1	2.20082e-12	196041	1	-1.24487e-11	833856	1	3.35612e-12	204355	1	1.16671e-11	985138	1	-5.20634e-12	450536	nan	nan	nan	1	-4.05365e-12	1.77131e+06	0.999963	60.4058	1.28968e+06	1	0	1
91	rs1	1:1	2:0.5485	rs2	1:2	2:0.55225	0	1000	0	0.999996	0.70951	140082	0.999433	54.764	76998.2	0.999789	49.3627	186240	0.999425	54.3142	75405.2	1	3.66485e-12	201008	1	4.41602e-12	833890	1	-1.01413e-12	196699	1	-6.40732e-12	699276	1	6.19971e-12	466480	1	9.44667e-12	2.31033e+06	nan	nan	nan	0.999956	60.4058	1.08709e+06	1	0	1
92	rs1	1:1	2:0.55225	rs2	1:2	2:0.5565	0	1000	0	0.999993	1.17927	130429	0.999396	54.7481	72341.2	1	0.0054629	134465	0.999413	54.3274	73900.2	1	-1.37496e-12	199370	1	-9.79838e-12	780770	1	4.10966e-12	195251	1	2.5473e-12	614882	1	-1.48467e-11	443796	1	9.33653e-12	2.28601e+06	1	-1.00648e-11	1.74583e+06	0.999951	60.4058	992398	1	0	1
93	rs1	1:1	2:0.5515	rs2	1:2	2:0.54575	0	1000	0	0.99996	46.3107	930022	0.999427	54.4748	75881	0.999995	5.54159	934709	0.999413	54.7326	74454.7	1	5.35127e-13	195899	1	1.55786e-11	667154	1	-5.36959e-12	205435	1	7.61347e-12	780554	1	2.58049e-12	489213	nan	nan	nan	nan	nan	nan	0.999953	60.4058	1.02561e+06	1	0	1
94	rs1	1:1	2:0.552	rs2	1:2	2:0.5465	0	1000	0	0.999995	0.772522	135223	0.999408	54.4204	73305.8	0.999995	0.850229	138096	0.999395	54.5628	71924.8	1	5.06301e-12	194972	1	5.18341e-12	667180	1	7.25919e-12	204905	1	1.25731e-11	736488	1	-1.37564e-11	507816	1	-1.46763e-11	2.32137e+06	1	-4.1485e-11	2.30118e+06	0.999951	60.4058	992481	1	0	1
95	rs1	1:1	2:0.55175	rs2	1:2	2:0.54725	0	1000	0	0.999997	0.520712	135530	0.999411	54.171	73375.6	0.999999	-0.1804	138644	0.999397	54.2344	71713	1	9.53315e-12	195029	1	-1.60014e-11	780590	1	8.57647e-14	203166	1	3.68416e-12	833856	1	-1.25566e-13	487859	1	1.33937e-12	2.35407e+06	1	3.85825e-12	1.74673e+06	0.999958	60.4058	1.14109e+06	1	0	1
96	rs1	1:1	2:0.55125	rs2	1:2	2:0.556	0	1000	0	0.999998	0.334647	140214	0.999401	54.7748	72918	0.999999	0.144793	132483	0.9994	54.8505	72954.4	1	-1.11e-12	204835	1	-2.56506e-12	592905	1	-1.43974e-12	193096	1	-3.21165e-12	614813	1	5.15832e-12	487587	1	1.61329e-11	1.67935e+06	1	-2.80664e-13	1.40943e+06	0.999943	60.4058	852519	1	0	1
97	rs1	1:1	2:0.549	rs2	1:2	2:0.555	0	1000	0	0.999998	-0.364277	142428	0.999446	54.7203	78760.1	0.999784	49.7716	183531	0.999423	54.5705	75435.5	1	-4.92084e-12	202979	1	-8.75744e-12	736613	1	6.21075e-12	192063	1	1.07185e-11	736613	1	-1.46624e-11	470163	1	-1.38911e-11	1.47699e+06	nan	nan	nan	0.999954	60.4058	1.04043e+06	1	0	1
98	rs1	1:1	2:0.5495	rs2	1:2	2:0.55125	0	1000	0	0.999997	-0.517753	147252	0.999414	54.0252	73590.8	0.999997	-0.469659	132428	0.999389	54.5305	71211.7	1	1.24197e-11	205571	1	1.33813e-11	667196	1	9.21913e-12	195029	1	-4.20641e-12	899985	1	-2.32543e-11	494894	1	-3.88276e-11	1.80352e+06	1	-8.054e-12	1.29605e+06	0.999957	60.4058	1.11919e+06	1	0	1
99	rs1	1:1	2:0.548	rs2	1:2	2:0.5485	0	1000	0	0.999792	49.7981	191103	0.999401	54.8291	73059.7	0.999998	-0.309912	149612	0.999451	54.4762	79171.4	1	6.9949e-12	201621	1	-6.77502e-12	833763	1	-2.44221e-12	206442	1	-1.4964e-11	614528	1	-1.65578e-11	486398	nan	nan	nan	1	5.69855e-12	1.77155e+06	0.999953	60.4058	1.03461e+06	1	0	1
100	rs1	1:1	2:0.54925	rs2	1:2	2:0.55125	0	1000	0	0.999996	-0.636434	141169	0.99941	53.8109	72823.6	0.999996	0.687599	130895	0.999402	54.2606	72341.9	1	3.48097e-12	201036	1	-2.5242e-12	780634	1	3.3745e-12	194213	1	5.77316e-12	985172	1	-5.15518e-12	475444	1	-1.31699e-11	1.84699e+06	1	2.33715e-11	2.33567e+06	0.999962	60.4058	1.25592e+06	1	0	1
101	rs1	1:1	2:0.55125	rs2	1:2	2:0.55425	0	1000	0	0.999999	-0.224456	134726	0.99943	55.012	76962.4	0.999788	49.8486	187977	0.999433	54.3576	76517.1	1	-2.96879e-12	196994	1	-4.82459e-12	833959	1	-2.87093e-12	199100	1	-3.21876e-12	614794	1	7.72876e-12	465661	1	6.51568e-12	1.2701e+06	nan	nan	nan	0.999953	60.4058	1.03477e+06	1	0	1
102	rs1	1:1	2:0.5545	rs2	1:2	2:0.545	0	1000	0	0.999996	-0.74332	143274	0.999442	53.003	75736.4	0.999999	-0.180598	132056	0.999377	54.1196	69309.4	1	1.10699e-11	194914	1	7.49978e-12	780562	1	8.53202e-12	209287	1	-2.87415e-12	1.55408e+06	1	-1.82605e-11	441436	1	2.67875e-11	2.69471e+06	1	-1.67155e-12	1.74745e+06	0.999972	60.4058	1.73837e+06	1	0	1
103	rs1	1:1	2:0.54725	rs2	1:2	2:0.5475	0	1000	0	0.999996	-0.785595	143207	0.9994	54.1118	71958.4	0.999996	-0.77816	142843	0.9994	54.1129	71984.8	1	4.42546e-12	202147	1	2.73914e-12	833750	1	2.94526e-12	201568	1	7.30793e-12	833750	1	3.65036e-12	532618	1	5.24381e-12	1.52776e+06	1	1.03739e-12	1.52768e+06	0.999959	60.4058	1.1781e+06	1	0	1
104	rs1	1:1	2:0.55675	rs2	1:2	2:0.549	0	1000	0	0.999995	0.792858	129367	0.999413	54.3226	73808.4	0.999999	-0.141307	137662	0.9994	54.2533	72147.8	1	-1.09599e-11	186750	1	-6.90648e-12	780786	1	-5.66508e-12	201067	1	-4.65761e-12	780786	1	4.99994e-12	483417	1	8.16414e-12	2.33506e+06	1	8.00782e-12	1.74649e+06	0.999956	60.4058	1.10291e+06	1	0	1
105	rs1	1:1	2:0.547	rs2	1:2	2:0.55075	0	1000	0	0.999993	-1.23446	143157	0.9994	53.9505	71795	0.999996	0.643634	134551	0.999405	54.2822	72830.7	1	1.13838e-11	207181	1	1.53904e-11	780519	1	3.11212e-12	197849	1	1.32871e-11	899924	1	2.42384e-12	479750	1	-4.07852e-12	1.43159e+06	1	-7.27773e-12	2.33597e+06	0.99996	60.4058	1.19023e+06	1	0	1
106	rs1	1:1	2:0.5525	rs2	1:2	2:0.551	0	1000	0	0.999847	-23.7549	123928	5.03065e-10	9.00879	1.44879	0.999905	-18.9941	159875	1.05094e-09	8.87546	1.45464	0.999891	-23.743	173487	0.999976	-23.743	775859	0.999895	-23.743	180384	0.999974	-23.743	731487	0.999959	23.743	461655	0.999986	23.743	1.33007e+06	nan	nan	nan	0.999937	84.1488	1.06858e+06	1	0	1
107	rs1	1:1	2:0.5495	rs2	1:2	2:0.5535	0	1000	0	0.999995	0.869749	139966	0.99943	54.9454	76904.8	0.999787	49.6371	186082	0.999425	54.4572	75607.8	1	5.0378e-12	200592	1	-5.41789e-12	780664	1	6.65545e-12	196846	1	-3.00382e-12	639361	1	-2.04093e-11	461676	1	-1.80798e-11	2.29286e+06	nan	nan	nan	0.999952	60.4058	1.00775e+06	1	0	1
108	rs1	1:1	2:0.549	rs2	1:2	2:0.55	0	1000	0	0.999994	-1.10583	145727	0.999412	53.8213	73070.1	0.999997	-0.41867	134967	0.999393	54.3379	71396.6	1	1.35554e-11	199320	1	4.3574e-12	736534	1	9.05293e-12	193183	1	-5.69145e-12	985160	1	-1.7539e-11	557156	1	4.36984e-12	1.61496e+06	1	-6.62048e-12	1.47567e+06	0.999961	60.4058	1.229e+06	1	0	1
109	rs1	1:1	2:0.54825	rs2	1:2	2:0.55275	0	1000	0	0.999996	-0.729239	138816	0.999397	54.095	71582.1	0.999994	-0.976621	138120	0.999412	53.8217	73070.9	1	5.86753e-13	207314	1	9.89075e-12	985109	1	-2.35925e-12	199066	1	-5.79625e-12	833822	1	5.80128e-12	445845	1	-1.30029e-12	1.52845e+06	1	4.37339e-12	1.61492e+06	0.999963	60.4058	1.28965e+06	1	0	1
110	rs1	1:1	2:0.548	rs2	1:2	2:0.551	0	1000	0	0.999999	0.22326	139390	0.999394	54.6535	71984.3	0.999995	0.922313	137417	0.999404	54.6142	73113.6	1	5.27967e-13	203647	1	-2.83151e-12	667163	1	-2.97012e-12	198552	1	-2.41229e-12	639237	1	1.07292e-12	515949	1	-2.16787e-11	1.68837e+06	1	-6.92779e-13	2.30062e+06	0.999948	60.4058	922620	1	0	1
111	rs1	1:1	2:0.5535	rs2	1:2	2:0.5475	0	1000	0	0.999997	-0.450552	133024	0.999402	54.2633	72378.8	0.999997	0.527215	140910	0.999405	54.2798	72770.8	1	1.40832e-13	197402	1	4.12115e-12	780540	1	4.77052e-12	213319	1	6.46594e-13	780540	1	1.94639e-12	441183	1	-6.67555e-12	1.49871e+06	1	-6.95266e-12	2.33733e+06	0.999956	60.4058	1.10273e+06	1	0	1
112	rs1	1:1	2:0.54975	rs2	1:2	2:0.55125	0	1000	0	0.999849	-23.9191	126446	7.56119e-10	8.89878	1.44604	0.999857	-23.8918	133423	1.7036e-08	8.34149	1.47907	0.999896	-23.7198	181615	0.999981	-23.7198	981393	0.999897	-23.7198	182872	0.999976	-23.7198	775859	0.999957	23.7198	443372	0.999986	23.7198	1.35604e+06	0.99999	23.7198	1.8451e+06	0.999946	84.1256	1.25296e+06	1	0	1
113	rs1	1:1	2:0.54775	rs2	1:2	2:0.5505	0	1000	0	1	-0.0391856	136999	0.999394	54.3476	71608.4	0.999997	0.472896	138259	0.999411	54.1721	73403.4	1	8.70004e-12	201893	1	1.03846e-11	833829	1	1.00855e-11	198552	1	3.18323e-12	736473	1	-7.14995e-12	488797	1	-7.15872e-12	1.72733e+06	1	7.56373e-12	2.35437e+06	0.999957	60.4058	1.11138e+06	1	0	1
114	rs1	1:1	2:0.55075	rs2	1:2	2:0.5515	0	1000	0	0.999994	0.995106	130520	0.999395	54.566	72016.9	0.999997	0.494647	137750	0.999413	54.1827	73659.1	1	2.26347e-12	198301	1	-3.336e-12	833896	1	6.06881e-12	201036	1	4.44977e-12	667247	1	-7.23899e-12	458146	1	-3.05906e-11	2.3006e+06	1	-7.54241e-12	2.35458e+06	0.999955	60.4058	1.06676e+06	1	0	1
115	rs1	1:1	2:0.5505	rs2	1:2	2:0.54825	0	1000	0	0.999792	49.3267	189632	0.999429	54.1661	75658.9	0.999999	0.0940603	138200	0.999429	54.7324	76514.3	1	-7.58538e-12	201321	1	-5.68434e-12	699203	1	-1.02413e-11	200755	1	8.79652e-12	899961	1	6.80722e-12	468448	nan	nan	nan	1	-5.33618e-12	1.71164e+06	0.999958	60.4058	1.13856e+06	1	0	1
116	rs1	1:1	2:0.5505	rs2	1:2	2:0.549	0	1000	0	0.999793	49.8897	192469	0.999424	54.4458	75479.4	0.999997	0.474967	136431	0.999426	55.07	76572.3	1	1.50213e-12	200392	1	2.26841e-12	592767	1	-1.09939e-11	196128	1	1.27507e-11	780612	1	6.10934e-12	529719	nan	nan	nan	1	9.72022e-12	1.67041e+06	0.999951	60.4058	978850	1	0	1
117	rs1	1:1	2:0.551	rs2	1:2	2:0.5475	0	1000	0	0.999996	-0.682505	139225	0.999405	54.1418	72653.2	0.999995	0.777372	137573	0.999398	54.4783	72179.1	1	1.18677e-12	193213	1	-9.82503e-12	699276	1	7.52287e-13	198272	1	3.19034e-12	833890	1	-2.08761e-12	580310	1	-1.19726e-12	1.5266e+06	1	4.91518e-12	2.3101e+06	0.999956	60.4058	1.08709e+06	1	0	1
118	rs1	1:1	2:0.54625	rs2	1:2	2:0.55425	0	1000	0	1	-0.0148662	147015	0.999414	53.8307	73321.3	0.999994	1.00988	125091	0.999397	54.4697	72032.2	1	-1.06258e-11	214216	1	-1.76748e-12	699235	1	-6.61415e-14	190262	1	2.96652e-12	985138	1	9.33625e-12	452635	1	2.28972e-11	2.41344e+06	1	-1.96767e-11	2.30942e+06	0.99996	60.4058	1.20701e+06	1	0	1
119	rs1	1:1	2:0.5455	rs2	1:2	2:0.5475	0	1000	0	1	-0.038406	148330	0.999414	53.8286	73270.2	0.999997	-0.580808	135893	0.99939	54.1952	70850.6	1	1.11795e-11	209461	1	1.09477e-11	780430	1	1.03301e-11	199682	1	1.36247e-11	985011	1	-2.25669e-11	498620	1	-3.44613e-12	2.41302e+06	1	-1.53353e-11	1.49902e+06	0.999962	60.4058	1.25579e+06	1	0	1
120	rs1	1:1	2:0.551	rs2	1:2	2:0.54775	0	1000	0	0.999998	-0.407002	138903	0.99941	54.0007	72985.6	0.999996	0.6992	135576	0.999397	54.3639	71985.3	1	-7.6667e-12	201729	1	-1.09424e-12	736428	1	2.9578e-12	206547	1	-4.17089e-12	899924	1	-2.30255e-12	450369	1	-1.1724e-13	1.80309e+06	1	-2.09983e-11	2.32237e+06	0.999959	60.4058	1.16179e+06	1	0	1
121	rs1	1:1	2:0.55375	rs2	1:2	2:0.5465	0	1000	0	0.999789	48.8762	184432	0.999442	53.817	77000.3	1	-3.13349e-12	137259	0.999429	54.6173	76258.3	1	1.65531e-11	193242	1	-4.14069e-12	736550	1	1.62742e-11	202172	1	-2.4869e-12	1.10061e+06	1	-9.8353e-12	470398	nan	nan	nan	1	-1.54543e-11	1.72736e+06	0.999964	60.4058	1.32334e+06	1	0	1
122	rs1	1:1	2:0.55	rs2	1:2	2:0.55025	0	1000	0	1	-0.0393673	139962	0.999403	54.3937	72652.5	0.999994	-1.09949	139569	0.999399	54.2488	72014.4	1	3.54006e-12	206495	1	-2.55085e-12	780505	1	1.7647e-13	205248	1	-7.48557e-12	736413	1	-1.63021e-11	459679	1	-7.35412e-13	1.72787e+06	1	1.66622e-12	1.26776e+06	0.999955	60.4058	1.07195e+06	1	0	1
123	rs1	1:1	2:0.5425	rs2	1:2	2:0.552	0	1000	0	0.999994	4.87307	633799	0.999411	54.3785	73670.9	0.999941	46.0424	626883	0.999441	53.8177	76797	1	1.60025e-12	207261	1	-1.43565e-11	1.10055e+06	1	-7.24629e-12	190974	1	1.24345e-14	780540	1	1.03302e-11	500500	nan	nan	nan	nan	nan	nan	0.999964	60.4058	1.34832e+06	1	0	1
124	rs1	1:1	2:0.55025	rs2	1:2	2:0.5515	0	1000	0	0.999795	49.4614	192195	0.999431	54.1754	75942	0.999996	-0.687763	134453	0.99943	54.725	76592.1	1	1.53605e-11	205626	1	-9.30278e-12	699251	1	3.42765e-12	195590	1	-1.61471e-11	899998	1	-1.3415e-11	468061	nan	nan	nan	1	6.62759e-12	1.21777e+06	0.999958	60.4058	1.13859e+06	1	0	1
125	rs1	1:1	2:0.55125	rs2	1:2	2:0.5485	0	1000	0	0.999792	49.0852	187854	0.999434	54.0053	76179.7	0.999995	0.857657	135326	0.999424	54.809	75892.4	1	8.3053e-13	197772	1	-1.10933e-11	667247	1	1.03131e-11	196729	1	6.18172e-13	985172	1	-1.362e-11	486252	nan	nan	nan	1	-6.85318e-12	2.30047e+06	0.999959	60.4058	1.18877e+06	1	0	1
126	rs1	1:1	2:0.549	rs2	1:2	2:0.551	0	1000	0	0.999998	-0.353156	137997	0.999394	54.4582	71710.4	0.999996	-0.710075	141796	0.999408	54.1557	72984.4	1	8.07876e-12	201893	1	2.01439e-12	833829	1	8.02475e-12	200755	1	1.63425e-12	699203	1	9.17766e-13	489696	1	6.80345e-12	1.45861e+06	1	1.32303e-11	1.52757e+06	0.999956	60.4058	1.08704e+06	1	0	1
127	rs1	1:1	2:0.54575	rs2	1:2	2:0.54875	0	1000	0	0.999994	1.0917	135999	0.999386	54.773	71215.9	0.999997	0.514783	143720	0.99941	54.3095	73479.7	1	1.28512e-11	203872	1	-6.89582e-12	780464	1	9.27347e-12	203872	1	2.39808e-13	592572	1	-2.05961e-11	525941	1	-1.66036e-11	2.28061e+06	1	2.72493e-12	2.33649e+06	0.999951	60.4058	978732	1	0	1
128	rs1	1:1	2:0.552	rs2	1:2	2:0.54575	0	1000	0	0.999964	45.2631	1.01617e+06	0.999443	53.8302	77115	0.999996	5.43607	1.02039e+06	0.999408	54.4847	73414.8	1	3.39109e-12	197430	1	5.43565e-13	736458	1	-4.95387e-12	206027	1	5.91527e-12	1.10055e+06	1	8.93854e-12	448171	nan	nan	nan	nan	nan	nan	0.999964	60.4058	1.32329e+06	1	0	1
129	rs1	1:1	2:0.55075	rs2	1:2	2:0.55175	0	1000	0	0.999995	0.852174	135625	0.999404	54.5118	72958.7	0.999994	0.990004	132765	0.999401	54.5988	72760.1	1	7.63639e-12	203250	1	1.12053e-11	667222	1	9.6107e-12	199839	1	1.32729e-11	699259	1	-1.49414e-12	455650	1	-2.20908e-11	2.31053e+06	1	-1.55502e-11	2.30074e+06	0.99995	60.4058	965178	1	0	1
130	rs1	1:1	2:0.54925	rs2	1:2	2:0.55475	0	1000	0	0.999993	1.19906	131301	0.99939	54.79	71608.5	0.999995	-0.798816	140433	0.999416	54.035	73803.1	1	-6.62898e-12	202229	1	2.37463e-11	900036	1	-7.52937e-12	197830	1	6.86207e-12	592816	1	1.15059e-11	462835	1	-5.77671e-12	2.28047e+06	1	-2.76046e-12	1.56428e+06	0.999955	60.4058	1.0765e+06	1	0	1
131	rs1	1:1	2:0.55725	rs2	1:2	2:0.55075	0	1000	0	0.999999	-0.212991	142794	0.999482	53.772	82831.6	0.999788	48.8767	183735	0.999396	54.6215	72143	1	9.97205e-12	192070	1	1.99218e-12	667452	1	1.56838e-11	197422	1	-1.37241e-11	1.27001e+06	1	-7.85746e-12	430832	1	2.79954e-12	2.54122e+06	nan	nan	nan	0.999966	60.4058	1.43371e+06	1	0	1
132	rs1	1:1	2:0.5515	rs2	1:2	2:0.54875	0	1000	0	0.999993	-1.09259	132410	0.999389	54.315	70879.1	0.999999	0.205494	146097	0.999416	54.0336	73803.8	1	8.78803e-12	196385	1	-1.43672e-11	899948	1	5.97467e-13	209234	1	-1.40918e-11	736458	1	-9.96464e-12	474909	1	2.44231e-11	1.17314e+06	1	1.74936e-11	2.37951e+06	0.999959	60.4058	1.16181e+06	1	0	1
133	rs1	1:1	2:0.549	rs2	1:2	2:0.5475	0	1000	0	0.999997	-0.477398	138318	0.999393	54.3398	71431.8	0.999991	-1.66022	146980	0.999409	53.8032	72627.6	1	-2.4549e-12	200402	1	-9.7522e-12	985043	1	-8.95112e-12	207641	1	6.63292e-12	736377	1	1.60547e-11	504437	1	-1.14948e-11	1.47664e+06	1	1.91491e-11	1.40335e+06	0.999961	60.4058	1.2289e+06	1	0	1
134	rs1	1:1	2:0.55375	rs2	1:2	2:0.55275	0	1000	0	0.999995	-0.874478	133579	0.999398	54.3661	72008.4	0.999995	0.770325	136208	0.99941	54.4337	73620.5	1	-2.86327e-12	197947	1	2.089e-12	736597	1	2.39381e-12	202344	1	1.28608e-12	736597	1	-6.31134e-12	446490	1	1.31664e-11	1.23992e+06	1	-2.10179e-11	2.322e+06	0.999954	60.4058	1.04042e+06	1	0	1
135	rs1	1:1	2:0.5425	rs2	1:2	2:0.55425	0	1000	0	0.999993	5.25624	623571	0.999404	54.9303	73478.6	0.999939	47.0209	617067	0.99944	54.2441	77292.2	1	-1.08469e-13	205015	1	-1.12976e-12	899998	1	-1.18383e-12	188980	1	2.85993e-12	592758	1	4.32598e-13	569047	nan	nan	nan	nan	nan	nan	0.999955	60.4058	1.07647e+06	1	0	1
136	rs1	1:1	2:0.551	rs2	1:2	2:0.5445	0	1000	0	0.999996	-0.685051	138002	0.999402	54.1208	72172.2	0.999993	-1.3258	148499	0.9994	53.9469	71712.6	1	-1.68454e-11	193667	1	-1.24984e-11	899906	1	-7.43128e-13	209051	1	-7.86571e-12	833770	1	1.91386e-12	541187	1	1.80869e-11	1.52666e+06	1	-3.55627e-12	1.43186e+06	0.999961	60.4058	1.22581e+06	1	0	1
137	rs1	1:1	2:0.5525	rs2	1:2	2:0.54725	0	1000	0	0.999995	-0.871282	147629	0.999427	53.661	74699.9	0.999997	0.453598	130537	0.999379	54.727	70267.4	1	1.17076e-11	200783	1	-2.4114e-12	592710	1	1.29932e-11	201349	1	1.72662e-12	1.10057e+06	1	-1.01017e-11	483784	1	7.9261e-12	1.91104e+06	1	-1.0747e-12	1.67103e+06	0.999961	60.4058	1.24901e+06	1	0	1
138	rs1	1:1	2:0.55875	rs2	1:2	2:0.54725	0	1000	0	0.999998	-0.268368	136352	0.999423	54.0757	74834.7	0.999993	1.21908	132316	0.999384	54.8335	71040.6	1	1.86451e-12	186782	1	9.87832e-12	573345	1	1.76819e-11	200546	1	2.4194e-12	900162	1	-1.87322e-11	517763	1	1.22711e-11	1.80148e+06	1	-2.50182e-11	2.27529e+06	0.999955	60.4058	1.0659e+06	1	0	1
139	rs1	1:1	2:0.55275	rs2	1:2	2:0.54775	0	1000	0	0.999789	49.4402	187075	0.999432	54.189	76159.6	0.999999	0.251578	136795	0.999431	54.8451	76939.3	1	4.91424e-12	193392	1	2.65565e-12	667291	1	1.24062e-11	197394	1	-3.47811e-12	900055	1	-9.36451e-12	519161	nan	nan	nan	1	6.09113e-12	1.69841e+06	0.999957	60.4058	1.11924e+06	1	0	1
140	rs1	1:1	2:0.54425	rs2	1:2	2:0.5485	0	1000	0	0.999994	-1.02149	145517	0.999392	54.2088	71111.4	0.999997	0.547391	140256	0.999406	54.2876	72950.7	1	-8.32034e-12	208770	1	-5.30065e-12	780423	1	-4.2415e-12	200217	1	6.78568e-13	780423	1	2.45759e-12	534739	1	1.87583e-12	1.35995e+06	1	-1.58025e-11	2.33617e+06	0.999956	60.4058	1.10265e+06	1	0	1
141	rs1	1:1	2:0.554	rs2	1:2	2:0.55225	0	1000	0	0.999999	0.11253	132162	0.999404	54.4009	72840.4	1	-0.0745688	136272	0.999406	54.2885	72968.6	1	-1.01034e-11	194148	1	-1.58451e-11	780739	1	-1.72131e-11	198715	1	-7.38964e-12	736661	1	3.101e-11	459590	1	1.02247e-11	1.72644e+06	1	2.52491e-11	1.74622e+06	0.999955	60.4058	1.07212e+06	1	0	1
142	rs1	1:1	2:0.5485	rs2	1:2	2:0.54775	0	1000	0	0.999794	48.954	189819	0.999422	54.1276	74730.5	0.999996	-0.790085	142072	0.999442	54.254	77525.1	1	4.52657e-12	203378	1	-1.27187e-11	899900	1	2.29131e-12	203378	1	1.13154e-11	899900	1	-3.03896e-13	461635	nan	nan	nan	1	-5.70211e-12	1.56499e+06	0.999962	60.4058	1.27171e+06	1	0	1
143	rs1	1:1	2:0.54925	rs2	1:2	2:0.5475	0	1000	0	0.999999	-0.0917631	143906	0.999405	54.4065	72948.7	0.999997	-0.614837	141154	0.999391	54.5431	71447.3	1	-3.57714e-13	202227	1	2.86349e-12	667089	1	2.77756e-12	202813	1	3.09086e-12	736406	1	-3.65635e-12	541943	1	-3.46745e-12	1.72737e+06	1	1.31379e-11	1.29724e+06	0.999951	60.4058	992420	1	0	1
144	rs1	1:1	2:0.547	rs2	1:2	2:0.55075	0	1000	0	0.999997	0.560734	139667	0.999438	54.5506	77409.1	0.99979	49.0489	186513	0.999425	54.1474	75139.2	1	-9.00441e-12	198779	1	-4.448e-12	900011	1	-3.63698e-12	193666	1	2.65388e-12	780619	1	-6.19627e-12	512091	1	-8.74145e-12	2.33605e+06	nan	nan	nan	0.99996	60.4058	1.19029e+06	1	0	1
145	rs1	1:1	2:0.5505	rs2	1:2	2:0.55425	0	1000	0	0.999995	0.790705	130871	0.999398	54.3662	72057	0.999997	-0.511007	136387	0.999417	53.8443	73631.4	1	-7.69637e-12	198625	1	1.66374e-11	985237	1	7.11123e-12	194543	1	1.01608e-12	736637	1	9.28421e-12	451118	1	1.52411e-12	2.32168e+06	1	-3.24363e-12	1.8463e+06	0.999961	60.4058	1.22906e+06	1	0	1
146	rs1	1:1	2:0.55175	rs2	1:2	2:0.548	0	1000	0	0.999995	-0.836891	138822	0.999403	54.2707	72526.5	1	0.0254959	140933	0.999398	54.4795	72189.1	1	-2.17131e-11	197988	1	-1.35927e-11	699195	1	-1.66598e-11	205435	1	-5.04485e-12	780554	1	3.81521e-11	496068	1	1.7085e-11	1.35833e+06	1	1.35891e-11	1.71219e+06	0.999954	60.4058	1.04673e+06	1	0	1
147	rs1	1:1	2:0.54875	rs2	1:2	2:0.55175	0	1000	0	0.999995	-0.908887	143452	0.999407	53.9862	72634.4	1	0.0619	133231	0.999399	54.3751	72241.7	1	-2.93598e-13	202144	1	-1.12639e-11	736542	1	4.43423e-13	193213	1	-2.00409e-11	900017	1	2.50555e-12	505956	1	1.79341e-11	1.56483e+06	1	2.85514e-11	1.72634e+06	0.999959	60.4058	1.16186e+06	1	0	1
148	rs1	1:1	2:0.5565	rs2	1:2	2:0.5535	0	1000	0	0.999999	0.147193	137170	0.999453	54.7743	79946.9	0.999784	49.988	184713	0.999412	54.8149	74432.1	1	5.24475e-12	193096	1	-1.42464e-11	639568	1	-5.42405e-12	197005	1	1.00364e-11	736760	1	6.87916e-12	445542	1	-1.16458e-11	1.72632e+06	nan	nan	nan	0.999951	60.4058	974134	1	0	1
