Outcome	Var1_ID	Var1_Pos	Var1_MAF	Var2_ID	Var2_Pos	Var2_MAF	Num_Missing	Num_Cases	Converged	Red_Var1_Pval	Red_Var1_beta	Red_Var1_SE	Red_Var2_Pval	Red_Var2_beta	Red_Var2_SE	Full_Var1_Pval	Full_Var1_beta	Full_Var1_SE	Full_Var2_Pval	Full_Var2_beta	Full_Var2_SE	Full_Var1_Var2_Pval	Full_Var1_Var2_beta	Full_Var1_Var2_SE	Red_Model_Pval	Full_Model_Pval	Overall_Pval_(LRT)
1	rs1	1:1	2:0.553	rs2	1:2	2:0.5505	0	1000	0	0.999591	31.4555	61385.5	0.999589	31.4843	61145.6	1	-4.08121e-09	190809	1	2.51724e-08	193605	0.999896	33.5271	257525	1	0	1
2	rs1	1:1	2:0.54725	rs2	1:2	2:0.55025	0	1000	0	0.999589	31.263	60684.4	0.999593	31.2086	61114.6	1	6.20733e-08	203378	1	-3.37869e-09	197739	0.999901	33.4218	270656	1	0	1
3	rs1	1:1	2:0.5495	rs2	1:2	2:0.54775	0	1000	0	0.999594	31.245	61369.8	0.999589	31.3129	60823.5	1	-2.95683e-08	194444	1	-3.01334e-08	201349	0.9999	33.4218	266496	1	0	1
4	rs1	1:1	2:0.549	rs2	1:2	2:0.555	0	1000	0	0.999586	31.4535	60679.3	0.999594	31.3435	61581.4	1	-8.26518e-09	200506	1	-7.78215e-09	189574	0.999898	33.4997	262102	1	0	1
5	rs1	1:1	2:0.5465	rs2	1:2	2:0.545	0	1000	0	0.999577	31.7896	59965.5	0.999572	31.8576	59414.8	1	1.39116e-09	194387	1	2.60131e-09	201384	0.999898	34.0196	266886	1	0	1
6	rs1	1:1	2:0.5515	rs2	1:2	2:0.548	0	1000	0	0.999593	31.2571	61321	0.99959	31.3092	60901.7	1	-6.98664e-09	194972	1	3.39475e-08	200251	0.9999	33.4218	266033	1	0	1
7	rs1	1:1	2:0.55025	rs2	1:2	2:0.54975	0	1000	0	0.999588	31.4675	60969.8	0.999587	31.4875	60806	1	1.38874e-09	193666	1	2.35328e-09	195649	0.999898	33.5843	261488	1	0	1
8	rs1	1:1	2:0.54875	rs2	1:2	2:0.549	0	1000	0	0.999592	31.1884	60922.3	0.999593	31.1719	61052.1	1	6.2013e-10	202174	1	1.01692e-09	200455	0.999902	33.373	271769	1	0	1
9	rs1	1:1	2:0.54775	rs2	1:2	2:0.551	0	1000	0	0.999585	31.5105	60570.6	0.99959	31.4354	61186.4	1	3.09374e-10	198750	1	1.01925e-09	191267	0.999898	33.5843	262083	1	0	1
10	rs1	1:1	2:0.55025	rs2	1:2	2:0.55025	0	1000	0	0.999588	31.4076	60818.7	0.999587	31.4179	60735.2	1	1.8827e-07	196413	1	1.52693e-07	197458	0.999899	33.5553	265066	1	0	1
11	rs1	1:1	2:0.549	rs2	1:2	2:0.54775	0	1000	0	0.999594	31.1055	61093.6	0.999593	31.1224	60962.1	1	1.01304e-08	202068	1	1.05835e-08	203846	0.999903	33.3265	274279	1	0	1
12	rs1	1:1	2:0.54625	rs2	1:2	2:0.5525	0	1000	0	0.999578	31.7487	60080.1	0.999585	31.6603	60812.2	1	9.23305e-09	198158	1	8.39757e-09	189393	0.999896	33.8148	260310	1	0	1
13	rs1	1:1	2:0.5465	rs2	1:2	2:0.55075	0	1000	0	0.999581	31.5445	60118	0.999586	31.4713	60708.9	1	8.493e-09	201648	1	8.54109e-09	194162	0.999899	33.6767	266722	1	0	1
14	rs1	1:1	2:0.54925	rs2	1:2	2:0.54975	0	1000	0	0.999593	31.1906	61198.6	0.999592	31.2175	60985.2	1	6.21398e-09	198413	1	-1.56173e-08	201184	0.999901	33.373	269406	1	0	1
15	rs1	1:1	2:0.5515	rs2	1:2	2:0.5525	0	1000	0	0.999595	31.2001	61471.1	0.999594	31.2104	61387.7	1	-5.11852e-09	196670	1	-6.85531e-09	197714	0.9999	33.3265	265257	1	0	1
16	rs1	1:1	2:0.5545	rs2	1:2	2:0.54825	0	1000	0	0.999599	31.1421	61998.6	0.999591	31.2713	60955.1	1	-4.92632e-09	190867	1	1.05206e-07	203896	0.9999	33.3265	265676	1	0	1
17	rs1	1:1	2:0.54625	rs2	1:2	2:0.5515	0	1000	0	0.99959	31.1981	60707.1	0.999596	31.1096	61401.3	1	7.26208e-09	206416	1	8.30436e-09	197181	0.999902	33.3494	272561	1	0	1
18	rs1	1:1	2:0.5495	rs2	1:2	2:0.54775	0	1000	0	0.999587	31.3749	60636.8	0.999587	31.3803	60594.2	1	-5.38112e-08	198819	1	7.44907e-09	199367	0.9999	33.5553	268453	1	0	1
19	rs1	1:1	2:0.55	rs2	1:2	2:0.548	0	1000	0	0.999587	31.4511	60754.7	0.999585	31.482	60503.9	1	-1.62139e-08	195333	1	-1.68475e-08	198469	0.999899	33.6141	265065	1	0	1
20	rs1	1:1	2:0.554	rs2	1:2	2:0.55125	0	1000	0	0.999595	31.311	61716.7	0.999592	31.355	61353.4	1	-2.03691e-09	191264	1	3.42778e-08	195563	0.999897	33.3971	259335	1	0	1
21	rs1	1:1	2:0.55825	rs2	1:2	2:0.55	0	1000	0	0.999601	31.1594	62317.2	0.99959	31.32	61002.7	1	1.27958e-08	187618	1	1.24094e-08	203562	0.999899	33.3265	262895	1	0	1
22	rs1	1:1	2:0.54875	rs2	1:2	2:0.543	0	1000	0	0.999591	31.1675	60771.7	0.999585	31.2489	60142.7	1	-1.03133e-07	201101	1	-1.83336e-07	209864	0.999904	33.4731	278362	1	0	1
23	rs1	1:1	2:0.55225	rs2	1:2	2:0.54575	0	1000	0	0.999591	31.4264	61250.4	0.999583	31.5431	60295.1	1	-0.000928017	190212	1	-0.000823077	201954	0.999898	33.6155	263869	1	0	1
24	rs1	1:1	2:0.549	rs2	1:2	2:0.551	0	1000	0	0.999588	31.2847	60573.5	0.999592	31.2247	61048	1	1.60801e-08	203924	1	1.81007e-08	197685	0.999902	33.4471	271066	1	0	1
25	rs1	1:1	2:0.54825	rs2	1:2	2:0.545	0	1000	0	0.999581	31.715	60339.3	0.999577	31.7706	59883.8	1	-5.0205e-09	192778	1	-6.16936e-09	198386	0.999897	33.8918	263188	1	0	1
26	rs1	1:1	2:0.54925	rs2	1:2	2:0.5455	0	1000	0	0.999584	31.5829	60589.2	0.999579	31.6599	59962.5	1	6.68906e-08	192750	1	-1.24364e-09	200563	0.999898	33.7784	264833	1	0	1
27	rs1	1:1	2:0.54625	rs2	1:2	2:0.547	0	1000	0	0.999576	31.8339	59845.7	0.999577	31.8087	60052.7	1	3.92094e-09	196738	1	4.9823e-09	194190	0.999897	33.9752	263030	1	0	1
28	rs1	1:1	2:0.548	rs2	1:2	2:0.55775	0	1000	0	0.999584	31.6206	60605.8	0.999595	31.4604	61956.8	1	-1.19247e-08	199309	1	1.00143e-08	183825	0.999896	33.5843	256703	1	0	1
29	rs1	1:1	2:0.545	rs2	1:2	2:0.54625	0	1000	0	0.999583	31.4118	60082.6	0.999584	31.395	60214.7	1	1.10396e-08	203538	1	9.44725e-09	201758	0.999902	33.6449	274051	1	0	1
30	rs1	1:1	2:0.54775	rs2	1:2	2:0.5425	0	1000	0	0.999583	31.4584	60253.3	0.999578	31.5365	59636.9	1	-2.91639e-09	198317	1	2.7197e-08	206594	0.999902	33.7434	273863	1	0	1
31	rs1	1:1	2:0.55125	rs2	1:2	2:0.5535	0	1000	0	0.999593	31.354	61509.5	0.999595	31.3347	61670	1	7.0251e-09	193697	1	7.90964e-09	191816	0.999897	33.3971	258272	1	0	1
32	rs1	1:1	2:0.54775	rs2	1:2	2:0.55425	0	1000	0	0.999584	31.5294	60419.3	0.999592	31.4142	61364.8	1	-2.18014e-09	200951	1	-3.66293e-09	189453	0.999898	33.5843	262443	1	0	1
33	rs1	1:1	2:0.54625	rs2	1:2	2:0.554	0	1000	0	0.99958	31.6354	60123.3	0.99959	31.4911	61312.6	1	-5.79034e-08	202060	1	-1.94016e-09	187676	0.999897	33.6767	262039	1	0	1
34	rs1	1:1	2:0.55275	rs2	1:2	2:0.55375	0	1000	0	0.999592	31.3368	61354.2	0.999594	31.3072	61597.8	1	1.14831e-08	195472	1	1.09725e-08	192562	0.999898	33.3971	260294	1	0	1
35	rs1	1:1	2:0.55325	rs2	1:2	2:0.5475	0	1000	0	0.999602	30.9455	61999.2	0.999592	31.0921	60861.1	1	3.2885e-08	195675	1	3.14428e-08	211070	0.999904	33.2188	274990	1	0	1
36	rs1	1:1	2:0.5535	rs2	1:2	2:0.551	0	1000	0	0.999598	31.1123	61802.3	0.999593	31.186	61213.5	1	-1.86303e-08	194589	1	-2.07135e-08	202060	0.999901	33.282	267034	1	0	1
37	rs1	1:1	2:0.5465	rs2	1:2	2:0.55125	0	1000	0	1.68801e-16	8.38583	1.0174	0.999592	31.3192	61272.5	1	4.99788e-09	203458	0.999764	25.1403	85097.6	0.999967	8.38583	203458	1	0	1
38	rs1	1:1	2:0.54425	rs2	1:2	2:0.548	0	1000	0	0.999585	31.2918	60213.6	0.99959	31.2236	60745.1	1	1.76579e-08	207337	1	1.88618e-08	200087	0.999903	33.4997	275631	1	0	1
39	rs1	1:1	2:0.54875	rs2	1:2	2:0.5575	0	1000	0	0.999587	31.4924	60802.4	0.999595	31.3711	61810.4	1	-1.7254e-08	199129	1	-1.71077e-08	187260	0.999897	33.4997	259173	1	0	1
40	rs1	1:1	2:0.5535	rs2	1:2	2:0.5505	0	1000	0	0.99959	31.4587	61197.8	0.999588	31.4881	60955.1	1	-1.35918e-08	191972	1	-1.30903e-08	194854	0.999897	33.5553	259484	1	0	1
41	rs1	1:1	2:0.5455	rs2	1:2	2:0.54975	0	1000	0	0.999583	31.3846	60123.6	0.999589	31.2964	60819.9	1	-5.14966e-09	206210	1	-4.57426e-09	196965	0.999902	33.5553	272405	1	0	1
42	rs1	1:1	2:0.55175	rs2	1:2	2:0.54975	0	1000	0	0.999591	31.3023	61136.2	0.999588	31.3493	60758	1	2.13236e-09	195390	1	2.97704e-09	200168	0.9999	33.4731	266340	1	0	1
43	rs1	1:1	2:0.55025	rs2	1:2	2:0.551	0	1000	0	0.999592	31.239	61110.6	0.999592	31.2443	61068.2	1	8.74887e-09	198497	1	7.79949e-09	199039	0.999901	33.3971	267807	1	0	1
44	rs1	1:1	2:0.54975	rs2	1:2	2:0.54425	0	1000	0	0.999589	31.3807	60882.4	0.99958	31.5101	59849.4	1	2.04069e-09	193474	1	5.30433e-10	206921	0.999901	33.6449	270377	1	0	1
45	rs1	1:1	2:0.54975	rs2	1:2	2:0.545	0	1000	0	0.999581	31.6965	60391	0.999576	31.7729	59766.9	1	2.01444e-09	192242	1	1.0915e-09	199976	0.999898	33.8918	264039	1	0	1
46	rs1	1:1	2:0.5525	rs2	1:2	2:0.55275	0	1000	0	0.999592	31.4126	61403.9	0.999593	31.3887	61603.4	1	-8.63315e-09	193251	1	-7.7744e-09	190935	0.999896	33.4471	257259	1	0	1
47	rs1	1:1	2:0.55075	rs2	1:2	2:0.55125	0	1000	0	0.999587	31.5819	61085.6	0.999586	31.5962	60966.3	1	-9.39607e-09	190778	1	-1.00204e-08	192155	0.999895	33.6449	256437	1	0	1
48	rs1	1:1	2:0.54975	rs2	1:2	2:0.542	0	1000	0	0.999587	31.4272	60786.8	0.999577	31.5732	59620.4	1	2.51169e-08	192902	1	-4.13023e-09	208138	0.999901	33.7095	270960	1	0	1
49	rs1	1:1	2:0.5515	rs2	1:2	2:0.55	0	1000	0	3.36191e-16	8.29307	1.01636	2.45127e-16	8.33081	1.01624	0.99989	-23.7382	171878	0.999892	-23.7382	175135	0.999814	57.2102	245386	0	0	1
50	rs1	1:1	2:0.544	rs2	1:2	2:0.5485	0	1000	0	0.999582	31.4254	59978.5	0.999587	31.3477	60591	1	-8.47364e-09	206109	1	-9.37075e-09	197929	0.999902	33.6141	273103	1	0	1
51	rs1	1:1	2:0.553	rs2	1:2	2:0.549	0	1000	0	0.999597	31.1126	61531.3	0.999591	31.1941	60887.9	1	1.28346e-08	196301	1	1.5314e-08	204716	0.999902	33.3265	270516	1	0	1
52	rs1	1:1	2:0.5465	rs2	1:2	2:0.54925	0	1000	0	0.999587	31.3083	60500.5	0.999591	31.2483	60975.1	1	-9.05086e-09	203898	1	-9.47608e-09	197658	0.999901	33.4731	271047	1	0	1
53	rs1	1:1	2:0.55125	rs2	1:2	2:0.55125	0	1000	0	0.999592	31.2331	61056.5	0.999594	31.2065	61268.2	1	7.29571e-08	200168	1	6.95386e-08	197458	0.999901	33.373	267860	1	0	1
54	rs1	1:1	2:0.557	rs2	1:2	2:0.55275	0	1000	0	0.999596	31.3425	61924.3	0.999591	31.4188	61286.2	1	2.66333e-08	188362	1	2.80389e-08	195747	0.999896	33.4218	257202	1	0	1
55	rs1	1:1	2:0.55175	rs2	1:2	2:0.549	0	1000	0	0.999591	31.3581	61205.5	0.999588	31.4038	60833.5	1	-2.83974e-08	193608	1	-2.8189e-08	198186	0.999898	33.4997	263393	1	0	1
56	rs1	1:1	2:0.553	rs2	1:2	2:0.55075	0	1000	0	0.999591	31.5076	61427.2	6.60894e-17	8.50436	1.01802	0.99977	25.079	86880.8	1	0.000306222	194025	0.999965	8.50405	194025	1	0	1
57	rs1	1:1	2:0.54575	rs2	1:2	2:0.554	0	1000	0	8.29322e-18	8.7811	1.0216	3.71624e-17	8.60783	1.02212	0.999895	-23.7289	179778	0.999885	-23.7289	164945	0.999812	57.5804	243981	0	0	1
58	rs1	1:1	2:0.55	rs2	1:2	2:0.5445	0	1000	0	0.999581	31.7023	60377.2	0.999573	31.8107	59494.5	1	-3.87803e-09	191627	1	-4.13297e-09	202707	0.999898	33.9326	265770	1	0	1
59	rs1	1:1	2:0.55325	rs2	1:2	2:0.548	0	1000	0	0.99959	31.4911	61241.5	0.999583	31.5948	60385.4	1	-6.07667e-08	189070	1	-5.2015e-09	199349	0.999897	33.6449	260897	1	0	1
60	rs1	1:1	2:0.5535	rs2	1:2	2:0.5495	0	1000	0	0.999595	31.2332	61556.2	0.99959	31.3106	60931	1	9.86249e-09	193124	1	1.01768e-08	200923	0.9999	33.3971	265106	1	0	1
61	rs1	1:1	2:0.5535	rs2	1:2	2:0.5545	0	1000	0	0.999597	31.1558	61650.6	0.9996	31.0997	62104.6	1	4.24316e-09	199070	1	2.67513e-09	193482	0.9999	33.2188	263704	1	0	1
62	rs1	1:1	2:0.551	rs2	1:2	2:0.55	0	1000	0	0.999586	31.4989	60670.1	0.999585	31.5142	60545.5	1	6.53123e-09	195390	1	6.04524e-09	196933	0.999898	33.6449	263917	1	0	1
63	rs1	1:1	2:0.552	rs2	1:2	2:0.55	0	1000	0	0.999599	31.0772	61818.5	0.999595	31.1302	61396.6	1	6.08605e-10	196099	1	2.25648e-09	201488	0.999901	33.2394	267706	1	0	1
64	rs1	1:1	2:0.54775	rs2	1:2	2:0.55325	0	1000	0	0.999588	31.3006	60626.9	0.999596	31.1784	61603.2	1	1.83675e-08	205408	1	1.67025e-08	192892	0.999901	33.3971	268521	1	0	1
65	rs1	1:1	2:0.54925	rs2	1:2	2:0.55025	0	1000	0	0.999589	31.3442	60798.6	0.999591	31.3077	61092.7	1	-2.31842e-08	199614	1	-2.29417e-08	195899	0.9999	33.4731	266298	1	0	1
66	rs1	1:1	2:0.5525	rs2	1:2	2:0.55025	0	1000	0	0.999594	31.2315	61413.5	0.999592	31.2625	61163.2	1	-1.08326e-07	195590	1	-1.67072e-07	198722	0.9999	33.373	265255	1	0	1
67	rs1	1:1	2:0.5535	rs2	1:2	2:0.5515	0	1000	0	0.999587	31.5867	61045.5	0.999587	31.5915	61005.8	1	2.36101e-09	191233	1	2.63008e-09	191692	0.999895	33.6449	256429	1	0	1
68	rs1	1:1	2:0.54825	rs2	1:2	2:0.55375	0	1000	0	0.999589	31.3056	60778.5	0.999596	31.2061	61577.5	1	-4.73323e-08	203111	1	-4.70912e-08	193008	0.9999	33.3971	266768	1	0	1
69	rs1	1:1	2:0.55675	rs2	1:2	2:0.54825	0	1000	0	0.999601	31.0533	62165.2	0.999594	31.1741	61198.7	1	1.83456e-08	192260	1	1.94742e-08	204494	0.999901	33.2394	267136	1	0	1
70	rs1	1:1	2:0.55025	rs2	1:2	2:0.545	0	1000	0	0.99959	31.3237	60992.5	0.999582	31.4482	60001.1	1	-1.7572e-08	193996	1	-1.94065e-08	206947	0.999901	33.5843	270751	1	0	1
71	rs1	1:1	2:0.5485	rs2	1:2	2:0.55275	0	1000	0	0.999589	31.3427	60781.5	0.999595	31.2447	61574.1	1	-5.85572e-09	202032	1	-5.7885e-09	192142	0.999899	33.4218	265256	1	0	1
72	rs1	1:1	2:0.54625	rs2	1:2	2:0.5495	0	1000	0	0.999581	31.5973	60154.7	0.999586	31.5256	60738	1	-1.20492e-08	200085	1	-1.1831e-08	192835	0.999898	33.7095	264471	1	0	1
73	rs1	1:1	2:0.55225	rs2	1:2	2:0.54575	0	1000	0	0.99959	31.4645	61260.8	0.999582	31.5897	60232.4	1	-4.21615e-09	188950	1	-3.09102e-09	201460	0.999898	33.6449	262514	1	0	1
74	rs1	1:1	2:0.5475	rs2	1:2	2:0.5525	0	1000	0	0.999583	31.5829	60383.6	0.999589	31.4885	61161	1	6.35466e-08	199292	1	3.85321e-09	189900	0.999897	33.6449	261499	1	0	1
75	rs1	1:1	2:0.54925	rs2	1:2	2:0.54775	0	1000	0	0.999587	31.4025	60662.6	0.999588	31.392	60746.8	1	-1.50997e-09	198413	1	2.20771e-08	197346	0.9999	33.5553	266552	1	0	1
76	rs1	1:1	2:0.55125	rs2	1:2	2:0.54925	0	1000	0	0.999592	31.3049	61215.3	0.999588	31.362	60754.8	1	-2.02647e-08	194444	1	-1.89867e-08	200223	0.999899	33.4731	265647	1	0	1
77	rs1	1:1	2:0.54775	rs2	1:2	2:0.55175	0	1000	0	0.999578	31.7794	60125.9	0.999586	31.6734	61010.6	1	-1.78364e-08	197801	1	-1.54775e-08	187401	0.999896	33.8148	258459	1	0	1
78	rs1	1:1	2:0.54725	rs2	1:2	2:0.545	0	1000	0	0.999578	31.7321	60028.8	0.999576	31.7684	59733.8	1	7.21736e-09	195510	1	6.14547e-09	199233	0.999898	33.9326	266012	1	0	1
79	rs1	1:1	2:0.55	rs2	1:2	2:0.55175	0	1000	0	0.999588	31.4609	60880.3	0.999589	31.441	61044	1	-6.84268e-09	195678	1	-6.63752e-09	193696	0.999898	33.5553	261510	1	0	1
80	rs1	1:1	2:0.54875	rs2	1:2	2:0.5505	0	1000	0	0.99959	31.2759	60873.9	0.999592	31.244	61128.6	1	-7.38507e-09	200645	1	-7.19472e-09	197374	0.999901	33.4218	268217	1	0	1
81	rs1	1:1	2:0.55225	rs2	1:2	2:0.5515	0	1000	0	0.999587	31.588	61085.1	0.999587	31.5975	61005.7	1	1.20419e-11	190809	1	-5.77973e-11	191723	0.999895	33.6449	256113	1	0	1
82	rs1	1:1	2:0.5455	rs2	1:2	2:0.5505	0	1000	0	0.999581	31.5013	60028.5	0.999588	31.4051	60800	1	-0.000847733	204488	1	-0.000793579	194535	0.9999	33.6456	269244	1	0	1
83	rs1	1:1	2:0.5515	rs2	1:2	2:0.551	0	1000	0	0.999588	31.5264	61018.3	0.999589	31.5072	61179.6	1	-0.00351528	193479	1	-0.0037321	191595	0.999896	33.5886	258118	1	0	1
84	rs1	1:1	2:0.548	rs2	1:2	2:0.551	0	1000	0	0.99959	31.2099	60754.8	0.999594	31.1494	61230.9	1	-9.05312e-08	204556	1	-8.68128e-08	198249	0.999902	33.373	271933	1	0	1
85	rs1	1:1	2:0.545	rs2	1:2	2:0.5465	0	1000	0	0.999581	31.556	60020.3	0.999582	31.5292	60234.6	1	-8.14292e-09	200836	1	-7.35634e-09	198061	0.9999	33.7434	269146	1	0	1
86	rs1	1:1	2:0.5535	rs2	1:2	2:0.55325	0	1000	0	0.999599	31.0915	61826.1	0.999599	31.0915	61826.1	1	0.00438225	197385	1	0.00440948	197383	0.9999	33.1942	265390	1	0	1
87	rs1	1:1	2:0.5495	rs2	1:2	2:0.549	0	1000	0	0.999583	31.5826	60470.3	0.999584	31.5725	60552.9	1	-4.50256e-09	195927	1	-5.99504e-09	194914	0.999898	33.7095	262794	1	0	1
88	rs1	1:1	2:0.55525	rs2	1:2	2:0.5525	0	1000	0	0.999595	31.4227	61849.9	0.99959	31.4833	61338.2	1	-2.01853e-10	187678	1	-2.73056e-09	193472	0.999895	33.4731	254852	1	0	1
89	rs1	1:1	2:0.54625	rs2	1:2	2:0.551	0	1000	0	0.999584	31.4533	60345.5	0.999589	31.385	60894.9	1	1.31505e-08	201702	1	-2.92653e-08	194717	0.9999	33.5843	267127	1	0	1
90	rs1	1:1	2:0.5525	rs2	1:2	2:0.54725	0	1000	0	0.999594	31.2731	61456.5	0.999588	31.3608	60747.5	1	3.75474e-10	192587	1	-1.65491e-09	201432	0.999899	33.4471	265144	1	0	1
91	rs1	1:1	2:0.5485	rs2	1:2	2:0.55225	0	1000	0	0.999586	31.5082	60686.6	0.99959	31.4535	61136.1	1	-1.57085e-08	197218	1	-1.42297e-08	191791	0.999897	33.5843	261264	1	0	1
92	rs1	1:1	2:0.55225	rs2	1:2	2:0.5565	0	1000	0	0.999592	31.386	61394.7	0.999596	31.3238	61913.9	1	-4.93077e-09	195251	1	-5.3573e-09	189224	0.999897	33.3971	257458	1	0	1
93	rs1	1:1	2:0.5515	rs2	1:2	2:0.54575	0	1000	0	0.999586	31.5569	60866.6	0.999579	31.658	60039.3	1	3.21293e-09	190572	1	3.41335e-09	200727	0.999898	33.7434	263252	1	0	1
94	rs1	1:1	2:0.552	rs2	1:2	2:0.5465	0	1000	0	0.999586	31.6055	60861.1	0.999579	31.7051	60040.7	1	5.58891e-09	189751	1	3.72144e-09	199698	0.999897	33.7784	261809	1	0	1
95	rs1	1:1	2:0.55175	rs2	1:2	2:0.54725	0	1000	0	0.999588	31.4846	61040.7	0.999583	31.5649	60382.3	1	-1.14898e-08	191179	1	-1.25184e-08	199207	0.999898	33.6449	262429	1	0	1
96	rs1	1:1	2:0.55125	rs2	1:2	2:0.556	0	1000	0	0.999585	31.5747	60734.4	0.999592	31.4743	61574	1	-4.11559e-09	197054	1	-4.63193e-09	187291	0.999896	33.5843	257582	1	0	1
97	rs1	1:1	2:0.549	rs2	1:2	2:0.555	0	1000	0	0.999586	31.534	60728.2	0.999593	31.4323	61574.2	1	7.32765e-08	198006	1	-1.41213e-07	188044	0.999897	33.5553	258926	1	0	1
98	rs1	1:1	2:0.5495	rs2	1:2	2:0.55125	0	1000	0	0.999585	31.497	60532.4	0.99959	31.4262	61110.5	1	3.61219e-10	199207	1	-6.15447e-08	192113	0.999898	33.5843	263111	1	0	1
99	rs1	1:1	2:0.548	rs2	1:2	2:0.5485	0	1000	0	0.999585	31.4663	60486.6	0.999584	31.4769	60401.9	1	1.22625e-08	197739	1	1.23941e-08	198819	0.9999	33.6449	267247	1	0	1
100	rs1	1:1	2:0.54925	rs2	1:2	2:0.55125	0	1000	0	0.999586	31.5095	60725.3	0.999589	31.46	61133.1	1	4.82102e-09	196729	1	5.64029e-09	191821	0.999897	33.5843	260894	1	0	1
101	rs1	1:1	2:0.55125	rs2	1:2	2:0.55425	0	1000	0	0.99959	31.4351	61220.2	0.999591	31.4253	61300.8	1	-8.35349e-09	193513	1	-5.33273e-09	192562	0.999897	33.4997	258826	1	0	1
102	rs1	1:1	2:0.5545	rs2	1:2	2:0.545	0	1000	0	0.999599	31.1122	61938.5	0.999588	31.2773	60620.5	1	-2.34087e-08	191061	1	-2.26465e-08	207982	0.999901	33.3494	269151	1	0	1
103	rs1	1:1	2:0.54725	rs2	1:2	2:0.5475	0	1000	0	0.999582	31.5666	60184.8	0.999582	31.5613	60226.8	1	-0.00458	198190	1	-0.00445083	197651	0.999899	33.7477	266779	1	0	1
104	rs1	1:1	2:0.55675	rs2	1:2	2:0.549	0	1000	0	0.999593	31.5497	61829	0.999583	31.6882	60651.4	1	-4.16773e-09	183572	1	-2.93555e-09	196817	0.999894	33.6449	254495	1	0	1
105	rs1	1:1	2:0.547	rs2	1:2	2:0.55075	0	1000	0	0.999586	31.3998	60455.8	0.999591	31.3259	61048.5	1	-8.70269e-08	202308	1	-2.66522e-09	194745	0.9999	33.5271	267585	1	0	1
106	rs1	1:1	2:0.5525	rs2	1:2	2:0.551	0	1000	0	2.29102e-16	8.34563	1.01704	1.2904e-16	8.41377	1.01684	0.999888	-23.743	169306	0.999892	-23.743	175137	0.999812	57.2691	243593	0	0	1
107	rs1	1:1	2:0.5495	rs2	1:2	2:0.5535	0	1000	0	0.999587	31.4963	60838.1	0.999591	31.4424	61284.1	1	5.56985e-08	196333	1	-2.29068e-09	191018	0.999897	33.5553	259916	1	0	1
108	rs1	1:1	2:0.549	rs2	1:2	2:0.55	0	1000	0	0.999579	31.7749	60273.4	0.999582	31.7362	60595.8	1	-2.95798e-09	194647	1	-2.77309e-09	190837	0.999896	33.8526	258646	1	0	1
109	rs1	1:1	2:0.54825	rs2	1:2	2:0.55275	0	1000	0	0.999592	31.188	60993.3	0.999598	31.102	61675.1	1	4.20652e-09	204218	1	6.62085e-09	195390	0.999901	33.304	269397	1	0	1
110	rs1	1:1	2:0.548	rs2	1:2	2:0.551	0	1000	0	0.99958	31.6738	60194.5	0.999584	31.6237	60605.8	1	1.12301e-08	197486	1	1.11028e-08	192471	0.999897	33.7784	262158	1	0	1
111	rs1	1:1	2:0.5535	rs2	1:2	2:0.5475	0	1000	0	0.999599	31.0648	61877.9	0.99959	31.2057	60762.8	1	2.41419e-08	193348	1	2.34713e-08	207902	0.999902	33.304	270779	1	0	1
112	rs1	1:1	2:0.54975	rs2	1:2	2:0.55125	0	1000	0	1.06039e-15	8.14015	1.01503	1.11997e-15	8.13351	1.01505	0.999894	-23.72	178586	0.999894	-23.7198	177992	0.999819	57.0685	252140	0	0	1
113	rs1	1:1	2:0.54775	rs2	1:2	2:0.5505	0	1000	0	0.999584	31.5305	60462.9	0.999587	31.4898	60794.5	1	-1.58971e-08	198016	1	-1.77371e-08	193922	0.999898	33.6449	263624	1	0	1
114	rs1	1:1	2:0.55075	rs2	1:2	2:0.5515	0	1000	0	0.99959	31.394	61110.6	0.99959	31.399	61069.6	1	1.28638e-08	194706	1	1.19562e-08	195204	0.999898	33.4997	261884	1	0	1
115	rs1	1:1	2:0.5505	rs2	1:2	2:0.54825	0	1000	0	0.999588	31.4089	60857.9	0.999587	31.4243	60732.9	1	7.30276e-09	195927	1	6.18581e-09	197486	0.999899	33.5553	264706	1	0	1
116	rs1	1:1	2:0.5505	rs2	1:2	2:0.549	0	1000	0	0.999579	31.7973	60313.9	0.99958	31.7876	60394.5	1	-6.73557e-09	193154	1	-8.08378e-09	192201	0.999895	33.8918	258558	1	0	1
117	rs1	1:1	2:0.551	rs2	1:2	2:0.5475	0	1000	0	0.999579	31.8995	60482.2	0.999575	31.9614	59963.4	1	-3.14209e-08	188632	1	3.00492e-09	194677	0.999894	34.0196	257023	1	0	1
118	rs1	1:1	2:0.54625	rs2	1:2	2:0.55425	0	1000	0	0.999585	31.4084	60376.9	0.999598	31.2169	61928.2	1	7.61109e-10	207449	1	-1.11011e-08	188046	0.9999	33.4471	266520	1	0	1
119	rs1	1:1	2:0.5455	rs2	1:2	2:0.5475	0	1000	0	0.999582	31.4705	60012.6	0.999586	31.3998	60574.8	1	-5.57256e-09	204348	1	-4.3902e-09	196965	0.999901	33.6449	270999	1	0	1
120	rs1	1:1	2:0.551	rs2	1:2	2:0.54775	0	1000	0	0.999594	31.1958	61259.9	0.99959	31.255	60789.9	1	1.15291e-08	196793	1	1.15091e-08	202893	0.999901	33.3971	269519	1	0	1
121	rs1	1:1	2:0.55375	rs2	1:2	2:0.5465	0	1000	0	0.999592	31.4288	61395.5	0.999584	31.5379	60496.8	1	7.99899e-09	189101	1	7.62721e-09	199925	0.999897	33.5843	261337	1	0	1
122	rs1	1:1	2:0.55	rs2	1:2	2:0.55025	0	1000	0	0.999592	31.1752	61028.4	0.999593	31.1588	61157.6	1	2.84949e-10	201675	1	1.20778e-07	199976	0.999902	33.3494	270984	1	0	1
123	rs1	1:1	2:0.5425	rs2	1:2	2:0.552	0	1000	0	0.999575	31.7569	59626.5	0.999587	31.5849	61038.2	1	3.55952e-09	204769	1	3.68486e-09	187408	0.999898	33.8148	264134	1	0	1
124	rs1	1:1	2:0.55025	rs2	1:2	2:0.5515	0	1000	0	0.999588	31.3881	60789.5	0.999593	31.3167	61369.7	1	-5.26851e-09	199811	1	-5.4017e-09	192646	0.999899	33.4731	263914	1	0	1
125	rs1	1:1	2:0.55125	rs2	1:2	2:0.5485	0	1000	0	0.999585	31.6056	60781.9	0.999584	31.6251	60620.1	1	-3.77031e-09	192290	1	-5.4452e-09	194213	0.999896	33.7095	259351	1	0	1
126	rs1	1:1	2:0.549	rs2	1:2	2:0.551	0	1000	0	0.999587	31.4294	60691.9	0.999589	31.4037	60900.3	1	2.49335e-09	198016	1	7.20629e-08	195418	0.999899	33.5553	264726	1	0	1
127	rs1	1:1	2:0.54575	rs2	1:2	2:0.54875	0	1000	0	0.999578	31.6873	59893.6	0.99958	31.656	60146.9	1	3.81111e-08	199260	1	-5.46483e-09	196053	0.999899	33.8526	266411	1	0	1
128	rs1	1:1	2:0.552	rs2	1:2	2:0.54575	0	1000	0	0.999593	31.2682	61366.2	0.999586	31.3731	60522.6	1	-8.47499e-08	192892	1	-9.59254e-08	203593	0.9999	33.4731	267135	1	0	1
129	rs1	1:1	2:0.55075	rs2	1:2	2:0.55175	0	1000	0	0.99959	31.3696	60986.8	0.999591	31.3442	61193.4	1	5.40563e-08	197160	1	8.13229e-08	194618	0.999899	33.4731	263346	1	0	1
130	rs1	1:1	2:0.54925	rs2	1:2	2:0.55475	0	1000	0	0.999588	31.415	60865.6	0.999594	31.3351	61521	1	-4.99661e-09	198894	1	-1.23787e-08	190957	0.999898	33.4731	261857	1	0	1
131	rs1	1:1	2:0.55725	rs2	1:2	2:0.55075	0	1000	0	0.999598	31.3022	62189.3	0.999592	31.392	61435.2	1	-1.66971e-08	187261	1	-1.7933e-08	195903	0.999896	33.373	256398	1	0	1
132	rs1	1:1	2:0.5515	rs2	1:2	2:0.54875	0	1000	0	0.999594	31.2433	61399	0.999587	31.3433	60596.2	1	-3.16288e-09	193376	1	9.00276e-08	203593	0.9999	33.4471	267485	1	0	1
133	rs1	1:1	2:0.549	rs2	1:2	2:0.5475	0	1000	0	0.999588	31.3439	60737.4	0.999585	31.387	60394.3	1	2.57257e-09	197658	1	2.82602e-09	202121	0.999901	33.5553	269712	1	0	1
134	rs1	1:1	2:0.55375	rs2	1:2	2:0.55275	0	1000	0	0.999597	31.2155	61743.4	0.999594	31.2558	61414.9	1	1.22703e-08	193422	1	1.49999e-08	197423	0.999899	33.3265	262463	1	0	1
135	rs1	1:1	2:0.5425	rs2	1:2	2:0.55425	0	1000	0	0.999567	32.1574	59254	0.999581	31.9714	60819.6	1	6.94644e-09	201488	1	7.22505e-09	183189	0.999894	34.1662	258398	1	0	1
136	rs1	1:1	2:0.551	rs2	1:2	2:0.5445	0	1000	0	0.999587	31.5078	60866.8	0.999578	31.643	59771.3	1	-5.58512e-08	190803	1	-1.68265e-09	204609	0.999899	33.7434	266554	1	0	1
137	rs1	1:1	2:0.5525	rs2	1:2	2:0.54725	0	1000	0	0.999589	31.4223	60991.3	0.999585	31.4785	60534.3	1	-6.63375e-10	193462	1	3.12454e-09	199122	0.999899	33.5843	264098	1	0	1
138	rs1	1:1	2:0.55875	rs2	1:2	2:0.54725	0	1000	0	0.99959	31.7103	61742.1	0.999578	31.8824	60264.2	1	2.01048e-09	181003	1	1.30872e-09	197360	0.999893	33.8148	253047	1	0	1
139	rs1	1:1	2:0.55275	rs2	1:2	2:0.54775	0	1000	0	0.999584	31.7504	60834.2	0.999579	31.8119	60317.2	1	4.93119e-09	188381	1	6.83736e-09	194362	0.999895	33.8526	256466	1	0	1
140	rs1	1:1	2:0.54425	rs2	1:2	2:0.5485	0	1000	0	0.999578	31.608	59739.7	0.999583	31.5328	60341.7	1	-2.28699e-08	203716	1	-2.22879e-08	195891	0.9999	33.7784	269761	1	0	1
141	rs1	1:1	2:0.554	rs2	1:2	2:0.55225	0	1000	0	0.999593	31.4013	61573.2	0.99959	31.4397	61253.2	1	-1.25398e-08	190421	1	-1.34448e-08	194148	0.999896	33.4731	257601	1	0	1
142	rs1	1:1	2:0.5485	rs2	1:2	2:0.54775	0	1000	0	0.999589	31.2908	60783.8	0.999589	31.2908	60783.8	1	1.67291e-08	199922	1	1.61528e-08	199922	0.999901	33.4731	269682	1	0	1
143	rs1	1:1	2:0.54925	rs2	1:2	2:0.5475	0	1000	0	0.999582	31.6067	60292.2	0.999581	31.6222	60166.5	1	1.06407e-10	196190	1	-8.79352e-08	197767	0.999898	33.7784	265296	1	0	1
144	rs1	1:1	2:0.547	rs2	1:2	2:0.55075	0	1000	0	0.999579	31.7843	60196.1	0.999583	31.7262	60679.8	1	-3.61334e-09	195649	1	-4.65676e-09	189930	0.999896	33.8526	258733	1	0	1
145	rs1	1:1	2:0.5505	rs2	1:2	2:0.55425	0	1000	0	0.99959	31.411	61170.5	0.999594	31.3526	61654.2	1	1.84507e-09	196035	1	-9.10945e-08	190328	0.999897	33.4471	259025	1	0	1
146	rs1	1:1	2:0.55175	rs2	1:2	2:0.548	0	1000	0	0.99959	31.4037	61044	0.999584	31.4809	60418	1	3.07411e-08	192921	1	1.02023e-09	200727	0.999899	33.5843	264958	1	0	1
147	rs1	1:1	2:0.54875	rs2	1:2	2:0.55175	0	1000	0	0.999583	31.6113	60461.8	0.999588	31.5425	61030.8	1	5.95579e-09	197218	1	-2.47689e-08	190411	0.999897	33.6767	260252	1	0	1
148	rs1	1:1	2:0.5565	rs2	1:2	2:0.5535	0	1000	0	0.999595	31.4113	61920.3	0.999592	31.4622	61488.9	1	-2.38029e-08	187777	1	-2.29633e-08	192629	0.999895	33.4471	254213	1	0	1
