Outcome	Var1_ID	Var1_Pos	Var1_MAF	Var2_ID	Var2_Pos	Var2_MAF	Num_Missing	Num_Cases	Converged	Red_Var1_Pval	Red_Var1_beta	Red_Var1_SE	Red_Var2_Pval	Red_Var2_beta	Red_Var2_SE	Full_Var1_Pval	Full_Var1_beta	Full_Var1_SE	Full_Var2_Pval	Full_Var2_beta	Full_Var2_SE	Full_Var1_Var2_Pval	Full_Var1_Var2_beta	Full_Var1_Var2_SE	Red_Model_Pval	Full_Model_Pval	Overall_Pval_(LRT)
1	rs1	1:1	2:0.553	rs2	1:2	2:0.5505	0	1000	0	0.999381	53.65	69211.1	0.999354	54.1215	66809.2	1	-8.33822e-12	734818	1	-2.61124e-12	983878	0.999961	60.4058	1.22797e+06	1	0	1
2	rs1	1:1	2:0.54725	rs2	1:2	2:0.55025	0	1000	0	1.43322e-10	9.23332	1.43993	4.90646e-10	9.01047	1.44815	0.999975	-23.3153	731487	0.999972	-23.3153	661655	0.999932	83.7211	988778	0	0	1
3	rs1	1:1	2:0.5495	rs2	1:2	2:0.54775	0	1000	0	0.999946	60.4058	898570	1	2.02505e-12	898585	0.999946	60.4058	898570	1	2.02505e-12	898585	nan	nan	nan	1	0	1
4	rs1	1:1	2:0.549	rs2	1:2	2:0.555	0	1000	0	0.999358	54.6203	67892.9	0.999365	54.4966	68523.1	1	5.25802e-13	637377	1	-7.43228e-12	590695	0.999945	60.4058	868932	1	0	1
5	rs1	1:1	2:0.5465	rs2	1:2	2:0.545	0	1000	0	0.999347	54.5586	66698.4	0.99938	54.0033	69551.6	1	-7.47136e-12	832389	1	4.16911e-12	590673	0.999953	60.4058	1.02062e+06	1	0	1
6	rs1	1:1	2:0.5515	rs2	1:2	2:0.548	0	1000	0	0.999381	53.65	69211.1	0.999354	54.1215	66809.2	1	-1.69571e-11	734818	1	5.60973e-12	983878	0.999961	60.4058	1.22797e+06	1	0	1
7	rs1	1:1	2:0.55025	rs2	1:2	2:0.54975	0	1000	0	0.99936	54.1583	67524.3	0.999372	53.9565	68546.1	1	-1.79625e-11	832374	1	-6.03961e-14	734825	0.999957	60.4058	1.11029e+06	1	0	1
8	rs1	1:1	2:0.54875	rs2	1:2	2:0.549	0	1000	0	0.99937	54.0892	68516.1	0.99936	54.2683	67607.9	1	8.27072e-12	697474	1	1.47438e-12	779013	0.999954	60.4058	1.04558e+06	1	0	1
9	rs1	1:1	2:0.54775	rs2	1:2	2:0.551	0	1000	0	0.999377	53.6245	68654.6	0.999361	53.8947	67287.8	1	-4.69669e-12	832362	1	-2.34515e-11	983873	0.999963	60.4058	1.28871e+06	1	0	1
10	rs1	1:1	2:0.55025	rs2	1:2	2:0.55025	0	1000	0	0.999358	54.6203	67892.9	0.999365	54.4966	68523.1	1	2.62546e-12	637377	1	1.16529e-12	590695	0.999945	60.4058	868932	1	0	1
11	rs1	1:1	2:0.549	rs2	1:2	2:0.54775	0	1000	0	0.999372	53.9565	68546.1	0.99936	54.1583	67524.3	1	-1.19016e-12	734825	1	-8.88178e-13	832374	0.999957	60.4058	1.11029e+06	1	0	1
12	rs1	1:1	2:0.54625	rs2	1:2	2:0.5525	0	1000	0	0.999347	54.5586	66698.4	0.99938	54.0033	69551.6	1	7.92255e-13	832389	1	-3.07843e-12	590673	0.999953	60.4058	1.02062e+06	1	0	1
13	rs1	1:1	2:0.5465	rs2	1:2	2:0.55075	0	1000	0	0.999356	54.6104	67698.8	0.999368	54.417	68684.9	1	-6.59384e-12	665377	1	8.61178e-12	590690	0.999946	60.4058	889674	1	0	1
14	rs1	1:1	2:0.54925	rs2	1:2	2:0.54975	0	1000	0	0.999345	54.3801	66251.1	0.999387	53.6793	69867.1	1	1.40901e-11	983886	1	4.02345e-12	637342	0.999959	60.4058	1.17224e+06	1	0	1
15	rs1	1:1	2:0.5515	rs2	1:2	2:0.5525	0	1000	0	0.99935	54.5741	66995.5	0.999377	54.1255	69292.1	1	1.21183e-11	779026	1	2.83151e-12	590678	0.999951	60.4058	977586	1	0	1
16	rs1	1:1	2:0.5545	rs2	1:2	2:0.54825	0	1000	0	0.999366	54.0656	68031.4	0.999366	54.0656	68031.4	1	-3.53495e-12	779007	1	1.69464e-12	779007	0.999956	60.4058	1.10165e+06	1	0	1
17	rs1	1:1	2:0.54625	rs2	1:2	2:0.5515	0	1000	0	0.999351	54.3228	66814.9	0.99938	53.8368	69297.1	1	-3.93996e-12	898615	1	5.88507e-12	665347	0.999957	60.4058	1.11808e+06	1	0	1
18	rs1	1:1	2:0.5495	rs2	1:2	2:0.54775	0	1000	0	0.999377	54.1255	69292.1	0.99935	54.5741	66995.5	1	-1.72307e-12	590678	1	1.71951e-12	779026	0.999951	60.4058	977586	1	0	1
19	rs1	1:1	2:0.55	rs2	1:2	2:0.548	0	1000	0	0.999369	54.2069	68505.4	0.999359	54.3679	67687.9	1	1.07931e-11	665358	1	5.57421e-12	734838	0.999951	60.4058	991258	1	0	1
20	rs1	1:1	2:0.554	rs2	1:2	2:0.55125	0	1000	0	0.999372	53.9565	68546.1	0.99936	54.1583	67524.3	1	1.08997e-11	734825	1	7.45359e-12	832374	0.999957	60.4058	1.11029e+06	1	0	1
21	rs1	1:1	2:0.55825	rs2	1:2	2:0.55	0	1000	0	0.999363	54.6457	68405.1	0.999359	54.701	68122.7	1	4.79616e-12	570967	1	5.33973e-12	590708	0.999941	60.4058	821460	1	0	1
22	rs1	1:1	2:0.54875	rs2	1:2	2:0.543	0	1000	0	0.999395	53.4835	70531.2	0.999338	54.4246	65599.2	1	8.89067e-13	612646	1	4.47997e-12	1.09946e+06	0.999962	60.4058	1.2586e+06	1	0	1
23	rs1	1:1	2:0.55225	rs2	1:2	2:0.54575	0	1000	0	0.999376	53.8161	68845.5	0.999357	54.1416	67194.3	1	-6.86384e-12	734822	1	2.84217e-13	898610	0.999958	60.4058	1.16077e+06	1	0	1
24	rs1	1:1	2:0.549	rs2	1:2	2:0.551	0	1000	0	0.999365	54.6601	68699.6	0.999356	54.8158	67903.4	1	3.201e-12	536884	1	1.8936e-12	590716	0.99994	60.4058	798146	1	0	1
25	rs1	1:1	2:0.54825	rs2	1:2	2:0.545	0	1000	0	0.999377	53.6245	68654.6	0.999361	53.8947	67287.8	1	1.95843e-11	832362	1	-1.09246e-11	983873	0.999963	60.4058	1.28871e+06	1	0	1
26	rs1	1:1	2:0.54925	rs2	1:2	2:0.5455	0	1000	0	0.999366	54.0656	68031.4	0.999366	54.0656	68031.4	1	1.14788e-11	779007	1	8.92086e-12	779007	0.999956	60.4058	1.10165e+06	1	0	1
27	rs1	1:1	2:0.54625	rs2	1:2	2:0.547	0	1000	0	0.999372	53.9565	68546.1	0.99936	54.1583	67524.3	1	9.20508e-12	734825	1	-2.26663e-12	832374	0.999957	60.4058	1.11029e+06	1	0	1
28	rs1	1:1	2:0.548	rs2	1:2	2:0.55775	0	1000	0	0.999352	54.5067	67126.9	0.999375	54.1174	69114.7	1	3.52074e-12	779023	1	2.94875e-13	612662	0.999951	60.4058	991024	1	0	1
29	rs1	1:1	2:0.545	rs2	1:2	2:0.54625	0	1000	0	0.99936	54.2683	67607.9	0.99937	54.0892	68516.1	1	-5.80158e-12	779013	1	-1.17595e-12	697474	0.999954	60.4058	1.04558e+06	1	0	1
30	rs1	1:1	2:0.54775	rs2	1:2	2:0.5425	0	1000	0	0.999383	53.8543	69686.2	0.999346	54.4736	66500	1	-1.56319e-12	612654	1	3.00915e-12	898621	0.999956	60.4058	1.08755e+06	1	0	1
31	rs1	1:1	2:0.55125	rs2	1:2	2:0.5535	0	1000	0	0.999347	53.9564	65930	0.999394	53.1716	69985.3	1	1.03029e-13	1.26889e+06	1	3.7188e-12	778991	0.999968	60.4058	1.48891e+06	1	0	1
32	rs1	1:1	2:0.54775	rs2	1:2	2:0.55425	0	1000	0	0.999356	54.6104	67698.8	0.999368	54.417	68684.9	1	-1.33049e-11	665377	1	6.53699e-12	590690	0.999946	60.4058	889674	1	0	1
33	rs1	1:1	2:0.54625	rs2	1:2	2:0.554	0	1000	0	0.999359	54.4589	67761.2	0.999367	54.3126	68504.9	1	1.89075e-11	697489	1	7.84439e-12	637361	0.999949	60.4058	944782	1	0	1
34	rs1	1:1	2:0.55275	rs2	1:2	2:0.55375	0	1000	0	0.999366	54.4087	68511.5	0.999358	54.5427	67829.3	1	-3.37508e-13	612674	1	-2.73914e-12	665373	0.999947	60.4058	904419	1	0	1
35	rs1	1:1	2:0.55325	rs2	1:2	2:0.5475	0	1000	0	0.999357	54.4472	67532.2	0.99937	54.2163	68706.1	1	-6.3558e-12	734842	1	-4.27391e-12	637357	0.99995	60.4058	972684	1	0	1
36	rs1	1:1	2:0.5535	rs2	1:2	2:0.551	0	1000	0	0.999354	54.5996	67485	0.999371	54.3297	68861.6	1	-5.51736e-12	697496	1	3.0056e-12	590686	0.999947	60.4058	913944	1	0	1
37	rs1	1:1	2:0.5465	rs2	1:2	2:0.55125	0	1000	0	9.4002e-11	9.32185	1.43938	1.58836e-10	9.22662	1.44242	0.999972	-23.3184	661655	0.999971	-23.3184	633487	0.999927	83.7242	918648	0	0	1
38	rs1	1:1	2:0.54425	rs2	1:2	2:0.548	0	1000	0	0.999357	54.1416	67194.3	0.999376	53.8161	68845.5	1	3.87601e-12	898610	1	5.68434e-12	734822	0.999958	60.4058	1.16077e+06	1	0	1
39	rs1	1:1	2:0.54875	rs2	1:2	2:0.5575	0	1000	0	0.999343	54.8026	66547.8	0.999382	54.1537	69909.6	1	3.58114e-12	779039	1	-8.23164e-12	521997	0.999949	60.4058	937686	1	0	1
40	rs1	1:1	2:0.5535	rs2	1:2	2:0.5505	0	1000	0	0.999375	54.241	69228.8	0.99935	54.6505	67132.1	1	-2.90257e-12	570945	1	-1.3042e-11	734852	0.999948	60.4058	930521	1	0	1
41	rs1	1:1	2:0.5455	rs2	1:2	2:0.54975	0	1000	0	0.999361	54.4696	67973.3	0.999365	54.3997	68328.2	1	-3.32179e-12	665370	1	-8.68994e-12	637365	0.999948	60.4058	921324	1	0	1
42	rs1	1:1	2:0.55175	rs2	1:2	2:0.54975	0	1000	0	0.99936	54.6294	68075.1	0.999363	54.5699	68378.1	1	-4.3876e-12	612687	1	9.22284e-12	590699	0.999943	60.4058	850986	1	0	1
43	rs1	1:1	2:0.55025	rs2	1:2	2:0.551	0	1000	0	0.999354	54.5996	67485	0.999371	54.3297	68861.6	1	8.08598e-12	697496	1	-8.09308e-12	590686	0.999947	60.4058	913944	1	0	1
44	rs1	1:1	2:0.54975	rs2	1:2	2:0.54425	0	1000	0	0.99936	54.2683	67607.9	0.99937	54.0892	68516.1	1	6.11777e-12	779013	1	-2.33413e-12	697474	0.999954	60.4058	1.04558e+06	1	0	1
45	rs1	1:1	2:0.54975	rs2	1:2	2:0.545	0	1000	0	0.999374	54.1087	68927.4	0.999354	54.434	67271	1	3.55271e-14	637353	1	1.94404e-11	779020	0.999952	60.4058	1.00648e+06	1	0	1
46	rs1	1:1	2:0.5525	rs2	1:2	2:0.55275	0	1000	0	0.999381	53.65	69211.1	0.999354	54.1215	66809.2	1	1.23634e-11	734818	1	-1.54756e-11	983878	0.999961	60.4058	1.22797e+06	1	0	1
47	rs1	1:1	2:0.55075	rs2	1:2	2:0.55125	0	1000	0	0.999349	54.096	66328	0.999388	53.4464	69662.4	1	-1.16884e-12	1.09945e+06	1	9.71667e-13	734815	0.999964	60.4058	1.32238e+06	1	0	1
48	rs1	1:1	2:0.54975	rs2	1:2	2:0.542	0	1000	0	0.999381	53.65	69211.1	0.999354	54.1215	66809.2	1	-7.0326e-12	734818	1	3.69127e-12	983878	0.999961	60.4058	1.22797e+06	1	0	1
49	rs1	1:1	2:0.5515	rs2	1:2	2:0.55	0	1000	0	1.60197e-09	8.75284	1.45065	1.60197e-09	8.75284	1.45065	0.999978	-23.3092	829429	0.999978	-23.3092	829429	0.999943	83.715	1.17504e+06	0	0	1
50	rs1	1:1	2:0.544	rs2	1:2	2:0.5485	0	1000	0	0.999354	54.3401	67145.9	0.999376	53.9775	68991.5	1	5.39657e-12	832380	1	-5.12124e-12	665351	0.999955	60.4058	1.06558e+06	1	0	1
51	rs1	1:1	2:0.553	rs2	1:2	2:0.549	0	1000	0	0.999363	54.5699	68378.1	0.99936	54.6294	68075.1	1	-1.73728e-12	590699	1	-9.96891e-12	612687	0.999943	60.4058	850986	1	0	1
52	rs1	1:1	2:0.5465	rs2	1:2	2:0.54925	0	1000	0	0.999366	54.0656	68031.4	0.999366	54.0656	68031.4	1	-6.71463e-12	779007	1	-1.61293e-12	779007	0.999956	60.4058	1.10165e+06	1	0	1
53	rs1	1:1	2:0.55125	rs2	1:2	2:0.55125	0	1000	0	0.999371	54.4321	69001.4	0.999353	54.7325	67464.8	1	-2.34834e-12	553108	1	-1.53442e-11	665385	0.999944	60.4058	865178	1	0	1
54	rs1	1:1	2:0.557	rs2	1:2	2:0.55275	0	1000	0	0.999363	54.6457	68405.1	0.999359	54.701	68122.7	1	-1.58096e-12	570967	1	4.5155e-12	590708	0.999941	60.4058	821460	1	0	1
55	rs1	1:1	2:0.55175	rs2	1:2	2:0.549	0	1000	0	0.99937	54.0892	68516.1	0.99936	54.2683	67607.9	1	-6.64357e-13	697474	1	7.38609e-12	779013	0.999954	60.4058	1.04558e+06	1	0	1
56	rs1	1:1	2:0.553	rs2	1:2	2:0.55075	0	1000	0	1.54496e-10	9.22842	1.44174	1.54496e-10	9.22842	1.44174	0.999972	-23.3174	661655	0.999972	-23.3174	661655	0.999929	83.7232	938294	0	0	1
57	rs1	1:1	2:0.54575	rs2	1:2	2:0.554	0	1000	0	2.58299e-11	9.56057	1.43367	2.93794e-10	9.11904	1.447	0.999973	-23.3205	693950	0.999967	-23.3205	566608	0.999926	83.7262	898572	0	0	1
58	rs1	1:1	2:0.55	rs2	1:2	2:0.5445	0	1000	0	0.999364	54.4883	68352.2	0.99936	54.5525	68025.3	1	4.68248e-12	612678	1	-1.34719e-11	637373	0.999945	60.4058	884023	1	0	1
59	rs1	1:1	2:0.55325	rs2	1:2	2:0.548	0	1000	0	0.999363	54.3901	68133.3	0.999363	54.3901	68133.3	1	-3.43903e-12	665366	1	-3.87246e-12	665366	0.999949	60.4058	940912	1	0	1
60	rs1	1:1	2:0.5535	rs2	1:2	2:0.5495	0	1000	0	0.999365	54.3997	68328.2	0.999361	54.4696	67973.3	1	-4.39115e-12	637365	1	5.78737e-12	665370	0.999948	60.4058	921324	1	0	1
61	rs1	1:1	2:0.5535	rs2	1:2	2:0.5545	0	1000	0	0.999378	54.1331	69455.5	0.999348	54.6368	66869.4	1	-2.40696e-12	570941	1	-8.19611e-12	779029	0.99995	60.4058	965789	1	0	1
62	rs1	1:1	2:0.551	rs2	1:2	2:0.55	0	1000	0	0.999362	54.7164	68427.6	0.999359	54.7681	68163.1	1	-2.66454e-12	553126	1	-2.19558e-12	570976	0.999939	60.4058	794864	1	0	1
63	rs1	1:1	2:0.552	rs2	1:2	2:0.55	0	1000	0	0.999361	53.8947	67287.8	0.999377	53.6245	68654.6	1	8.72902e-12	983873	1	1.17275e-11	832362	0.999963	60.4058	1.28871e+06	1	0	1
64	rs1	1:1	2:0.54775	rs2	1:2	2:0.55325	0	1000	0	0.999365	54.3997	68328.2	0.999361	54.4696	67973.3	1	1.20792e-12	637365	1	-2.0286e-12	665370	0.999948	60.4058	921324	1	0	1
65	rs1	1:1	2:0.54925	rs2	1:2	2:0.55025	0	1000	0	0.999372	54.0994	68728.6	0.999357	54.3549	67430.3	1	-2.33591e-12	665354	1	-7.67386e-13	779017	0.999953	60.4058	1.02444e+06	1	0	1
66	rs1	1:1	2:0.5525	rs2	1:2	2:0.55025	0	1000	0	0.99937	54.2163	68706.1	0.999357	54.4472	67532.2	1	-1.53655e-12	637357	1	-5.35749e-12	734842	0.99995	60.4058	972684	1	0	1
67	rs1	1:1	2:0.5535	rs2	1:2	2:0.5515	0	1000	0	0.999376	54.2482	69381.2	0.999349	54.7093	67014.4	1	5.84421e-13	553099	1	-3.25429e-12	734856	0.999948	60.4058	919678	1	0	1
68	rs1	1:1	2:0.54825	rs2	1:2	2:0.55375	0	1000	0	0.999357	54.532	67619.2	0.999369	54.3215	68690.9	1	-2.32347e-12	697492	1	-3.03046e-12	612670	0.999948	60.4058	928304	1	0	1
69	rs1	1:1	2:0.55675	rs2	1:2	2:0.54825	0	1000	0	0.999393	53.7096	70576.8	0.999336	54.638	65698.4	1	-7.79998e-12	553080	1	-7.55662e-12	983896	0.999957	60.4058	1.12865e+06	1	0	1
70	rs1	1:1	2:0.55025	rs2	1:2	2:0.545	0	1000	0	0.999359	54.3679	67687.9	0.999369	54.2069	68505.4	1	1.38556e-13	734838	1	-2.50466e-12	665358	0.999951	60.4058	991258	1	0	1
71	rs1	1:1	2:0.5485	rs2	1:2	2:0.55275	0	1000	0	0.99937	54.0892	68516.1	0.99936	54.2683	67607.9	1	-1.19869e-11	697474	1	-1.57065e-11	779013	0.999954	60.4058	1.04558e+06	1	0	1
72	rs1	1:1	2:0.54625	rs2	1:2	2:0.5495	0	1000	0	0.99937	53.9443	68286	0.999363	54.0515	67743.9	1	-1.05409e-11	779004	1	-1.02034e-11	832371	0.999958	60.4058	1.14001e+06	1	0	1
73	rs1	1:1	2:0.55225	rs2	1:2	2:0.54575	0	1000	0	0.999372	53.7904	68301.6	0.999364	53.9142	67676.4	1	-9.19087e-12	832365	1	1.02034e-11	898604	0.999961	60.4058	1.22485e+06	1	0	1
74	rs1	1:1	2:0.5475	rs2	1:2	2:0.5525	0	1000	0	0.999362	54.2812	67862.3	0.999367	54.1966	68291	1	1.51417e-11	734835	1	5.71276e-12	697478	0.999952	60.4058	1.0131e+06	1	0	1
75	rs1	1:1	2:0.54925	rs2	1:2	2:0.54775	0	1000	0	0.999393	53.4753	70334.6	0.99934	54.3533	65757.6	1	-3.92575e-13	637338	1	-9.57456e-12	1.09946e+06	0.999962	60.4058	1.2708e+06	1	0	1
76	rs1	1:1	2:0.55125	rs2	1:2	2:0.54925	0	1000	0	0.999357	54.4472	67532.2	0.99937	54.2163	68706.1	1	-3.27205e-12	734842	1	-1.42464e-11	637357	0.99995	60.4058	972684	1	0	1
77	rs1	1:1	2:0.54775	rs2	1:2	2:0.55175	0	1000	0	0.999382	53.8459	69494.9	0.999349	54.4014	66647.5	1	-5.34683e-13	637345	1	2.00977e-11	898618	0.999956	60.4058	1.10165e+06	1	0	1
78	rs1	1:1	2:0.54725	rs2	1:2	2:0.545	0	1000	0	0.99937	54.0892	68516.1	0.99936	54.2683	67607.9	1	-3.34666e-12	697474	1	-1.3511e-11	779013	0.999954	60.4058	1.04558e+06	1	0	1
79	rs1	1:1	2:0.55	rs2	1:2	2:0.55175	0	1000	0	0.999357	54.4472	67532.2	0.99937	54.2163	68706.1	1	1.19371e-12	734842	1	1.05604e-11	637357	0.99995	60.4058	972684	1	0	1
80	rs1	1:1	2:0.54875	rs2	1:2	2:0.5505	0	1000	0	0.999362	54.2812	67862.3	0.999367	54.1966	68291	1	-6.75016e-13	734835	1	-4.36984e-12	697478	0.999952	60.4058	1.0131e+06	1	0	1
81	rs1	1:1	2:0.55225	rs2	1:2	2:0.5515	0	1000	0	0.999367	54.1966	68291	0.999362	54.2812	67862.3	1	-3.77653e-12	697478	1	1.43494e-11	734835	0.999952	60.4058	1.0131e+06	1	0	1
82	rs1	1:1	2:0.5455	rs2	1:2	2:0.5505	0	1000	0	0.999358	54.5427	67829.3	0.999366	54.4087	68511.5	1	1.82752e-11	665373	1	-1.20082e-12	612674	0.999947	60.4058	904419	1	0	1
83	rs1	1:1	2:0.5515	rs2	1:2	2:0.551	0	1000	0	0.999385	53.6704	69662.3	0.999348	54.302	66417.6	1	7.85683e-12	665343	1	-1.60263e-11	983883	0.999959	60.4058	1.1877e+06	1	0	1
84	rs1	1:1	2:0.548	rs2	1:2	2:0.551	0	1000	0	0.999361	54.4696	67973.3	0.999365	54.3997	68328.2	1	1.06262e-11	665370	1	6.39488e-12	637365	0.999948	60.4058	921324	1	0	1
85	rs1	1:1	2:0.545	rs2	1:2	2:0.5465	0	1000	0	0.999364	53.9142	67676.4	0.999372	53.7904	68301.6	1	-6.88161e-12	898604	1	-4.63629e-12	832365	0.999961	60.4058	1.22485e+06	1	0	1
86	rs1	1:1	2:0.5535	rs2	1:2	2:0.55325	0	1000	0	0.999366	54.3031	68307.3	0.999361	54.3796	67919	1	-2.84572e-12	665362	1	1.39728e-11	697485	0.99995	60.4058	963893	1	0	1
87	rs1	1:1	2:0.5495	rs2	1:2	2:0.549	0	1000	0	0.999372	54.2251	68889.8	0.999354	54.5201	67386.5	1	-4.70735e-13	612666	1	-1.69145e-11	734845	0.99995	60.4058	956687	1	0	1
88	rs1	1:1	2:0.55525	rs2	1:2	2:0.5525	0	1000	0	0.99936	54.2683	67607.9	0.99937	54.0892	68516.1	1	-2.359e-12	779013	1	1.55609e-12	697474	0.999954	60.4058	1.04558e+06	1	0	1
89	rs1	1:1	2:0.54625	rs2	1:2	2:0.551	0	1000	0	0.999349	54.4914	66834.4	0.999379	53.9953	69375.3	1	-9.59233e-12	832386	1	2.4869e-12	612658	0.999953	60.4058	1.0335e+06	1	0	1
90	rs1	1:1	2:0.5525	rs2	1:2	2:0.54725	0	1000	0	0.999381	53.65	69211.1	0.999354	54.1215	66809.2	1	-8.89777e-12	734818	1	6.76081e-12	983878	0.999961	60.4058	1.22797e+06	1	0	1
91	rs1	1:1	2:0.5485	rs2	1:2	2:0.55225	0	1000	0	0.999354	54.3401	67145.9	0.999376	53.9775	68991.5	1	-6.90292e-12	832380	1	-8.34888e-13	665351	0.999955	60.4058	1.06558e+06	1	0	1
92	rs1	1:1	2:0.55225	rs2	1:2	2:0.5565	0	1000	0	0.999354	54.5996	67485	0.999371	54.3297	68861.6	1	8.45901e-12	697496	1	1.25056e-11	590686	0.999947	60.4058	913944	1	0	1
93	rs1	1:1	2:0.5515	rs2	1:2	2:0.54575	0	1000	0	0.999372	54.0994	68728.6	0.999357	54.3549	67430.3	1	-6.33271e-12	665354	1	3.12994e-12	779017	0.999953	60.4058	1.02444e+06	1	0	1
94	rs1	1:1	2:0.552	rs2	1:2	2:0.5465	0	1000	0	0.999367	54.3126	68504.9	0.999359	54.4589	67761.2	1	2.26663e-12	637361	1	1.41753e-11	697489	0.999949	60.4058	944782	1	0	1
95	rs1	1:1	2:0.55175	rs2	1:2	2:0.54725	0	1000	0	0.99937	54.0892	68516.1	0.99936	54.2683	67607.9	1	2.70006e-12	697474	1	7.74492e-13	779013	0.999954	60.4058	1.04558e+06	1	0	1
96	rs1	1:1	2:0.55125	rs2	1:2	2:0.556	0	1000	0	0.999363	54.7234	68569.7	0.999357	54.8237	68056.3	1	4.3876e-12	536888	1	4.04299e-12	570981	0.999938	60.4058	783652	1	0	1
97	rs1	1:1	2:0.549	rs2	1:2	2:0.555	0	1000	0	0.999357	54.4472	67532.2	0.99937	54.2163	68706.1	1	-1.07505e-11	734842	1	1.0818e-12	637357	0.99995	60.4058	972684	1	0	1
98	rs1	1:1	2:0.5495	rs2	1:2	2:0.55125	0	1000	0	0.999378	54.1331	69455.5	0.999348	54.6368	66869.4	1	8.70237e-12	570941	1	-1.18945e-11	779029	0.99995	60.4058	965789	1	0	1
99	rs1	1:1	2:0.548	rs2	1:2	2:0.5485	0	1000	0	0.999354	54.5201	67386.5	0.999372	54.2251	68889.8	1	4.87077e-12	734845	1	-1.55094e-11	612666	0.99995	60.4058	956687	1	0	1
100	rs1	1:1	2:0.54925	rs2	1:2	2:0.55125	0	1000	0	0.999372	53.9565	68546.1	0.99936	54.1583	67524.3	1	6.63292e-12	734825	1	-1.76783e-11	832374	0.999957	60.4058	1.11029e+06	1	0	1
101	rs1	1:1	2:0.55125	rs2	1:2	2:0.55425	0	1000	0	0.999342	54.7345	66348.7	0.999385	54.0248	70032.8	1	7.02371e-12	832398	1	5.37348e-12	536850	0.999951	60.4058	990443	1	0	1
102	rs1	1:1	2:0.5545	rs2	1:2	2:0.545	0	1000	0	0.999398	53.1937	70514.4	0.99934	54.1551	65480.7	1	7.72626e-12	697456	1	5.3042e-12	1.2689e+06	0.999967	60.4058	1.44792e+06	1	0	1
103	rs1	1:1	2:0.54725	rs2	1:2	2:0.5475	0	1000	0	0.999364	54.2926	68095.9	0.999364	54.2926	68095.9	1	-1.40652e-11	697481	1	9.91207e-12	697481	0.999951	60.4058	986338	1	0	1
104	rs1	1:1	2:0.55675	rs2	1:2	2:0.549	0	1000	0	0.999367	54.1966	68291	0.999362	54.2812	67862.3	1	-2.12594e-11	697478	1	3.10862e-12	734835	0.999952	60.4058	1.0131e+06	1	0	1
105	rs1	1:1	2:0.547	rs2	1:2	2:0.55075	0	1000	0	0.999362	54.2812	67862.3	0.999367	54.1966	68291	1	-1.88827e-11	734835	1	-1.45732e-11	697478	0.999952	60.4058	1.0131e+06	1	0	1
106	rs1	1:1	2:0.5525	rs2	1:2	2:0.551	0	1000	0	5.33897e-11	9.41428	1.43485	1.04328e-09	8.87595	1.45444	0.999976	-23.3164	775859	0.999969	-23.3164	608634	0.999932	83.7222	988542	0	0	1
107	rs1	1:1	2:0.5495	rs2	1:2	2:0.5535	0	1000	0	0.999352	54.5067	67126.9	0.999375	54.1174	69114.7	1	-1.33689e-11	779023	1	2.95763e-12	612662	0.999951	60.4058	991024	1	0	1
108	rs1	1:1	2:0.549	rs2	1:2	2:0.55	0	1000	0	0.999374	54.1087	68927.4	0.999354	54.434	67271	1	-4.79616e-14	637353	1	-3.1477e-12	779020	0.999952	60.4058	1.00648e+06	1	0	1
109	rs1	1:1	2:0.54825	rs2	1:2	2:0.55275	0	1000	0	0.99936	54.2683	67607.9	0.99937	54.0892	68516.1	1	-1.32303e-11	779013	1	5.8975e-12	697474	0.999954	60.4058	1.04558e+06	1	0	1
110	rs1	1:1	2:0.548	rs2	1:2	2:0.551	0	1000	0	0.999358	54.6203	67892.9	0.999365	54.4966	68523.1	1	5.3646e-12	637377	1	-2.89546e-12	590695	0.999945	60.4058	868932	1	0	1
111	rs1	1:1	2:0.5535	rs2	1:2	2:0.5475	0	1000	0	0.999359	54.3679	67687.9	0.999369	54.2069	68505.4	1	2.4869e-14	734838	1	1.36424e-12	665358	0.999951	60.4058	991258	1	0	1
112	rs1	1:1	2:0.54975	rs2	1:2	2:0.55125	0	1000	0	7.83371e-11	9.33362	1.43511	2.23313e-09	8.72856	1.45966	0.999978	-23.3143	829429	0.999971	-23.3143	633487	0.999936	83.7201	1.04598e+06	0	0	1
113	rs1	1:1	2:0.54775	rs2	1:2	2:0.5505	0	1000	0	0.999357	54.3549	67430.3	0.999372	54.0994	68728.6	1	-1.81686e-11	779017	1	8.46256e-12	665354	0.999953	60.4058	1.02444e+06	1	0	1
114	rs1	1:1	2:0.55075	rs2	1:2	2:0.5515	0	1000	0	0.999354	54.434	67271	0.999374	54.1087	68927.4	1	-1.62963e-11	779020	1	7.53708e-12	637353	0.999952	60.4058	1.00648e+06	1	0	1
115	rs1	1:1	2:0.5505	rs2	1:2	2:0.54825	0	1000	0	0.999382	53.8459	69494.9	0.999349	54.4014	66647.5	1	-9.72022e-12	637345	1	-1.16387e-11	898618	0.999956	60.4058	1.10165e+06	1	0	1
116	rs1	1:1	2:0.5505	rs2	1:2	2:0.549	0	1000	0	0.99938	54.1403	69616.8	0.999346	54.6955	66758.2	1	-2.47979e-12	553094	1	2.72848e-12	779033	0.99995	60.4058	955347	1	0	1
117	rs1	1:1	2:0.551	rs2	1:2	2:0.5475	0	1000	0	0.999366	54.3031	68307.3	0.999361	54.3796	67919	1	7.21911e-12	665362	1	1.41398e-12	697485	0.99995	60.4058	963893	1	0	1
118	rs1	1:1	2:0.54625	rs2	1:2	2:0.55425	0	1000	0	0.99938	53.8368	69297.1	0.999351	54.3228	66814.9	1	1.247e-11	665347	1	-1.8197e-11	898615	0.999957	60.4058	1.11808e+06	1	0	1
119	rs1	1:1	2:0.5455	rs2	1:2	2:0.5475	0	1000	0	0.99938	53.8368	69297.1	0.999351	54.3228	66814.9	1	6.58851e-12	665347	1	-5.44631e-12	898615	0.999957	60.4058	1.11808e+06	1	0	1
120	rs1	1:1	2:0.551	rs2	1:2	2:0.54775	0	1000	0	0.99937	54.0892	68516.1	0.99936	54.2683	67607.9	1	1.18447e-11	697474	1	4.17799e-12	779013	0.999954	60.4058	1.04558e+06	1	0	1
121	rs1	1:1	2:0.55375	rs2	1:2	2:0.5465	0	1000	0	0.999392	53.4665	70130.3	0.999343	54.2756	65934.5	1	3.09708e-12	665339	1	1.02425e-11	1.09946e+06	0.999963	60.4058	1.28507e+06	1	0	1
122	rs1	1:1	2:0.55	rs2	1:2	2:0.55025	0	1000	0	0.999366	54.4087	68511.5	0.999358	54.5427	67829.3	1	1.30314e-11	612674	1	4.67892e-12	665373	0.999947	60.4058	904419	1	0	1
123	rs1	1:1	2:0.5425	rs2	1:2	2:0.552	0	1000	0	0.999353	53.9903	66558.4	0.999386	53.4346	69396.4	1	8.45546e-13	1.09945e+06	1	-8.25473e-12	778994	0.999964	60.4058	1.34743e+06	1	0	1
124	rs1	1:1	2:0.55025	rs2	1:2	2:0.5515	0	1000	0	0.999386	53.8697	70034.8	0.999342	54.6026	66233.9	1	-5.69411e-12	570932	1	4.82103e-12	898626	0.999955	60.4058	1.06461e+06	1	0	1
125	rs1	1:1	2:0.55125	rs2	1:2	2:0.5485	0	1000	0	0.999387	53.6793	69867.1	0.999345	54.3801	66251.1	1	3.45501e-12	637342	1	-8.17124e-14	983886	0.999959	60.4058	1.17224e+06	1	0	1
126	rs1	1:1	2:0.549	rs2	1:2	2:0.551	0	1000	0	0.999357	54.532	67619.2	0.999369	54.3215	68690.9	1	-3.47811e-12	697492	1	-8.27605e-12	612670	0.999948	60.4058	928304	1	0	1
127	rs1	1:1	2:0.54575	rs2	1:2	2:0.54875	0	1000	0	0.99935	54.6505	67132.1	0.999375	54.241	69228.8	1	-5.12301e-12	734852	1	3.45324e-12	570945	0.999948	60.4058	930521	1	0	1
128	rs1	1:1	2:0.552	rs2	1:2	2:0.54575	0	1000	0	0.999388	53.4464	69662.4	0.999349	54.096	66328	1	-3.26139e-12	734815	1	-2.97717e-12	1.09945e+06	0.999964	60.4058	1.32238e+06	1	0	1
129	rs1	1:1	2:0.55075	rs2	1:2	2:0.55175	0	1000	0	0.999365	54.3997	68328.2	0.999361	54.4696	67973.3	1	7.50688e-12	637365	1	5.91172e-12	665370	0.999948	60.4058	921324	1	0	1
130	rs1	1:1	2:0.54925	rs2	1:2	2:0.55475	0	1000	0	0.99935	54.6505	67132.1	0.999375	54.241	69228.8	1	-8.67217e-12	734852	1	-5.65237e-12	570945	0.999948	60.4058	930521	1	0	1
131	rs1	1:1	2:0.55725	rs2	1:2	2:0.55075	0	1000	0	0.999392	53.4665	70130.3	0.999343	54.2756	65934.5	1	-7.94742e-12	665339	1	2.71783e-12	1.09946e+06	0.999963	60.4058	1.28507e+06	1	0	1
132	rs1	1:1	2:0.5515	rs2	1:2	2:0.54875	0	1000	0	0.999345	54.6211	66573.1	0.999382	54.0108	69719.2	1	5.86198e-13	832392	1	4.10516e-12	570936	0.999952	60.4058	1.00932e+06	1	0	1
133	rs1	1:1	2:0.549	rs2	1:2	2:0.5475	0	1000	0	0.999359	54.4589	67761.2	0.999367	54.3126	68504.9	1	1.07825e-11	697489	1	1.5028e-12	637361	0.999949	60.4058	944782	1	0	1
134	rs1	1:1	2:0.55375	rs2	1:2	2:0.55275	0	1000	0	0.999354	54.5996	67485	0.999371	54.3297	68861.6	1	5.22249e-13	697496	1	4.01101e-12	590686	0.999947	60.4058	913944	1	0	1
135	rs1	1:1	2:0.5425	rs2	1:2	2:0.55425	0	1000	0	0.999344	54.5404	66359	0.999385	53.8622	69862.2	1	-7.72005e-12	898624	1	-5.2065e-12	590669	0.999955	60.4058	1.07532e+06	1	0	1
136	rs1	1:1	2:0.551	rs2	1:2	2:0.5445	0	1000	0	0.999364	54.2926	68095.9	0.999364	54.2926	68095.9	1	8.87823e-12	697481	1	-2.85283e-12	697481	0.999951	60.4058	986338	1	0	1
137	rs1	1:1	2:0.5525	rs2	1:2	2:0.54725	0	1000	0	0.999388	53.8767	70194.6	0.99934	54.6608	66112.3	1	-3.87779e-12	553085	1	-3.67351e-12	898629	0.999954	60.4058	1.05514e+06	1	0	1
138	rs1	1:1	2:0.55875	rs2	1:2	2:0.54725	0	1000	0	0.99938	54.1403	69616.8	0.999346	54.6955	66758.2	1	-5.18874e-12	553094	1	3.31823e-12	779033	0.99995	60.4058	955347	1	0	1
139	rs1	1:1	2:0.55275	rs2	1:2	2:0.54775	0	1000	0	0.999383	53.8543	69686.2	0.999346	54.4736	66500	1	-1.39693e-11	612654	1	7.12674e-12	898621	0.999956	60.4058	1.08755e+06	1	0	1
140	rs1	1:1	2:0.54425	rs2	1:2	2:0.5485	0	1000	0	0.999357	54.4472	67532.2	0.99937	54.2163	68706.1	1	2.37677e-12	734842	1	-1.49925e-12	637357	0.99995	60.4058	972684	1	0	1
141	rs1	1:1	2:0.554	rs2	1:2	2:0.55225	0	1000	0	0.999361	54.3796	67919	0.999366	54.3031	68307.3	1	-1.88543e-11	697485	1	-6.25278e-13	665362	0.99995	60.4058	963893	1	0	1
142	rs1	1:1	2:0.5485	rs2	1:2	2:0.54775	0	1000	0	0.999376	53.8161	68845.5	0.999357	54.1416	67194.3	1	1.06137e-11	734822	1	1.02318e-12	898610	0.999958	60.4058	1.16077e+06	1	0	1
143	rs1	1:1	2:0.54925	rs2	1:2	2:0.5475	0	1000	0	0.999369	54.4248	68844.2	0.999354	54.6735	67574.1	1	-1.93658e-11	570954	1	-1.52838e-11	665381	0.999945	60.4058	876694	1	0	1
144	rs1	1:1	2:0.547	rs2	1:2	2:0.55075	0	1000	0	0.999357	54.1416	67194.3	0.999376	53.8161	68845.5	1	-1.39977e-12	898610	1	-6.51568e-12	734822	0.999958	60.4058	1.16077e+06	1	0	1
145	rs1	1:1	2:0.5505	rs2	1:2	2:0.55425	0	1000	0	0.999357	54.2538	67321.4	0.999374	53.9675	68774.5	1	2.39453e-11	832377	1	1.08891e-12	697471	0.999956	60.4058	1.08593e+06	1	0	1
146	rs1	1:1	2:0.55175	rs2	1:2	2:0.548	0	1000	0	0.999362	54.4793	68171.4	0.999362	54.4793	68171.4	1	-8.64731e-12	637369	1	-5.08038e-12	637369	0.999947	60.4058	901311	1	0	1
147	rs1	1:1	2:0.54875	rs2	1:2	2:0.55175	0	1000	0	0.999369	54.2069	68505.4	0.999359	54.3679	67687.9	1	2.16716e-13	665358	1	9.20153e-13	734838	0.999951	60.4058	991258	1	0	1
148	rs1	1:1	2:0.5565	rs2	1:2	2:0.5535	0	1000	0	0.999365	54.3997	68328.2	0.999361	54.4696	67973.3	1	6.19949e-12	637365	1	-1.17595e-12	665370	0.999948	60.4058	921324	1	0	1
