Outcome	Var1_ID	Var1_Pos	Var1_MAF	Var2_ID	Var2_Pos	Var2_MAF	Num_Missing	Num_Cases	Converged	Red_Var1_Pval	Red_Var1_beta	Red_Var1_SE	Red_Var2_Pval	Red_Var2_beta	Red_Var2_SE	Full_Var1_Pval	Full_Var1_beta	Full_Var1_SE	Full_Var2_Pval	Full_Var2_beta	Full_Var2_SE	Full_Var1_Var2_Pval	Full_Var1_Var2_beta	Full_Var1_Var2_SE	Red_Model_Pval	Full_Model_Pval	Overall_Pval_(LRT)
1	rs1	1:1	2:0.527	rs2	1:2	2:0.2855	0	1000	0	0.999025	53.0598	43398.6	0.999198	52.9089	52611.2	0.999994	0.954759	127914	0.999837	-53.4376	261789	0.999761	55.858	186594	1	0	1
2	rs1	1:1	2:0.522	rs2	1:2	2:0.2845	0	1000	0	0.998587	97.7576	55198.4	0.999035	49.3098	40759.3	0.99999	1.54045	127630	0.999822	-54.3088	244133	0.999777	55.72	199677	1	0	1
3	rs1	1:1	2:0.5245	rs2	1:2	2:0.2855	0	1000	0	0.999292	30.2409	34098.6	0.999545	29.5749	51844.4	0.999994	1.13831	143654	0.99991	-29.1461	257528	0.999866	31.6609	188819	1	0	1
4	rs1	1:1	2:0.5265	rs2	1:2	2:0.2835	0	1000	0	0.999338	53.8684	64912.1	0.99997	2.89792	76323.6	0.999994	1.11599	155923	0.999841	-52.6319	263782	0.999787	55.3199	207266	1	0	1
5	rs1	1:1	2:0.52175	rs2	1:2	2:0.29025	0	1000	0	0.999189	31.072	30578.7	0.999439	30.4486	43281.1	0.999992	1.26316	131243	0.999904	-29.3468	244094	0.999854	31.9816	174832	1	0	1
6	rs1	1:1	2:0.52125	rs2	1:2	2:0.28675	0	1000	0	0.998976	52.2658	40742.4	0.999251	51.138	54467.1	0.999994	1.18243	153107	0.999833	-51.7374	246758	0.999781	54.794	199776	1	0	1
7	rs1	1:1	2:0.52575	rs2	1:2	2:0.28925	0	1000	0	0.999003	52.5645	42081.4	0.999155	52.1306	49206.9	0.999993	1.13117	128692	0.999836	-51.3955	250113	0.999761	54.656	182678	1	0	1
8	rs1	1:1	2:0.52825	rs2	1:2	2:0.28375	0	1000	0	0.999063	52.8832	45020	0.999298	52.2686	59445.3	0.999993	1.10587	134156	0.999847	-53.9007	280911	0.999774	55.9519	197576	1	0	1
9	rs1	1:1	2:0.52175	rs2	1:2	2:0.2875	0	1000	0	0.999009	52.579	42316.8	0.999162	52.6124	50092	0.999994	1.03848	129195	0.999835	-51.8281	250143	0.999761	54.9604	183382	1	0	1
10	rs1	1:1	2:0.524	rs2	1:2	2:0.28725	0	1000	0	0.998982	52.462	41114.4	0.99933	51.4551	61244.7	0.999993	1.26809	144063	0.999837	-52.7203	257607	0.999776	55.1993	196350	1	0	1
11	rs1	1:1	2:0.52175	rs2	1:2	2:0.2805	0	1000	0	0.999013	52.0806	42120.3	0.999179	51.513	50089.8	0.999994	1.0883	147601	0.999851	-51.4861	274860	0.999787	54.7698	205117	1	0	1
12	rs1	1:1	2:0.52475	rs2	1:2	2:0.28725	0	1000	0	0.999684	102.691	258986	0.998469	49.47	25776	0.999991	1.29031	115119	0.999807	-54.2888	224328	0.999757	55.9334	183473	1	0	1
13	rs1	1:1	2:0.529	rs2	1:2	2:0.2905	0	1000	0	0.999035	52.7214	43610	0.999273	51.8031	56862.7	0.999993	1.1516	137024	0.99983	-52.9199	248152	0.999765	55.4052	187835	1	0	1
14	rs1	1:1	2:0.52225	rs2	1:2	2:0.28025	0	1000	0	0.999186	30.6665	30040.4	0.999487	29.4928	45887	0.999993	1.23364	147900	0.999917	-29.4423	283812	0.999873	32.0661	201174	1	0	1
15	rs1	1:1	2:0.52225	rs2	1:2	2:0.28825	0	1000	0	0.999016	52.4018	42498.8	0.999216	51.6309	52553.4	0.999992	1.28288	135953	0.999838	-52.2017	256592	0.99977	54.9141	190173	1	0	1
16	rs1	1:1	2:0.5285	rs2	1:2	2:0.2885	0	1000	0	0.999039	52.558	43615.1	0.999253	51.7354	55292.8	0.999993	1.16265	136145	0.999836	-52.6817	256370	0.999768	55.2783	190045	1	0	1
17	rs1	1:1	2:0.52675	rs2	1:2	2:0.2825	0	1000	0	0.999537	60.1097	103566	0.998908	29.1891	21320	0.999992	1.20534	119065	0.999893	-31.4833	233833	0.999856	33.0955	183388	1	0	1
18	rs1	1:1	2:0.52575	rs2	1:2	2:0.28625	0	1000	0	0.999036	52.4111	43364.6	0.999217	52.0485	53037.7	0.999993	1.19958	129725	0.999845	-52.4536	270677	0.999769	55.1245	190749	1	0	1
19	rs1	1:1	2:0.52425	rs2	1:2	2:0.28625	0	1000	0	0.999005	51.9067	41606	0.99915	51.3532	48178.4	0.999994	1.11645	141845	0.999843	-49.6348	252438	0.999778	53.8036	193047	1	0	1
20	rs1	1:1	2:0.52675	rs2	1:2	2:0.28525	0	1000	0	0.999004	52.3626	41968.3	0.999126	52.2175	47655.9	0.999993	1.07707	125775	0.999849	-50.7213	267829	0.999768	54.3781	187090	1	0	1
21	rs1	1:1	2:0.52525	rs2	1:2	2:0.286	0	1000	0	0.999019	52.404	42634.2	0.99921	51.5963	52120.3	0.999992	1.256	133637	0.999846	-52.4606	271655	0.999773	55.0773	193746	1	0	1
22	rs1	1:1	2:0.5275	rs2	1:2	2:0.291	0	1000	0	0.999007	53.1233	42684.3	0.999172	52.641	50708.6	0.999993	1.09323	122197	0.99983	-52.9443	248743	0.999751	55.4608	177671	1	0	1
23	rs1	1:1	2:0.52025	rs2	1:2	2:0.28675	0	1000	0	0.998969	52.4841	40628.6	0.999335	51.5653	61860.5	0.999994	1.23966	153142	0.999832	-52.6109	249520	0.999781	55.1733	200740	1	0	1
24	rs1	1:1	2:0.5255	rs2	1:2	2:0.28875	0	1000	0	0.999032	53.036	43703.5	0.999236	52.4443	54733.8	0.999994	1.08407	133791	0.99983	-53.353	250287	0.999762	55.6852	186560	1	0	1
25	rs1	1:1	2:0.52475	rs2	1:2	2:0.285	0	1000	0	0.999309	31.0214	35808.5	0.999661	19.6178	46190.8	0.999993	1.37642	148806	0.999912	-30.0101	271411	0.99987	32.2162	197276	1	0	1
26	rs1	1:1	2:0.52325	rs2	1:2	2:0.289	0	1000	0	0.998992	52.5349	41589.1	0.999372	51.6147	65616.5	0.999993	1.25076	146867	0.99983	-52.7569	248027	0.999774	55.2302	195302	1	0	1
27	rs1	1:1	2:0.52675	rs2	1:2	2:0.284	0	1000	0	0.999036	52.482	43446.2	0.999205	52.3296	52486.7	0.999994	1.04295	133132	0.999845	-52.4743	269348	0.999771	55.2963	192775	1	0	1
28	rs1	1:1	2:0.52225	rs2	1:2	2:0.293	0	1000	0	0.999222	30.2345	31003.9	0.999463	29.3588	43656.9	0.999992	1.33521	134580	0.999905	-28.2477	237853	0.999859	31.019	175083	1	0	1
29	rs1	1:1	2:0.52125	rs2	1:2	2:0.2925	0	1000	0	0.999327	53.7982	63821.9	0.999971	2.75272	76211.5	0.999993	1.39397	155785	0.999823	-51.9925	234828	0.999779	54.7064	197804	1	0	1
30	rs1	1:1	2:0.53	rs2	1:2	2:0.287	0	1000	0	0.99902	52.8226	43003.9	0.99926	51.7779	55795.6	0.999994	1.08138	139823	0.999835	-53.3084	257862	0.99977	55.6795	193291	1	0	1
31	rs1	1:1	2:0.5235	rs2	1:2	2:0.28875	0	1000	0	0.999308	55.0606	63439.4	0.999983	1.10631	51834	0.99999	1.66241	134581	0.999811	-54.5559	230686	0.999781	55.722	202730	1	0	1
32	rs1	1:1	2:0.52325	rs2	1:2	2:0.29075	0	1000	0	0.998567	97.738	54427.4	0.999002	49.2558	39373.5	0.99999	1.54325	126155	0.999806	-54.09	222625	0.999767	55.5922	190138	1	0	1
33	rs1	1:1	2:0.522	rs2	1:2	2:0.28875	0	1000	0	0.999335	53.5267	64186.9	0.999968	3.04678	75985.8	0.999993	1.38803	152080	0.999836	-51.7645	251281	0.999782	54.6026	200136	1	0	1
34	rs1	1:1	2:0.52575	rs2	1:2	2:0.29	0	1000	0	0.999008	52.9295	42593.4	0.999185	52.279	51174.1	0.999993	1.09441	132259	0.999829	-52.4699	244193	0.999759	55.2317	183250	1	0	1
35	rs1	1:1	2:0.524	rs2	1:2	2:0.284	0	1000	0	0.999073	51.6528	44441.9	0.999304	51.1204	58607.7	0.999993	1.25958	141806	0.999851	-51.4123	274764	0.999783	54.5566	200594	1	0	1
36	rs1	1:1	2:0.526	rs2	1:2	2:0.28925	0	1000	0	0.999024	52.813	43170.6	0.999237	52.1176	54479	0.999992	1.28883	125369	0.999841	-53.2712	267636	0.999763	55.4371	186577	1	0	1
37	rs1	1:1	2:0.5235	rs2	1:2	2:0.287	0	1000	0	0.999057	46.847	39627.6	0.999374	18.9775	24190.4	0.99999	1.68629	134314	0.999897	-30.248	234582	0.999871	31.6793	196452	1	0	1
38	rs1	1:1	2:0.5275	rs2	1:2	2:0.28625	0	1000	0	0.999026	53.1855	43557.9	0.99923	52.4239	54332.5	0.999994	1.06267	133544	0.999836	-53.8744	262648	0.999766	55.9762	190694	1	0	1
39	rs1	1:1	2:0.52375	rs2	1:2	2:0.285	0	1000	0	0.99904	52.6983	43820.6	0.999318	51.8917	60714.8	0.999993	1.21359	139449	0.999842	-53.5765	271001	0.999775	55.6799	197796	1	0	1
40	rs1	1:1	2:0.52375	rs2	1:2	2:0.292	0	1000	0	0.998938	99.6855	74862.3	0.998654	49.2123	29164.8	0.99999	1.44748	121017	0.9998	-54.1342	215912	0.999758	55.6999	183447	1	0	1
41	rs1	1:1	2:0.52475	rs2	1:2	2:0.28775	0	1000	0	0.999095	58.0483	51158.4	0.999069	28.7729	24653.3	0.99999	1.4537	119994	0.99989	-31.2033	225448	0.999854	32.7171	179302	1	0	1
42	rs1	1:1	2:0.52325	rs2	1:2	2:0.28925	0	1000	0	0.999207	30.8548	31059.1	0.999458	30.0809	44281.4	0.999993	1.17644	142199	0.999903	-28.9984	239506	0.99986	31.8987	181569	1	0	1
43	rs1	1:1	2:0.524	rs2	1:2	2:0.28925	0	1000	0	0.99901	52.1879	42064	0.999176	51.5005	49861.7	0.999994	1.13043	142369	0.999832	-50.7999	241736	0.999772	54.3661	189851	1	0	1
44	rs1	1:1	2:0.5245	rs2	1:2	2:0.2895	0	1000	0	0.999014	52.7353	42689.1	0.99926	51.7884	55808.2	0.999993	1.187	140460	0.999829	-52.9389	247399	0.999768	55.3797	190333	1	0	1
45	rs1	1:1	2:0.52175	rs2	1:2	2:0.289	0	1000	0	0.999329	53.8128	63987.2	0.999971	2.75958	76190.9	0.999994	1.29669	158698	0.999828	-52.193	242608	0.999784	54.9098	202636	1	0	1
46	rs1	1:1	2:0.52475	rs2	1:2	2:0.28525	0	1000	0	0.998967	52.6213	40662.5	0.999357	51.6323	64045.8	0.999993	1.22384	146037	0.999839	-53.2633	264399	0.999779	55.5215	200155	1	0	1
47	rs1	1:1	2:0.52475	rs2	1:2	2:0.288	0	1000	0	0.999869	104.165	635895	0.998494	49.1859	26061.3	0.999989	1.5173	108541	0.999828	-54.1196	250581	0.999763	55.614	187267	1	0	1
48	rs1	1:1	2:0.52425	rs2	1:2	2:0.28775	0	1000	0	0.99899	52.2946	41319.9	0.999283	51.2364	56991.8	0.999993	1.25214	143821	0.999836	-52.1507	254406	0.999775	54.9288	195058	1	0	1
49	rs1	1:1	2:0.52475	rs2	1:2	2:0.2885	0	1000	0	0.99898	52.4118	41004.2	0.999293	51.3062	57915.6	0.999993	1.2612	143158	0.999834	-52.3701	252433	0.999774	55.0293	193871	1	0	1
50	rs1	1:1	2:0.5205	rs2	1:2	2:0.28875	0	1000	0	0.998969	52.2709	40460.8	0.999281	51.2538	56903.2	0.999992	1.45483	138642	0.999839	-52.2208	259251	0.999774	54.7567	192927	1	0	1
51	rs1	1:1	2:0.5285	rs2	1:2	2:0.28675	0	1000	0	0.998968	52.8811	40864.9	0.999413	51.9025	70589.1	0.999994	1.16522	145150	0.999835	-53.7962	260357	0.999775	55.8466	198031	1	0	1
52	rs1	1:1	2:0.52575	rs2	1:2	2:0.28075	0	1000	0	0.99905	52.1626	43813.8	0.99936	51.3404	63990.4	0.999994	1.1591	145366	0.999854	-52.7927	288460	0.999788	55.3568	208021	1	0	1
53	rs1	1:1	2:0.5225	rs2	1:2	2:0.29125	0	1000	0	0.999335	53.8325	64541.1	0.999971	2.7431	76004.1	0.999992	1.43231	150574	0.99983	-52.1961	245253	0.999778	54.7712	196947	1	0	1
54	rs1	1:1	2:0.528	rs2	1:2	2:0.2905	0	1000	0	0.999011	100.144	80753.1	0.998578	49.4471	27754.6	0.999991	1.35958	116660	0.99981	-54.4432	228691	0.999755	55.9451	182047	1	0	1
55	rs1	1:1	2:0.52525	rs2	1:2	2:0.28725	0	1000	0	0.999454	101.716	148560	0.998518	49.5986	26696	0.999991	1.31002	114609	0.999814	-54.4978	234044	0.999757	56.0194	184137	1	0	1
56	rs1	1:1	2:0.528	rs2	1:2	2:0.28425	0	1000	0	0.999042	52.5437	43749.7	0.999228	52.0984	53847	0.999994	1.06036	136102	0.999844	-52.7215	268857	0.999773	55.4063	194593	1	0	1
57	rs1	1:1	2:0.527	rs2	1:2	2:0.2895	0	1000	0	0.999008	53.1754	42781.3	0.999262	52.2543	56478.2	0.999993	1.20959	130777	0.999834	-53.874	258210	0.999762	55.8237	187003	1	0	1
58	rs1	1:1	2:0.53075	rs2	1:2	2:0.2905	0	1000	0	0.999041	52.8327	43941.2	0.999218	52.8222	53862.4	0.999994	0.932048	130096	0.999826	-52.6269	240863	0.999755	55.4678	180499	1	0	1
59	rs1	1:1	2:0.52175	rs2	1:2	2:0.29025	0	1000	0	0.998988	52.1668	41112.4	0.999264	51.1457	55418.4	0.999992	1.40361	139231	0.999836	-51.7569	251475	0.999772	54.5726	190623	1	0	1
60	rs1	1:1	2:0.52425	rs2	1:2	2:0.288	0	1000	0	0.999307	54.7377	63017.4	0.999977	1.47959	52131.7	0.99999	1.60435	134180	0.999815	-53.9923	233404	0.999781	55.4973	202370	1	0	1
61	rs1	1:1	2:0.52325	rs2	1:2	2:0.284	0	1000	0	0.998564	97.7345	54293.4	0.998999	49.2523	39272.5	0.999992	1.41046	132545	0.999819	-54.4736	240063	0.99978	55.9354	202426	1	0	1
62	rs1	1:1	2:0.52475	rs2	1:2	2:0.293	0	1000	0	0.999334	53.6758	64304.7	0.999968	3.01747	76033.3	0.999992	1.48977	143951	0.999833	-51.9134	247466	0.999774	54.5716	192377	1	0	1
63	rs1	1:1	2:0.53	rs2	1:2	2:0.28475	0	1000	0	0.999022	52.6722	42958.4	0.999236	51.6818	53988.7	0.999993	1.14253	135582	0.999846	-53.2473	275631	0.999774	55.5916	196455	1	0	1
64	rs1	1:1	2:0.5245	rs2	1:2	2:0.287	0	1000	0	0.999024	52.0133	42508.1	0.999177	51.9113	50326.5	0.999992	1.22872	128481	0.999847	-51.2588	266901	0.999769	54.4937	188507	1	0	1
65	rs1	1:1	2:0.5255	rs2	1:2	2:0.28225	0	1000	0	0.999047	52.6325	44063.4	0.999301	51.8292	59201.5	0.999993	1.17359	138857	0.999851	-53.6752	287095	0.999781	55.7765	203068	1	0	1
66	rs1	1:1	2:0.52375	rs2	1:2	2:0.2905	0	1000	0	0.999338	54.0894	65236.6	0.999974	2.50287	75836.5	0.999992	1.48857	146646	0.999835	-52.8077	254897	0.999777	55.0252	197034	1	0	1
67	rs1	1:1	2:0.52325	rs2	1:2	2:0.28625	0	1000	0	0.999458	54.8546	80742.5	0.999988	1.05459	69293.4	0.999989	1.79098	127935	0.999838	-53.815	265488	0.999791	55.2134	210410	1	0	1
68	rs1	1:1	2:0.5235	rs2	1:2	2:0.28825	0	1000	0	0.999058	52.0202	44051.7	0.999348	51.2884	62714.6	0.999992	1.33117	139959	0.99984	-51.9244	259484	0.999775	54.7319	193893	1	0	1
69	rs1	1:1	2:0.5235	rs2	1:2	2:0.287	0	1000	0	0.999017	52.591	42677.3	0.999238	51.7162	54170.3	0.999993	1.17196	141871	0.999835	-52.6931	254482	0.999772	55.2764	193834	1	0	1
70	rs1	1:1	2:0.5245	rs2	1:2	2:0.29075	0	1000	0	0.999178	31.2446	30311.2	0.999587	29.9508	57869	0.999993	1.32673	142815	0.999901	-30.2624	242785	0.999859	32.3876	183028	1	0	1
71	rs1	1:1	2:0.532	rs2	1:2	2:0.287	0	1000	0	0.999238	31.5727	33077.7	0.999474	31.0467	47113.8	0.999994	1.00154	129494	0.999904	-30.9867	258055	0.999852	33.0635	178391	1	0	1
72	rs1	1:1	2:0.521	rs2	1:2	2:0.29425	0	1000	0	0.999005	53.0721	42545.6	0.99926	52.2637	56318	0.999992	1.32843	129221	0.999823	-53.2405	239425	0.999754	55.3695	179431	1	0	1
73	rs1	1:1	2:0.526	rs2	1:2	2:0.2845	0	1000	0	0.999066	52.7154	45023.5	0.999292	52.2424	58891.3	0.999993	1.14541	133624	0.999845	-53.4799	275813	0.999773	55.6976	195398	1	0	1
74	rs1	1:1	2:0.52275	rs2	1:2	2:0.291	0	1000	0	0.998628	98.0536	57037	0.999155	49.4739	46704	0.999989	1.65306	121465	0.999805	-54.4485	222444	0.999764	55.6575	188472	1	0	1
75	rs1	1:1	2:0.52175	rs2	1:2	2:0.287	0	1000	0	0.998961	52.6295	40421.8	0.999406	51.8905	69673.8	0.999992	1.37923	142746	0.999839	-53.4228	264243	0.999776	55.4391	197712	1	0	1
76	rs1	1:1	2:0.53	rs2	1:2	2:0.29275	0	1000	0	0.998852	99.446	69135.2	0.998663	49.2253	29375.7	0.99999	1.42223	119142	0.999807	-54.2879	224011	0.999755	55.8091	181866	1	0	1
77	rs1	1:1	2:0.52575	rs2	1:2	2:0.28525	0	1000	0	0.999294	30.2411	34156.3	0.999541	29.5539	51384.6	0.999994	1.15176	140892	0.999911	-29.2238	262743	0.999866	31.6879	188507	1	0	1
78	rs1	1:1	2:0.5215	rs2	1:2	2:0.289	0	1000	0	0.999027	52.0601	42695.6	0.999211	51.5918	52201.3	0.999991	1.40022	128956	0.999845	-51.6507	265075	0.999769	54.515	188135	1	0	1
79	rs1	1:1	2:0.52675	rs2	1:2	2:0.295	0	1000	0	0.999025	53.0256	43379.9	0.999219	52.4005	53562.4	0.999993	1.14954	128658	0.99982	-52.8054	234241	0.999751	55.3316	177051	1	0	1
80	rs1	1:1	2:0.52275	rs2	1:2	2:0.28925	0	1000	0	0.998966	52.4488	40480.8	0.999285	51.31	57228.4	0.999993	1.28623	145330	0.999831	-52.2614	246562	0.999774	54.9489	193612	1	0	1
81	rs1	1:1	2:0.524	rs2	1:2	2:0.289	0	1000	0	0.999189	100.878	99211.7	0.998533	49.651	27010.6	0.999991	1.27	118822	0.999808	-54.6666	226815	0.999756	56.145	183506	1	0	1
82	rs1	1:1	2:0.52475	rs2	1:2	2:0.2885	0	1000	0	0.999008	52.8652	42504.3	0.999171	52.4565	50485.3	0.999994	1.05969	130152	0.999832	-52.3459	248718	0.99976	55.2029	183411	1	0	1
83	rs1	1:1	2:0.52525	rs2	1:2	2:0.2845	0	1000	0	0.99898	52.5422	41082.5	0.999347	51.5341	62965.8	0.999994	1.19195	146380	0.999841	-53.1208	266737	0.99978	55.4829	201199	1	0	1
84	rs1	1:1	2:0.523	rs2	1:2	2:0.28725	0	1000	0	0.998976	52.4359	40858.7	0.999333	51.4696	61552.4	0.999992	1.35342	140870	0.99984	-52.8142	263411	0.999775	55.16	195975	1	0	1
85	rs1	1:1	2:0.5235	rs2	1:2	2:0.28475	0	1000	0	0.998982	52.4895	41142.7	0.999372	51.5997	65540.4	0.999993	1.30746	142628	0.999845	-53.2348	273999	0.99978	55.4218	200971	1	0	1
86	rs1	1:1	2:0.527	rs2	1:2	2:0.28475	0	1000	0	0.999171	30.9311	29784.8	0.999497	29.5458	46887.5	0.999993	1.18453	144325	0.99991	-29.625	261294	0.999865	32.2138	190451	1	0	1
87	rs1	1:1	2:0.52875	rs2	1:2	2:0.28525	0	1000	0	0.998985	53.0178	41696.2	0.999254	51.7949	55406.6	0.999994	1.06848	143226	0.999836	-53.8553	262069	0.999774	55.9733	197338	1	0	1
88	rs1	1:1	2:0.52125	rs2	1:2	2:0.28625	0	1000	0	0.999338	53.8604	64947.5	0.999972	2.6289	75817	0.999993	1.38181	154945	0.999839	-52.5334	259979	0.999786	54.999	205258	1	0	1
89	rs1	1:1	2:0.5225	rs2	1:2	2:0.28625	0	1000	0	0.999347	54.4359	66556.9	0.999979	2.02651	75748.8	0.999993	1.37749	155023	0.999838	-53.5824	263908	0.999786	55.5293	206610	1	0	1
90	rs1	1:1	2:0.5245	rs2	1:2	2:0.292	0	1000	0	0.998984	52.8935	41533.5	0.999242	51.743	54492.1	0.999992	1.30517	134394	0.999828	-53.2084	246340	0.999762	55.3924	185384	1	0	1
91	rs1	1:1	2:0.52475	rs2	1:2	2:0.285	0	1000	0	0.999038	52.6124	43630.1	0.99924	52.1247	54690.6	0.999993	1.18188	132254	0.999845	-53.0284	273415	0.999772	55.433	193584	1	0	1
92	rs1	1:1	2:0.52425	rs2	1:2	2:0.28725	0	1000	0	0.99897	52.4166	40595.4	0.999285	51.284	57214	0.999993	1.28624	142503	0.999838	-52.4858	258462	0.999775	55.0654	195443	1	0	1
93	rs1	1:1	2:0.5245	rs2	1:2	2:0.29025	0	1000	0	0.99906	52.47	44529.2	0.9993	51.8397	59125.7	0.999993	1.24411	136099	0.999832	-52.5713	250148	0.999766	55.134	187970	1	0	1
94	rs1	1:1	2:0.52925	rs2	1:2	2:0.29075	0	1000	0	0.999192	31.2609	30876.4	0.999437	30.4197	43078.2	0.999992	1.22714	126993	0.999905	-29.8785	251616	0.999852	32.2939	174116	1	0	1
95	rs1	1:1	2:0.52425	rs2	1:2	2:0.29	0	1000	0	0.998847	99.6895	68981.5	0.998579	49.4487	27763	0.999991	1.37644	119210	0.999813	-54.7214	233786	0.999757	56.068	184243	1	0	1
96	rs1	1:1	2:0.52175	rs2	1:2	2:0.28525	0	1000	0	0.999005	52.7951	42342.9	0.999183	52.265	51023.7	0.999993	1.12721	133445	0.99984	-52.6141	261746	0.999768	55.2776	190440	1	0	1
97	rs1	1:1	2:0.52675	rs2	1:2	2:0.2895	0	1000	0	0.999035	52.4741	43370.4	0.999208	52.346	52748.9	0.999993	1.10812	129439	0.999834	-52.0872	250607	0.999761	55.0235	183382	1	0	1
98	rs1	1:1	2:0.529	rs2	1:2	2:0.284	0	1000	0	0.998833	99.3762	67959.4	0.998654	49.2077	29180.5	0.999992	1.27278	127132	0.999828	-54.9869	255166	0.999774	56.3301	198568	1	0	1
99	rs1	1:1	2:0.52325	rs2	1:2	2:0.28075	0	1000	0	0.99907	52.4018	44972.7	0.999284	52.2175	58188.3	0.999994	1.07338	140680	0.99985	-52.9992	282242	0.999781	55.5374	202791	1	0	1
100	rs1	1:1	2:0.52375	rs2	1:2	2:0.28225	0	1000	0	0.998997	51.8882	41266.8	0.999117	51.5882	46591.6	0.999993	1.12735	134624	0.999859	-48.6931	276351	0.999783	53.3257	196305	1	0	1
101	rs1	1:1	2:0.52175	rs2	1:2	2:0.29375	0	1000	0	0.998616	97.7907	56374.5	0.999073	49.3743	42497.3	0.999988	1.75752	117440	0.999809	-53.6979	223928	0.99976	55.1686	183615	1	0	1
102	rs1	1:1	2:0.521	rs2	1:2	2:0.292	0	1000	0	0.998589	97.744	55287.9	0.999038	49.3072	40894.3	0.999989	1.69561	121167	0.999808	-53.8875	224462	0.999763	55.3307	186638	1	0	1
103	rs1	1:1	2:0.5245	rs2	1:2	2:0.2915	0	1000	0	0.999002	52.666	42119	0.999214	51.6384	52427.1	0.999993	1.25237	136222	0.999828	-52.4299	243852	0.999764	55.0558	185876	1	0	1
104	rs1	1:1	2:0.526	rs2	1:2	2:0.2885	0	1000	0	0.999351	53.1741	65345.7	0.999963	3.53768	76024.5	0.999992	1.37853	143989	0.999844	-51.1142	262140	0.999781	54.2873	197436	1	0	1
105	rs1	1:1	2:0.52425	rs2	1:2	2:0.28825	0	1000	0	0.99903	52.5737	43225.9	0.999203	52.5377	52583.9	0.999992	1.19274	120921	0.999843	-52.6568	266892	0.99976	55.2172	183508	1	0	1
106	rs1	1:1	2:0.52025	rs2	1:2	2:0.28575	0	1000	0	0.999317	30.4255	35551.7	0.999671	19.5435	47355	0.999993	1.40549	155628	0.999911	-28.6082	256545	0.999873	31.4834	197646	1	0	1
107	rs1	1:1	2:0.524	rs2	1:2	2:0.2885	0	1000	0	0.999033	52.3257	43178.1	0.999234	51.6618	53817.7	0.999992	1.3201	131461	0.999842	-52.3141	264216	0.999769	54.9319	189535	1	0	1
108	rs1	1:1	2:0.523	rs2	1:2	2:0.28525	0	1000	0	0.999006	52.474	42109.9	0.999177	51.9215	50346.8	0.999993	1.20356	132197	0.999845	-52.1335	268812	0.999771	54.9626	191914	1	0	1
109	rs1	1:1	2:0.5245	rs2	1:2	2:0.28675	0	1000	0	0.99899	52.4188	41404.5	0.999343	51.455	62512.1	0.999992	1.32749	139828	0.999842	-52.8886	267819	0.999776	55.2243	196699	1	0	1
110	rs1	1:1	2:0.52375	rs2	1:2	2:0.284	0	1000	0	0.999026	99.9582	81918.6	0.998662	49.2334	29354.4	0.999991	1.36882	124411	0.999819	-54.4184	240016	0.999773	55.9379	196496	1	0	1
111	rs1	1:1	2:0.524	rs2	1:2	2:0.28525	0	1000	0	0.999068	52.238	44711.2	0.999287	51.7898	57939.5	0.999993	1.19728	138400	0.999844	-52.4204	267319	0.999775	55.1162	195692	1	0	1
112	rs1	1:1	2:0.52425	rs2	1:2	2:0.294	0	1000	0	0.999015	52.6815	42692.4	0.999208	52.0656	52437.9	0.999993	1.18245	133704	0.999822	-51.9865	233478	0.999757	54.8928	180552	1	0	1
113	rs1	1:1	2:0.5275	rs2	1:2	2:0.2855	0	1000	0	0.999344	54.1416	65887.5	0.999973	2.62143	76384.1	0.999994	1.16311	152887	0.999838	-53.0005	260766	0.999783	55.4534	203887	1	0	1
114	rs1	1:1	2:0.51975	rs2	1:2	2:0.29225	0	1000	0	0.999332	53.676	64134.6	0.999971	2.77079	75909.9	0.999992	1.50404	153257	0.999828	-51.8314	240126	0.99978	54.5137	197456	1	0	1
115	rs1	1:1	2:0.52475	rs2	1:2	2:0.2925	0	1000	0	0.999195	30.8183	30538.1	0.999433	29.9917	42228.9	0.999993	1.2178	137697	0.999902	-28.5307	232725	0.999856	31.628	175668	1	0	1
116	rs1	1:1	2:0.528	rs2	1:2	2:0.28725	0	1000	0	0.999022	52.3487	42720	0.999333	51.3495	61425.4	0.999993	1.17551	142564	0.999838	-52.486	258267	0.999775	55.1747	195338	1	0	1
117	rs1	1:1	2:0.522	rs2	1:2	2:0.2905	0	1000	0	0.999012	52.5509	42418.5	0.999236	51.6834	53994.8	0.999992	1.38228	130914	0.999836	-52.6743	256497	0.999764	55.0444	186470	1	0	1
118	rs1	1:1	2:0.52425	rs2	1:2	2:0.29	0	1000	0	0.9993	54.5931	62246	0.999974	1.57707	49121.7	0.999989	1.71767	129815	0.999817	-53.716	234415	0.999779	55.239	199827	1	0	1
119	rs1	1:1	2:0.5245	rs2	1:2	2:0.2905	0	1000	0	0.999025	52.1063	42618.9	0.999296	51.2127	58075.6	0.999993	1.29991	140613	0.999834	-51.6997	248445	0.999771	54.6475	190557	1	0	1
120	rs1	1:1	2:0.524	rs2	1:2	2:0.288	0	1000	0	0.998989	99.7977	78742.5	0.998652	49.1957	29129.5	0.99999	1.46466	119965	0.999813	-54.2686	232194	0.999764	55.7592	188241	1	0	1
121	rs1	1:1	2:0.527	rs2	1:2	2:0.2885	0	1000	0	0.999268	30.9036	33707.9	0.999527	30.2279	51005.5	0.999993	1.17027	137856	0.999905	-29.6677	249547	0.999858	32.241	181528	1	0	1
122	rs1	1:1	2:0.52675	rs2	1:2	2:0.28575	0	1000	0	0.999025	52.6695	43088.6	0.999193	52.287	51707.1	0.999993	1.12188	128479	0.999844	-52.7123	269375	0.999767	55.3315	189488	1	0	1
123	rs1	1:1	2:0.52525	rs2	1:2	2:0.28575	0	1000	0	0.999315	30.6174	35666.5	0.999673	19.4841	47552.2	0.999994	1.22083	153675	0.999909	-28.9195	253597	0.99987	31.8249	195041	1	0	1
124	rs1	1:1	2:0.52475	rs2	1:2	2:0.28675	0	1000	0	0.999065	52.7134	44991.7	0.999298	52.2662	59372.8	0.999993	1.16697	133865	0.999839	-53.2598	263496	0.999768	55.5598	191183	1	0	1
125	rs1	1:1	2:0.526	rs2	1:2	2:0.2825	0	1000	0	0.999019	52.5947	42767.4	0.999231	51.6819	53643.5	0.999994	1.0978	142446	0.999846	-53.0711	274554	0.99978	55.5517	201152	1	0	1
126	rs1	1:1	2:0.52725	rs2	1:2	2:0.2855	0	1000	0	0.998966	52.8204	40771	0.999402	51.8584	69209.6	0.999994	1.15858	146884	0.999837	-53.7248	263141	0.999778	55.8194	200322	1	0	1
127	rs1	1:1	2:0.52325	rs2	1:2	2:0.286	0	1000	0	0.999022	51.9491	42378.2	0.99927	51.1095	55895.3	0.999993	1.29679	141664	0.999845	-51.687	265557	0.999779	54.653	197283	1	0	1
128	rs1	1:1	2:0.5255	rs2	1:2	2:0.289	0	1000	0	0.999022	52.6157	42934.8	0.99924	51.7316	54299.5	0.999994	1.10909	143197	0.999829	-52.4914	244695	0.99977	55.2356	191472	1	0	1
129	rs1	1:1	2:0.51925	rs2	1:2	2:0.28675	0	1000	0	0.999171	30.9378	29760.9	0.99955	29.8045	52897.2	0.999992	1.41655	144824	0.999907	-29.79	255942	0.999865	32.0558	189211	1	0	1
130	rs1	1:1	2:0.52225	rs2	1:2	2:0.285	0	1000	0	0.999014	52.399	42409.5	0.999189	51.9732	51157.3	0.999993	1.1934	133624	0.999845	-52.1313	267961	0.999772	54.9713	192649	1	0	1
131	rs1	1:1	2:0.528	rs2	1:2	2:0.2845	0	1000	0	0.999194	30.9826	30672.2	0.999528	29.6553	50097.8	0.999994	1.05719	149899	0.999907	-29.7606	254027	0.999866	32.4048	192289	1	0	1
132	rs1	1:1	2:0.52475	rs2	1:2	2:0.284	0	1000	0	0.998975	52.297	40690.2	0.999234	51.0545	53183.8	0.999994	1.09025	151722	0.999839	-51.9364	257026	0.999783	54.9944	201991	1	0	1
133	rs1	1:1	2:0.52375	rs2	1:2	2:0.2835	0	1000	0	0.999067	52.6318	45028.9	0.999296	52.2717	59237.3	0.999994	1.06069	141844	0.999841	-53.1709	266569	0.999776	55.6307	198109	1	0	1
134	rs1	1:1	2:0.5265	rs2	1:2	2:0.2855	0	1000	0	0.999043	53.0025	44178.1	0.999239	52.6674	55214.9	0.999994	1.01364	132345	0.999837	-53.6191	263186	0.999765	55.8938	190137	1	0	1
135	rs1	1:1	2:0.52975	rs2	1:2	2:0.28375	0	1000	0	0.999029	52.687	43292.1	0.999191	52.2806	51549.8	0.999994	1.04038	130838	0.999847	-52.8216	275167	0.999771	55.4756	193176	1	0	1
136	rs1	1:1	2:0.527	rs2	1:2	2:0.28675	0	1000	0	0.999006	52.7991	42378.7	0.999168	52.2031	50043.6	0.999994	1.0366	134061	0.999836	-52.1599	253280	0.999766	55.143	187717	1	0	1
137	rs1	1:1	2:0.52625	rs2	1:2	2:0.29175	0	1000	0	0.998956	99.9966	76407.9	0.99858	49.4517	27794.6	0.99999	1.39198	116140	0.999808	-54.4341	226209	0.999753	55.9028	180363	1	0	1
138	rs1	1:1	2:0.525	rs2	1:2	2:0.292	0	1000	0	0.99897	52.6241	40780.2	0.999319	51.4819	60304.5	0.999993	1.24644	145083	0.999824	-52.5105	237855	0.999769	55.1094	190471	1	0	1
139	rs1	1:1	2:0.52575	rs2	1:2	2:0.28575	0	1000	0	0.999287	30.3373	33964.3	0.999521	30.2064	50301.7	0.999994	1.10282	141913	0.99991	-28.5858	253725	0.999864	31.7656	186111	1	0	1
140	rs1	1:1	2:0.524	rs2	1:2	2:0.2855	0	1000	0	0.999185	31.0243	30355.1	0.999438	30.0029	42576.5	0.999992	1.27371	135135	0.999911	-29.7256	266903	0.999862	32.1678	185752	1	0	1
141	rs1	1:1	2:0.527	rs2	1:2	2:0.288	0	1000	0	0.999037	52.331	43341.8	0.999229	51.635	53460.6	0.999992	1.30422	129278	0.999846	-52.433	272299	0.99977	55.0103	190801	1	0	1
142	rs1	1:1	2:0.52425	rs2	1:2	2:0.28275	0	1000	0	0.999052	52.1763	43909.9	0.999367	51.3835	64819	0.999994	1.13637	149428	0.999845	-52.4977	270216	0.999785	55.2269	204701	1	0	1
143	rs1	1:1	2:0.52425	rs2	1:2	2:0.28975	0	1000	0	0.999205	31.3736	31480.6	0.999445	30.9899	44581.7	0.999993	1.15961	124667	0.999903	-30.2679	249486	0.999849	32.5397	171955	1	0	1
144	rs1	1:1	2:0.5225	rs2	1:2	2:0.2885	0	1000	0	0.999012	52.6486	42512.6	0.99925	51.7503	55043.7	0.999993	1.24652	139028	0.999833	-52.8583	252782	0.999769	55.2799	191154	1	0	1
145	rs1	1:1	2:0.52775	rs2	1:2	2:0.28225	0	1000	0	0.99934	53.8721	65076.9	0.999969	2.93571	76215.8	0.999994	1.17898	150625	0.999848	-52.8582	278125	0.999788	55.375	208020	1	0	1
146	rs1	1:1	2:0.5235	rs2	1:2	2:0.28525	0	1000	0	0.999024	52.7747	43140.9	0.999236	52.1537	54439.1	0.999994	1.10685	139339	0.999838	-53.0415	260560	0.999772	55.5164	194180	1	0	1
147	rs1	1:1	2:0.5245	rs2	1:2	2:0.28725	0	1000	0	0.999337	53.7002	64579.8	0.999969	2.97296	75969.6	0.999993	1.37822	147900	0.999841	-52.2709	262741	0.999782	54.8714	200674	1	0	1
148	rs1	1:1	2:0.52325	rs2	1:2	2:0.28675	0	1000	0	0.998976	52.4054	40845.8	0.999298	51.3433	58381.3	0.999993	1.24284	146417	0.999836	-52.4564	255508	0.999777	55.094	197447	1	0	1
149	rs1	1:1	2:0.52575	rs2	1:2	2:0.284	0	1000	0	0.999253	101.077	107960	0.998536	49.6522	27051.1	0.999992	1.24004	119373	0.999826	-54.9515	252053	0.999766	56.3307	192404	1	0	1
150	rs1	1:1	2:0.52525	rs2	1:2	2:0.29075	0	1000	0	0.998993	99.8518	79153.8	0.998661	49.2255	29339.5	0.99999	1.48022	117830	0.999807	-54.0588	222960	0.999758	55.6307	183702	1	0	1
151	rs1	1:1	2:0.52525	rs2	1:2	2:0.287	0	1000	0	0.999036	52.4596	43420.6	0.999248	51.7278	54859.4	0.999993	1.15668	139887	0.999837	-52.4871	256714	0.999772	55.1885	193054	1	0	1
152	rs1	1:1	2:0.525	rs2	1:2	2:0.2885	0	1000	0	0.999229	31.5251	32645.6	0.999527	30.7332	51795.5	0.999994	1.08651	141696	0.999899	-30.7362	242717	0.999856	32.8517	182325	1	0	1
153	rs1	1:1	2:0.53025	rs2	1:2	2:0.28675	0	1000	0	0.999923	105.298	1.0887e+06	0.99822	49.4388	22164.4	0.999991	1.1503	107989	0.99981	-54.39	228455	0.99975	56.1155	179082	1	0	1
154	rs1	1:1	2:0.52375	rs2	1:2	2:0.28325	0	1000	0	0.998592	97.7581	55390.6	0.999044	49.3216	41154.8	0.999991	1.47115	128259	0.999825	-54.3616	248361	0.99978	55.8166	202471	1	0	1
155	rs1	1:1	2:0.525	rs2	1:2	2:0.2895	0	1000	0	0.999012	52.587	42487.6	0.999192	51.9917	51321.3	0.999993	1.16467	133274	0.999833	-52.0496	248847	0.999764	54.9524	185524	1	0	1
156	rs1	1:1	2:0.52525	rs2	1:2	2:0.2875	0	1000	0	0.998985	52.8148	41523	0.999497	52.1087	82632.8	0.999993	1.25502	145001	0.999835	-53.8061	260366	0.999775	55.7558	197998	1	0	1
157	rs1	1:1	2:0.52425	rs2	1:2	2:0.28575	0	1000	0	0.999066	52.7223	45019.5	0.9993	52.2864	59639.3	0.999994	1.10649	138490	0.999837	-53.2397	261042	0.999771	55.6137	193709	1	0	1
158	rs1	1:1	2:0.523	rs2	1:2	2:0.2895	0	1000	0	0.99902	53.0192	43152.9	0.999221	52.4155	53698.5	0.999994	1.09884	135529	0.999827	-53.0829	244250	0.999762	55.5326	185833	1	0	1
159	rs1	1:1	2:0.5255	rs2	1:2	2:0.28775	0	1000	0	0.998872	56.6917	40093.7	0.999268	28.555	31136	0.999991	1.43433	129247	0.999888	-31.2591	222795	0.99986	32.771	186129	1	0	1
160	rs1	1:1	2:0.526	rs2	1:2	2:0.288	0	1000	0	0.999187	30.8729	30312.5	0.99942	29.939	41172	0.999993	1.19488	137109	0.999908	-28.8547	250015	0.99986	31.8141	181127	1	0	1
161	rs1	1:1	2:0.524	rs2	1:2	2:0.28525	0	1000	0	0.999021	52.7489	42975.4	0.999288	51.852	58090	0.999994	1.16089	142662	0.999838	-53.4589	263894	0.999775	55.6749	197663	1	0	1
162	rs1	1:1	2:0.52725	rs2	1:2	2:0.29325	0	1000	0	0.998522	97.6078	52681.9	0.998926	49.0912	36460.7	0.999991	1.47158	126988	0.999805	-54.307	221761	0.999763	55.773	187504	1	0	1
163	rs1	1:1	2:0.52375	rs2	1:2	2:0.2885	0	1000	0	0.99902	52.5135	42737.5	0.999204	52.0355	52145.5	0.999993	1.17241	133922	0.999835	-52.1305	252213	0.999766	54.9856	187234	1	0	1
164	rs1	1:1	2:0.5265	rs2	1:2	2:0.287	0	1000	0	0.999916	105.171	1.00189e+06	0.998413	49.3044	24793	0.99999	1.37044	109359	0.999821	-54.2378	242404	0.99976	55.8202	185267	1	0	1
