Outcome	Var1_ID	Var1_Pos	Var1_MAF	Var2_ID	Var2_Pos	Var2_MAF	Num_Missing	Num_Cases	Converged	Red_Var1_Pval	Red_Var1_beta	Red_Var1_SE	Red_Var2_Pval	Red_Var2_beta	Red_Var2_SE	Full_Var1_Pval	Full_Var1_beta	Full_Var1_SE	Full_Var2_Pval	Full_Var2_beta	Full_Var2_SE	Full_Var1_Var2_Pval	Full_Var1_Var2_beta	Full_Var1_Var2_SE	Red_Model_Pval	Full_Model_Pval	Overall_Pval_(LRT)
1	rs1	1:1	2:0.527	rs2	1:2	2:0.2855	0	1000	0	1	56.3351	63824	1	55.5525	78181.2	1	0.113817	787287	1	1.67529e-09	242341	1	61.7081	841339	1	0	1
2	rs1	1:1	2:0.522	rs2	1:2	2:0.2845	0	1000	0	1	55.702	56451.2	1	52.0538	79798.9	1	0.115582	2.07468e+06	1	4.46724e-10	250124	1	59.948	2.07804e+06	1	0	1
3	rs1	1:1	2:0.5245	rs2	1:2	2:0.2855	0	1000	0	1	33.2105	46086.6	1	56.0228	126570	1	2.98186	355573	1	-4.03417e-09	438182	1	62.0981	781525	1	0	1
4	rs1	1:1	2:0.5265	rs2	1:2	2:0.2835	0	1000	0	1	60.4058	239143	1	-4.99867e-12	244609	1	60.4058	1.83649e+07	1	1.72739e-13	244630	1	-9.83746e-12	1.87062e+07	1	0	1
5	rs1	1:1	2:0.52175	rs2	1:2	2:0.29025	0	1000	0	0.999999	43.106	36310	0.999996	708.263	247934	0.999998	-691.096	323659	1	1.68255e-09	19198.6	0.999997	736.899	330769	1	1	1
6	rs1	1:1	2:0.52125	rs2	1:2	2:0.28675	0	1000	0	1	55.8768	56002.7	1	52.0826	81860.4	1	0.11245	2.07794e+06	1	2.08466e-10	227877	1	59.9174	2.07751e+06	1	0	1
7	rs1	1:1	2:0.52575	rs2	1:2	2:0.28925	0	1000	0	1	56.2554	62103.2	1	54.3677	82456.2	1	0.0519697	1.07194e+06	1	3.78717e-10	234491	1	60.8947	1.10652e+06	1	0	1
8	rs1	1:1	2:0.52825	rs2	1:2	2:0.28375	0	1000	0	1	55.8898	59697.8	1	98.7577	142125	1	3.01264	290164	1	-7.37593e-10	460901	1	105.971	705492	1	0	1
9	rs1	1:1	2:0.52175	rs2	1:2	2:0.2875	0	1000	0	1	56.3902	63469.3	1	55.5883	79402.7	1	0.15762	831667	1	4.83626e-10	235463	1	61.8407	885493	1	0	1
10	rs1	1:1	2:0.524	rs2	1:2	2:0.28725	0	1000	0	1	55.831	56127.3	1	53.1476	82790	1	0.369864	1.82842e+06	1	-3.19667e-09	239008	1	60.908	1.87052e+06	1	0	1
11	rs1	1:1	2:0.52175	rs2	1:2	2:0.2805	0	1000	0	1	55.9597	60563.4	1	53.8918	82128.3	1	0.151319	1.44156e+06	1	-1.74413e-10	257948	1	61.1001	1.48442e+06	1	0	1
12	rs1	1:1	2:0.52475	rs2	1:2	2:0.28725	0	1000	0	1	56.3093	62082.4	1	53.997	82770.8	1	0.00136014	1.09896e+06	1	-2.80173e-10	226766	1	60.4953	1.12347e+06	1	0	1
13	rs1	1:1	2:0.529	rs2	1:2	2:0.2905	0	1000	0	1	56.3242	60390.6	1	56.0527	86810.6	1	0.913881	986021	1	-3.29819e-10	234820	1	62.7008	1.06591e+06	1	0	1
14	rs1	1:1	2:0.52225	rs2	1:2	2:0.28025	0	1000	0	0.998589	23.813	448.058	0.988621	944.622	6243.9	0.988393	-809.59	5298.2	1	-8.63081e-10	90.3164	0.987817	832.052	5314.15	1	1	1
15	rs1	1:1	2:0.52225	rs2	1:2	2:0.28825	0	1000	0	1	56.1582	60442.1	1	54.7653	84540.2	1	0.542376	1.18694e+06	1	-7.63852e-10	241543	1	61.6498	1.24639e+06	1	0	1
16	rs1	1:1	2:0.5285	rs2	1:2	2:0.2885	0	1000	0	1	56.2347	60421.6	1	55.9161	86050.7	1	0.895016	995351	1	-1.96183e-11	243412	1	62.5889	1.0753e+06	1	0	1
17	rs1	1:1	2:0.52675	rs2	1:2	2:0.2825	0	1000	0	0.999998	40.0932	22563.6	0.999988	729.409	149843	0.999993	-720.222	197042	1	-2.6715e-09	12406.3	0.999993	763.372	200826	1	1	1
18	rs1	1:1	2:0.52575	rs2	1:2	2:0.28625	0	1000	0	1	56.1092	60643	1	56.115	82754.9	1	0.682417	904272	1	1.25256e-10	258559	1	62.6787	984114	1	0	1
19	rs1	1:1	2:0.52425	rs2	1:2	2:0.28625	0	1000	0	1	56.1316	60444	1	53.806	83304.9	1	0.128695	1.45788e+06	1	9.83379e-11	237222	1	60.975	1.49371e+06	1	0	1
20	rs1	1:1	2:0.52675	rs2	1:2	2:0.28525	0	1000	0	1	56.1603	63159.7	1	54.6681	78638	1	0.0748949	948498	1	-1.60947e-10	253424	1	61.0986	993347	1	0	1
21	rs1	1:1	2:0.52525	rs2	1:2	2:0.286	0	1000	0	1	56.028	60522.4	1	54.5999	83361.1	1	0.514449	1.20362e+06	1	1.32925e-10	255697	1	61.5276	1.26308e+06	1	0	1
22	rs1	1:1	2:0.5275	rs2	1:2	2:0.291	0	1000	0	1	56.3676	63472.7	1	54.4157	77835.9	1	0.011412	893886	1	-8.98153e-10	230440	1	60.6756	926852	1	0	1
23	rs1	1:1	2:0.52025	rs2	1:2	2:0.28675	0	1000	0	1	55.8752	56004.5	1	52.4821	82498.4	1	0.0046442	2.19068e+06	1	3.93348e-10	229620	1	60.4839	2.20555e+06	1	0	1
24	rs1	1:1	2:0.5255	rs2	1:2	2:0.28875	0	1000	0	1	56.3458	62084.5	1	55.4381	84918.3	1	0.253962	969889	1	1.04341e-09	231902	1	61.8562	1.02408e+06	1	0	1
25	rs1	1:1	2:0.52475	rs2	1:2	2:0.285	0	1000	0	0.999999	44.743	32074.8	0.999998	353.58	183360	1	-448.923	6.21619e+06	1	2.85787e-09	262052	1	509.329	6.5197e+06	1	0	1
26	rs1	1:1	2:0.52325	rs2	1:2	2:0.289	0	1000	0	1	55.9408	55906.4	1	53.9195	85213	1	0.781228	1.48931e+06	1	2.82707e-10	230972	1	61.3317	1.54971e+06	1	0	1
27	rs1	1:1	2:0.52675	rs2	1:2	2:0.284	0	1000	0	1	56.1936	62174.7	1	56.1732	83259.6	1	0.415843	894761	1	-2.9926e-10	255818	1	62.6193	968672	1	0	1
28	rs1	1:1	2:0.52225	rs2	1:2	2:0.293	0	1000	0	0.999999	45.2856	36807.9	0.999995	675.184	221838	1	-712.472	1.01175e+06	1	1.1691e-08	50669.1	1	762.939	1.03745e+06	1	1	1
29	rs1	1:1	2:0.52125	rs2	1:2	2:0.2925	0	1000	0	1	60.4058	215248	1	-4.6203e-12	216207	1	60.4058	1.33578e+08	1	7.20021e-13	216207	1	1.18554e-11	1.33269e+08	1	0	1
30	rs1	1:1	2:0.53	rs2	1:2	2:0.287	0	1000	0	1	56.1685	60432.8	1	54.5784	84489.4	1	0.417165	1.26323e+06	1	1.12328e-10	238485	1	61.5575	1.3183e+06	1	0	1
31	rs1	1:1	2:0.5235	rs2	1:2	2:0.28875	0	1000	0	1	60.4058	226109	1	-4.51728e-12	228738	1	60.4058	5.08431e+07	1	7.13123e-13	228740	1	-2.8848e-12	5.1156e+07	1	0	1
32	rs1	1:1	2:0.52325	rs2	1:2	2:0.29075	0	1000	0	1	55.9676	55827.5	1	53.3936	85164.1	1	0.477136	1.73337e+06	1	3.74371e-10	224061	1	61.0147	1.7792e+06	1	0	1
33	rs1	1:1	2:0.522	rs2	1:2	2:0.28875	0	1000	0	1	60.4058	228249	1	7.17648e-13	236075	1	60.4058	1.03742e+07	1	-3.34141e-13	236133	1	2.37677e-12	1.06757e+07	1	0	1
34	rs1	1:1	2:0.52575	rs2	1:2	2:0.29	0	1000	0	1	56.3187	62083.1	1	53.9842	82897.4	1	0.00103436	1.09914e+06	1	8.40999e-10	225746	1	60.4757	1.12308e+06	1	0	1
35	rs1	1:1	2:0.524	rs2	1:2	2:0.284	0	1000	0	1	55.6035	55688.8	1	96.5684	142218	1	4.0276	301768	1	2.7952e-10	463201	1	104.022	723195	1	0	1
36	rs1	1:1	2:0.526	rs2	1:2	2:0.28925	0	1000	0	1	56.1055	60572.2	1	55.2697	82105.8	1	0.514516	983373	1	1.10942e-09	250653	1	61.8829	1.04697e+06	1	0	1
37	rs1	1:1	2:0.5235	rs2	1:2	2:0.287	0	1000	0	0.996503	23.3026	278.398	0.985805	737.43	4361.05	1	-4131.53	5.27624e+07	1	-1.27074e-07	243846	1	4191.94	5.30673e+07	1	0	1
38	rs1	1:1	2:0.5275	rs2	1:2	2:0.28625	0	1000	0	1	56.2175	62123.6	1	54.5258	82121.9	1	0.0762646	1.05915e+06	1	1.42917e-09	239632	1	61.0701	1.0985e+06	1	0	1
39	rs1	1:1	2:0.52375	rs2	1:2	2:0.285	0	1000	0	1	55.9461	59478.9	1	98.4967	150711	1	2.74246	400502	1	-4.70777e-10	447819	1	106.704	865713	1	0	1
40	rs1	1:1	2:0.52375	rs2	1:2	2:0.292	0	1000	0	1	56.3317	60399.4	1	53.7216	84613.2	1	0.0861185	1.48894e+06	1	1.46358e-10	216296	1	60.8661	1.51781e+06	1	0	1
41	rs1	1:1	2:0.52475	rs2	1:2	2:0.28775	0	1000	0	0.999996	38.6159	13290.8	0.999968	727.602	91643.2	0.999975	-699.682	99314.2	1	-6.15449e-09	4403.91	0.999973	739.618	101022	1	1	1
42	rs1	1:1	2:0.52325	rs2	1:2	2:0.28925	0	1000	0	0.999999	44.9548	36253.8	0.999997	542.97	218287	1	-695.83	4.27784e+06	1	3.74326e-08	230037	1	754.336	4.40835e+06	1	0	1
43	rs1	1:1	2:0.524	rs2	1:2	2:0.28925	0	1000	0	1	56.2492	60406.1	1	54.0281	84451.1	1	0.196214	1.40994e+06	1	6.51449e-11	226110	1	61.1276	1.44923e+06	1	0	1
44	rs1	1:1	2:0.5245	rs2	1:2	2:0.2895	0	1000	0	1	56.2598	60404.9	1	54.78	85365	1	0.488654	1.21905e+06	1	8.74339e-10	230260	1	61.6901	1.27638e+06	1	0	1
45	rs1	1:1	2:0.52175	rs2	1:2	2:0.289	0	1000	0	1	60.4058	222276	1	1.53655e-12	223072	1	60.4058	1.43503e+08	1	4.49889e-13	223072	1	-8.01492e-12	1.43175e+08	1	0	1
46	rs1	1:1	2:0.52475	rs2	1:2	2:0.28525	0	1000	0	1	55.7685	56266	1	52.4613	81125.9	1	0.0082951	2.18673e+06	1	3.11744e-10	242914	1	60.5011	2.20381e+06	1	0	1
47	rs1	1:1	2:0.52475	rs2	1:2	2:0.288	0	1000	0	1	56.0227	60659.7	1	53.9638	79980.8	1	0.0773367	1.22166e+06	1	-1.82132e-10	249748	1	60.8623	1.25746e+06	1	0	1
48	rs1	1:1	2:0.52425	rs2	1:2	2:0.28775	0	1000	0	1	55.8493	56082.1	1	53.188	83075.4	1	0.39242	1.80804e+06	1	2.09174e-10	236972	1	60.924	1.85092e+06	1	0	1
49	rs1	1:1	2:0.52475	rs2	1:2	2:0.2885	0	1000	0	1	55.8517	56063.9	1	52.7757	82590	1	0.127446	2.06194e+06	1	2.45212e-10	234039	1	60.7117	2.08991e+06	1	0	1
50	rs1	1:1	2:0.5205	rs2	1:2	2:0.28875	0	1000	0	1	55.7912	56218	1	52.8688	81942.1	1	0.227524	1.96236e+06	1	2.89271e-10	242378	1	60.7449	1.9957e+06	1	0	1
51	rs1	1:1	2:0.5285	rs2	1:2	2:0.28675	0	1000	0	1	55.8237	56126.9	1	52.584	81958.3	1	0.0360118	2.15711e+06	1	5.86431e-10	236450	1	60.5936	2.1779e+06	1	0	1
52	rs1	1:1	2:0.52575	rs2	1:2	2:0.28075	0	1000	0	1	55.5424	55961.6	1	96.3137	141718	1	3.69791	352891	1	6.34323e-10	480583	1	104.362	807459	1	0	1
53	rs1	1:1	2:0.5225	rs2	1:2	2:0.29125	0	1000	0	1	60.4058	222364	1	5.98632e-13	228192	1	60.4058	1.43927e+07	1	1.29073e-12	228219	1	-1.00293e-11	1.46846e+07	1	0	1
54	rs1	1:1	2:0.528	rs2	1:2	2:0.2905	0	1000	0	1	56.1653	60346.3	1	54.1513	82046.6	1	0.106	1.20452e+06	1	-1.04826e-09	232938	1	60.9794	1.24011e+06	1	0	1
55	rs1	1:1	2:0.52525	rs2	1:2	2:0.28725	0	1000	0	1	56.2405	62123.9	1	55.3641	83219.3	1	0.274205	960205	1	-5.6763e-11	243384	1	61.8149	1.01681e+06	1	0	1
56	rs1	1:1	2:0.528	rs2	1:2	2:0.28425	0	1000	0	1	56.1035	60593.9	1	55.8484	82774.3	1	0.528653	976114	1	-4.3366e-10	254594	1	62.5233	1.05094e+06	1	0	1
57	rs1	1:1	2:0.527	rs2	1:2	2:0.2895	0	1000	0	1	56.1371	60400	1	54.0595	81536.7	1	0.0824572	1.2186e+06	1	-6.96159e-09	235731	1	60.9129	1.2528e+06	1	0	1
58	rs1	1:1	2:0.53075	rs2	1:2	2:0.2905	0	1000	0	1	56.5651	63401.7	1	56.9574	81814.9	1	0.335715	761337	1	1.769e-10	228022	1	63.1596	832407	1	0	1
59	rs1	1:1	2:0.52175	rs2	1:2	2:0.29025	0	1000	0	1	55.8749	56042.3	1	53.4676	83690.8	1	0.640382	1.59819e+06	1	2.41156e-10	236082	1	60.9873	1.64826e+06	1	0	1
60	rs1	1:1	2:0.52425	rs2	1:2	2:0.288	0	1000	0	1	60.4058	226217	1	-2.84217e-12	233467	1	60.4058	1.19593e+07	1	2.70103e-13	233510	1	-6.56897e-12	1.22771e+07	1	0	1
61	rs1	1:1	2:0.52325	rs2	1:2	2:0.284	0	1000	0	1	55.7872	56218.5	1	52.2435	80997.3	1	0.0176193	2.17677e+06	1	4.69263e-10	239498	1	60.2339	2.18429e+06	1	0	1
62	rs1	1:1	2:0.52475	rs2	1:2	2:0.293	0	1000	0	1	60.4058	226169	1	-1.08713e-12	230919	1	60.4058	1.71752e+07	1	-7.48286e-13	230939	1	2.50822e-12	1.74419e+07	1	0	1
63	rs1	1:1	2:0.53	rs2	1:2	2:0.28475	0	1000	0	1	56.0105	60534.4	1	54.4593	83118.2	1	0.431082	1.2546e+06	1	7.9313e-11	256403	1	61.4548	1.31122e+06	1	0	1
64	rs1	1:1	2:0.5245	rs2	1:2	2:0.287	0	1000	0	1	56.1262	60620	1	56.194	82933.5	1	0.718298	888290	1	-1.8166e-10	257591	1	62.7276	968943	1	0	1
65	rs1	1:1	2:0.5255	rs2	1:2	2:0.28225	0	1000	0	1	55.8224	59558.6	1	98.0369	147892	1	2.7812	392994	1	-6.41965e-10	472874	1	106.214	864917	1	0	1
66	rs1	1:1	2:0.52375	rs2	1:2	2:0.2905	0	1000	0	1	60.4058	232325	1	-2.76934e-12	236184	1	60.4058	2.34482e+07	1	2.34645e-12	236196	1	6.13909e-12	2.37239e+07	1	0	1
67	rs1	1:1	2:0.52325	rs2	1:2	2:0.28625	0	1000	0	1	60.4058	235635	1	1.21325e-12	239571	1	60.4058	2.58092e+07	1	5.65621e-13	239581	1	5.03064e-12	2.61227e+07	1	0	1
68	rs1	1:1	2:0.5235	rs2	1:2	2:0.28825	0	1000	0	0.999999	55.7188	55351.8	1	97.0173	143790	1	3.972	309913	1	3.80084e-10	436121	1	104.582	719980	1	0	1
69	rs1	1:1	2:0.5235	rs2	1:2	2:0.287	0	1000	0	1	56.1773	60427.9	1	54.5627	84545.7	1	0.403181	1.27205e+06	1	1.52453e-10	237339	1	61.5508	1.32654e+06	1	0	1
70	rs1	1:1	2:0.5245	rs2	1:2	2:0.29075	0	1000	0	0.999999	43.1286	34000.4	0.999997	715.352	273475	0.999998	-687.3	316741	1	6.36288e-09	11447.5	0.999997	732.025	323399	1	1	1
71	rs1	1:1	2:0.532	rs2	1:2	2:0.287	0	1000	0	0.999999	44.9217	38262	0.999998	339.126	169139	1	-390.315	2.13202e+06	1	-1.69748e-08	246040	1	448.544	2.24979e+06	1	0	1
72	rs1	1:1	2:0.521	rs2	1:2	2:0.29425	0	1000	0	1	56.2868	60130.3	1	54.4597	84403.9	1	0.183435	1.15928e+06	1	-3.09793e-10	221042	1	61.1807	1.19831e+06	1	0	1
73	rs1	1:1	2:0.526	rs2	1:2	2:0.2845	0	1000	0	1	55.9076	59632.4	1	98.836	142486	1	3.03407	287287	1	1.18677e-09	456413	1	106.004	698745	1	0	1
74	rs1	1:1	2:0.52275	rs2	1:2	2:0.291	0	1000	0	1	55.9136	55927.4	1	53.0046	83784.5	1	0.26964	1.92179e+06	1	-3.1915e-09	227950	1	60.8039	1.95656e+06	1	0	1
75	rs1	1:1	2:0.52175	rs2	1:2	2:0.287	0	1000	0	1	55.7958	56217.1	1	53.1592	82361.4	1	0.406114	1.79582e+06	1	3.99592e-10	243725	1	60.8995	1.83921e+06	1	0	1
76	rs1	1:1	2:0.53	rs2	1:2	2:0.29275	0	1000	0	1	56.2043	60418	1	53.2919	83116.4	1	0.00416074	1.55029e+06	1	1.05761e-10	226739	1	60.4925	1.56891e+06	1	0	1
77	rs1	1:1	2:0.52575	rs2	1:2	2:0.28525	0	1000	0	1	33.1658	46110	1	55.9329	125777	1	2.89812	369885	1	-1.95023e-10	446085	1	62.1742	807889	1	0	1
78	rs1	1:1	2:0.5215	rs2	1:2	2:0.289	0	1000	0	1	56.1585	60473.1	1	56.0371	85229.7	1	1.07057	912142	1	9.29679e-11	255922	1	62.5809	996176	1	0	1
79	rs1	1:1	2:0.52675	rs2	1:2	2:0.295	0	1000	0	1	56.4869	62097.2	1	55.3477	87205.1	1	0.251985	970980	1	-1.04502e-08	217448	1	61.6653	1.01892e+06	1	0	1
80	rs1	1:1	2:0.52275	rs2	1:2	2:0.28925	0	1000	0	1	55.8767	56001.1	1	52.1159	81911.7	1	0.110241	2.08015e+06	1	2.92761e-10	228022	1	59.9578	2.08102e+06	1	0	1
81	rs1	1:1	2:0.524	rs2	1:2	2:0.289	0	1000	0	1	56.3457	62081.4	1	54.734	84279.9	1	0.0998295	1.04692e+06	1	-2.34955e-10	226989	1	61.2079	1.08645e+06	1	0	1
82	rs1	1:1	2:0.52475	rs2	1:2	2:0.2885	0	1000	0	1	56.3454	63092.2	1	54.3757	79683.3	1	0.0195536	974745	1	-7.1253e-10	230791	1	60.7631	1.00737e+06	1	0	1
83	rs1	1:1	2:0.52525	rs2	1:2	2:0.2845	0	1000	0	1	55.7623	56289.4	1	52.8682	81630.9	1	0.184527	2.00448e+06	1	4.96729e-10	246059	1	60.7975	2.03863e+06	1	0	1
84	rs1	1:1	2:0.523	rs2	1:2	2:0.28725	0	1000	0	1	55.7878	56238.1	1	53.1979	82304.7	1	0.449028	1.75793e+06	1	3.5172e-10	245122	1	60.9044	1.80273e+06	1	0	1
85	rs1	1:1	2:0.5235	rs2	1:2	2:0.28475	0	1000	0	1	55.7405	56392.2	1	53.6295	82282.2	1	0.716772	1.53819e+06	1	4.20778e-10	254963	1	61.149	1.59678e+06	1	0	1
86	rs1	1:1	2:0.527	rs2	1:2	2:0.28475	0	1000	0	1	33.6951	43165.2	0.964258	14.8526	55.0503	1	22.1697	72626.1	1	3.92715e-07	247405	1	14.8526	247405	1	0	1
87	rs1	1:1	2:0.52875	rs2	1:2	2:0.28525	0	1000	0	1	56.0881	60469.4	1	52.8181	81502.9	1	0.0755322	1.49707e+06	1	-8.41821e-12	237332	1	59.9184	1.50562e+06	1	0	1
88	rs1	1:1	2:0.52125	rs2	1:2	2:0.28625	0	1000	0	1	60.4058	235716	1	3.0127e-12	242689	1	60.4058	1.24102e+07	1	-1.01682e-12	242733	1	-3.47455e-12	1.27212e+07	1	0	1
89	rs1	1:1	2:0.5225	rs2	1:2	2:0.28625	0	1000	0	1	60.4058	234744	1	-3.25073e-12	246638	1	60.4058	6.75363e+06	1	1.34986e-13	246788	1	-1.11307e-11	7.06627e+06	1	0	1
90	rs1	1:1	2:0.5245	rs2	1:2	2:0.292	0	1000	0	1	56.2152	60414	1	53.5247	83530.6	1	0.0512471	1.51478e+06	1	-3.20616e-10	226776	1	60.7079	1.54031e+06	1	0	1
91	rs1	1:1	2:0.52475	rs2	1:2	2:0.285	0	1000	0	1	56.0868	60667.1	1	55.9738	82523.3	1	0.614103	935515	1	2.90254e-11	259243	1	62.5921	1.01352e+06	1	0	1
92	rs1	1:1	2:0.52425	rs2	1:2	2:0.28725	0	1000	0	1	55.7871	56216.8	1	52.3065	81094.8	1	0.00631283	2.18888e+06	1	2.66787e-10	239787	1	60.3177	2.19892e+06	1	0	1
93	rs1	1:1	2:0.5245	rs2	1:2	2:0.29025	0	1000	0	1	56.0933	59335.9	1	99.0821	154390	1	2.50408	449718	1	1.74321e-10	418826	1	107.654	935420	1	0	1
94	rs1	1:1	2:0.52925	rs2	1:2	2:0.29075	0	1000	0	0.999975	34.8692	4917.79	0.999798	729.365	36273.1	0.999902	-753.061	53656.5	1	5.54912e-08	2663.45	0.999895	790.563	54434.7	1	1	1
95	rs1	1:1	2:0.52425	rs2	1:2	2:0.29	0	1000	0	1	56.1838	60327.4	1	54.5881	82772.2	1	0.231335	1.13202e+06	1	6.6221e-10	233803	1	61.3427	1.17754e+06	1	0	1
96	rs1	1:1	2:0.52175	rs2	1:2	2:0.28525	0	1000	0	1	56.1594	62155.6	1	53.9354	80591.4	1	0.00208021	1.09853e+06	1	1.39677e-10	242950	1	60.5074	1.1267e+06	1	0	1
97	rs1	1:1	2:0.52675	rs2	1:2	2:0.2895	0	1000	0	1	56.3883	62091.3	1	56.735	86071.5	1	0.552437	836081	1	-2.06237e-10	239541	1	63.026	912738	1	0	1
98	rs1	1:1	2:0.529	rs2	1:2	2:0.284	0	1000	0	1	55.981	60546.4	1	53.6827	82000.9	1	0.112094	1.46989e+06	1	2.34107e-11	254075	1	60.8949	1.50614e+06	1	0	1
99	rs1	1:1	2:0.52325	rs2	1:2	2:0.28075	0	1000	0	1	55.867	59951.8	1	98.6127	141879	1	2.75118	328260	1	1.93744e-10	470296	1	106.317	765718	1	0	1
100	rs1	1:1	2:0.52375	rs2	1:2	2:0.28225	0	1000	0	1	55.9251	60897.1	1	53.8348	78832.8	1	0.0407831	1.24384e+06	1	-1.57497e-11	262168	1	60.7888	1.27962e+06	1	0	1
101	rs1	1:1	2:0.52175	rs2	1:2	2:0.29375	0	1000	0	1	55.9455	55908.1	1	53.7889	84978.2	1	0.900079	1.40411e+06	1	2.44431e-10	230428	1	61.0634	1.45974e+06	1	0	1
102	rs1	1:1	2:0.521	rs2	1:2	2:0.292	0	1000	0	1	55.9609	55905.4	1	54.2853	85622.4	1	1.11135	1.26319e+06	1	-3.02006e-09	232603	1	61.415	1.32952e+06	1	0	1
103	rs1	1:1	2:0.5245	rs2	1:2	2:0.2915	0	1000	0	1	56.238	60408.8	1	53.8377	84109.8	1	0.155966	1.4384e+06	1	-1.21239e-10	226229	1	60.9543	1.4727e+06	1	0	1
104	rs1	1:1	2:0.526	rs2	1:2	2:0.2885	0	1000	0	1	60.4058	210895	1	-7.80176e-12	362285	1	60.4058	371888	1	3.78009e-12	441898	1	4.04299e-12	771748	1	0	1
105	rs1	1:1	2:0.52425	rs2	1:2	2:0.28825	0	1000	0	1	56.3227	63115.9	1	56.8437	81673.7	1	0.52774	757676	1	1.09479e-10	255588	1	63.065	838322	1	0	1
106	rs1	1:1	2:0.52025	rs2	1:2	2:0.28575	0	1000	0	0.999999	44.3552	28880.6	0.999996	615.118	228225	1	-878.063	1.24182e+07	1	-3.76582e-08	246098	1	938.468	1.27372e+07	1	0	1
107	rs1	1:1	2:0.524	rs2	1:2	2:0.2885	0	1000	0	1	56.1697	60459.8	1	55.9788	85392.8	1	1.00903	940483	1	-2.04792e-10	253083	1	62.5698	1.02318e+06	1	0	1
108	rs1	1:1	2:0.523	rs2	1:2	2:0.28525	0	1000	0	1	56.0152	60683.4	1	54.1553	80137.3	1	0.116625	1.19816e+06	1	-7.90157e-12	251992	1	61.0438	1.23905e+06	1	0	1
109	rs1	1:1	2:0.5245	rs2	1:2	2:0.28675	0	1000	0	1	55.7868	56288.4	1	53.8352	82949.1	1	0.872083	1.42353e+06	1	4.17106e-10	250645	1	61.2141	1.48558e+06	1	0	1
110	rs1	1:1	2:0.52375	rs2	1:2	2:0.284	0	1000	0	1	56.1208	60466.8	1	55.4187	85018.4	1	0.647738	1.1258e+06	1	-2.63395e-10	250390	1	62.2969	1.20047e+06	1	0	1
111	rs1	1:1	2:0.524	rs2	1:2	2:0.28525	0	1000	0	1	55.9437	59457.8	1	98.4932	150680	1	2.70074	408668	1	-1.79458e-10	447821	1	106.774	878733	1	0	1
112	rs1	1:1	2:0.52425	rs2	1:2	2:0.294	0	1000	0	1	56.3418	60057.3	1	54.8704	85886.1	1	0.276948	1.10668e+06	1	-3.39533e-10	217768	1	61.5176	1.1531e+06	1	0	1
113	rs1	1:1	2:0.5275	rs2	1:2	2:0.2855	0	1000	0	1	60.4058	233601	1	3.37508e-13	244954	1	60.4058	7.41785e+06	1	4.86767e-13	245076	1	-3.26494e-12	7.74454e+06	1	0	1
114	rs1	1:1	2:0.51975	rs2	1:2	2:0.29225	0	1000	0	1	60.4058	217884	1	-2.28084e-12	223902	1	60.4058	1.39609e+07	1	2.18988e-13	223929	1	-3.7268e-12	1.42556e+07	1	0	1
115	rs1	1:1	2:0.52475	rs2	1:2	2:0.2925	0	1000	0	0.999999	45.1512	36135.6	0.999996	702.34	242192	0.999999	-703.478	668192	1	6.90271e-08	30193.8	0.999999	751.838	683593	1	1	1
116	rs1	1:1	2:0.528	rs2	1:2	2:0.28725	0	1000	0	1	55.9045	56080	1	54.9498	85336.1	1	1.28057	1.16031e+06	1	2.51172e-10	245004	1	62.0363	1.24249e+06	1	0	1
117	rs1	1:1	2:0.522	rs2	1:2	2:0.2905	0	1000	0	1	56.183	60432.9	1	55.0092	84846	1	0.699845	1.09745e+06	1	-1.82779e-10	241550	1	61.766	1.16124e+06	1	0	1
118	rs1	1:1	2:0.52425	rs2	1:2	2:0.29	0	1000	0	1	60.4058	219547	1	-1.81899e-12	220750	1	60.4058	4.46298e+08	1	3.97943e-14	220750	1	-1.43352e-11	4.45975e+08	1	0	1
119	rs1	1:1	2:0.5245	rs2	1:2	2:0.2905	0	1000	0	1	55.9926	55921.1	1	55.2607	86601.5	1	1.45353	1.06443e+06	1	2.41326e-10	237906	1	62.1819	1.14835e+06	1	0	1
120	rs1	1:1	2:0.524	rs2	1:2	2:0.288	0	1000	0	1	56.1088	60457	1	53.5637	82804.6	1	0.0667958	1.50318e+06	1	-1.3478e-10	238376	1	60.7671	1.53242e+06	1	0	1
121	rs1	1:1	2:0.527	rs2	1:2	2:0.2885	0	1000	0	1	33.9128	45079.9	1	57.4639	129240	1	2.68835	410895	1	4.7303e-10	427250	1	64.0319	865949	1	0	1
122	rs1	1:1	2:0.52675	rs2	1:2	2:0.28575	0	1000	0	1	56.154	62185.5	1	55.2387	81956.2	1	0.263493	965327	1	-3.58925e-10	252805	1	61.7285	1.02271e+06	1	0	1
123	rs1	1:1	2:0.52525	rs2	1:2	2:0.28575	0	1000	0	0.999999	44.3385	29503	0.999996	638.465	238319	1	-917.643	1.3382e+07	1	3.01718e-08	242342	1	978.049	1.37111e+07	1	0	1
124	rs1	1:1	2:0.52475	rs2	1:2	2:0.28675	0	1000	0	1	55.9929	59433	1	99.185	144503	1	3.04137	286400	1	-1.72147e-09	437979	1	106.31	686670	1	0	1
125	rs1	1:1	2:0.526	rs2	1:2	2:0.2825	0	1000	0	1	55.9998	60534.1	1	54.1569	82747.2	1	0.260601	1.36552e+06	1	2.98531e-09	254942	1	61.282	1.41465e+06	1	0	1
126	rs1	1:1	2:0.52725	rs2	1:2	2:0.2855	0	1000	0	1	55.7962	56195.3	1	52.4533	81430.2	1	0.00525236	2.19001e+06	1	6.08361e-10	239281	1	60.4844	2.20596e+06	1	0	1
127	rs1	1:1	2:0.52325	rs2	1:2	2:0.286	0	1000	0	1	55.8332	56262.4	1	54.8743	84320.9	1	1.30697	1.14519e+06	1	2.17386e-10	254310	1	61.9532	1.22784e+06	1	0	1
128	rs1	1:1	2:0.5255	rs2	1:2	2:0.289	0	1000	0	1	56.2726	60400	1	54.6731	85378.8	1	0.417614	1.2629e+06	1	-2.36819e-10	227932	1	61.635	1.31769e+06	1	0	1
129	rs1	1:1	2:0.51925	rs2	1:2	2:0.28675	0	1000	0	0.999988	36.4644	7602.65	0.999928	736.709	61314.1	0.999964	-751.185	88611.6	1	2.01599e-10	2705.36	0.999961	789.66	89948.4	1	1	1
130	rs1	1:1	2:0.52225	rs2	1:2	2:0.285	0	1000	0	1	56.0506	60639	1	54.8035	81232.3	1	0.294836	1.09678e+06	1	2.65636e-10	252348	1	61.5893	1.15195e+06	1	0	1
131	rs1	1:1	2:0.528	rs2	1:2	2:0.2845	0	1000	0	0.999653	27.6577	1049.74	0.997718	760.825	11254.8	0.998622	-821.346	15638.4	1	-1.10163e-09	360.151	0.998544	850.775	15759.9	1	1	1
132	rs1	1:1	2:0.52475	rs2	1:2	2:0.284	0	1000	0	1	55.7904	56239.8	1	51.5347	79727.4	1	0.715121	1.54613e+06	1	2.63571e-10	237464	1	58.7411	1.54064e+06	1	0	1
133	rs1	1:1	2:0.52375	rs2	1:2	2:0.2835	0	1000	0	1	55.9887	59682.6	1	99.0981	144698	1	2.72894	331858	1	-3.54252e-10	443658	1	106.807	756973	1	0	1
134	rs1	1:1	2:0.5265	rs2	1:2	2:0.2855	0	1000	0	1	56.3407	63098.7	1	56.4483	81884.5	1	0.343706	830073	1	-3.26418e-10	246368	1	62.7817	902145	1	0	1
135	rs1	1:1	2:0.52975	rs2	1:2	2:0.28375	0	1000	0	1	56.1013	62224	1	55.0133	81144.8	1	0.199471	996457	1	-6.13611e-10	257268	1	61.5603	1.05095e+06	1	0	1
136	rs1	1:1	2:0.527	rs2	1:2	2:0.28675	0	1000	0	1	56.2222	62114.5	1	53.6664	80997.3	1	0.0118116	1.09334e+06	1	-3.40943e-10	234718	1	60.1641	1.11397e+06	1	0	1
137	rs1	1:1	2:0.52625	rs2	1:2	2:0.29175	0	1000	0	1	56.2236	60260.5	1	54.7578	83522.2	1	0.292092	1.09841e+06	1	4.88504e-11	230521	1	61.4542	1.14649e+06	1	0	1
138	rs1	1:1	2:0.525	rs2	1:2	2:0.292	0	1000	0	1	55.9643	55810.3	1	52.3221	83667.7	1	0.0203957	2.17384e+06	1	2.80544e-10	218665	1	60.2359	2.17933e+06	1	0	1
139	rs1	1:1	2:0.52575	rs2	1:2	2:0.28575	0	1000	0	1	33.8724	45162.1	1	57.3595	128437	1	2.92612	366246	1	3.0873e-09	436150	1	63.4909	797295	1	0	1
140	rs1	1:1	2:0.524	rs2	1:2	2:0.2855	0	1000	0	0.998561	24.2536	451.977	0.987987	755.951	4862.24	0.989176	-761.897	5164.29	1	-8.32825e-10	140.477	0.988581	786.288	5188	1	1	1
141	rs1	1:1	2:0.527	rs2	1:2	2:0.288	0	1000	0	1	56.1098	60505.7	1	55.9496	84826.5	1	1.04856	922183	1	-1.15114e-09	260860	1	62.5163	1.00638e+06	1	0	1
142	rs1	1:1	2:0.52425	rs2	1:2	2:0.28275	0	1000	0	1	55.673	55702.3	1	96.7878	144067	1	3.34225	419001	1	-4.749e-09	451892	1	105.493	896762	1	0	1
143	rs1	1:1	2:0.52425	rs2	1:2	2:0.28975	0	1000	0	0.999999	45.292	37999.8	0.999997	488.322	197551	1	-591.827	2.55686e+06	1	-2.90406e-07	238913	1	649.752	2.65142e+06	1	0	1
144	rs1	1:1	2:0.5225	rs2	1:2	2:0.2885	0	1000	0	1	56.2037	60420.7	1	54.7366	84890.7	1	0.494807	1.21535e+06	1	1.05892e-10	236015	1	61.6508	1.27305e+06	1	0	1
145	rs1	1:1	2:0.52775	rs2	1:2	2:0.28225	0	1000	0	1	60.4058	254986	1	2.33236e-12	257393	1	60.4058	5.08672e+07	1	-5.97273e-13	257397	1	4.42668e-12	5.11838e+07	1	0	1
146	rs1	1:1	2:0.5235	rs2	1:2	2:0.28525	0	1000	0	1	56.122	60461.8	1	54.7397	82113.2	1	0.233709	1.13055e+06	1	-3.11068e-10	242122	1	61.5432	1.1815e+06	1	0	1
147	rs1	1:1	2:0.5245	rs2	1:2	2:0.28725	0	1000	0	1	60.4058	240345	1	1.1724e-12	245089	1	60.4058	1.8558e+07	1	-4.37903e-13	245110	1	-1.17986e-11	1.8847e+07	1	0	1
148	rs1	1:1	2:0.52325	rs2	1:2	2:0.28675	0	1000	0	1	55.8237	56126.9	1	52.584	81958.3	1	0.0360118	2.15711e+06	1	3.44538e-10	236450	1	60.5936	2.1779e+06	1	0	1
149	rs1	1:1	2:0.52575	rs2	1:2	2:0.284	0	1000	0	1	56.1132	62214.4	1	55.0382	81310.4	1	0.203985	994229	1	1.67126e-09	255968	1	61.5785	1.0488e+06	1	0	1
150	rs1	1:1	2:0.52525	rs2	1:2	2:0.29075	0	1000	0	1	56.2273	60409.7	1	53.7581	83933.5	1	0.121352	1.46324e+06	1	4.23622e-11	226824	1	60.9008	1.49546e+06	1	0	1
151	rs1	1:1	2:0.52525	rs2	1:2	2:0.287	0	1000	0	1	56.2097	60427.2	1	55.7378	85859.5	1	0.788341	1.04964e+06	1	1.87025e-10	243685	1	62.4965	1.12747e+06	1	0	1
152	rs1	1:1	2:0.525	rs2	1:2	2:0.2885	0	1000	0	0.999999	44.7951	36711.7	0.999998	344.374	182898	1	-402.828	2.62132e+06	1	4.0316e-08	232520	1	461.279	2.75747e+06	1	0	1
153	rs1	1:1	2:0.53025	rs2	1:2	2:0.28675	0	1000	0	1	56.4046	63747.1	1	53.9106	76447.2	1	0.0220238	823819	1	-5.14468e-09	225784	1	59.9482	848182	1	0	1
154	rs1	1:1	2:0.52375	rs2	1:2	2:0.28325	0	1000	0	1	55.7149	56447.7	1	53.4566	81861.1	1	0.576618	1.64948e+06	1	2.47358e-10	256911	1	61.0987	1.70433e+06	1	0	1
155	rs1	1:1	2:0.525	rs2	1:2	2:0.2895	0	1000	0	1	56.1896	60310.8	1	54.516	82813	1	0.197092	1.15139e+06	1	2.4213e-10	232462	1	61.2906	1.19497e+06	1	0	1
156	rs1	1:1	2:0.52525	rs2	1:2	2:0.2875	0	1000	0	1	55.9207	56039.4	1	54.9585	85597.1	1	1.2659	1.16881e+06	1	6.08498e-10	242815	1	62.053	1.25083e+06	1	0	1
157	rs1	1:1	2:0.52425	rs2	1:2	2:0.28575	0	1000	0	1	56.0249	59505.6	1	99.2782	145519	1	2.89116	307352	1	-9.83071e-10	434160	1	106.669	715248	1	0	1
158	rs1	1:1	2:0.523	rs2	1:2	2:0.2895	0	1000	0	1	56.3647	62075.9	1	54.7752	84631	1	0.105834	1.04382e+06	1	-9.4177e-11	225299	1	61.2368	1.08362e+06	1	0	1
159	rs1	1:1	2:0.5255	rs2	1:2	2:0.28775	0	1000	0	0.999972	34.2658	4576.01	0.999839	710.276	39617.9	0.999924	-737.732	59793.7	1	8.30035e-09	1558.62	0.999918	774.106	60618.6	1	1	1
160	rs1	1:1	2:0.526	rs2	1:2	2:0.288	0	1000	0	0.999676	28.189	1107.5	0.997338	827.88	11337.7	0.996103	-702.456	7949.45	1	-4.49942e-09	217.325	0.995858	729.688	8008.88	1	1	1
161	rs1	1:1	2:0.524	rs2	1:2	2:0.28525	0	1000	0	1	56.1588	60447.7	1	55.554	85389.7	1	0.705825	1.09369e+06	1	-2.17609e-10	247404	1	62.3828	1.16976e+06	1	0	1
162	rs1	1:1	2:0.52725	rs2	1:2	2:0.29325	0	1000	0	1	56.0131	55748.7	1	53.6478	86239.7	1	0.668705	1.57565e+06	1	4.32735e-10	220822	1	61.0882	1.62673e+06	1	0	1
163	rs1	1:1	2:0.52375	rs2	1:2	2:0.2885	0	1000	0	1	56.1895	60349.4	1	55.1107	83334.7	1	0.365301	1.05902e+06	1	3.23378e-10	237134	1	61.8024	1.11584e+06	1	0	1
164	rs1	1:1	2:0.5265	rs2	1:2	2:0.287	0	1000	0	1	56.2297	62131.2	1	55.3413	83052	1	0.27016	962132	1	-2.43603e-11	244459	1	61.799	1.01868e+06	1	0	1
