Outcome	Var1_ID	Var1_Pos	Var1_MAF	Var2_ID	Var2_Pos	Var2_MAF	Num_Missing	Num_Cases	Converged	Red_Var1_Pval	Red_Var1_beta	Red_Var1_SE	Red_Var2_Pval	Red_Var2_beta	Red_Var2_SE	Full_Var1_Pval	Full_Var1_beta	Full_Var1_SE	Full_Var2_Pval	Full_Var2_beta	Full_Var2_SE	Full_Var1_Var2_Pval	Full_Var1_Var2_beta	Full_Var1_Var2_SE	Red_Model_Pval	Full_Model_Pval	Overall_Pval_(LRT)
1	rs1	1:1	2:0.1915	rs2	1:2	2:0.335	0	1000	1	1.42156e-06	0.810558	0.168097	2.85042e-51	1.69741	0.11269	0.306154	-0.221245	0.216202	0.804884	0.0497025	0.2012	9.28845e-19	3.08848	0.349243	0	0	5.5329e-29
2	rs1	1:1	2:0.17425	rs2	1:2	2:0.3165	0	1000	1	8.80855e-08	0.953453	0.178224	1.37669e-42	1.58679	0.116011	0.646017	-0.102071	0.222229	0.702143	0.0738183	0.193025	2.80882e-16	3.1097	0.3801	0	0	1.68621e-27
3	rs1	1:1	2:0.18	rs2	1:2	2:0.318	0	1000	1	6.93467e-07	0.829918	0.167215	9.31147e-45	1.54112	0.109793	0.24332	-0.248194	0.212726	0.257891	-0.238012	0.210371	2.04482e-22	3.09082	0.317348	0	0	3.38972e-31
4	rs1	1:1	2:0.19025	rs2	1:2	2:0.33125	0	1000	1	1.67098e-09	0.987746	0.163889	7.47152e-46	1.56336	0.109985	0.943254	0.0140485	0.197363	0.100979	-0.376478	0.229542	3.69595e-21	3.31887	0.351542	0	0	2.15232e-32
5	rs1	1:1	2:0.18275	rs2	1:2	2:0.33175	0	1000	1	1.74084e-09	1.01098	0.167928	4.53931e-46	1.56254	0.109659	0.90959	-0.0235265	0.207181	0.97185	-0.00681804	0.193208	3.81445e-18	3.09735	0.356666	0	0	7.40302e-30
6	rs1	1:1	2:0.18925	rs2	1:2	2:0.32825	0	1000	1	1.77521e-07	0.852794	0.163325	7.60979e-51	1.68259	0.11219	0.758194	-0.0610677	0.198366	0.727632	-0.0737359	0.211716	1.27994e-17	3.26293	0.381831	0	0	7.72679e-30
7	rs1	1:1	2:0.1785	rs2	1:2	2:0.322	0	1000	1	1.14682e-06	0.796774	0.16379	1.07084e-48	1.59652	0.108862	0.398713	-0.173818	0.205964	0.527209	0.11601	0.18348	5.48575e-20	2.74833	0.300232	0	0	2.30384e-27
8	rs1	1:1	2:0.18325	rs2	1:2	2:0.32	0	1000	1	8.45813e-05	0.619847	0.15768	5.93092e-56	1.71466	0.108803	0.173867	-0.270809	0.199141	0.275673	0.203545	0.186723	3.54458e-18	2.84172	0.326915	0	0	4.9898e-27
9	rs1	1:1	2:0.18925	rs2	1:2	2:0.33075	0	1000	1	2.16984e-07	0.830039	0.16011	3.50351e-52	1.64626	0.108303	0.749887	-0.0628833	0.197257	0.282688	0.198068	0.184369	2.25778e-18	2.68033	0.306547	0	0	1.15773e-25
10	rs1	1:1	2:0.193	rs2	1:2	2:0.32675	0	1000	1	6.7726e-09	0.887169	0.153053	6.67986e-47	1.48431	0.103204	0.854364	-0.0339307	0.184854	0.138998	-0.312292	0.211075	1.48488e-23	2.8823	0.288156	0	0	2.78691e-31
11	rs1	1:1	2:0.18575	rs2	1:2	2:0.32925	0	1000	1	2.58896e-06	0.779844	0.165889	7.87516e-51	1.63873	0.109282	0.128174	-0.331088	0.217629	0.889043	-0.0270718	0.194041	1.4441e-19	3.23039	0.356993	0	0	1.92595e-32
12	rs1	1:1	2:0.1915	rs2	1:2	2:0.33475	0	1000	1	1.81953e-09	1.029	0.171124	2.13445e-44	1.57095	0.112391	0.975005	0.00671135	0.214204	0.999651	-8.91753e-05	0.203991	5.28733e-19	2.82128	0.316782	0	0	5.21217e-26
13	rs1	1:1	2:0.17925	rs2	1:2	2:0.325	0	1000	1	3.75353e-07	0.937682	0.184545	1.67724e-44	1.70986	0.122178	0.762918	0.0674229	0.223513	0.0948713	0.336872	0.20169	1.8912e-14	2.57488	0.336242	0	0	1.55077e-19
14	rs1	1:1	2:0.18475	rs2	1:2	2:0.31975	0	1000	1	1.82911e-05	0.710361	0.165787	1.7939e-49	1.63885	0.110835	0.068681	-0.390272	0.214375	0.249699	-0.246785	0.214394	6.05268e-22	3.37627	0.350649	0	0	6.00619e-34
15	rs1	1:1	2:0.186	rs2	1:2	2:0.3365	0	1000	1	2.60135e-06	0.784949	0.16701	9.45484e-49	1.5688	0.10691	0.0223375	-0.548061	0.239896	0.365316	-0.178191	0.196835	6.11437e-25	3.18051	0.308379	0	0	2.34703e-35
16	rs1	1:1	2:0.17675	rs2	1:2	2:0.3175	0	1000	1	1.72902e-09	1.0304	0.171123	4.75907e-42	1.52441	0.112193	0.78386	0.0565302	0.206095	0.89942	0.0244071	0.193104	6.56557e-17	2.96666	0.355093	0	0	4.90273e-27
17	rs1	1:1	2:0.1895	rs2	1:2	2:0.3275	0	1000	1	4.4556e-08	0.848178	0.15501	2.90041e-52	1.64723	0.108278	0.873161	0.029307	0.183577	0.860173	-0.0362198	0.205615	1.68469e-18	3.00359	0.342226	0	0	2.13356e-28
18	rs1	1:1	2:0.188	rs2	1:2	2:0.336	0	1000	1	2.68967e-07	0.879023	0.170884	1.24261e-48	1.663	0.113473	0.694507	-0.0835666	0.212775	0.724771	0.0706481	0.200654	3.50497e-19	2.84698	0.318043	0	0	1.50222e-26
19	rs1	1:1	2:0.18775	rs2	1:2	2:0.31775	0	1000	1	0.0019509	0.491313	0.158611	4.62015e-56	1.77809	0.112715	0.0380759	-0.429476	0.207072	0.974414	0.00669282	0.208676	7.54673e-20	3.09185	0.339037	0	0	2.79607e-29
20	rs1	1:1	2:0.1815	rs2	1:2	2:0.315	0	1000	1	7.6639e-05	0.644028	0.162852	2.13272e-51	1.68012	0.1114	0.122098	-0.318243	0.205846	0.81812	-0.0467493	0.20329	4.94286e-20	3.12434	0.340889	0	0	3.5832e-30
21	rs1	1:1	2:0.18525	rs2	1:2	2:0.33075	0	1000	1	1.97974e-11	1.13501	0.169214	5.10971e-40	1.42873	0.107905	0.832857	-0.0445956	0.211314	0.0613605	-0.39823	0.212856	1.97313e-22	3.35617	0.344464	0	0	1.46263e-35
22	rs1	1:1	2:0.19025	rs2	1:2	2:0.3285	0	1000	1	2.17497e-05	0.674834	0.158929	1.81913e-56	1.75564	0.110879	0.250021	-0.228146	0.198337	0.831827	0.043204	0.203448	2.88993e-18	3.17539	0.36433	0	0	1.06277e-29
23	rs1	1:1	2:0.1855	rs2	1:2	2:0.327	0	1000	1	8.15899e-09	0.911534	0.158111	6.94782e-48	1.53302	0.105448	0.623388	-0.0953182	0.194109	0.306963	-0.202545	0.19826	5.21757e-21	3.23305	0.34377	0	0	2.32513e-34
24	rs1	1:1	2:0.192	rs2	1:2	2:0.334	0	1000	1	2.02796e-05	0.652497	0.153104	5.50224e-59	1.6759	0.103485	0.0898833	-0.339315	0.200066	0.392459	0.154333	0.180471	3.35792e-21	2.78589	0.294773	0	0	1.72651e-29
25	rs1	1:1	2:0.1785	rs2	1:2	2:0.31575	0	1000	1	7.48938e-06	0.725173	0.161895	7.39821e-48	1.553	0.106854	0.0808281	-0.369868	0.211849	0.662485	-0.0813833	0.186451	4.85992e-22	3.07477	0.31859	0	0	2.64602e-33
26	rs1	1:1	2:0.181	rs2	1:2	2:0.32375	0	1000	1	4.9492e-08	0.872117	0.15993	3.72737e-47	1.51652	0.105148	0.359889	-0.184174	0.201156	0.446607	-0.145278	0.190883	5.24273e-22	3.10091	0.321558	0	0	1.37488e-33
27	rs1	1:1	2:0.183	rs2	1:2	2:0.32425	0	1000	1	2.72281e-07	0.841826	0.163726	2.02669e-48	1.57946	0.108018	0.351331	-0.19491	0.209129	0.929179	0.0170579	0.191925	8.03863e-20	2.91423	0.319801	0	0	7.74344e-29
28	rs1	1:1	2:0.18675	rs2	1:2	2:0.32375	0	1000	1	1.27791e-08	0.915814	0.16098	1.36514e-45	1.51079	0.106604	0.611118	-0.100916	0.198466	0.281177	-0.218277	0.202544	2.3969e-22	3.05033	0.313711	0	0	3.30931e-32
29	rs1	1:1	2:0.1785	rs2	1:2	2:0.31425	0	1000	1	0.00101775	0.564825	0.171911	1.6146e-50	1.72211	0.11521	0.0154573	-0.567096	0.234193	0.906942	-0.0240487	0.205726	2.32041e-20	3.22268	0.348531	0	0	1.54452e-30
30	rs1	1:1	2:0.181	rs2	1:2	2:0.32475	0	1000	1	6.76933e-08	0.912458	0.169062	4.82904e-45	1.56758	0.11131	0.412261	-0.175549	0.214105	0.497858	-0.136537	0.201423	1.84899e-19	3.28698	0.364335	0	0	1.46824e-32
31	rs1	1:1	2:0.186	rs2	1:2	2:0.322	0	1000	1	3.44601e-06	0.741232	0.15967	2.73769e-53	1.71924	0.111881	0.533909	-0.121134	0.194734	0.564092	0.113595	0.196948	2.10826e-16	3.11294	0.378899	0	0	4.85953e-28
32	rs1	1:1	2:0.18625	rs2	1:2	2:0.32	0	1000	1	8.43277e-05	0.631151	0.160527	4.84947e-54	1.78457	0.115294	0.762287	-0.0578991	0.191416	0.14636	0.301657	0.20768	6.90007e-16	2.45364	0.303959	0	0	8.57417e-20
33	rs1	1:1	2:0.18325	rs2	1:2	2:0.328	0	1000	1	9.58105e-12	1.10988	0.162915	1.62914e-42	1.44093	0.105442	0.688253	0.0789704	0.196822	0.524957	-0.119629	0.188178	3.37025e-20	2.99894	0.325743	0	0	2.29836e-31
34	rs1	1:1	2:0.1895	rs2	1:2	2:0.32875	0	1000	1	1.00058e-06	0.787754	0.161045	3.77942e-53	1.69068	0.110172	0.57485	-0.111085	0.19804	0.747812	0.0646379	0.201035	3.90864e-18	2.98116	0.343396	0	0	1.25e-27
35	rs1	1:1	2:0.18875	rs2	1:2	2:0.3325	0	1000	1	0.000851774	0.547745	0.164222	4.42747e-57	1.73278	0.108826	0.00681735	-0.618772	0.228697	0.742816	-0.0666842	0.203227	1.71821e-23	3.16956	0.317333	0	0	5.46718e-33
36	rs1	1:1	2:0.18125	rs2	1:2	2:0.31775	0	1000	1	2.27804e-07	0.847776	0.163819	4.66799e-47	1.60802	0.111613	0.849719	-0.037456	0.19768	0.823271	0.0438839	0.196489	1.37962e-18	2.84812	0.323684	0	0	1.23437e-26
37	rs1	1:1	2:0.18925	rs2	1:2	2:0.3285	0	1000	1	1.18057e-11	1.08234	0.159577	3.31229e-45	1.52554	0.10812	0.213384	0.231847	0.186325	0.93974	-0.0150651	0.199283	2.10216e-18	2.7524	0.3145	0	0	7.66865e-26
38	rs1	1:1	2:0.1855	rs2	1:2	2:0.328	0	1000	1	1.42904e-07	0.890093	0.169172	2.19622e-44	1.54573	0.110602	0.29217	-0.228311	0.216743	0.206915	-0.270427	0.214269	4.60436e-23	3.14145	0.317642	0	0	2.24515e-32
39	rs1	1:1	2:0.193	rs2	1:2	2:0.33725	0	1000	1	5.1536e-07	0.808963	0.161132	2.27258e-54	1.70191	0.109608	0.499537	-0.135427	0.200568	0.895073	-0.0274091	0.207822	1.02748e-19	3.08777	0.339838	0	0	1.54499e-29
40	rs1	1:1	2:0.18275	rs2	1:2	2:0.32725	0	1000	1	1.41209e-05	0.73612	0.169536	1.72743e-50	1.68302	0.112628	0.169102	-0.303301	0.220567	0.828559	0.0431927	0.199458	7.79392e-20	3.0117	0.330374	0	0	1.00679e-28
41	rs1	1:1	2:0.18675	rs2	1:2	2:0.32875	0	1000	1	3.38496e-06	0.750409	0.161519	2.39166e-52	1.62319	0.106609	0.131721	-0.312976	0.207633	0.721453	-0.0691925	0.194079	7.86328e-22	3.1007	0.322932	0	0	1.4197e-32
42	rs1	1:1	2:0.191	rs2	1:2	2:0.31775	0	1000	1	0.00920636	0.400311	0.153712	8.08644e-62	1.90492	0.114816	0.124913	-0.290194	0.189116	0.0510301	0.391927	0.200862	5.61396e-16	2.62737	0.32447	0	0	9.64497e-22
43	rs1	1:1	2:0.17825	rs2	1:2	2:0.3155	0	1000	1	1.08775e-07	0.901316	0.169694	2.50015e-45	1.63215	0.115514	0.856617	0.0363305	0.201075	0.888262	-0.0301175	0.214354	2.85083e-17	2.99922	0.354831	0	0	1.08244e-25
44	rs1	1:1	2:0.1795	rs2	1:2	2:0.324	0	1000	1	1.37967e-13	1.24759	0.168633	1.86326e-37	1.37832	0.107765	0.255077	0.227105	0.199547	0.524656	-0.12178	0.191422	6.98877e-19	2.88674	0.325264	0	0	2.2488e-28
45	rs1	1:1	2:0.1875	rs2	1:2	2:0.32175	0	1000	1	4.47725e-06	0.734435	0.160081	5.15202e-52	1.67719	0.110521	0.659023	-0.0856832	0.194177	0.548622	0.120647	0.201136	2.11937e-18	2.6548	0.30338	0	0	4.32965e-24
46	rs1	1:1	2:0.18175	rs2	1:2	2:0.328	0	1000	1	3.67422e-06	0.796242	0.172011	1.96214e-48	1.63421	0.111745	0.115639	-0.363119	0.230794	0.779362	0.0532529	0.190087	2.00401e-19	3.11181	0.345256	0	0	1.5343e-30
47	rs1	1:1	2:0.178	rs2	1:2	2:0.32125	0	1000	1	2.91977e-06	0.810478	0.173313	8.57853e-45	1.55967	0.111069	0.174711	-0.307463	0.226539	0.969555	0.00738737	0.193555	4.47523e-21	2.78461	0.29558	0	0	2.05174e-27
48	rs1	1:1	2:0.18675	rs2	1:2	2:0.3405	0	1000	1	0.000156712	0.678199	0.179409	1.59812e-55	1.83937	0.117183	0.104231	-0.395532	0.243452	0.01128	0.46655	0.184123	1.08644e-16	2.71321	0.327092	0	0	3.44797e-23
49	rs1	1:1	2:0.18525	rs2	1:2	2:0.326	0	1000	1	3.95916e-09	1.02913	0.174847	5.34881e-42	1.57541	0.11602	0.813785	0.0496923	0.210967	0.366335	-0.20332	0.225071	5.63452e-19	3.13017	0.351743	0	0	5.43574e-28
50	rs1	1:1	2:0.178	rs2	1:2	2:0.3215	0	1000	1	2.29244e-05	0.722622	0.170658	1.21185e-46	1.57555	0.109863	0.0263111	-0.526993	0.237214	0.420995	-0.162293	0.201683	1.53274e-23	3.11527	0.311545	0	0	1.57752e-32
51	rs1	1:1	2:0.188	rs2	1:2	2:0.3285	0	1000	1	1.3614e-08	0.922235	0.162417	2.36219e-49	1.64306	0.111259	0.938341	-0.0151468	0.195809	0.739146	-0.0673333	0.202212	2.96061e-11	3.77058	0.567131	0	0	8.74821e-33
52	rs1	1:1	2:0.1865	rs2	1:2	2:0.32775	0	1000	1	5.9738e-06	0.722567	0.159602	5.92639e-52	1.62092	0.106878	0.0919482	-0.353124	0.209543	0.523184	-0.125994	0.197345	1.986e-22	3.17814	0.326214	0	0	5.36875e-34
53	rs1	1:1	2:0.1875	rs2	1:2	2:0.3265	0	1000	1	2.53149e-05	0.697894	0.165693	2.3581e-54	1.75883	0.113292	0.27177	-0.229681	0.208992	0.330879	0.194307	0.199833	3.73955e-17	2.93255	0.348251	0	0	7.9666e-26
54	rs1	1:1	2:0.1885	rs2	1:2	2:0.32575	0	1000	1	1.23897e-05	0.738566	0.168984	4.27468e-52	1.79412	0.118131	0.675482	-0.085957	0.205327	0.157922	0.281086	0.199056	2.15643e-15	2.84805	0.359058	0	0	2.50024e-23
55	rs1	1:1	2:0.18875	rs2	1:2	2:0.33	0	1000	1	5.01758e-06	0.724949	0.158839	1.72562e-55	1.7137	0.109211	0.429794	-0.157003	0.198853	0.32876	0.189008	0.193534	7.63487e-18	2.80273	0.325711	0	0	4.62873e-26
56	rs1	1:1	2:0.18225	rs2	1:2	2:0.3285	0	1000	1	5.7774e-09	1.01527	0.174353	2.93672e-44	1.57524	0.112881	0.959151	-0.0111411	0.217517	0.534199	0.118673	0.190913	1.34549e-17	2.82494	0.3308	0	0	1.12014e-25
57	rs1	1:1	2:0.17775	rs2	1:2	2:0.323	0	1000	1	1.90443e-13	1.21555	0.165261	2.07112e-41	1.45351	0.107833	0.0828165	0.330667	0.190633	0.325922	0.170832	0.173899	2.23761e-15	2.70496	0.341216	0	0	7.21491e-25
58	rs1	1:1	2:0.189	rs2	1:2	2:0.33675	0	1000	1	1.01222e-07	0.922889	0.173328	6.51538e-48	1.68321	0.115744	0.782425	-0.0592598	0.214585	0.632307	-0.107482	0.22463	2.15635e-19	3.10301	0.344586	0	0	1.07122e-27
59	rs1	1:1	2:0.1865	rs2	1:2	2:0.31475	0	1000	1	0.00570052	0.439766	0.159075	2.37752e-56	1.7325	0.109535	0.00502142	-0.594109	0.211754	0.737844	-0.0679384	0.202977	2.35835e-22	3.1413	0.323012	0	0	4.00373e-32
60	rs1	1:1	2:0.18625	rs2	1:2	2:0.3165	0	1000	1	4.23985e-06	0.734488	0.159697	3.87306e-49	1.60252	0.10876	0.1678	-0.274105	0.198727	0.117226	-0.34066	0.217462	7.52766e-22	3.44827	0.358963	0	0	1.01338e-35
61	rs1	1:1	2:0.1855	rs2	1:2	2:0.3205	0	1000	1	2.859e-07	0.841659	0.163986	3.55224e-47	1.60824	0.111482	0.83584	-0.0412166	0.198905	0.952332	-0.012397	0.207382	2.94345e-19	2.75732	0.307366	0	0	2.39229e-25
62	rs1	1:1	2:0.191	rs2	1:2	2:0.3375	0	1000	1	0.000137062	0.639931	0.167811	1.68373e-53	1.69108	0.109824	0.0092306	-0.618721	0.23766	0.255185	-0.244482	0.214864	7.07061e-25	3.35901	0.326128	0	0	8.15397e-36
63	rs1	1:1	2:0.184	rs2	1:2	2:0.31225	0	1000	1	4.88589e-06	0.723204	0.158263	5.4062e-47	1.5475	0.107488	0.245363	-0.226163	0.194685	0.0412591	-0.472102	0.231319	7.79722e-24	3.19462	0.317362	0	0	1.05065e-32
64	rs1	1:1	2:0.19075	rs2	1:2	2:0.33925	0	1000	1	6.40289e-06	0.743083	0.164667	4.87085e-53	1.64853	0.107541	0.0416243	-0.457613	0.224622	0.484914	-0.13948	0.199708	1.14106e-23	3.25486	0.324558	0	0	2.36599e-35
65	rs1	1:1	2:0.1885	rs2	1:2	2:0.339	0	1000	1	8.76112e-07	0.821445	0.167042	1.37116e-52	1.67337	0.109644	0.196725	-0.285204	0.220928	0.829557	0.0421176	0.19565	1.33032e-19	3.11389	0.343778	0	0	1.34802e-30
66	rs1	1:1	2:0.18725	rs2	1:2	2:0.332	0	1000	1	1.05036e-07	0.894973	0.168298	4.61589e-48	1.63017	0.111916	0.730175	-0.072217	0.20939	0.829712	0.0432453	0.201074	3.91439e-19	2.84606	0.318374	0	0	1.30855e-26
67	rs1	1:1	2:0.18375	rs2	1:2	2:0.32475	0	1000	1	0.00182076	0.520638	0.166978	4.12722e-54	1.72854	0.111599	0.0100486	-0.599134	0.23275	0.6889	-0.0836419	0.208923	9.56355e-23	3.12088	0.317923	0	0	2.57063e-31
68	rs1	1:1	2:0.18825	rs2	1:2	2:0.3295	0	1000	1	3.15715e-08	0.871962	0.157608	3.3121e-50	1.58556	0.106416	0.713494	-0.0709466	0.193227	0.832248	-0.0407964	0.1926	4.00381e-20	3.00036	0.326554	0	0	8.33328e-31
69	rs1	1:1	2:0.18425	rs2	1:2	2:0.3195	0	1000	1	0.000333823	0.580533	0.16182	1.99687e-53	1.69994	0.110478	0.043693	-0.426712	0.211555	0.598927	-0.110689	0.210459	5.84259e-22	3.10967	0.322839	0	0	8.72443e-31
70	rs1	1:1	2:0.18975	rs2	1:2	2:0.3365	0	1000	1	2.63183e-08	0.889168	0.159798	3.06257e-52	1.62872	0.107086	0.71981	-0.0712689	0.19868	0.702311	0.0729613	0.190897	1.79429e-19	2.89372	0.320628	0	0	1.29071e-28
71	rs1	1:1	2:0.18675	rs2	1:2	2:0.3305	0	1000	1	2.01157e-09	1.01431	0.16914	1.29069e-43	1.52283	0.10996	0.620565	-0.105298	0.212701	0.181896	-0.283925	0.212687	6.48334e-21	3.31868	0.353735	0	0	2.75402e-33
72	rs1	1:1	2:0.19025	rs2	1:2	2:0.3385	0	1000	1	2.65588e-07	0.859094	0.166932	1.16128e-48	1.60512	0.109489	0.207755	-0.279569	0.221922	0.549016	-0.122388	0.204241	3.13884e-22	3.08383	0.318055	0	0	1.05325e-31
73	rs1	1:1	2:0.18925	rs2	1:2	2:0.32625	0	1000	1	1.47553e-06	0.740682	0.153843	1.45049e-54	1.66651	0.10713	0.497446	-0.128589	0.189515	0.85116	0.0371675	0.198081	1.82924e-19	2.90514	0.321968	0	0	2.56449e-28
74	rs1	1:1	2:0.17675	rs2	1:2	2:0.3115	0	1000	1	1.55942e-07	0.891953	0.170045	2.81167e-42	1.52171	0.111678	0.368281	-0.191886	0.213278	0.411809	-0.164407	0.200322	2.80888e-19	3.25565	0.362708	0	0	5.48225e-32
75	rs1	1:1	2:0.1855	rs2	1:2	2:0.32675	0	1000	1	2.26579e-09	0.994765	0.166418	8.9599e-44	1.51475	0.10917	0.799522	-0.0522245	0.205636	0.251945	-0.241377	0.210692	1.91147e-21	3.10526	0.326534	0	0	4.71777e-31
76	rs1	1:1	2:0.192	rs2	1:2	2:0.34175	0	1000	1	4.58181e-08	0.914136	0.167215	1.43219e-48	1.60784	0.109781	0.473936	-0.152696	0.213236	0.44229	-0.16312	0.212304	3.18792e-22	3.03803	0.313383	0	0	1.32387e-30
77	rs1	1:1	2:0.18725	rs2	1:2	2:0.3235	0	1000	1	0.000123214	0.63174	0.164531	1.92207e-53	1.7599	0.114356	0.312866	-0.206445	0.204557	0.53482	0.132047	0.21275	2.31903e-18	2.68253	0.306905	0	0	3.41918e-23
78	rs1	1:1	2:0.185	rs2	1:2	2:0.321	0	1000	1	0.00078848	0.566243	0.168685	6.697e-55	1.80644	0.115758	0.0919785	-0.363852	0.21593	0.175091	0.264818	0.19529	5.06134e-17	2.89684	0.345468	0	0	2.86593e-25
79	rs1	1:1	2:0.1875	rs2	1:2	2:0.33	0	1000	1	1.53482e-06	0.797271	0.165868	2.9992e-51	1.69002	0.112224	0.511646	-0.135563	0.206564	0.739294	0.0671672	0.201832	1.24242e-18	2.94094	0.333787	0	0	3.26656e-27
80	rs1	1:1	2:0.18675	rs2	1:2	2:0.323	0	1000	1	2.467e-07	0.866931	0.168004	7.61208e-47	1.64387	0.114369	0.828986	-0.0440871	0.204105	0.887164	-0.0299197	0.21086	1.02865e-18	2.9559	0.334683	0	0	1.14661e-26
81	rs1	1:1	2:0.18875	rs2	1:2	2:0.326	0	1000	1	3.70728e-07	0.814564	0.16024	1.09421e-52	1.70211	0.111419	0.986676	-0.00323618	0.193788	0.124046	0.288895	0.187837	8.25567e-16	2.71069	0.336717	0	0	9.80781e-24
82	rs1	1:1	2:0.18525	rs2	1:2	2:0.3295	0	1000	1	2.20735e-07	0.866562	0.167259	4.61263e-50	1.67652	0.112688	0.795009	-0.0536607	0.206536	0.22447	0.22823	0.187886	3.61371e-16	2.86726	0.351775	0	0	1.35526e-25
83	rs1	1:1	2:0.181	rs2	1:2	2:0.322	0	1000	1	4.62808e-06	0.724117	0.15807	7.13168e-52	1.60654	0.106014	0.150861	-0.290635	0.202322	0.808879	-0.0456845	0.188878	4.77526e-21	3.11188	0.330558	0	0	7.05507e-33
84	rs1	1:1	2:0.18675	rs2	1:2	2:0.319	0	1000	1	1.9497e-05	0.666217	0.156002	9.64685e-52	1.62313	0.10725	0.20109	-0.247751	0.19379	0.379103	-0.182513	0.207508	2.15842e-22	3.04356	0.312672	0	0	1.20474e-31
85	rs1	1:1	2:0.1785	rs2	1:2	2:0.3175	0	1000	1	8.62433e-05	0.671324	0.170979	1.12684e-49	1.69549	0.114424	0.118096	-0.346592	0.221774	0.814852	0.0477492	0.203907	3.01303e-19	2.99973	0.334483	0	0	1.65129e-27
86	rs1	1:1	2:0.18925	rs2	1:2	2:0.31575	0	1000	1	0.000129074	0.605147	0.158075	3.97237e-56	1.84702	0.117014	0.69638	-0.0732746	0.187781	0.0132308	0.473594	0.191158	1.32725e-13	2.61332	0.352989	0	0	2.15384e-20
87	rs1	1:1	2:0.17825	rs2	1:2	2:0.30575	0	1000	1	8.89606e-05	0.639817	0.163265	7.07945e-51	1.75549	0.117014	0.53607	-0.121463	0.196299	0.12722	0.297756	0.195229	8.53723e-15	2.77676	0.35786	0	0	1.39279e-22
88	rs1	1:1	2:0.1925	rs2	1:2	2:0.336	0	1000	1	2.91171e-07	0.786544	0.15335	1.3665e-55	1.6513	0.105135	0.399869	-0.163785	0.194553	0.43545	0.138553	0.177655	3.48278e-19	2.94239	0.328676	0	0	8.33533e-31
89	rs1	1:1	2:0.18975	rs2	1:2	2:0.32875	0	1000	1	7.84246e-09	0.955994	0.165632	1.65806e-43	1.53229	0.110787	0.864711	-0.0342338	0.200926	0.0563524	-0.453408	0.237598	1.79143e-22	3.22957	0.331137	0	0	3.66616e-32
90	rs1	1:1	2:0.19075	rs2	1:2	2:0.33825	0	1000	1	8.23205e-07	0.825002	0.16735	7.48666e-52	1.69067	0.11159	0.596763	-0.111364	0.210494	0.371759	0.176001	0.197049	9.36667e-19	2.66049	0.300878	0	0	1.93704e-24
91	rs1	1:1	2:0.17625	rs2	1:2	2:0.31525	0	1000	1	9.20386e-09	0.967758	0.168459	1.7391e-42	1.49193	0.109212	0.775818	-0.0601149	0.211097	0.415386	0.143993	0.176797	6.50267e-18	2.69621	0.312665	0	0	6.96799e-26
92	rs1	1:1	2:0.1805	rs2	1:2	2:0.32625	0	1000	1	2.86374e-10	1.07855	0.171036	7.51269e-41	1.47371	0.110111	0.957196	0.0111171	0.207127	0.337753	-0.193037	0.201371	5.8378e-20	3.16015	0.345474	0	0	9.83295e-32
93	rs1	1:1	2:0.18675	rs2	1:2	2:0.3315	0	1000	1	1.43986e-05	0.71273	0.164311	4.5354e-54	1.72013	0.1111	0.211133	-0.266271	0.212939	0.380404	0.169639	0.193397	4.12834e-19	2.85634	0.319734	0	0	5.63689e-27
94	rs1	1:1	2:0.19125	rs2	1:2	2:0.34075	0	1000	1	1.2744e-09	1.02369	0.168631	4.07856e-47	1.58615	0.110024	0.658558	-0.0938695	0.21242	0.261465	-0.238712	0.212579	1.7609e-19	3.47266	0.384688	0	0	1.71352e-34
95	rs1	1:1	2:0.1845	rs2	1:2	2:0.3205	0	1000	1	8.99065e-09	0.891703	0.155113	2.13005e-44	1.43971	0.103	0.406867	-0.158461	0.19105	0.0232988	-0.475738	0.209715	1.33117e-24	3.35957	0.328127	0	0	5.58614e-39
96	rs1	1:1	2:0.18025	rs2	1:2	2:0.32525	0	1000	1	1.14349e-06	0.852354	0.175194	2.75505e-47	1.66457	0.115247	0.473537	-0.158789	0.221544	0.530023	0.124675	0.198537	2.15248e-17	2.94671	0.347275	0	0	4.4581e-26
97	rs1	1:1	2:0.19	rs2	1:2	2:0.3245	0	1000	1	8.06526e-08	0.843729	0.157246	2.68937e-49	1.58565	0.107435	0.816688	-0.0442906	0.191066	0.813962	-0.0470906	0.200114	3.51508e-20	2.82881	0.307414	0	0	6.12496e-28
98	rs1	1:1	2:0.186	rs2	1:2	2:0.3245	0	1000	1	2.14467e-05	0.706433	0.166248	3.779e-52	1.71802	0.11306	0.131058	-0.325264	0.215415	0.938773	0.0154303	0.200885	1.43922e-15	3.45949	0.433408	0	0	1.48115e-31
99	rs1	1:1	2:0.196	rs2	1:2	2:0.33825	0	1000	1	2.95773e-09	0.955091	0.160954	2.96961e-50	1.65525	0.111039	0.53237	0.118913	0.190447	0.739873	-0.0725608	0.218542	4.77514e-19	2.90937	0.326259	0	0	1.45704e-26
100	rs1	1:1	2:0.188	rs2	1:2	2:0.3235	0	1000	1	0.00077287	0.538575	0.160179	3.6942e-56	1.72871	0.109487	0.0358525	-0.441094	0.210186	0.989293	0.00274747	0.204732	2.50579e-21	2.95206	0.311348	0	0	5.21112e-29
101	rs1	1:1	2:0.1825	rs2	1:2	2:0.33175	0	1000	1	3.23072e-10	1.08332	0.172303	6.63255e-44	1.53912	0.110754	0.693771	-0.0856071	0.217419	0.63635	-0.0908636	0.192179	1.7732e-11	3.86333	0.574594	0	0	5.62188e-35
102	rs1	1:1	2:0.18575	rs2	1:2	2:0.32525	0	1000	1	3.01155e-05	0.683726	0.163861	2.36899e-51	1.64642	0.109216	0.0744871	-0.389668	0.218472	0.821139	0.0437219	0.193391	3.8503e-21	2.88377	0.305594	0	0	5.47669e-29
103	rs1	1:1	2:0.1845	rs2	1:2	2:0.31975	0	1000	1	9.24667e-05	0.636812	0.162886	3.73657e-54	1.77409	0.114492	0.244443	-0.236758	0.203408	0.456579	0.150378	0.201987	6.10789e-17	3.03811	0.363274	0	0	1.0645e-26
104	rs1	1:1	2:0.1885	rs2	1:2	2:0.33025	0	1000	1	1.6806e-08	0.881403	0.156221	1.57546e-51	1.58784	0.105142	0.626521	-0.093477	0.192091	0.571553	-0.110846	0.195923	1.31054e-19	3.21523	0.354901	0	0	4.75413e-33
105	rs1	1:1	2:0.18275	rs2	1:2	2:0.3285	0	1000	1	2.12969e-06	0.786511	0.165906	4.28396e-49	1.58439	0.107579	0.0930331	-0.36832	0.219289	0.452313	-0.148038	0.196973	1.1736e-22	3.1954	0.326201	0	0	3.76878e-34
106	rs1	1:1	2:0.18675	rs2	1:2	2:0.332	0	1000	1	0.00012909	0.625868	0.163489	4.79079e-56	1.70709	0.10823	0.0308572	-0.480366	0.222504	0.569069	0.108451	0.190458	2.06539e-21	2.92608	0.307954	0	0	1.24148e-29
107	rs1	1:1	2:0.18375	rs2	1:2	2:0.324	0	1000	1	1.4317e-08	0.901007	0.15892	8.25582e-46	1.46979	0.103453	0.347194	-0.187571	0.199534	0.295399	-0.195375	0.18672	1.6077e-22	3.16207	0.323852	0	0	4.04045e-36
108	rs1	1:1	2:0.174	rs2	1:2	2:0.30775	0	1000	1	6.99181e-07	0.822219	0.165717	1.67784e-44	1.55913	0.111408	0.702841	-0.0768751	0.201514	0.59919	0.0991939	0.188738	1.95717e-18	2.67597	0.305485	0	0	5.15647e-25
109	rs1	1:1	2:0.18725	rs2	1:2	2:0.32575	0	1000	1	0.000390671	0.558247	0.157416	7.15848e-55	1.66228	0.106549	0.0289604	-0.46764	0.214118	0.774948	0.054445	0.190428	2.93584e-22	2.76557	0.28503	0	0	5.14171e-29
110	rs1	1:1	2:0.19125	rs2	1:2	2:0.339	0	1000	1	5.25004e-07	0.837285	0.166891	5.9008e-50	1.62245	0.109175	0.130231	-0.334393	0.220985	0.221898	-0.259762	0.212658	9.16693e-23	3.39411	0.345606	0	0	9.89637e-36
111	rs1	1:1	2:0.1865	rs2	1:2	2:0.323	0	1000	1	1.13381e-05	0.683419	0.155678	2.19745e-54	1.64813	0.10613	0.098785	-0.330559	0.200245	0.808777	-0.0464249	0.191835	9.42133e-20	3.25388	0.357749	0	0	1.17758e-33
112	rs1	1:1	2:0.1825	rs2	1:2	2:0.32625	0	1000	1	1.98156e-05	0.720248	0.168797	3.14041e-51	1.67256	0.111088	0.0474952	-0.450332	0.227227	0.753593	-0.0620865	0.197787	3.23331e-18	3.4855	0.400496	0	0	2.63123e-34
113	rs1	1:1	2:0.18725	rs2	1:2	2:0.3255	0	1000	1	4.44287e-09	1.00228	0.17084	1.38862e-44	1.63318	0.116587	0.483209	0.141023	0.20113	0.856854	-0.0387696	0.214932	8.03596e-17	3.04356	0.365342	0	0	4.00986e-26
114	rs1	1:1	2:0.188	rs2	1:2	2:0.31325	0	1000	1	0.000140615	0.615594	0.161697	1.82448e-51	1.76163	0.116725	0.396981	-0.165566	0.195468	0.906953	-0.0265011	0.226733	9.86734e-18	2.98978	0.348643	0	0	3.32003e-25
115	rs1	1:1	2:0.188	rs2	1:2	2:0.3135	0	1000	1	0.000753526	0.506411	0.1503	1.71122e-56	1.6717	0.105552	0.0429252	-0.383666	0.189517	0.926303	-0.0176789	0.19113	2.59954e-22	2.92329	0.300901	0	0	4.63212e-31
116	rs1	1:1	2:0.1775	rs2	1:2	2:0.31725	0	1000	1	1.56608e-06	0.810902	0.168846	1.98406e-49	1.68515	0.114019	0.651007	-0.0940048	0.207808	0.0925742	0.305425	0.181587	5.69357e-14	2.94185	0.391467	0	0	5.86855e-25
117	rs1	1:1	2:0.18075	rs2	1:2	2:0.31325	0	1000	1	1.09417e-06	0.773069	0.158614	5.46081e-50	1.64675	0.110771	0.823807	-0.0420187	0.18872	0.76153	0.0601105	0.198076	5.7832e-17	2.9657	0.354343	0	0	6.07613e-27
118	rs1	1:1	2:0.18175	rs2	1:2	2:0.314	0	1000	1	2.14476e-05	0.703968	0.165668	1.45068e-50	1.70222	0.113825	0.497427	-0.137268	0.202299	0.152038	0.270775	0.18904	1.10405e-16	2.64735	0.319226	0	0	4.73515e-23
119	rs1	1:1	2:0.18475	rs2	1:2	2:0.32725	0	1000	1	3.96669e-06	0.745747	0.161658	4.22461e-51	1.58832	0.10563	0.0518915	-0.418448	0.215247	0.535856	-0.118546	0.191483	5.44704e-23	3.17365	0.321445	0	0	9.49306e-35
120	rs1	1:1	2:0.17875	rs2	1:2	2:0.31525	0	1000	1	2.35991e-11	1.10179	0.164894	9.41363e-41	1.45159	0.108594	0.547424	0.118499	0.196965	0.866206	0.0301958	0.179225	2.96149e-15	3.0938	0.391991	0	0	3.07975e-29
121	rs1	1:1	2:0.18625	rs2	1:2	2:0.3275	0	1000	1	1.17465e-10	1.04407	0.162058	5.95788e-44	1.48186	0.106575	0.81739	0.0454143	0.196681	0.524802	-0.1239	0.194824	2.21369e-20	2.96697	0.320702	0	0	2.55087e-30
122	rs1	1:1	2:0.19425	rs2	1:2	2:0.34	0	1000	1	0.000113304	0.62263	0.161296	2.22391e-55	1.67853	0.10708	0.0068296	-0.627774	0.232076	0.251507	-0.235948	0.205763	1.26728e-25	3.3951	0.324463	0	0	1.16694e-38
123	rs1	1:1	2:0.18675	rs2	1:2	2:0.31775	0	1000	1	0.0252065	0.371053	0.16578	9.34189e-57	1.86515	0.117485	0.00399897	-0.659405	0.2291	0.999746	-6.76368e-05	0.212578	6.10798e-20	3.35558	0.367035	0	0	3.71583e-31
124	rs1	1:1	2:0.1945	rs2	1:2	2:0.33325	0	1000	1	0.000185924	0.607179	0.16246	2.26225e-58	1.88267	0.116882	0.271931	-0.223697	0.203615	0.172889	0.275702	0.202279	2.88384e-16	2.98265	0.364712	0	0	2.84448e-25
125	rs1	1:1	2:0.18025	rs2	1:2	2:0.3175	0	1000	1	5.2648e-06	0.743243	0.163208	6.22295e-49	1.60741	0.10933	0.14705	-0.301948	0.208236	0.459233	-0.147784	0.199678	3.04034e-19	3.37771	0.376672	0	0	4.08115e-34
126	rs1	1:1	2:0.18525	rs2	1:2	2:0.33575	0	1000	1	1.24821e-08	0.988515	0.173637	1.3598e-41	1.47894	0.109467	0.103147	-0.380634	0.233549	0.00449294	-0.687162	0.241847	3.41985e-26	3.75661	0.354828	0	0	7.28715e-42
127	rs1	1:1	2:0.1825	rs2	1:2	2:0.326	0	1000	1	3.359e-07	0.847672	0.166142	4.68884e-50	1.64084	0.110298	0.607238	-0.107172	0.208498	0.13731	0.267512	0.180036	5.25631e-17	2.71735	0.324235	0	0	4.81125e-25
128	rs1	1:1	2:0.18525	rs2	1:2	2:0.321	0	1000	1	4.68291e-06	0.723711	0.158067	5.12262e-51	1.64291	0.109353	0.652511	-0.0871127	0.193465	0.437861	0.153102	0.197345	2.38755e-18	2.49833	0.285939	0	0	5.88197e-23
129	rs1	1:1	2:0.181	rs2	1:2	2:0.3115	0	1000	1	3.54407e-07	0.847559	0.166451	1.81746e-45	1.61282	0.113965	0.977116	0.00574564	0.200303	0.529611	0.125692	0.199955	3.41916e-17	2.63121	0.312077	0	0	8.98179e-23
130	rs1	1:1	2:0.18525	rs2	1:2	2:0.3235	0	1000	1	3.93441e-09	0.946983	0.160862	3.11029e-45	1.51171	0.107106	0.981071	-0.00463754	0.195463	0.892891	-0.0254136	0.188742	1.26382e-20	2.78163	0.29874	0	0	1.62795e-28
131	rs1	1:1	2:0.1875	rs2	1:2	2:0.32875	0	1000	1	1.1467e-07	0.864242	0.163009	6.98836e-50	1.64826	0.110996	0.970918	-0.00715715	0.196318	0.959807	-0.0105111	0.208568	8.31331e-19	2.90318	0.32783	0	0	1.04393e-26
132	rs1	1:1	2:0.18725	rs2	1:2	2:0.31925	0	1000	1	8.38087e-06	0.681678	0.153007	1.90343e-53	1.64293	0.106751	0.361295	-0.174264	0.190891	0.281891	0.195983	0.182126	5.36613e-19	2.61136	0.293265	0	0	9.86142e-26
133	rs1	1:1	2:0.18425	rs2	1:2	2:0.32875	0	1000	1	6.02596e-09	1.02112	0.17557	4.19151e-44	1.64401	0.118023	0.35305	0.191841	0.206572	0.265886	0.223602	0.200975	8.59312e-16	2.55997	0.318188	0	0	7.41859e-21
134	rs1	1:1	2:0.18775	rs2	1:2	2:0.31725	0	1000	1	3.33711e-06	0.730669	0.15717	4.64434e-51	1.68272	0.111955	0.715042	-0.0683078	0.187097	0.831436	-0.0449326	0.211089	4.30648e-19	2.97543	0.333239	0	0	1.74566e-27
135	rs1	1:1	2:0.18175	rs2	1:2	2:0.3055	0	1000	1	4.03845e-05	0.665005	0.161988	1.03876e-47	1.65077	0.113764	0.421842	-0.156603	0.194966	0.628755	-0.105792	0.218812	1.45942e-19	2.8778	0.318068	0	0	5.40501e-26
136	rs1	1:1	2:0.19525	rs2	1:2	2:0.335	0	1000	1	1.13422e-07	0.849121	0.160097	1.03124e-54	1.76697	0.113429	0.820445	0.0435391	0.191825	0.183432	0.259679	0.195209	5.226e-15	2.94552	0.376601	0	0	4.98409e-25
137	rs1	1:1	2:0.186	rs2	1:2	2:0.32925	0	1000	1	0.000430293	0.597942	0.169833	2.4208e-52	1.71056	0.112354	0.0195842	-0.545617	0.233747	0.498157	-0.144837	0.213815	5.34128e-23	3.18657	0.322689	0	0	5.30098e-32
138	rs1	1:1	2:0.189	rs2	1:2	2:0.33675	0	1000	1	2.42938e-08	0.906767	0.162554	5.75296e-49	1.55188	0.105515	0.214778	-0.262212	0.211371	0.220531	-0.246437	0.201153	6.12094e-23	3.32751	0.337428	0	0	2.20581e-36
139	rs1	1:1	2:0.17825	rs2	1:2	2:0.3165	0	1000	1	3.07249e-06	0.788612	0.169016	3.83424e-46	1.58022	0.110808	0.274433	-0.235736	0.215696	0.689114	0.0764192	0.19102	9.31266e-20	2.72875	0.299971	0	0	3.79814e-26
140	rs1	1:1	2:0.1835	rs2	1:2	2:0.3255	0	1000	1	6.84421e-10	0.983066	0.159339	4.76152e-46	1.50481	0.105632	0.670993	0.0810236	0.19074	0.803055	0.0463877	0.186	2.03498e-19	2.64428	0.293438	0	0	2.49073e-26
141	rs1	1:1	2:0.178	rs2	1:2	2:0.3185	0	1000	1	2.53701e-06	0.779865	0.165748	8.16698e-50	1.66089	0.111926	0.449709	-0.154616	0.204546	0.698574	0.0752806	0.1944	7.97135e-17	3.1155	0.373935	0	0	1.38756e-28
142	rs1	1:1	2:0.1895	rs2	1:2	2:0.32025	0	1000	1	2.17367e-05	0.671233	0.158076	5.18163e-54	1.75095	0.113153	0.562813	-0.109612	0.189422	0.922188	0.0210641	0.215649	4.38083e-18	2.97095	0.342732	0	0	3.85587e-26
143	rs1	1:1	2:0.17825	rs2	1:2	2:0.30875	0	1000	1	0.000332852	0.579794	0.161579	1.92189e-54	1.77602	0.114303	0.304019	-0.204891	0.199338	0.00637608	0.483592	0.177284	1.46994e-14	2.56855	0.334006	0	0	1.87898e-21
144	rs1	1:1	2:0.1845	rs2	1:2	2:0.31675	0	1000	1	1.28424e-08	0.889227	0.15633	8.21637e-47	1.52709	0.106284	0.919717	0.0188373	0.186896	0.808626	-0.0471469	0.194661	3.91399e-20	2.75417	0.299679	0	0	1.97516e-27
145	rs1	1:1	2:0.1825	rs2	1:2	2:0.324	0	1000	1	1.86978e-08	0.912765	0.162309	5.25473e-50	1.65639	0.111401	0.514646	0.124633	0.191267	0.0863318	0.317481	0.185112	1.35747e-14	2.65612	0.344938	0	0	1.35869e-22
146	rs1	1:1	2:0.19225	rs2	1:2	2:0.335	0	1000	1	1.89657e-05	0.681003	0.159235	2.92657e-57	1.73747	0.108943	0.139064	-0.305917	0.206801	0.594634	0.102308	0.192261	1.27027e-18	3.12946	0.355284	0	0	1.07358e-30
147	rs1	1:1	2:0.18675	rs2	1:2	2:0.32525	0	1000	1	1.58439e-07	0.841656	0.160546	2.52196e-48	1.55963	0.10677	0.487734	-0.138576	0.199701	0.705027	-0.0741986	0.196011	2.002e-21	2.87464	0.302437	0	0	1.58884e-29
148	rs1	1:1	2:0.1835	rs2	1:2	2:0.315	0	1000	1	8.63369e-09	0.906999	0.157586	7.59446e-46	1.53998	0.108349	0.697025	0.0722507	0.185572	0.898608	0.024449	0.191877	2.56216e-18	2.76631	0.316898	0	0	1.73606e-26
149	rs1	1:1	2:0.18925	rs2	1:2	2:0.325	0	1000	1	2.00295e-05	0.684047	0.160403	8.63961e-53	1.7021	0.111306	0.205709	-0.253694	0.200477	0.303156	-0.228434	0.221848	1.03774e-20	3.35745	0.359773	0	0	1.02294e-32
150	rs1	1:1	2:0.18	rs2	1:2	2:0.32125	0	1000	1	7.30647e-06	0.707758	0.157821	2.06173e-53	1.60819	0.104529	0.0746535	-0.366493	0.205596	0.698098	0.0676756	0.174472	1.79734e-18	3.2175	0.366903	0	0	5.04447e-34
151	rs1	1:1	2:0.18775	rs2	1:2	2:0.333	0	1000	1	4.62151e-09	0.969787	0.165485	8.29413e-47	1.56928	0.109226	0.795701	-0.0532503	0.205667	0.71606	-0.0729298	0.200506	3.9046e-20	3.0117	0.327691	0	0	1.17224e-29
152	rs1	1:1	2:0.18925	rs2	1:2	2:0.3335	0	1000	1	0.00709421	0.459272	0.170582	1.21669e-58	1.80917	0.112052	0.000843081	-0.838744	0.251253	0.542613	0.117705	0.193318	2.83005e-22	3.16351	0.325918	0	0	5.02618e-32
153	rs1	1:1	2:0.19475	rs2	1:2	2:0.331	0	1000	1	3.893e-05	0.639127	0.155364	4.04857e-57	1.71178	0.10747	0.0782512	-0.353236	0.200597	0.744631	-0.0647952	0.198925	6.06645e-21	3.24523	0.345648	0	0	9.36264e-34
154	rs1	1:1	2:0.18275	rs2	1:2	2:0.31575	0	1000	1	0.000690308	0.561628	0.165506	1.635e-53	1.77294	0.115126	0.079303	-0.374636	0.213499	0.476858	0.14246	0.200263	2.54606e-17	3.06915	0.362539	0	0	2.19019e-27
155	rs1	1:1	2:0.19175	rs2	1:2	2:0.33175	0	1000	1	1.01855e-12	1.16022	0.16277	3.45302e-40	1.42954	0.107727	0.298395	0.196649	0.189107	0.0257442	-0.530438	0.23786	1.40045e-22	3.18114	0.325339	0	0	1.27595e-32
156	rs1	1:1	2:0.17975	rs2	1:2	2:0.3265	0	1000	1	5.03511e-05	0.753633	0.185899	5.42652e-48	1.7711	0.121683	0.161367	-0.344595	0.246053	0.480843	0.149579	0.212185	1.10293e-16	3.11029	0.375043	0	0	1.82588e-25
157	rs1	1:1	2:0.1875	rs2	1:2	2:0.33125	0	1000	1	1.68732e-06	0.802571	0.167633	1.48714e-49	1.65105	0.111565	0.253743	-0.244525	0.214251	0.360156	-0.200417	0.219018	1.19656e-21	3.19646	0.334416	0	0	3.92361e-31
158	rs1	1:1	2:0.18125	rs2	1:2	2:0.32475	0	1000	1	9.06317e-09	0.990913	0.172411	1.54218e-43	1.54407	0.111597	0.82849	-0.0464346	0.214342	0.810598	0.0453394	0.189186	1.33227e-18	2.89147	0.328464	0	0	1.43449e-27
159	rs1	1:1	2:0.18725	rs2	1:2	2:0.32675	0	1000	1	4.2091e-08	0.851692	0.155366	6.6457e-50	1.56306	0.105235	0.555213	-0.111437	0.188886	0.0909192	-0.363211	0.214845	4.28551e-22	3.39098	0.350886	0	0	4.92824e-36
160	rs1	1:1	2:0.18075	rs2	1:2	2:0.321	0	1000	1	2.41376e-08	0.94576	0.16951	2.53283e-44	1.59768	0.114403	0.720147	0.0717853	0.200371	0.832297	-0.0449707	0.212369	1.75715e-18	2.85935	0.325968	0	0	1.86154e-25
161	rs1	1:1	2:0.18275	rs2	1:2	2:0.31775	0	1000	1	3.83078e-05	0.706564	0.171602	3.01575e-49	1.72894	0.117205	0.430342	-0.169275	0.214651	0.115403	0.309047	0.1963	2.64534e-16	2.5552	0.312048	0	0	3.16617e-21
162	rs1	1:1	2:0.1815	rs2	1:2	2:0.32175	0	1000	1	0.000253231	0.644018	0.176011	7.11368e-51	1.78946	0.119281	0.260638	-0.25372	0.225552	0.052433	0.383754	0.197856	7.26708e-16	2.54565	0.315604	0	0	1.54204e-20
163	rs1	1:1	2:0.17275	rs2	1:2	2:0.306	0	1000	1	2.92799e-09	1.00095	0.168636	4.61493e-40	1.47156	0.111075	0.965828	-0.00870559	0.203206	0.500401	-0.131891	0.195726	1.97242e-16	3.27677	0.398452	0	0	9.33091e-31
164	rs1	1:1	2:0.1885	rs2	1:2	2:0.33225	0	1000	1	2.26115e-07	0.861385	0.166404	1.97924e-50	1.66803	0.111693	0.818053	-0.0474028	0.206055	0.19978	0.241398	0.188271	1.00638e-17	2.62372	0.306036	0	0	7.55809e-24
165	rs1	1:1	2:0.1775	rs2	1:2	2:0.32925	0	1000	1	8.69744e-08	0.94954	0.177417	2.14339e-45	1.59314	0.112666	0.743337	-0.0737576	0.225257	0.0728633	0.317255	0.176873	5.14408e-17	2.51369	0.299844	0	0	1.21934e-22
166	rs1	1:1	2:0.18375	rs2	1:2	2:0.321	0	1000	1	5.24949e-10	0.985848	0.158714	5.39733e-46	1.51111	0.106139	0.667018	0.0812339	0.188809	0.978536	-0.00499135	0.185522	5.52297e-19	2.87428	0.322909	0	0	6.81589e-29
167	rs1	1:1	2:0.18825	rs2	1:2	2:0.33325	0	1000	1	1.14777e-09	1.01284	0.166384	1.6213e-46	1.59852	0.111622	0.580721	0.108748	0.196889	0.66834	-0.090313	0.210801	1.82127e-18	3.04473	0.347261	0	0	3.2797e-28
168	rs1	1:1	2:0.1815	rs2	1:2	2:0.3215	0	1000	1	3.7404e-10	1.06994	0.170795	1.72044e-41	1.5283	0.113267	0.475846	0.144496	0.20266	0.883047	-0.0298631	0.203002	8.25129e-18	2.86889	0.333745	0	0	6.19865e-26
169	rs1	1:1	2:0.18975	rs2	1:2	2:0.33025	0	1000	1	0.000776458	0.562833	0.167457	1.02196e-56	1.80226	0.113564	0.0158365	-0.546688	0.226591	0.720637	-0.0769141	0.215079	5.49635e-20	3.46237	0.378244	0	0	8.05613e-33
170	rs1	1:1	2:0.18525	rs2	1:2	2:0.32875	0	1000	1	0.000208115	0.629349	0.169684	2.63565e-52	1.69218	0.111187	0.028374	-0.511311	0.233254	0.33655	0.176177	0.183326	5.71285e-21	2.81764	0.299903	0	0	3.3577e-28
171	rs1	1:1	2:0.18	rs2	1:2	2:0.329	0	1000	1	8.82608e-08	0.895744	0.167449	9.88948e-47	1.52783	0.106431	0.288354	-0.233242	0.219679	0.480418	0.124153	0.175946	1.15635e-20	2.69249	0.288874	0	0	8.6386e-28
172	rs1	1:1	2:0.1855	rs2	1:2	2:0.327	0	1000	1	0.000103791	0.675112	0.173928	7.64482e-51	1.73873	0.115936	0.199176	-0.290073	0.22593	0.19626	0.260754	0.201778	1.40486e-17	2.56297	0.300299	0	0	6.92709e-22
173	rs1	1:1	2:0.1835	rs2	1:2	2:0.32975	0	1000	1	3.09575e-05	0.735311	0.17649	7.40576e-49	1.70326	0.115943	0.104744	-0.388243	0.23932	0.514158	0.127521	0.195471	2.92379e-19	2.97446	0.331544	0	0	1.04865e-27
174	rs1	1:1	2:0.1875	rs2	1:2	2:0.326	0	1000	1	6.62496e-10	0.995865	0.161279	3.29131e-43	1.4499	0.105206	0.554511	-0.11887	0.201129	0.0707467	-0.372764	0.206277	6.61017e-23	3.3236	0.337297	0	0	1.01407e-36
175	rs1	1:1	2:0.18675	rs2	1:2	2:0.33175	0	1000	1	1.39682e-08	0.927723	0.163511	1.89606e-47	1.56551	0.108196	0.707829	-0.0760774	0.202996	0.671572	-0.0846883	0.19974	2.11259e-20	2.9961	0.323676	0	0	5.58332e-30
176	rs1	1:1	2:0.18675	rs2	1:2	2:0.32275	0	1000	1	2.55202e-08	0.926836	0.166407	1.33235e-46	1.6377	0.114249	0.48707	0.137419	0.197732	0.239549	0.236091	0.200738	8.94453e-16	2.45926	0.305857	0	0	2.7943e-20
177	rs1	1:1	2:0.19425	rs2	1:2	2:0.3435	0	1000	1	6.42413e-09	0.974921	0.167936	4.0935e-47	1.58489	0.109938	0.377005	-0.190762	0.215934	0.033671	-0.499558	0.235198	3.00659e-22	3.68548	0.379935	0	0	7.5682e-38
178	rs1	1:1	2:0.18825	rs2	1:2	2:0.31975	0	1000	1	3.08112e-05	0.638273	0.153159	4.17731e-57	1.74283	0.109432	0.419864	-0.151073	0.187282	0.15684	0.266328	0.188114	1.34362e-16	2.77317	0.335344	0	0	3.44948e-25
179	rs1	1:1	2:0.1855	rs2	1:2	2:0.3275	0	1000	1	3.23218e-07	0.840262	0.164455	2.70589e-51	1.662	0.110314	0.480474	-0.145595	0.20636	0.53557	0.118135	0.190687	1.10253e-16	3.10009	0.373811	0	0	1.08834e-28
180	rs1	1:1	2:0.18575	rs2	1:2	2:0.32525	0	1000	1	0.00050874	0.588537	0.169309	5.2522e-54	1.76152	0.113842	0.037618	-0.472963	0.227496	0.262022	0.211711	0.188754	9.07385e-19	2.96122	0.334753	0	0	8.04641e-28
181	rs1	1:1	2:0.18675	rs2	1:2	2:0.32475	0	1000	1	1.59791e-06	0.733972	0.152956	2.80792e-49	1.48462	0.10061	0.0415773	-0.41042	0.201411	0.0376437	-0.422902	0.203444	8.66874e-28	3.19557	0.292477	0	0	1.2349e-38
182	rs1	1:1	2:0.18225	rs2	1:2	2:0.31775	0	1000	1	3.30287e-05	0.679816	0.163751	2.96112e-52	1.74013	0.114395	0.435396	-0.156964	0.201239	0.222869	0.234912	0.192719	4.65387e-16	2.87423	0.35396	0	0	5.07799e-25
183	rs1	1:1	2:0.18325	rs2	1:2	2:0.3215	0	1000	1	2.90098e-10	1.01815	0.16151	1.07999e-41	1.44337	0.106701	0.729753	0.0662995	0.19192	0.177266	-0.283599	0.210194	4.57956e-22	2.88914	0.299168	0	0	1.62561e-29
184	rs1	1:1	2:0.1875	rs2	1:2	2:0.331	0	1000	1	1.1685e-07	0.860071	0.162328	3.37479e-49	1.59114	0.10792	0.563302	-0.118024	0.204213	0.917348	0.0203041	0.195656	2.90644e-20	2.78221	0.301682	0	0	1.75427e-27
185	rs1	1:1	2:0.185	rs2	1:2	2:0.31725	0	1000	1	5.66717e-05	0.628479	0.156095	2.57275e-53	1.64696	0.107149	0.0606789	-0.375069	0.199948	0.655465	-0.085705	0.192085	5.64731e-21	3.2629	0.347251	0	0	1.44263e-34
186	rs1	1:1	2:0.1825	rs2	1:2	2:0.311	0	1000	1	4.43389e-08	0.832056	0.152039	2.66615e-48	1.59311	0.109091	0.689997	0.0695	0.174247	0.458686	-0.155729	0.210158	3.98936e-18	3.14542	0.362414	0	0	1.17253e-29
187	rs1	1:1	2:0.181	rs2	1:2	2:0.32125	0	1000	1	3.00041e-07	0.869997	0.169808	1.11299e-46	1.62581	0.11332	0.810838	-0.0498177	0.208141	0.382765	0.166649	0.190933	1.73484e-17	2.7314	0.320953	0	0	1.41973e-24
188	rs1	1:1	2:0.18475	rs2	1:2	2:0.3305	0	1000	1	2.866e-07	0.838262	0.163339	1.66151e-52	1.70018	0.111492	0.65545	-0.0902855	0.202341	0.385301	0.16576	0.19093	1.40668e-12	3.36265	0.474724	0	0	4.22322e-29
189	rs1	1:1	2:0.19075	rs2	1:2	2:0.334	0	1000	1	9.24499e-07	0.817149	0.166525	1.66675e-49	1.64393	0.111142	0.373391	-0.188645	0.211927	0.905616	-0.024339	0.20527	5.9165e-21	2.86914	0.305504	0	0	7.27354e-28
190	rs1	1:1	2:0.181	rs2	1:2	2:0.321	0	1000	1	2.49516e-09	0.969901	0.162687	6.93742e-47	1.56703	0.108975	0.832891	0.0419086	0.198624	0.279717	0.195836	0.181169	2.02414e-16	2.77379	0.337418	0	0	1.78629e-25
191	rs1	1:1	2:0.185	rs2	1:2	2:0.32125	0	1000	1	4.47536e-07	0.860491	0.170477	4.94506e-46	1.68233	0.118115	0.900082	0.0253608	0.201984	0.71255	-0.0838095	0.227475	8.48582e-18	3.00913	0.350192	0	0	2.07057e-25
192	rs1	1:1	2:0.188	rs2	1:2	2:0.33175	0	1000	1	0.00894136	0.428994	0.164096	9.09191e-62	1.82764	0.110205	0.00232272	-0.711985	0.23378	0.24979	0.211624	0.183884	1.58386e-20	3.11876	0.335813	0	0	1.70307e-31
193	rs1	1:1	2:0.1875	rs2	1:2	2:0.332	0	1000	1	1.00498e-09	1.00553	0.164608	8.18676e-47	1.58814	0.110531	0.780909	0.0547393	0.196809	0.356484	-0.198655	0.215441	6.28402e-19	3.26209	0.367068	0	0	6.91043e-31
194	rs1	1:1	2:0.18725	rs2	1:2	2:0.32975	0	1000	1	0.00115955	0.52758	0.1624	2.72792e-60	1.85029	0.112971	0.0340873	-0.468584	0.221131	0.0571143	0.3519	0.184974	9.18138e-17	3.02054	0.363267	0	0	2.00875e-27
195	rs1	1:1	2:0.1875	rs2	1:2	2:0.328	0	1000	1	5.60234e-06	0.723144	0.159252	1.54558e-53	1.69365	0.109951	0.270651	-0.223685	0.203061	0.633833	0.0917257	0.192564	3.38958e-19	2.99474	0.334411	0	0	3.32938e-29
196	rs1	1:1	2:0.187	rs2	1:2	2:0.32375	0	1000	1	3.75363e-06	0.763776	0.165156	8.66035e-52	1.74477	0.115233	0.990265	0.00241155	0.197646	0.101621	0.320982	0.196074	1.17602e-15	2.54722	0.318126	0	0	4.96536e-21
197	rs1	1:1	2:0.19	rs2	1:2	2:0.315	0	1000	1	9.21089e-07	0.738266	0.150427	2.80195e-51	1.62108	0.107614	0.742478	-0.0583404	0.177556	0.560518	-0.117836	0.202442	1.77462e-19	3.09281	0.342642	0	0	6.33345e-31
198	rs1	1:1	2:0.1845	rs2	1:2	2:0.3335	0	1000	1	2.02136e-07	0.920872	0.177181	4.55394e-48	1.68985	0.116005	0.637309	-0.10603	0.224895	0.291222	0.205011	0.194241	2.02761e-16	2.93885	0.357505	0	0	1.90292e-25
199	rs1	1:1	2:0.19175	rs2	1:2	2:0.337	0	1000	1	4.45184e-06	0.776594	0.169226	1.55957e-55	1.84828	0.117739	0.622533	-0.103338	0.209923	0.107332	0.322231	0.200106	4.71471e-13	3.16299	0.437283	0	0	5.48645e-25
200	rs1	1:1	2:0.184	rs2	1:2	2:0.31725	0	1000	1	0.000450209	0.55315	0.157648	1.11012e-52	1.62704	0.106512	0.0178634	-0.49805	0.210286	0.586051	-0.106951	0.196396	7.52054e-24	2.97791	0.295729	0	0	3.48338e-32
201	rs1	1:1	2:0.18175	rs2	1:2	2:0.324	0	1000	1	3.80237e-08	0.91092	0.165628	3.44135e-45	1.51238	0.107208	0.262714	-0.239366	0.21372	0.552147	-0.111862	0.188147	5.13203e-20	3.23167	0.352756	0	0	5.45386e-34
202	rs1	1:1	2:0.186	rs2	1:2	2:0.333	0	1000	1	4.27115e-10	1.05386	0.168786	2.38035e-44	1.53487	0.10987	0.961791	0.0099666	0.208045	0.741293	-0.0651846	0.197444	1.65485e-19	3.02031	0.334327	0	0	1.4903e-29
203	rs1	1:1	2:0.18775	rs2	1:2	2:0.33325	0	1000	1	1.30332e-08	0.933575	0.164199	9.72965e-49	1.6001	0.109058	0.788628	0.0536124	0.199977	0.209024	0.231974	0.184655	7.47354e-18	2.45935	0.285725	0	0	7.9359e-23
204	rs1	1:1	2:0.18225	rs2	1:2	2:0.3245	0	1000	1	6.16955e-07	0.808554	0.16217	4.10167e-51	1.62133	0.107811	0.347198	-0.194502	0.206909	0.306005	0.184082	0.179831	2.56713e-18	2.83795	0.325113	0	0	1.17727e-27
205	rs1	1:1	2:0.1855	rs2	1:2	2:0.3295	0	1000	1	2.3081e-08	0.917598	0.164233	6.91562e-48	1.57268	0.108174	0.371687	-0.187788	0.210214	0.488482	-0.137867	0.199022	4.78772e-19	3.34108	0.374684	0	0	1.50218e-33
206	rs1	1:1	2:0.18575	rs2	1:2	2:0.3205	0	1000	1	3.07136e-10	1.01161	0.160697	3.09122e-45	1.56143	0.110626	0.345124	0.176864	0.187338	0.854475	-0.0377305	0.205715	1.04433e-17	2.88956	0.337213	0	0	4.02025e-26
207	rs1	1:1	2:0.19175	rs2	1:2	2:0.32975	0	1000	1	3.05564e-06	0.720593	0.1544	1.42534e-54	1.65571	0.106428	0.303229	-0.199402	0.193682	0.86735	-0.0330792	0.198049	3.99435e-21	2.96128	0.313935	0	0	2.22426e-30
208	rs1	1:1	2:0.18175	rs2	1:2	2:0.3185	0	1000	1	2.77411e-10	1.03385	0.163819	4.26173e-43	1.50811	0.109578	0.443018	0.147173	0.191855	0.9975	-0.000593886	0.189545	8.34539e-18	2.8859	0.335775	0	0	1.22148e-27
209	rs1	1:1	2:0.18225	rs2	1:2	2:0.3135	0	1000	1	3.08217e-10	0.978969	0.155526	9.06229e-45	1.49658	0.106605	0.457756	0.134879	0.181644	0.612953	-0.0998137	0.197314	6.9909e-19	2.89375	0.326055	0	0	2.86325e-28
210	rs1	1:1	2:0.19075	rs2	1:2	2:0.3395	0	1000	1	2.17377e-07	0.871996	0.168215	1.5747e-53	1.76231	0.114417	0.759083	-0.0639421	0.208494	0.264363	0.216512	0.193984	1.94994e-12	3.35515	0.476718	0	0	5.34782e-28
211	rs1	1:1	2:0.185	rs2	1:2	2:0.32625	0	1000	1	2.18803e-09	0.994255	0.166175	1.25506e-44	1.53113	0.109246	0.636893	-0.0981033	0.207825	0.321107	-0.201886	0.203476	8.06802e-19	3.38135	0.381682	0	0	2.01778e-33
212	rs1	1:1	2:0.18325	rs2	1:2	2:0.32825	0	1000	1	1.62874e-05	0.769026	0.178407	2.18976e-47	1.6639	0.115075	0.113271	-0.376854	0.237964	0.692245	0.0785726	0.198511	5.82075e-20	2.9065	0.317733	0	0	3.64793e-27
213	rs1	1:1	2:0.1845	rs2	1:2	2:0.31775	0	1000	1	0.0166642	0.40113	0.167554	6.28613e-54	1.72801	0.11176	0.00053161	-0.843752	0.243556	0.910549	-0.0220737	0.196479	8.16093e-24	3.10869	0.308964	0	0	1.41039e-32
214	rs1	1:1	2:0.19	rs2	1:2	2:0.33225	0	1000	1	5.86051e-07	0.787626	0.157659	1.33016e-53	1.65291	0.107238	0.313472	-0.202296	0.200697	0.846056	0.0367301	0.189181	5.60565e-18	3.19324	0.369574	0	0	5.94526e-32
215	rs1	1:1	2:0.18775	rs2	1:2	2:0.336	0	1000	1	2.66526e-09	0.99858	0.167801	8.40806e-47	1.5721	0.109429	0.828611	-0.0453861	0.209651	0.980759	-0.00468213	0.194138	1.98556e-19	2.98568	0.331225	0	0	2.6812e-29
216	rs1	1:1	2:0.1855	rs2	1:2	2:0.3165	0	1000	1	3.03308e-08	0.864855	0.156125	8.37034e-48	1.58147	0.108877	0.982264	0.00406719	0.182956	0.186262	-0.285729	0.21618	9.00309e-18	3.45986	0.402964	0	0	1.86503e-33
217	rs1	1:1	2:0.187	rs2	1:2	2:0.32525	0	1000	1	6.24659e-07	0.788256	0.158175	1.39185e-51	1.62524	0.107561	0.392565	-0.168052	0.196558	0.709023	-0.0742788	0.199049	8.11723e-20	3.13544	0.344115	0	0	2.10441e-31
218	rs1	1:1	2:0.17875	rs2	1:2	2:0.3115	0	1000	1	0.00272996	0.508732	0.169769	5.47712e-53	1.77852	0.116079	0.0507945	-0.42885	0.219561	0.290162	0.21187	0.2003	8.02047e-18	2.83492	0.329668	0	0	9.57671e-25
219	rs1	1:1	2:0.17075	rs2	1:2	2:0.31025	0	1000	1	8.19657e-06	0.804089	0.18029	1.03519e-42	1.58367	0.115608	0.231577	-0.282306	0.235981	0.308579	0.193553	0.190091	1.03022e-17	2.63785	0.307782	0	0	2.82862e-23
220	rs1	1:1	2:0.193	rs2	1:2	2:0.33825	0	1000	1	0.00240401	0.502283	0.165488	4.33148e-60	1.78897	0.109415	0.00206494	-0.733875	0.238215	0.861556	0.0340442	0.195214	1.11992e-22	3.25278	0.331898	0	0	4.59666e-34
221	rs1	1:1	2:0.18125	rs2	1:2	2:0.323	0	1000	1	1.80224e-07	0.841918	0.161328	3.86892e-49	1.57001	0.106553	0.231031	-0.246285	0.20563	0.624417	-0.0920506	0.188012	2.06646e-16	3.51472	0.427677	0	0	1.33766e-35
222	rs1	1:1	2:0.18475	rs2	1:2	2:0.32175	0	1000	1	0.00195423	0.52872	0.170715	2.91154e-51	1.70532	0.113225	0.00527264	-0.65927	0.236307	0.176512	-0.30888	0.228533	2.98714e-24	3.33339	0.328085	0	0	2.35009e-33
223	rs1	1:1	2:0.18475	rs2	1:2	2:0.3245	0	1000	1	0.00512624	0.460215	0.164422	6.90349e-58	1.79175	0.111717	0.00420944	-0.662318	0.231416	0.847498	0.0377651	0.196374	3.56923e-20	3.33262	0.36223	0	0	2.84275e-33
224	rs1	1:1	2:0.183	rs2	1:2	2:0.319	0	1000	1	1.11534e-05	0.736519	0.167638	6.28482e-51	1.72311	0.114795	0.496364	-0.140172	0.206068	0.365141	0.183336	0.202445	3.62728e-17	2.78964	0.33114	0	0	7.04273e-24
225	rs1	1:1	2:0.187	rs2	1:2	2:0.3325	0	1000	1	2.31057e-08	0.924654	0.165502	2.05386e-45	1.50594	0.106477	0.198416	-0.277816	0.216018	0.183337	-0.266697	0.200441	6.66969e-24	3.24984	0.322357	0	0	3.3686e-36
226	rs1	1:1	2:0.18725	rs2	1:2	2:0.3205	0	1000	1	1.62128e-08	0.921349	0.163122	1.31727e-44	1.56229	0.111497	0.804035	0.0478499	0.192843	0.183039	-0.308209	0.231483	1.5106e-20	3.03107	0.326193	0	0	3.52973e-28
227	rs1	1:1	2:0.184	rs2	1:2	2:0.32375	0	1000	1	8.72053e-10	0.990145	0.161492	2.45892e-43	1.47849	0.107117	0.767454	0.0564912	0.191038	0.213838	-0.261194	0.210119	6.60678e-22	2.93979	0.305603	0	0	3.91692e-30
228	rs1	1:1	2:0.18775	rs2	1:2	2:0.33075	0	1000	1	9.67987e-06	0.734277	0.165968	1.71975e-53	1.72939	0.112322	0.27598	-0.230411	0.211504	0.358954	0.176406	0.192298	6.89755e-18	2.95827	0.343323	0	0	2.23499e-27
229	rs1	1:1	2:0.1775	rs2	1:2	2:0.31725	0	1000	1	3.57242e-13	1.22463	0.16843	1.5164e-38	1.43796	0.110752	0.151211	0.276221	0.192452	0.709874	-0.0712623	0.191552	1.45603e-12	3.38685	0.478463	0	0	9.15967e-30
230	rs1	1:1	2:0.18625	rs2	1:2	2:0.321	0	1000	1	6.33696e-05	0.605541	0.151389	3.09028e-57	1.67962	0.105339	0.277204	-0.205901	0.189488	0.118368	0.285121	0.182576	1.97655e-18	2.4273	0.277132	0	0	2.40427e-23
231	rs1	1:1	2:0.17975	rs2	1:2	2:0.3215	0	1000	1	3.96693e-07	0.853304	0.168287	7.86562e-46	1.54918	0.109015	0.177139	-0.29539	0.218869	0.664023	-0.0833949	0.191992	7.19463e-21	3.13718	0.33478	0	0	3.3587e-32
232	rs1	1:1	2:0.17625	rs2	1:2	2:0.31475	0	1000	1	1.19198e-14	1.29256	0.167498	4.63381e-35	1.33264	0.107871	0.0683363	0.35031	0.192184	0.680965	-0.076371	0.185751	3.72707e-18	2.73316	0.314633	0	0	1.50778e-26
233	rs1	1:1	2:0.1935	rs2	1:2	2:0.332	0	1000	1	2.35646e-05	0.670181	0.158505	5.00115e-55	1.67774	0.107383	0.0866387	-0.350579	0.20461	0.564134	-0.116948	0.202784	1.246e-22	3.14419	0.321171	0	0	3.74671e-33
234	rs1	1:1	2:0.19075	rs2	1:2	2:0.3305	0	1000	1	5.70746e-08	0.869058	0.160114	1.03479e-49	1.61508	0.108955	0.819653	-0.0450218	0.197472	0.944284	0.0141034	0.201803	1.1029e-19	2.77697	0.305891	0	0	1.37343e-26
235	rs1	1:1	2:0.1855	rs2	1:2	2:0.314	0	1000	1	0.000233424	0.588661	0.159971	1.17355e-53	1.78159	0.115526	0.318577	-0.194661	0.195171	0.624469	0.104231	0.212921	1.95702e-17	2.90877	0.342356	0	0	6.8477e-25
236	rs1	1:1	2:0.182	rs2	1:2	2:0.31625	0	1000	1	1.80853e-07	0.854885	0.163834	5.08864e-46	1.58913	0.111587	0.759131	-0.0609519	0.198785	0.922919	-0.0192285	0.198729	1.14877e-17	3.04097	0.355338	0	0	1.8963e-28
237	rs1	1:1	2:0.19025	rs2	1:2	2:0.33375	0	1000	1	5.78285e-06	0.723549	0.159577	2.46761e-53	1.65107	0.107398	0.0884005	-0.357404	0.209757	0.3134	-0.208094	0.206419	3.68843e-23	3.32324	0.335271	0	0	8.52475e-36
238	rs1	1:1	2:0.18475	rs2	1:2	2:0.3175	0	1000	1	8.50359e-05	0.62954	0.160199	2.84026e-52	1.66339	0.10933	0.0640028	-0.380625	0.205503	0.338915	-0.202214	0.211452	1.14475e-21	3.29144	0.344188	0	0	3.32073e-33
239	rs1	1:1	2:0.183	rs2	1:2	2:0.32075	0	1000	1	4.47775e-07	0.83358	0.165149	1.34054e-48	1.64523	0.1123	0.778138	-0.056276	0.19974	0.933762	0.0169302	0.203702	2.29533e-18	2.94502	0.336892	0	0	6.68812e-27
240	rs1	1:1	2:0.18825	rs2	1:2	2:0.33425	0	1000	1	4.35905e-11	1.07324	0.162826	3.10018e-47	1.5684	0.10865	0.576452	0.109425	0.1959	0.990411	-0.00233782	0.194525	6.38755e-16	3.20097	0.396077	0	0	9.00716e-30
241	rs1	1:1	2:0.18525	rs2	1:2	2:0.327	0	1000	1	1.55318e-06	0.810203	0.168642	7.25557e-49	1.65835	0.112874	0.59353	-0.111901	0.20966	0.456169	0.147257	0.197615	1.15309e-18	2.64204	0.299579	0	0	6.06813e-24
242	rs1	1:1	2:0.19275	rs2	1:2	2:0.3315	0	1000	1	1.14543e-05	0.706454	0.161007	3.75604e-53	1.70252	0.110941	0.392097	-0.173204	0.202383	0.387418	0.168164	0.194565	2.2286e-19	2.61711	0.290745	0	0	1.00401e-24
243	rs1	1:1	2:0.18525	rs2	1:2	2:0.32275	0	1000	1	1.25065e-05	0.739557	0.169291	6.59993e-51	1.76664	0.11772	0.649342	-0.0933828	0.205383	0.543706	0.13062	0.215112	7.91924e-17	2.88263	0.345952	0	0	9.76318e-24
244	rs1	1:1	2:0.181	rs2	1:2	2:0.31775	0	1000	1	2.84375e-07	0.869036	0.169287	1.93775e-44	1.56468	0.111886	0.485307	-0.14788	0.211925	0.818497	-0.0460111	0.200502	9.14645e-20	2.92191	0.321137	0	0	7.27891e-28
245	rs1	1:1	2:0.18925	rs2	1:2	2:0.327	0	1000	1	1.59956e-06	0.787898	0.164201	4.29454e-49	1.63647	0.111117	0.188395	-0.271918	0.206728	0.0130197	-0.627253	0.252595	1.28396e-21	3.8973	0.40805	0	0	6.57582e-39
246	rs1	1:1	2:0.18625	rs2	1:2	2:0.3315	0	1000	1	1.7603e-09	1.00729	0.167365	5.11532e-45	1.55882	0.11072	0.779193	-0.0572776	0.204292	0.0908994	-0.376758	0.222845	8.47857e-19	3.68001	0.415653	0	0	1.80447e-36
247	rs1	1:1	2:0.179	rs2	1:2	2:0.31775	0	1000	1	4.75674e-10	1.08249	0.17384	7.63718e-41	1.54715	0.115609	0.302685	0.209213	0.202983	0.565109	0.112375	0.195344	2.08831e-15	2.79522	0.352221	0	0	1.12562e-23
248	rs1	1:1	2:0.179	rs2	1:2	2:0.31925	0	1000	1	1.88553e-08	0.906482	0.161233	3.28797e-43	1.44591	0.104916	0.415795	-0.16466	0.20235	0.498441	-0.123934	0.183078	1.42511e-22	2.93729	0.300454	0	0	7.42246e-33
249	rs1	1:1	2:0.178	rs2	1:2	2:0.3175	0	1000	1	9.28557e-06	0.763265	0.172171	6.97954e-45	1.57668	0.112163	0.0984966	-0.378209	0.228914	0.802883	-0.0491338	0.196837	2.20509e-21	2.964	0.312169	0	0	1.61584e-29
250	rs1	1:1	2:0.18525	rs2	1:2	2:0.32375	0	1000	1	4.20883e-06	0.735818	0.159933	5.36719e-53	1.67575	0.109362	0.268745	-0.22056	0.199429	0.862663	-0.0340327	0.196738	6.52634e-16	3.44493	0.426401	0	0	6.54102e-33
251	rs1	1:1	2:0.1865	rs2	1:2	2:0.3205	0	1000	1	2.57665e-07	0.816031	0.15839	8.53222e-50	1.63313	0.110076	0.884764	-0.0273761	0.188888	0.904817	-0.024064	0.20124	6.88643e-18	3.05021	0.353985	0	0	9.25013e-29
252	rs1	1:1	2:0.1855	rs2	1:2	2:0.32975	0	1000	1	0.000124269	0.659486	0.171851	2.68465e-49	1.6707	0.113197	0.0110766	-0.623046	0.245267	0.038853	-0.496477	0.240338	1.07096e-24	3.71323	0.361925	0	0	9.65661e-39
253	rs1	1:1	2:0.1835	rs2	1:2	2:0.328	0	1000	1	1.49014e-05	0.745208	0.172098	1.49926e-48	1.63764	0.11184	0.0418733	-0.480721	0.236252	0.830846	-0.0414344	0.193967	2.07128e-21	3.21449	0.338319	0	0	5.67114e-33
254	rs1	1:1	2:0.17675	rs2	1:2	2:0.32	0	1000	1	5.53192e-07	0.877958	0.17535	2.5595e-44	1.58392	0.113423	0.499592	-0.150759	0.223303	0.251495	0.210637	0.183685	7.41221e-18	2.634	0.305982	0	0	4.6539e-24
255	rs1	1:1	2:0.1875	rs2	1:2	2:0.338	0	1000	1	0.000123355	0.64883	0.168994	2.61069e-54	1.69239	0.109058	0.00875057	-0.638783	0.243657	0.871086	0.0301403	0.18573	9.33374e-23	3.20071	0.325974	0	0	1.52343e-34
256	rs1	1:1	2:0.177	rs2	1:2	2:0.31625	0	1000	1	4.13931e-08	0.963443	0.175657	2.46351e-42	1.59912	0.117276	0.908298	0.0241615	0.209762	0.844332	-0.0412465	0.210061	2.21997e-16	3.13845	0.382293	0	0	5.61611e-27
257	rs1	1:1	2:0.18225	rs2	1:2	2:0.32275	0	1000	1	4.29186e-10	1.02929	0.16487	6.10895e-42	1.46805	0.108191	0.727313	0.0682792	0.19581	0.318448	-0.203466	0.203945	7.56032e-21	2.95311	0.315314	0	0	6.626e-30
258	rs1	1:1	2:0.1875	rs2	1:2	2:0.3315	0	1000	1	3.13512e-06	0.750521	0.160995	8.79859e-55	1.67583	0.107508	0.247873	-0.236974	0.205078	0.245604	0.204847	0.176426	1.73863e-18	2.9167	0.33246	0	0	3.83231e-29
259	rs1	1:1	2:0.18775	rs2	1:2	2:0.32525	0	1000	1	2.35746e-09	0.97549	0.16337	4.42301e-45	1.54031	0.109325	0.786102	0.0538717	0.198513	0.935751	-0.0162391	0.20145	3.24408e-19	2.70977	0.302427	0	0	1.86039e-25
260	rs1	1:1	2:0.1815	rs2	1:2	2:0.31925	0	1000	1	2.87935e-06	0.778634	0.166402	1.49723e-49	1.69367	0.114449	0.710677	-0.0740549	0.199637	0.847272	-0.0417847	0.21695	5.24465e-18	3.06055	0.353906	0	0	7.99868e-27
261	rs1	1:1	2:0.18175	rs2	1:2	2:0.32425	0	1000	1	1.04167e-06	0.833467	0.170667	1.87298e-47	1.63353	0.11289	0.286052	-0.233403	0.218784	0.758397	0.058286	0.189495	1.89414e-17	3.19461	0.375831	0	0	2.18858e-30
262	rs1	1:1	2:0.1915	rs2	1:2	2:0.32775	0	1000	1	1.41837e-06	0.770692	0.159815	1.87765e-51	1.65034	0.109365	0.427246	-0.157622	0.198539	0.678487	-0.0870483	0.209994	1.11787e-20	2.96675	0.318176	0	0	9.18888e-29
263	rs1	1:1	2:0.18275	rs2	1:2	2:0.31525	0	1000	1	0.00334677	0.480396	0.163737	9.91356e-55	1.74105	0.111747	0.0165635	-0.514745	0.214812	0.892948	-0.0277061	0.205878	2.98424e-21	3.07625	0.325072	0	0	5.81962e-30
264	rs1	1:1	2:0.185	rs2	1:2	2:0.3315	0	1000	1	2.153e-08	0.921153	0.164514	6.10292e-50	1.63119	0.10978	0.993371	-0.00166905	0.2009	0.399382	0.158428	0.187995	8.84486e-18	2.8131	0.327559	0	0	2.6152e-26
265	rs1	1:1	2:0.18325	rs2	1:2	2:0.334	0	1000	1	2.48418e-05	0.745354	0.176782	6.45171e-51	1.71628	0.114353	0.055631	-0.463573	0.242212	0.956004	-0.0112697	0.204274	1.63354e-19	3.3344	0.369036	0	0	1.20986e-31
266	rs1	1:1	2:0.19275	rs2	1:2	2:0.335	0	1000	1	1.77522e-05	0.716447	0.166948	2.23911e-53	1.7683	0.114976	0.742661	-0.0671632	0.204559	0.132478	0.307899	0.204666	1.72785e-16	2.3958	0.290767	0	0	8.49406e-20
267	rs1	1:1	2:0.1845	rs2	1:2	2:0.318	0	1000	1	8.20021e-07	0.78873	0.159968	7.04825e-51	1.67599	0.111712	0.778768	-0.0537738	0.191417	0.823519	0.044598	0.199972	1.12625e-15	3.17327	0.396052	0	0	2.45638e-28
268	rs1	1:1	2:0.187	rs2	1:2	2:0.317	0	1000	1	0.000308498	0.569098	0.15773	2.32362e-53	1.67459	0.1089	0.147127	-0.284479	0.196226	0.742676	-0.0703836	0.21438	6.4586e-21	2.74365	0.29243	0	0	4.5763e-26
269	rs1	1:1	2:0.18225	rs2	1:2	2:0.32325	0	1000	1	3.30695e-08	0.894939	0.161999	2.95265e-47	1.55575	0.107748	0.614035	-0.100809	0.199889	0.759945	-0.0586906	0.19208	1.65529e-19	3.08389	0.341365	0	0	3.92482e-31
270	rs1	1:1	2:0.18525	rs2	1:2	2:0.3275	0	1000	1	4.18253e-07	0.825694	0.163166	6.38151e-48	1.61965	0.111362	0.79453	-0.0514481	0.197548	0.699278	-0.0816778	0.211438	2.49465e-20	2.85046	0.308534	0	0	3.11325e-27
271	rs1	1:1	2:0.1945	rs2	1:2	2:0.34425	0	1000	1	3.26505e-06	0.760962	0.163528	1.02223e-55	1.71129	0.108827	0.16774	-0.301354	0.218451	0.302735	0.190792	0.185129	5.07642e-20	2.85213	0.311287	0	0	1.54681e-28
272	rs1	1:1	2:0.19575	rs2	1:2	2:0.344	0	1000	1	1.01781e-08	0.970594	0.169455	4.48268e-48	1.60932	0.110469	0.36601	-0.19851	0.219597	0.299824	-0.220363	0.21254	2.76581e-21	3.3851	0.357409	0	0	1.77013e-34
273	rs1	1:1	2:0.18675	rs2	1:2	2:0.32475	0	1000	1	1.67593e-05	0.712195	0.165465	6.3235e-50	1.66348	0.111971	0.130023	-0.324881	0.214583	0.548441	-0.126784	0.211272	1.22611e-21	3.11942	0.326442	0	0	1.06066e-30
274	rs1	1:1	2:0.187	rs2	1:2	2:0.3165	0	1000	1	0.00223198	0.475263	0.155442	4.50206e-59	1.87047	0.115412	0.171428	-0.261913	0.191509	0.227223	0.247198	0.204712	1.99305e-15	3.00214	0.378018	0	0	4.33106e-25
275	rs1	1:1	2:0.18925	rs2	1:2	2:0.325	0	1000	1	8.97364e-10	0.928709	0.151585	4.59248e-48	1.505	0.103319	0.694663	0.0704839	0.179561	0.794872	-0.0490946	0.188833	9.63933e-21	2.73331	0.292647	0	0	1.03486e-28
276	rs1	1:1	2:0.18375	rs2	1:2	2:0.33025	0	1000	1	8.79867e-10	1.02948	0.167947	5.85321e-45	1.54686	0.109944	0.933731	0.0171054	0.205712	0.954102	0.011	0.191115	1.76002e-18	2.9853	0.340333	0	0	6.68015e-29
277	rs1	1:1	2:0.1835	rs2	1:2	2:0.3195	0	1000	1	4.97122e-05	0.656828	0.161901	6.75776e-53	1.69114	0.110474	0.0899985	-0.353118	0.20828	0.888447	0.0270129	0.192578	6.88941e-19	3.22719	0.363559	0	0	1.12306e-31
278	rs1	1:1	2:0.18375	rs2	1:2	2:0.334	0	1000	1	1.30855e-05	0.775844	0.178	4.64499e-48	1.65157	0.113388	0.0574678	-0.467346	0.246006	0.767845	-0.0612792	0.207589	7.86348e-22	3.06087	0.318784	0	0	1.02301e-29
279	rs1	1:1	2:0.1865	rs2	1:2	2:0.3125	0	1000	1	0.0322314	0.339648	0.158601	1.55905e-59	1.89049	0.11618	0.0597523	-0.372591	0.197911	0.0157101	0.460895	0.190801	3.04867e-16	2.43758	0.298307	0	0	2.71037e-20
280	rs1	1:1	2:0.19075	rs2	1:2	2:0.33325	0	1000	1	1.07001e-07	0.825462	0.155325	1.06614e-50	1.55686	0.103963	0.215886	-0.244535	0.197597	0.0300153	-0.479278	0.220877	2.55326e-25	3.44013	0.330871	0	0	1.32997e-38
281	rs1	1:1	2:0.18425	rs2	1:2	2:0.32075	0	1000	1	7.44132e-07	0.785727	0.158749	2.37907e-49	1.58357	0.107234	0.4173	-0.158315	0.195182	0.365566	-0.187162	0.206852	1.08293e-21	3.06607	0.320428	0	0	2.89039e-31
282	rs1	1:1	2:0.18125	rs2	1:2	2:0.31825	0	1000	1	9.57669e-10	0.989909	0.161847	1.65564e-42	1.47503	0.107947	0.861597	0.0334916	0.192103	0.274241	-0.222399	0.203411	2.59045e-20	3.08518	0.334086	0	0	3.72086e-31
283	rs1	1:1	2:0.191	rs2	1:2	2:0.3275	0	1000	1	5.56874e-08	0.861884	0.158664	6.87875e-54	1.75757	0.113715	0.499085	0.126198	0.186704	0.0627967	0.360817	0.193922	1.34072e-13	2.76376	0.373376	0	0	4.0241e-22
284	rs1	1:1	2:0.1845	rs2	1:2	2:0.3275	0	1000	1	6.83825e-10	1.01153	0.16395	1.6767e-46	1.56774	0.109491	0.516888	0.127494	0.196704	0.391025	0.162266	0.189174	5.1344e-17	2.64517	0.315519	0	0	4.82473e-24
285	rs1	1:1	2:0.18325	rs2	1:2	2:0.31725	0	1000	1	0.00372764	0.482432	0.166337	4.82171e-57	1.86099	0.116918	0.0811579	-0.370281	0.212316	0.0171757	0.443451	0.186095	1.43437e-15	2.73051	0.342064	0	0	6.93102e-23
286	rs1	1:1	2:0.1935	rs2	1:2	2:0.32825	0	1000	1	0.000118679	0.595352	0.154684	1.01423e-58	1.76027	0.108948	0.106671	-0.318788	0.197595	0.576494	0.108852	0.194896	7.64346e-20	2.99509	0.328477	0	0	2.3495e-29
287	rs1	1:1	2:0.19025	rs2	1:2	2:0.32925	0	1000	1	3.87294e-05	0.663222	0.161175	5.06229e-55	1.71225	0.109597	0.172739	-0.277929	0.203842	0.912247	-0.023022	0.208901	5.70666e-21	2.93274	0.312151	0	0	2.73681e-28
288	rs1	1:1	2:0.193	rs2	1:2	2:0.327	0	1000	1	0.000127012	0.605958	0.158123	5.62841e-54	1.66257	0.107479	0.0375983	-0.431064	0.207321	0.291628	-0.224499	0.212885	6.16272e-24	3.13022	0.310252	0	0	3.6998e-33
289	rs1	1:1	2:0.18025	rs2	1:2	2:0.31775	0	1000	1	0.00172359	0.519655	0.165805	7.93469e-56	1.77816	0.112965	0.0248472	-0.496674	0.221357	0.307463	0.197571	0.193591	1.22685e-18	2.99134	0.339453	0	0	1.14723e-27
290	rs1	1:1	2:0.1865	rs2	1:2	2:0.321	0	1000	1	3.93957e-05	0.667441	0.162355	5.10434e-52	1.67762	0.110545	0.135969	-0.306892	0.205834	0.869762	-0.0330375	0.201496	1.49789e-20	3.05614	0.32886	0	0	4.83437e-30
291	rs1	1:1	2:0.18825	rs2	1:2	2:0.3345	0	1000	1	4.04671e-15	1.3033	0.165952	1.11775e-40	1.46423	0.109644	0.0357817	0.400096	0.190576	0.797992	-0.0512158	0.200103	1.54033e-17	2.8403	0.333209	0	0	4.41331e-26
292	rs1	1:1	2:0.17475	rs2	1:2	2:0.307	0	1000	1	2.38314e-08	0.909691	0.16298	2.09285e-44	1.56309	0.111817	0.750815	0.0601617	0.189447	0.557538	-0.121777	0.207633	4.915e-16	3.23785	0.399065	0	0	6.60821e-29
293	rs1	1:1	2:0.1895	rs2	1:2	2:0.325	0	1000	1	5.10364e-07	0.794955	0.158283	3.34956e-48	1.55238	0.106415	0.456648	-0.145501	0.195467	0.337119	-0.200131	0.208498	1.48326e-22	2.86892	0.293582	0	0	8.82022e-30
294	rs1	1:1	2:0.17975	rs2	1:2	2:0.322	0	1000	1	2.71497e-06	0.796439	0.16977	4.45169e-50	1.72501	0.115929	0.660015	-0.091022	0.206918	0.554588	0.121013	0.204795	4.20657e-15	3.14579	0.400808	0	0	2.00606e-26
295	rs1	1:1	2:0.18425	rs2	1:2	2:0.3215	0	1000	1	7.78125e-12	1.12199	0.163973	7.12612e-41	1.47656	0.110291	0.165151	0.262417	0.189068	0.28408	-0.235742	0.220073	2.66976e-19	2.86916	0.31945	0	0	2.3501e-26
296	rs1	1:1	2:0.189	rs2	1:2	2:0.322	0	1000	1	3.11726e-09	0.938202	0.158338	2.85892e-50	1.69556	0.113723	0.379042	0.161712	0.183834	0.68401	0.0837878	0.205868	5.08255e-10	3.53973	0.569406	0	0	2.46825e-27
297	rs1	1:1	2:0.18575	rs2	1:2	2:0.3225	0	1000	1	1.99897e-05	0.684749	0.160551	1.03143e-51	1.66183	0.109839	0.273859	-0.22364	0.204383	0.268901	0.204981	0.185403	3.25547e-19	2.58227	0.288209	0	0	7.63702e-25
298	rs1	1:1	2:0.19025	rs2	1:2	2:0.33575	0	1000	1	4.31276e-05	0.650311	0.158998	2.79768e-57	1.69686	0.106378	0.0368441	-0.444258	0.212819	0.58141	-0.109641	0.198867	5.41887e-22	3.33399	0.345849	0	0	1.17405e-35
299	rs1	1:1	2:0.18925	rs2	1:2	2:0.3305	0	1000	1	8.34836e-05	0.650968	0.165465	2.84627e-55	1.76196	0.112515	0.208369	-0.267989	0.213017	0.135722	0.290166	0.194492	7.91465e-18	2.62604	0.305325	0	0	1.91681e-23
300	rs1	1:1	2:0.18975	rs2	1:2	2:0.3455	0	1000	1	1.02935e-08	0.964627	0.16847	2.41587e-49	1.60295	0.108554	0.537386	-0.133608	0.216626	0.746165	0.0604161	0.186642	2.11167e-20	2.94911	0.318598	0	0	3.47941e-30
301	rs1	1:1	2:0.186	rs2	1:2	2:0.32475	0	1000	1	1.73798e-07	0.830602	0.158955	1.20022e-49	1.60735	0.108507	0.658372	-0.0855365	0.193451	0.479777	-0.146354	0.207106	7.02691e-20	3.14058	0.344089	0	0	4.7198e-31
302	rs1	1:1	2:0.185	rs2	1:2	2:0.317	0	1000	1	1.71628e-07	0.828019	0.158391	3.9787e-49	1.64143	0.111415	0.702346	0.0708859	0.185489	0.555783	0.118417	0.201008	3.1005e-17	2.66362	0.315493	0	0	1.66839e-23
303	rs1	1:1	2:0.18425	rs2	1:2	2:0.321	0	1000	1	0.00029621	0.609715	0.168495	1.63546e-50	1.71622	0.114822	0.076182	-0.391479	0.220765	0.7338	-0.0732528	0.215402	5.59783e-21	3.03655	0.32313	0	0	1.42783e-28
304	rs1	1:1	2:0.18825	rs2	1:2	2:0.32875	0	1000	1	2.05987e-05	0.698452	0.164021	1.01692e-51	1.66746	0.110204	0.194895	-0.273838	0.211256	0.78393	0.0543133	0.198079	1.41281e-20	2.7835	0.299321	0	0	3.2722e-27
305	rs1	1:1	2:0.1845	rs2	1:2	2:0.32225	0	1000	1	1.65599e-07	0.822063	0.157053	5.36103e-50	1.57309	0.105808	0.47613	-0.139379	0.195608	0.710582	0.0671596	0.180987	2.53951e-19	2.9061	0.323365	0	0	8.61117e-30
306	rs1	1:1	2:0.18325	rs2	1:2	2:0.32825	0	1000	1	1.35586e-11	1.15387	0.170626	8.47709e-42	1.51125	0.111572	0.688447	0.0828087	0.206524	0.53192	-0.124277	0.198819	1.87902e-13	3.62103	0.492179	0	0	1.23764e-32
307	rs1	1:1	2:0.19025	rs2	1:2	2:0.33075	0	1000	1	9.91228e-08	0.902424	0.169363	1.27547e-49	1.74263	0.117671	0.7312	0.0698236	0.203253	0.176231	0.269593	0.199336	1.15163e-13	2.94668	0.397007	0	0	1.68586e-23
308	rs1	1:1	2:0.18675	rs2	1:2	2:0.34	0	1000	1	4.61662e-09	0.961837	0.164124	1.38234e-48	1.54569	0.105521	0.311553	-0.215635	0.213085	0.26911	-0.220271	0.19932	4.13472e-22	3.32666	0.3441	0	0	7.06366e-36
309	rs1	1:1	2:0.1875	rs2	1:2	2:0.32775	0	1000	1	1.10296e-07	0.855956	0.161231	1.24651e-48	1.57381	0.107388	0.367541	-0.182935	0.203016	0.494049	-0.135256	0.197776	3.64253e-21	3.15868	0.33452	0	0	5.90554e-33
310	rs1	1:1	2:0.18625	rs2	1:2	2:0.31975	0	1000	1	2.14803e-07	0.806008	0.155418	9.06819e-52	1.64408	0.108605	0.837051	-0.0381179	0.185338	0.912896	-0.0217847	0.199153	4.251e-18	3.10019	0.357499	0	0	1.35645e-29
311	rs1	1:1	2:0.17075	rs2	1:2	2:0.30275	0	1000	1	2.6375e-09	1.00786	0.169312	1.79014e-38	1.45394	0.112093	0.828225	0.0437081	0.20144	0.641684	-0.0914009	0.196415	1.88723e-18	2.934	0.334785	0	0	1.32395e-27
312	rs1	1:1	2:0.18175	rs2	1:2	2:0.3065	0	1000	1	0.000151585	0.601679	0.158819	4.24e-51	1.66943	0.111026	0.227798	-0.233045	0.19323	0.820197	-0.0477724	0.210181	9.00265e-20	2.88547	0.317071	0	0	8.43873e-27
313	rs1	1:1	2:0.18675	rs2	1:2	2:0.32925	0	1000	1	5.20618e-08	0.851705	0.156445	1.30194e-49	1.53752	0.103831	0.326165	-0.193057	0.196622	0.176228	-0.272024	0.201133	6.65817e-23	3.25967	0.330832	0	0	4.20217e-36
314	rs1	1:1	2:0.18775	rs2	1:2	2:0.33525	0	1000	1	6.18254e-12	1.11301	0.161884	1.08593e-44	1.49067	0.106282	0.420763	0.154261	0.191606	0.523316	-0.125841	0.197168	2.54792e-20	2.94892	0.31927	0	0	3.99993e-30
315	rs1	1:1	2:0.17325	rs2	1:2	2:0.31775	0	1000	1	6.64709e-08	0.926125	0.17149	1.75577e-44	1.55272	0.110976	0.551976	-0.128645	0.216282	0.284065	0.187419	0.174957	2.85736e-17	2.8701	0.339567	0	0	3.32498e-27
316	rs1	1:1	2:0.18525	rs2	1:2	2:0.32025	0	1000	1	8.09034e-05	0.636161	0.161392	1.29406e-52	1.72668	0.113108	0.435059	-0.153517	0.196675	0.685042	0.0853043	0.21032	8.55038e-19	2.68157	0.302913	0	0	7.88349e-24
317	rs1	1:1	2:0.18775	rs2	1:2	2:0.32075	0	1000	1	3.20454e-06	0.724236	0.155507	1.30565e-54	1.70393	0.109488	0.754129	-0.05844	0.18659	0.235726	0.225718	0.190361	2.81707e-17	2.69	0.318195	0	0	2.06561e-24
318	rs1	1:1	2:0.18875	rs2	1:2	2:0.32825	0	1000	1	5.63365e-08	0.878733	0.161828	7.2978e-52	1.70572	0.112571	0.766351	0.0571134	0.192203	0.386174	0.169641	0.19576	1.01233e-14	3.04544	0.393584	0	0	3.47739e-26
319	rs1	1:1	2:0.1885	rs2	1:2	2:0.3225	0	1000	1	1.09363e-10	1.04146	0.161382	1.69712e-43	1.52857	0.110531	0.271927	0.204486	0.186127	0.16212	-0.32291	0.230984	6.48678e-20	3.04997	0.333845	0	0	2.12308e-28
320	rs1	1:1	2:0.18675	rs2	1:2	2:0.32075	0	1000	1	3.61198e-05	0.667169	0.161503	6.72722e-52	1.64414	0.108468	0.0421957	-0.421573	0.20751	0.104617	-0.355304	0.218936	1.01549e-22	3.5432	0.361167	0	0	5.46186e-37
321	rs1	1:1	2:0.1885	rs2	1:2	2:0.32775	0	1000	1	4.15954e-09	0.968654	0.164801	3.01366e-45	1.55344	0.110046	0.873414	0.031734	0.19918	0.758229	-0.0620231	0.2015	6.27927e-20	2.8517	0.312023	0	0	1.08522e-27
322	rs1	1:1	2:0.186	rs2	1:2	2:0.31975	0	1000	1	0.000109259	0.608641	0.15731	1.07693e-54	1.69692	0.108952	0.0654111	-0.367998	0.199734	0.192123	-0.282871	0.216871	3.171e-19	3.6509	0.407348	0	0	1.56629e-36
323	rs1	1:1	2:0.18825	rs2	1:2	2:0.328	0	1000	1	6.51556e-07	0.834634	0.167756	5.18901e-48	1.66048	0.114059	0.330543	-0.204423	0.210091	0.049144	-0.483303	0.245663	3.32469e-19	3.84065	0.428769	0	0	5.45018e-36
324	rs1	1:1	2:0.18525	rs2	1:2	2:0.318	0	1000	1	8.06355e-06	0.724776	0.162379	6.80587e-51	1.7247	0.114941	0.868185	-0.031819	0.191722	0.72818	0.0739123	0.212669	1.67061e-17	2.8146	0.330558	0	0	4.23545e-24
325	rs1	1:1	2:0.193	rs2	1:2	2:0.32675	0	1000	1	0.000169224	0.567835	0.150979	2.21054e-59	1.75891	0.108236	0.17423	-0.255255	0.187862	0.858561	0.0356667	0.200143	7.33885e-20	3.02623	0.331731	0	0	7.59487e-30
326	rs1	1:1	2:0.1865	rs2	1:2	2:0.3295	0	1000	1	2.72709e-08	0.914796	0.164587	1.52315e-48	1.60362	0.109525	0.526369	-0.131505	0.207565	0.898284	0.0242492	0.1897	2.55903e-18	3.15509	0.36143	0	0	7.33061e-31
327	rs1	1:1	2:0.1855	rs2	1:2	2:0.32725	0	1000	1	0.000346363	0.599867	0.167659	1.80156e-52	1.71631	0.112588	0.0550288	-0.429587	0.223901	0.99258	-0.00191943	0.206389	1.72946e-21	2.91711	0.306414	0	0	2.65766e-28
328	rs1	1:1	2:0.182	rs2	1:2	2:0.32275	0	1000	1	9.36037e-05	0.676409	0.173145	3.97322e-51	1.77399	0.117946	0.304394	-0.22782	0.221819	0.0341097	0.402094	0.189777	5.99757e-16	2.57736	0.318611	0	0	2.16439e-21
329	rs1	1:1	2:0.1745	rs2	1:2	2:0.3185	0	1000	1	8.43454e-09	0.992979	0.172406	4.58111e-41	1.47103	0.10961	0.457631	-0.162717	0.219072	0.802125	-0.0459535	0.183375	1.29556e-19	3.07527	0.339405	0	0	2.07793e-31
330	rs1	1:1	2:0.18475	rs2	1:2	2:0.32125	0	1000	1	0.00151465	0.527818	0.166406	1.50062e-55	1.78945	0.113974	0.0385095	-0.451816	0.218333	0.434298	0.155253	0.198569	5.95638e-19	2.97131	0.334124	0	0	2.01445e-27
331	rs1	1:1	2:0.18725	rs2	1:2	2:0.328	0	1000	1	2.5776e-09	0.975571	0.163784	1.83919e-47	1.6024	0.11073	0.561394	0.113449	0.195341	0.584032	0.107336	0.196045	1.6691e-17	2.733	0.320971	0	0	9.62461e-25
332	rs1	1:1	2:0.1855	rs2	1:2	2:0.32325	0	1000	1	0.000456294	0.590787	0.168547	5.96967e-53	1.76011	0.114919	0.0872111	-0.379915	0.222134	0.308681	0.202568	0.198987	1.50459e-18	2.77876	0.316151	0	0	5.35919e-25
333	rs1	1:1	2:0.1875	rs2	1:2	2:0.32975	0	1000	1	1.52775e-07	0.860198	0.163873	3.38819e-49	1.60555	0.108899	0.418499	-0.168237	0.207949	0.828244	0.0412408	0.190089	3.27299e-20	2.9194	0.316995	0	0	3.65794e-29
334	rs1	1:1	2:0.18675	rs2	1:2	2:0.32625	0	1000	1	1.17863e-07	0.866368	0.163565	8.55718e-48	1.57878	0.108703	0.608681	-0.103496	0.202159	0.480923	-0.148399	0.210549	4.69492e-21	2.93589	0.311805	0	0	1.32385e-28
335	rs1	1:1	2:0.184	rs2	1:2	2:0.32625	0	1000	1	1.159e-06	0.791962	0.162871	4.21991e-48	1.53561	0.105379	0.0661692	-0.394245	0.214582	0.187491	-0.263897	0.20022	6.66931e-25	3.20612	0.311115	0	0	6.98e-36
336	rs1	1:1	2:0.1805	rs2	1:2	2:0.317	0	1000	1	5.12731e-05	0.720707	0.177964	6.19346e-45	1.66038	0.118047	0.0624938	-0.434508	0.233258	0.0812408	-0.424647	0.243555	6.77946e-22	3.58749	0.373037	0	0	9.52746e-34
337	rs1	1:1	2:0.176	rs2	1:2	2:0.3065	0	1000	1	3.35496e-05	0.686901	0.165601	1.33203e-48	1.6947	0.115673	0.556761	-0.116443	0.198148	0.738296	0.069487	0.207976	5.6864e-17	2.90946	0.347541	0	0	6.74098e-25
338	rs1	1:1	2:0.18575	rs2	1:2	2:0.33075	0	1000	1	4.41646e-09	0.977665	0.166616	3.44758e-48	1.62834	0.111637	0.697388	0.0783895	0.201594	0.212414	0.231985	0.186042	3.58414e-16	2.7518	0.337568	0	0	1.65044e-24
339	rs1	1:1	2:0.18675	rs2	1:2	2:0.3255	0	1000	1	0.000276188	0.607076	0.166932	1.84115e-53	1.7274	0.112224	0.0452701	-0.438418	0.218975	0.801246	-0.0522473	0.207549	3.92749e-21	3.15054	0.333937	0	0	9.69707e-31
340	rs1	1:1	2:0.1855	rs2	1:2	2:0.332	0	1000	1	3.021e-11	1.12185	0.168812	3.62249e-43	1.53019	0.111088	0.623987	0.0994777	0.20293	0.538796	-0.124984	0.203347	2.27063e-18	3.20926	0.367068	0	0	1.26958e-30
341	rs1	1:1	2:0.1875	rs2	1:2	2:0.3255	0	1000	1	3.70244e-10	0.968583	0.154575	7.95477e-50	1.56604	0.105521	0.629758	0.0886472	0.18389	0.909709	0.0214002	0.188705	8.29625e-17	3.05349	0.3667	0	0	1.9648e-29
342	rs1	1:1	2:0.1835	rs2	1:2	2:0.3265	0	1000	1	3.84709e-09	0.985618	0.167319	3.14811e-45	1.56283	0.110735	0.72797	0.0706237	0.203042	0.329676	0.180841	0.185522	1.28634e-17	2.57973	0.301903	0	0	8.97437e-24
343	rs1	1:1	2:0.1945	rs2	1:2	2:0.32175	0	1000	1	2.06797e-06	0.711433	0.149881	2.5394e-53	1.68105	0.109361	0.67885	-0.0730938	0.176541	0.0727362	-0.436094	0.243019	5.91439e-21	3.47006	0.369489	0	0	9.35057e-34
344	rs1	1:1	2:0.1825	rs2	1:2	2:0.32625	0	1000	1	1.51207e-08	0.958171	0.169283	6.14234e-45	1.55908	0.11084	0.85897	-0.0372906	0.209868	0.765146	0.0577634	0.193364	4.76136e-19	2.7632	0.309856	0	0	4.04159e-26
345	rs1	1:1	2:0.19125	rs2	1:2	2:0.33625	0	1000	1	5.81936e-06	0.732647	0.161631	4.71418e-52	1.61879	0.106632	0.0290121	-0.490935	0.224857	0.323659	-0.199367	0.202	1.65293e-24	3.25091	0.318166	0	0	5.89885e-36
346	rs1	1:1	2:0.18725	rs2	1:2	2:0.33425	0	1000	1	1.06806e-06	0.815457	0.167148	1.32662e-49	1.59105	0.107455	0.158963	-0.30977	0.219918	0.730469	0.0634636	0.184219	7.02675e-22	2.79447	0.290688	0	0	3.69753e-29
347	rs1	1:1	2:0.18775	rs2	1:2	2:0.33525	0	1000	1	1.29185e-08	0.96167	0.169096	8.22205e-49	1.64301	0.111895	0.79334	0.0542604	0.20712	0.147012	0.268875	0.18541	5.48959e-17	2.58523	0.308658	0	0	4.10235e-23
348	rs1	1:1	2:0.19675	rs2	1:2	2:0.33925	0	1000	1	3.57966e-08	0.90046	0.16341	7.85438e-52	1.70089	0.112288	0.985984	-0.00350427	0.199471	0.968484	-0.00845144	0.213907	6.4348e-19	2.99382	0.33698	0	0	3.071e-27
349	rs1	1:1	2:0.18325	rs2	1:2	2:0.32925	0	1000	1	2.95415e-07	0.86737	0.169198	2.57063e-48	1.61883	0.110833	0.41048	-0.179494	0.218084	0.444249	0.144625	0.189044	1.66423e-18	2.82916	0.322302	0	0	1.06673e-26
350	rs1	1:1	2:0.184	rs2	1:2	2:0.32775	0	1000	1	2.85272e-09	0.992184	0.167038	4.85566e-45	1.54718	0.109864	0.70906	-0.0772774	0.207112	0.270762	-0.23079	0.20956	1.0113e-19	3.34641	0.368234	0	0	7.23821e-33
351	rs1	1:1	2:0.18325	rs2	1:2	2:0.33	0	1000	1	1.39371e-10	1.06688	0.166269	4.4947e-45	1.52642	0.108348	0.962876	0.00954258	0.205018	0.570362	-0.112215	0.197729	8.21674e-19	3.1954	0.360776	0	0	2.9711e-31
352	rs1	1:1	2:0.19025	rs2	1:2	2:0.333	0	1000	1	4.37831e-07	0.845415	0.167352	8.58679e-49	1.63323	0.111251	0.318397	-0.213221	0.213701	0.317743	-0.220133	0.22033	1.36671e-21	3.1914	0.334368	0	0	5.22728e-31
353	rs1	1:1	2:0.18375	rs2	1:2	2:0.3225	0	1000	1	1.14736e-05	0.713905	0.162719	3.68767e-52	1.6943	0.111487	0.248861	-0.236397	0.205006	0.939965	-0.0153874	0.204312	1.79983e-18	3.1885	0.363603	0	0	5.80211e-30
354	rs1	1:1	2:0.18675	rs2	1:2	2:0.31625	0	1000	1	9.37138e-06	0.708521	0.159894	2.22435e-49	1.64123	0.111105	0.683291	-0.0781602	0.19158	0.80822	0.0494289	0.203643	6.86296e-19	2.617	0.294803	0	0	4.46981e-24
355	rs1	1:1	2:0.18225	rs2	1:2	2:0.319	0	1000	1	2.53947e-07	0.842181	0.163379	1.70879e-46	1.54694	0.108048	0.389351	-0.175111	0.203429	0.461335	-0.147036	0.199601	3.57355e-21	3.06192	0.324203	0	0	2.76642e-31
356	rs1	1:1	2:0.1825	rs2	1:2	2:0.325	0	1000	1	9.16098e-06	0.757979	0.170867	7.41468e-47	1.58591	0.110324	0.0444513	-0.465697	0.231712	0.366778	-0.185203	0.205206	2.11422e-23	3.15299	0.316326	0	0	8.6233e-33
357	rs1	1:1	2:0.18875	rs2	1:2	2:0.32925	0	1000	1	1.12758e-05	0.703238	0.160149	6.43038e-57	1.77851	0.111862	0.439063	-0.15393	0.198933	0.0795704	0.32545	0.185634	6.71089e-16	2.87229	0.355673	0	0	1.91008e-25
358	rs1	1:1	2:0.19025	rs2	1:2	2:0.322	0	1000	1	1.77898e-05	0.666356	0.155293	2.12006e-54	1.65819	0.106762	0.149347	-0.282919	0.19622	0.818068	0.0434529	0.188901	6.13049e-20	2.98832	0.326878	0	0	1.9554e-30
359	rs1	1:1	2:0.184	rs2	1:2	2:0.322	0	1000	1	1.45074e-07	0.858282	0.163212	1.00865e-46	1.58302	0.110286	0.827799	-0.0426299	0.195978	0.306951	-0.223767	0.219027	1.15839e-20	3.04011	0.326176	0	0	3.56838e-29
360	rs1	1:1	2:0.187	rs2	1:2	2:0.332	0	1000	1	0.000503862	0.59206	0.170196	1.73543e-53	1.72591	0.112099	0.0125857	-0.59843	0.239825	0.843946	-0.0406742	0.206627	1.20237e-22	3.09222	0.315747	0	0	7.34369e-31
361	rs1	1:1	2:0.18075	rs2	1:2	2:0.32925	0	1000	1	4.99985e-11	1.17212	0.178379	9.03137e-39	1.46397	0.112412	0.825542	-0.0497403	0.225659	0.345764	-0.189774	0.201279	1.64786e-18	3.36458	0.383249	0	0	1.2957e-32
362	rs1	1:1	2:0.18025	rs2	1:2	2:0.322	0	1000	1	8.8021e-08	0.933788	0.174544	5.74404e-45	1.6286	0.115743	0.934028	-0.0177879	0.214885	0.582985	0.11124	0.202613	2.76487e-17	2.79637	0.330693	0	0	4.87614e-24
363	rs1	1:1	2:0.18825	rs2	1:2	2:0.33225	0	1000	1	0.000148915	0.625455	0.164903	3.27624e-57	1.7862	0.112049	0.0777096	-0.386164	0.218897	0.146576	0.267815	0.18448	2.14825e-17	3.02493	0.356483	0	0	2.73479e-28
364	rs1	1:1	2:0.17575	rs2	1:2	2:0.31875	0	1000	1	8.53228e-08	0.921251	0.17202	5.89315e-42	1.50622	0.110982	0.259403	-0.24889	0.220686	0.144767	-0.30456	0.208851	9.00296e-21	3.43642	0.367643	0	0	6.92391e-35
365	rs1	1:1	2:0.18525	rs2	1:2	2:0.32325	0	1000	1	3.23726e-05	0.682985	0.164333	1.51328e-53	1.75692	0.114048	0.327793	-0.199921	0.204299	0.571518	0.115936	0.204901	4.40314e-17	3.04583	0.362528	0	0	8.18044e-27
366	rs1	1:1	2:0.18575	rs2	1:2	2:0.3365	0	1000	1	1.2182e-06	0.82763	0.170552	2.31813e-51	1.66494	0.110434	0.215452	-0.281395	0.227168	0.147924	0.25957	0.179397	7.73873e-19	2.7608	0.311472	0	0	1.66765e-26
367	rs1	1:1	2:0.188	rs2	1:2	2:0.3325	0	1000	1	7.66368e-11	1.07871	0.165776	3.18006e-44	1.52767	0.109517	0.614553	0.0997922	0.198163	0.47585	-0.145534	0.204117	2.68931e-19	3.10888	0.346172	0	0	1.83212e-30
368	rs1	1:1	2:0.1925	rs2	1:2	2:0.3385	0	1000	1	8.99788e-11	1.11045	0.171289	1.0087e-46	1.67717	0.116845	0.113686	0.319378	0.201903	0.144647	0.2935	0.201206	8.43652e-15	2.52434	0.325266	0	0	6.50919e-20
369	rs1	1:1	2:0.18375	rs2	1:2	2:0.33125	0	1000	1	1.40512e-08	0.974783	0.171836	2.0673e-47	1.64144	0.113491	0.937412	0.0165919	0.2113	0.267661	0.209395	0.188905	5.05809e-16	2.87058	0.353951	0	0	3.05063e-25
370	rs1	1:1	2:0.18625	rs2	1:2	2:0.3255	0	1000	1	4.50567e-09	0.948744	0.161778	3.26004e-48	1.62259	0.111214	0.414453	0.154544	0.189373	0.403774	0.163068	0.195314	9.50758e-17	2.65335	0.319266	0	0	2.01209e-23
371	rs1	1:1	2:0.1805	rs2	1:2	2:0.3165	0	1000	1	1.87526e-06	0.777637	0.163149	1.67274e-48	1.61052	0.110044	0.320536	-0.203323	0.204683	0.80209	0.0474133	0.189167	3.88624e-19	2.9832	0.333686	0	0	3.82124e-29
372	rs1	1:1	2:0.18425	rs2	1:2	2:0.32	0	1000	1	7.55513e-07	0.799812	0.161692	1.90645e-48	1.58355	0.108267	0.407566	-0.165576	0.199927	0.506121	-0.136517	0.205323	2.69315e-21	2.98224	0.314782	0	0	9.9913e-30
373	rs1	1:1	2:0.18	rs2	1:2	2:0.31675	0	1000	1	6.05459e-07	0.809557	0.162253	1.92043e-49	1.63202	0.110408	0.506793	-0.133531	0.20115	0.467638	0.134613	0.185334	2.53943e-16	3.05471	0.372825	0	0	2.29521e-28
374	rs1	1:1	2:0.191	rs2	1:2	2:0.33825	0	1000	1	6.68167e-07	0.82741	0.166468	1.19423e-50	1.62526	0.108585	0.165851	-0.303032	0.218692	0.572091	-0.115605	0.20462	1.41266e-22	3.06793	0.313789	0	0	1.8144e-31
375	rs1	1:1	2:0.1885	rs2	1:2	2:0.336	0	1000	1	4.27518e-09	0.998183	0.169956	2.27972e-47	1.62766	0.11259	0.851945	0.0389464	0.208674	0.845974	0.0400942	0.206396	1.79711e-18	2.84688	0.32464	0	0	1.36481e-25
376	rs1	1:1	2:0.18775	rs2	1:2	2:0.334	0	1000	1	5.30873e-07	0.835824	0.166671	2.92937e-48	1.58445	0.108546	0.133039	-0.330645	0.220103	0.362492	-0.184424	0.202524	2.21302e-23	3.18613	0.319797	0	0	4.00095e-34
377	rs1	1:1	2:0.18575	rs2	1:2	2:0.33075	0	1000	1	5.7228e-06	0.766524	0.168973	6.49181e-52	1.72328	0.113672	0.256252	-0.246384	0.217022	0.769526	0.0601214	0.205196	6.70358e-19	3.07737	0.346562	0	0	3.56948e-28
378	rs1	1:1	2:0.1925	rs2	1:2	2:0.32525	0	1000	1	1.1814e-10	0.97436	0.151258	3.51767e-50	1.60507	0.107755	0.0673294	0.316469	0.172984	0.0601422	0.348679	0.185492	6.62782e-15	2.21688	0.28453	0	0	6.17159e-19
379	rs1	1:1	2:0.186	rs2	1:2	2:0.33025	0	1000	1	7.87125e-07	0.82072	0.166187	2.51851e-51	1.67696	0.111272	0.490802	-0.145653	0.211388	0.170545	0.253798	0.185193	2.84138e-17	2.76298	0.326867	0	0	2.31731e-25
380	rs1	1:1	2:0.19	rs2	1:2	2:0.32075	0	1000	1	2.18151e-06	0.713106	0.150577	1.3764e-52	1.6717	0.109536	0.93443	-0.0146528	0.1781	0.819271	0.0466548	0.204193	6.11119e-19	2.71484	0.305381	0	0	1.86154e-25
381	rs1	1:1	2:0.17975	rs2	1:2	2:0.32225	0	1000	1	4.53596e-09	0.931936	0.158942	1.17859e-43	1.4182	0.102357	0.243162	-0.237279	0.203303	0.0814211	-0.338124	0.194045	5.50758e-25	3.19703	0.309679	0	0	4.92949e-37
382	rs1	1:1	2:0.183	rs2	1:2	2:0.3305	0	1000	1	1.90778e-08	0.935645	0.16648	5.2965e-47	1.57127	0.109128	0.541471	-0.12766	0.209077	0.757309	-0.059813	0.193559	4.07191e-19	3.19628	0.357726	0	0	4.83021e-32
383	rs1	1:1	2:0.1965	rs2	1:2	2:0.331	0	1000	1	1.69868e-06	0.718334	0.150081	1.39354e-57	1.74549	0.10913	0.788289	-0.0480784	0.179041	0.780749	0.0562388	0.202049	9.67174e-18	3.0641	0.357213	0	0	8.16114e-29
384	rs1	1:1	2:0.17775	rs2	1:2	2:0.317	0	1000	1	2.30903e-05	0.734762	0.173592	1.81451e-48	1.69875	0.116116	0.24822	-0.257479	0.222987	0.197608	0.244159	0.189506	1.10241e-16	2.85384	0.344118	0	0	5.93471e-25
385	rs1	1:1	2:0.17575	rs2	1:2	2:0.31125	0	1000	1	1.07271e-05	0.747684	0.169852	3.69585e-47	1.65705	0.114888	0.370817	-0.188918	0.211095	0.944475	0.014463	0.207662	7.90368e-18	3.00822	0.349753	0	0	1.30076e-26
386	rs1	1:1	2:0.19025	rs2	1:2	2:0.32675	0	1000	1	1.01642e-09	0.958806	0.157006	6.2845e-50	1.62876	0.10963	0.472944	0.131855	0.18372	0.976069	0.00601508	0.200518	1.42286e-15	3.17135	0.39724	0	0	1.27807e-28
387	rs1	1:1	2:0.19225	rs2	1:2	2:0.34175	0	1000	1	8.93637e-13	1.17798	0.164846	1.29251e-45	1.54836	0.109225	0.293432	0.207073	0.197095	0.615484	-0.103972	0.207008	1.64253e-18	3.07086	0.349778	0	0	7.73963e-29
388	rs1	1:1	2:0.182	rs2	1:2	2:0.3245	0	1000	1	1.80666e-15	1.29581	0.162914	4.61537e-39	1.39237	0.106497	0.0300265	0.407015	0.187587	0.752132	0.0569014	0.180165	3.52862e-17	2.62038	0.310929	0	0	6.05248e-25
389	rs1	1:1	2:0.18275	rs2	1:2	2:0.3325	0	1000	1	1.71153e-08	0.976206	0.17312	1.35109e-44	1.54766	0.110467	0.450671	-0.169288	0.224431	0.967102	-0.00799505	0.193854	1.40438e-20	2.90527	0.312394	0	0	1.2483e-28
390	rs1	1:1	2:0.17525	rs2	1:2	2:0.306	0	1000	1	1.9624e-08	0.958236	0.170648	2.37177e-42	1.63561	0.119928	0.29286	0.203583	0.193544	0.893861	0.0289434	0.216934	5.7137e-14	3.04609	0.405363	0	0	1.59165e-23
391	rs1	1:1	2:0.17925	rs2	1:2	2:0.3145	0	1000	1	3.5549e-05	0.675843	0.163458	8.18326e-51	1.64565	0.109762	0.107522	-0.337503	0.209703	0.857715	0.034429	0.192036	3.75381e-19	3.07116	0.343377	0	0	5.74918e-30
392	rs1	1:1	2:0.1745	rs2	1:2	2:0.308	0	1000	1	4.26435e-06	0.767757	0.166974	1.24634e-46	1.59896	0.11151	0.214066	-0.260733	0.209851	0.815413	-0.0454991	0.194899	8.99385e-17	3.33249	0.400667	0	0	2.26665e-31
393	rs1	1:1	2:0.189	rs2	1:2	2:0.323	0	1000	1	8.60019e-06	0.734778	0.165131	8.21524e-53	1.78866	0.116942	0.858811	-0.0352366	0.198083	0.143232	0.297221	0.203039	3.42749e-15	2.72705	0.346325	0	0	6.59642e-22
394	rs1	1:1	2:0.185	rs2	1:2	2:0.32025	0	1000	1	2.9854e-07	0.822107	0.160431	7.23633e-49	1.60838	0.109472	0.695975	-0.0760088	0.194516	0.785931	-0.0549921	0.202476	1.18918e-19	2.95908	0.326246	0	0	1.57214e-28
395	rs1	1:1	2:0.19025	rs2	1:2	2:0.33375	0	1000	1	6.29893e-10	1.03799	0.167884	2.51893e-46	1.64784	0.115313	0.38337	0.170614	0.195725	0.794029	-0.0566175	0.216857	1.95117e-16	3.18008	0.386634	0	0	1.67123e-27
