Outcome	Var1_ID	Var1_Pos	Var1_MAF	Var2_ID	Var2_Pos	Var2_MAF	Num_Missing	Num_Cases	Converged	Red_Var1_Pval	Red_Var1_beta	Red_Var1_SE	Red_Var2_Pval	Red_Var2_beta	Red_Var2_SE	Full_Var1_Pval	Full_Var1_beta	Full_Var1_SE	Full_Var2_Pval	Full_Var2_beta	Full_Var2_SE	Full_Var1_Var2_Pval	Full_Var1_Var2_beta	Full_Var1_Var2_SE	Red_Model_Pval	Full_Model_Pval	Overall_Pval_(LRT)
1	rs1	1:1	2:0.1915	rs2	1:2	2:0.335	0	1000	1	7.23633e-28	1.68824	0.154286	1.4799e-31	1.80966	0.15484	0.791886	-0.0565704	0.214394	0.65579	0.0925256	0.20758	8.30563e-30	5.21409	0.459793	0	0	3.26729e-46
2	rs1	1:1	2:0.17425	rs2	1:2	2:0.3165	0	1000	1	1.55958e-28	1.81609	0.1639	1.81839e-24	1.62695	0.159374	0.927265	0.0201905	0.221178	0.757021	0.0636596	0.205755	7.71706e-26	5.31494	0.505673	0	0	6.88846e-43
3	rs1	1:1	2:0.18	rs2	1:2	2:0.318	0	1000	1	8.13613e-30	1.74982	0.15428	7.2768e-22	1.45545	0.151456	0.941664	-0.0153442	0.209683	0.282231	-0.228236	0.212249	7.45083e-33	4.83037	0.404602	0	0	1.43052e-44
4	rs1	1:1	2:0.19025	rs2	1:2	2:0.33125	0	1000	1	5.41027e-34	1.86842	0.153719	9.8013e-24	1.53952	0.153284	0.449233	0.151813	0.200627	0.108833	-0.371103	0.231439	3.56595e-32	5.31158	0.449844	0	0	6.29492e-49
5	rs1	1:1	2:0.18275	rs2	1:2	2:0.33175	0	1000	1	4.20562e-34	1.90243	0.156252	7.09317e-25	1.54129	0.149649	0.940846	0.0161173	0.217194	0.96955	0.0075098	0.196732	7.47512e-29	5.30134	0.475619	0	0	4.89293e-47
6	rs1	1:1	2:0.18925	rs2	1:2	2:0.32825	0	1000	1	3.35293e-27	1.62268	0.150215	6.86679e-33	1.85639	0.155407	0.82771	0.0429565	0.197375	0.86588	-0.0368879	0.218409	4.76657e-28	5.49818	0.500743	0	0	9.56372e-49
7	rs1	1:1	2:0.1785	rs2	1:2	2:0.322	0	1000	1	1.51015e-27	1.68967	0.155366	4.33655e-27	1.63868	0.152029	0.943476	0.0152333	0.214852	0.305919	0.199075	0.194443	9.42468e-29	4.42995	0.398179	0	0	6.72246e-38
8	rs1	1:1	2:0.18325	rs2	1:2	2:0.32	0	1000	1	9.70207e-24	1.47158	0.146505	3.60207e-34	1.80696	0.148257	0.384184	-0.178318	0.204913	0.308734	0.194794	0.191372	2.03727e-30	4.9617	0.432867	0	0	3.68621e-46
9	rs1	1:1	2:0.18925	rs2	1:2	2:0.33075	0	1000	1	1.3254e-27	1.60826	0.147719	8.5487e-33	1.77248	0.14861	0.935521	0.0162929	0.201394	0.32726	0.191579	0.195559	3.48698e-30	4.66699	0.408818	0	0	1.51543e-42
10	rs1	1:1	2:0.193	rs2	1:2	2:0.32675	0	1000	1	4.76703e-32	1.71047	0.145162	2.58596e-24	1.49395	0.146838	0.305857	0.191981	0.18749	0.147207	-0.321961	0.222124	2.00364e-33	4.52071	0.375246	0	0	1.88537e-43
11	rs1	1:1	2:0.18575	rs2	1:2	2:0.32925	0	1000	1	2.72793e-28	1.66741	0.151165	8.71164e-30	1.69695	0.149697	0.397056	-0.182444	0.215428	0.966961	0.00826425	0.199521	1.61873e-30	5.46597	0.476034	0	0	7.61561e-51
12	rs1	1:1	2:0.1915	rs2	1:2	2:0.33475	0	1000	1	3.19373e-33	1.87885	0.156456	3.08315e-25	1.59206	0.153389	0.312155	0.210657	0.208424	0.905676	0.0246622	0.20813	1.94729e-29	4.60981	0.409205	0	0	9.87154e-40
13	rs1	1:1	2:0.17925	rs2	1:2	2:0.325	0	1000	1	1.271e-26	1.81282	0.169749	8.33251e-28	1.83812	0.16818	0.313358	0.224002	0.22218	0.0856489	0.361643	0.210403	1.54747e-23	4.64892	0.464962	0	0	1.42118e-33
14	rs1	1:1	2:0.18475	rs2	1:2	2:0.31975	0	1000	1	1.93615e-24	1.52542	0.149517	2.55114e-29	1.71359	0.152434	0.24002	-0.2455	0.208948	0.29161	-0.230243	0.218323	3.71221e-34	5.4512	0.44735	0	0	1.06802e-52
15	rs1	1:1	2:0.186	rs2	1:2	2:0.3365	0	1000	1	2.02039e-32	1.82918	0.154293	1.02354e-22	1.44659	0.147466	0.158137	-0.335114	0.23744	0.321676	-0.199792	0.201602	3.73593e-36	5.29465	0.421719	0	0	8.77282e-52
16	rs1	1:1	2:0.17675	rs2	1:2	2:0.3175	0	1000	1	1.2301e-31	1.85582	0.158576	1.98982e-23	1.52781	0.153186	0.571221	0.119044	0.21023	0.932743	0.0168789	0.200002	6.11817e-27	5.09562	0.474141	0	0	6.1773e-43
17	rs1	1:1	2:0.1895	rs2	1:2	2:0.3275	0	1000	1	3.58848e-31	1.71375	0.147587	2.03069e-29	1.68277	0.149426	0.595901	0.102541	0.193363	0.593187	-0.112728	0.211013	1.36082e-29	5.3254	0.471408	0	0	2.72392e-49
18	rs1	1:1	2:0.188	rs2	1:2	2:0.336	0	1000	1	1.16487e-28	1.78612	0.160816	5.49997e-28	1.75993	0.160474	0.553434	0.128045	0.216065	0.593442	0.115142	0.21568	1.80814e-28	4.71458	0.425993	0	0	8.56868e-39
19	rs1	1:1	2:0.18775	rs2	1:2	2:0.31775	0	1000	1	4.76768e-21	1.42241	0.151092	4.9425e-33	1.88153	0.157152	0.241244	-0.244535	0.208668	0.822189	-0.0487157	0.216774	1.58996e-31	5.39414	0.461779	0	0	1.90072e-49
20	rs1	1:1	2:0.1815	rs2	1:2	2:0.315	0	1000	1	1.09865e-22	1.47576	0.15055	1.20998e-30	1.77581	0.154319	0.331944	-0.201144	0.207321	0.792238	-0.0556364	0.211219	6.8193e-32	5.20953	0.443253	0	0	3.33303e-48
21	rs1	1:1	2:0.18525	rs2	1:2	2:0.33075	0	1000	1	1.25651e-36	1.96532	0.155474	5.3282e-20	1.38083	0.150792	0.614837	0.104125	0.206934	0.0586014	-0.421928	0.223104	5.77454e-33	5.36507	0.448595	0	0	2.86689e-50
22	rs1	1:1	2:0.19025	rs2	1:2	2:0.3285	0	1000	1	4.27728e-24	1.49195	0.147352	7.64755e-36	1.90411	0.152352	0.379275	-0.179415	0.204059	0.91504	0.0223245	0.209259	8.59369e-31	5.4812	0.4751	0	0	2.02563e-51
23	rs1	1:1	2:0.1855	rs2	1:2	2:0.327	0	1000	1	3.88883e-33	1.78999	0.149259	2.10807e-25	1.53104	0.146998	0.836703	0.0413677	0.200704	0.408313	-0.169353	0.204814	2.58461e-31	5.26731	0.452524	0	0	6.44297e-50
24	rs1	1:1	2:0.192	rs2	1:2	2:0.334	0	1000	1	3.25914e-27	1.51169	0.139906	1.64611e-35	1.74114	0.139997	0.417099	-0.162341	0.20006	0.32802	0.179754	0.183777	8.22997e-34	4.66386	0.384792	0	0	3.82949e-47
25	rs1	1:1	2:0.1785	rs2	1:2	2:0.31575	0	1000	1	1.19557e-26	1.61896	0.151516	1.22529e-25	1.56702	0.149711	0.322304	-0.21107	0.213259	0.537634	-0.12465	0.202224	1.71432e-32	5.2457	0.441965	0	0	1.45852e-49
26	rs1	1:1	2:0.181	rs2	1:2	2:0.32375	0	1000	1	8.8862e-32	1.75673	0.149757	1.77569e-23	1.45337	0.145557	0.593412	-0.111998	0.209774	0.325089	-0.196814	0.200003	8.45039e-34	5.16536	0.426245	0	0	2.24191e-50
27	rs1	1:1	2:0.183	rs2	1:2	2:0.32425	0	1000	1	1.9129e-31	1.75031	0.150042	6.99794e-26	1.53434	0.145851	0.824339	-0.0462369	0.208305	0.926674	-0.0177682	0.193069	3.56131e-31	5.05382	0.435206	0	0	2.0749e-47
28	rs1	1:1	2:0.18675	rs2	1:2	2:0.32375	0	1000	1	1.27625e-30	1.70829	0.14851	4.74314e-25	1.54234	0.149191	0.688372	0.0784415	0.195583	0.231848	-0.259582	0.217113	3.28655e-33	4.89657	0.407828	0	0	1.43753e-46
29	rs1	1:1	2:0.1785	rs2	1:2	2:0.31425	0	1000	1	5.88125e-21	1.47297	0.156831	1.18352e-29	1.79412	0.158645	0.0972506	-0.37934	0.228748	0.986142	0.00365186	0.210245	7.72855e-32	5.32274	0.453294	0	0	1.00422e-47
30	rs1	1:1	2:0.181	rs2	1:2	2:0.32475	0	1000	1	4.62571e-32	1.89725	0.160979	5.50023e-22	1.49533	0.155141	0.835427	-0.0462068	0.22242	0.382318	-0.185553	0.212392	6.90078e-30	5.50629	0.484867	0	0	2.1563e-48
31	rs1	1:1	2:0.186	rs2	1:2	2:0.322	0	1000	1	6.56077e-26	1.57545	0.149673	1.33355e-33	1.8562	0.153648	0.993106	0.00171927	0.198981	0.551305	0.121909	0.204612	5.92003e-27	5.32827	0.495649	0	0	1.10708e-46
32	rs1	1:1	2:0.18625	rs2	1:2	2:0.32	0	1000	1	6.53772e-22	1.48722	0.154585	4.87488e-33	1.92271	0.160577	0.576719	0.112515	0.201573	0.129494	0.318998	0.210407	1.57339e-26	4.182	0.392324	0	0	1.51032e-33
33	rs1	1:1	2:0.18325	rs2	1:2	2:0.328	0	1000	1	5.0192e-37	1.92146	0.151144	2.74744e-22	1.4179	0.146033	0.306964	0.203013	0.198718	0.465575	-0.146151	0.20029	2.36038e-30	4.96787	0.433888	0	0	8.19152e-46
34	rs1	1:1	2:0.1895	rs2	1:2	2:0.32875	0	1000	1	1.84147e-27	1.60084	0.147444	3.24572e-33	1.80306	0.150162	0.975413	-0.00612266	0.19866	0.707616	0.0761902	0.203142	6.58337e-30	5.12058	0.450739	0	0	4.09598e-47
35	rs1	1:1	2:0.18875	rs2	1:2	2:0.3325	0	1000	1	4.78453e-23	1.46004	0.147687	9.97147e-33	1.77486	0.148969	0.0372113	-0.471146	0.226139	0.759794	-0.0627328	0.205176	4.67868e-37	5.20731	0.409434	0	0	2.00642e-52
36	rs1	1:1	2:0.18125	rs2	1:2	2:0.31775	0	1000	1	2.02786e-28	1.71796	0.155373	2.36335e-26	1.65497	0.155811	0.548012	0.121791	0.202734	0.955703	-0.0117403	0.211359	1.28494e-28	4.89536	0.441109	0	0	5.53801e-42
37	rs1	1:1	2:0.18925	rs2	1:2	2:0.3285	0	1000	1	1.57468e-35	1.85883	0.149417	2.39452e-25	1.53896	0.147929	0.0967199	0.318402	0.191697	0.839566	-0.0414105	0.204548	1.98828e-29	4.60169	0.40855	0	0	2.88629e-41
38	rs1	1:1	2:0.1855	rs2	1:2	2:0.328	0	1000	1	5.19653e-30	1.80088	0.158235	4.07867e-22	1.50885	0.156048	0.958481	-0.011295	0.216962	0.210213	-0.283487	0.22625	4.14317e-33	4.90256	0.408981	0	0	3.16477e-44
39	rs1	1:1	2:0.193	rs2	1:2	2:0.33725	0	1000	1	4.58083e-30	1.69123	0.148457	4.23054e-32	1.77234	0.150285	0.876906	0.031154	0.201133	0.952444	-0.0125211	0.209951	1.69574e-31	5.1279	0.439193	0	0	7.03664e-48
40	rs1	1:1	2:0.18275	rs2	1:2	2:0.32725	0	1000	1	9.42668e-27	1.68554	0.157423	8.73957e-28	1.70287	0.155867	0.549964	-0.133207	0.222824	0.844691	0.0405812	0.207156	6.56417e-31	5.04078	0.43605	0	0	1.84502e-44
41	rs1	1:1	2:0.18675	rs2	1:2	2:0.32875	0	1000	1	8.55403e-28	1.59079	0.145582	3.40859e-30	1.67284	0.146512	0.462855	-0.149051	0.203025	0.595828	-0.108229	0.204048	4.13267e-34	5.17151	0.424702	0	0	3.5414e-51
42	rs1	1:1	2:0.191	rs2	1:2	2:0.31775	0	1000	1	1.32835e-16	1.21586	0.147003	3.57062e-42	2.15166	0.158113	0.36772	-0.177615	0.197185	0.0684673	0.372009	0.204185	5.43333e-29	4.71669	0.422093	0	0	3.65195e-41
43	rs1	1:1	2:0.17825	rs2	1:2	2:0.3155	0	1000	1	7.94007e-28	1.7261	0.157867	3.20298e-26	1.6867	0.159224	0.463942	0.148966	0.203402	0.932336	-0.0184048	0.216767	1.55015e-27	4.99542	0.459433	0	0	1.50862e-41
44	rs1	1:1	2:0.1795	rs2	1:2	2:0.324	0	1000	1	4.4423e-42	2.15577	0.158601	3.03839e-17	1.24543	0.147474	0.038774	0.416583	0.201581	0.491324	-0.134836	0.195924	4.06952e-27	4.84286	0.449053	0	0	3.24344e-41
45	rs1	1:1	2:0.1875	rs2	1:2	2:0.32175	0	1000	1	5.05176e-26	1.56111	0.147965	9.86022e-32	1.78604	0.152369	0.511084	0.126286	0.192172	0.573091	0.116637	0.206985	2.58985e-29	4.50524	0.400818	0	0	8.26236e-40
46	rs1	1:1	2:0.18175	rs2	1:2	2:0.328	0	1000	1	4.07258e-28	1.73809	0.15809	5.73543e-27	1.64954	0.153402	0.331309	-0.224991	0.231596	0.747714	0.0639109	0.198694	2.57441e-30	5.31445	0.464463	0	0	4.08795e-47
47	rs1	1:1	2:0.178	rs2	1:2	2:0.32125	0	1000	1	1.99643e-27	1.70172	0.156842	1.89598e-23	1.52721	0.153052	0.818105	-0.0505184	0.219662	0.945771	0.0137759	0.202531	1.65201e-30	4.43909	0.386662	0	0	9.12128e-39
48	rs1	1:1	2:0.18675	rs2	1:2	2:0.3405	0	1000	1	1.06698e-23	1.59544	0.158983	8.53409e-37	2.01011	0.158635	0.463022	-0.172196	0.234638	0.00996184	0.503822	0.195496	1.06732e-27	4.76058	0.436471	0	0	4.95469e-39
49	rs1	1:1	2:0.18525	rs2	1:2	2:0.326	0	1000	1	4.10974e-30	1.85266	0.162493	8.22468e-24	1.63337	0.162349	0.400632	0.176931	0.210508	0.445852	-0.176865	0.232	4.64124e-29	5.08802	0.454753	0	0	2.77975e-42
50	rs1	1:1	2:0.178	rs2	1:2	2:0.3215	0	1000	1	7.381e-29	1.74846	0.15685	1.77972e-21	1.43784	0.151079	0.159714	-0.329529	0.234368	0.25523	-0.235219	0.206742	4.43121e-35	5.22513	0.422827	0	0	1.46327e-49
51	rs1	1:1	2:0.188	rs2	1:2	2:0.3285	0	1000	1	1.38276e-30	1.75936	0.153042	3.66809e-30	1.75758	0.154019	0.912279	0.022448	0.203768	0.753358	-0.0665545	0.211812	3.90561e-18	6.63356	0.764102	0	0	3.55218e-54
52	rs1	1:1	2:0.1865	rs2	1:2	2:0.32775	0	1000	1	2.43094e-28	1.65139	0.149573	2.42012e-27	1.61038	0.148665	0.253093	-0.24515	0.214504	0.302409	-0.215941	0.209391	1.23469e-34	5.4696	0.44559	0	0	7.42275e-54
53	rs1	1:1	2:0.1875	rs2	1:2	2:0.3265	0	1000	1	7.51857e-25	1.53989	0.149595	7.3468e-35	1.87824	0.152493	0.653455	-0.0924699	0.205961	0.32867	0.195212	0.19985	2.8794e-29	5.0829	0.452587	0	0	1.27803e-45
54	rs1	1:1	2:0.1885	rs2	1:2	2:0.32575	0	1000	1	4.87211e-21	1.46138	0.155269	9.60304e-38	2.108	0.164156	0.999874	3.24849e-05	0.204946	0.110163	0.339793	0.212708	6.33265e-26	5.02286	0.477038	0	0	1.79728e-40
55	rs1	1:1	2:0.18875	rs2	1:2	2:0.33	0	1000	1	1.16544e-28	1.65082	0.148634	7.42211e-33	1.77434	0.148619	0.852227	-0.0381459	0.20478	0.420864	0.156632	0.194593	1.22852e-28	5.20826	0.469134	0	0	2.33502e-47
56	rs1	1:1	2:0.18225	rs2	1:2	2:0.3285	0	1000	1	1.33873e-31	1.8524	0.158381	5.58642e-26	1.62318	0.153986	0.469965	0.153479	0.212417	0.49324	0.136929	0.199848	1.4436e-27	4.78809	0.440102	0	0	4.71648e-40
57	rs1	1:1	2:0.17775	rs2	1:2	2:0.323	0	1000	1	4.01443e-37	1.96998	0.154748	7.38148e-25	1.5183	0.147472	0.0305462	0.426071	0.196988	0.214195	0.230724	0.185751	1.28154e-23	4.63107	0.462314	0	0	2.86012e-37
58	rs1	1:1	2:0.189	rs2	1:2	2:0.33675	0	1000	1	8.75865e-31	1.8572	0.161002	1.58288e-26	1.72045	0.161408	0.507628	0.141412	0.21344	0.573394	-0.130678	0.232086	7.44414e-30	5.17404	0.455876	0	0	8.01541e-44
59	rs1	1:1	2:0.1865	rs2	1:2	2:0.31475	0	1000	1	6.22563e-19	1.28598	0.144689	7.60293e-35	1.85801	0.150884	0.0487048	-0.405984	0.205961	0.694531	-0.0819462	0.208666	4.13448e-35	5.29936	0.42864	0	0	1.00674e-52
60	rs1	1:1	2:0.18625	rs2	1:2	2:0.3165	0	1000	1	3.22524e-24	1.49179	0.146937	8.59645e-30	1.73154	0.152733	0.431861	-0.154507	0.196571	0.119358	-0.357506	0.229542	1.51303e-33	5.58446	0.462656	0	0	3.90928e-54
61	rs1	1:1	2:0.1855	rs2	1:2	2:0.3205	0	1000	1	1.54005e-27	1.65518	0.15222	4.00997e-27	1.66052	0.153952	0.460951	0.14664	0.198893	0.955033	0.0119467	0.211867	1.38075e-29	4.42525	0.39177	0	0	1.58992e-38
62	rs1	1:1	2:0.191	rs2	1:2	2:0.3375	0	1000	1	3.96795e-26	1.61488	0.152733	1.0624e-28	1.70046	0.15299	0.129437	-0.34625	0.228348	0.321111	-0.218911	0.220637	1.20514e-36	5.29173	0.418512	0	0	1.56075e-51
63	rs1	1:1	2:0.184	rs2	1:2	2:0.31225	0	1000	1	6.41701e-27	1.58731	0.147758	4.26479e-23	1.48765	0.150304	0.900574	-0.0242671	0.194236	0.0407639	-0.473303	0.23134	3.34944e-35	4.88587	0.394655	0	0	1.59993e-47
64	rs1	1:1	2:0.19075	rs2	1:2	2:0.33925	0	1000	1	3.5282e-29	1.68612	0.150375	1.3297e-28	1.65783	0.149425	0.269535	-0.242848	0.219944	0.398067	-0.179287	0.212154	8.54176e-36	5.32297	0.426203	0	0	2.0493e-52
65	rs1	1:1	2:0.1885	rs2	1:2	2:0.339	0	1000	1	1.02282e-31	1.79159	0.152883	4.38684e-29	1.6692	0.149122	0.496119	-0.150892	0.221702	0.928939	0.0177305	0.198817	1.12985e-30	5.50795	0.478396	0	0	4.6285e-51
66	rs1	1:1	2:0.18725	rs2	1:2	2:0.332	0	1000	1	9.17189e-31	1.81001	0.156964	7.32347e-27	1.66422	0.155093	0.443014	0.160796	0.209611	0.672883	0.0875923	0.207469	7.88337e-29	4.66496	0.418703	0	0	1.18631e-39
67	rs1	1:1	2:0.18375	rs2	1:2	2:0.32475	0	1000	1	5.81309e-23	1.53049	0.155119	1.26596e-28	1.73197	0.156045	0.170361	-0.310015	0.226116	0.788015	-0.0573626	0.213331	1.03865e-33	5.00745	0.413792	0	0	4.40243e-46
68	rs1	1:1	2:0.18825	rs2	1:2	2:0.3295	0	1000	1	2.33032e-30	1.70335	0.148754	2.54008e-29	1.6702	0.14857	0.969628	0.0076739	0.201547	0.886377	-0.0289969	0.202932	1.4e-30	5.19532	0.451969	0	0	1.97637e-48
69	rs1	1:1	2:0.18425	rs2	1:2	2:0.3195	0	1000	1	1.83709e-24	1.53472	0.150353	1.52929e-28	1.69181	0.152659	0.312218	-0.211928	0.20971	0.393447	-0.184584	0.216297	2.6754e-34	5.17205	0.423515	0	0	1.92263e-49
70	rs1	1:1	2:0.18975	rs2	1:2	2:0.3365	0	1000	1	2.49474e-32	1.75268	0.14806	3.66758e-30	1.66592	0.145987	0.82834	0.0442666	0.204152	0.629734	0.0937726	0.194508	4.79395e-31	4.87218	0.420485	0	0	1.5023e-45
71	rs1	1:1	2:0.18675	rs2	1:2	2:0.3305	0	1000	1	5.27884e-34	1.88738	0.155253	1.8139e-22	1.47673	0.151433	0.999867	-3.52293e-05	0.211605	0.142458	-0.320313	0.218391	2.45144e-32	5.48956	0.463681	0	0	3.20484e-51
72	rs1	1:1	2:0.19025	rs2	1:2	2:0.3385	0	1000	1	4.96169e-33	1.88372	0.15734	1.17981e-23	1.52332	0.151947	0.657519	-0.100514	0.226719	0.484196	-0.146712	0.209717	2.22548e-33	5.1595	0.428577	0	0	1.30802e-47
73	rs1	1:1	2:0.18925	rs2	1:2	2:0.32625	0	1000	1	2.47415e-29	1.63699	0.145586	1.00551e-30	1.6869	0.146389	0.869448	0.0321891	0.195845	0.841967	0.0395077	0.198154	3.35339e-31	4.86142	0.418452	0	0	6.34718e-46
74	rs1	1:1	2:0.17675	rs2	1:2	2:0.3115	0	1000	1	7.793e-28	1.71681	0.156993	1.06852e-23	1.55619	0.155075	0.776504	-0.0599934	0.211335	0.450179	-0.159599	0.211356	2.72686e-29	5.38942	0.479674	0	0	1.57733e-47
75	rs1	1:1	2:0.1855	rs2	1:2	2:0.32675	0	1000	1	1.46832e-33	1.8514	0.153352	9.50496e-23	1.47957	0.150714	0.510765	0.133496	0.202991	0.294476	-0.224684	0.214321	5.90765e-32	4.93007	0.419043	0	0	2.77168e-45
76	rs1	1:1	2:0.192	rs2	1:2	2:0.34175	0	1000	1	1.39842e-32	1.85089	0.15572	3.80456e-24	1.55216	0.153126	0.937041	-0.0172668	0.218595	0.277903	-0.241587	0.222652	3.43328e-34	4.96838	0.407515	0	0	3.56766e-46
77	rs1	1:1	2:0.18725	rs2	1:2	2:0.3235	0	1000	1	3.39067e-22	1.48085	0.152854	2.24971e-32	1.87644	0.158399	0.881726	-0.0305119	0.205079	0.636159	0.102654	0.216993	2.73952e-30	4.54759	0.397629	0	0	1.84731e-39
78	rs1	1:1	2:0.185	rs2	1:2	2:0.321	0	1000	1	2.18252e-19	1.37118	0.152291	6.92374e-38	2.04258	0.158748	0.317923	-0.211225	0.211492	0.108953	0.324114	0.202203	2.55968e-28	5.03595	0.456317	0	0	2.7641e-43
79	rs1	1:1	2:0.1875	rs2	1:2	2:0.33	0	1000	1	6.60185e-27	1.65229	0.153844	3.37944e-31	1.80751	0.155592	0.71757	-0.0765061	0.211513	0.91909	0.0214744	0.211403	2.02615e-29	5.39798	0.479319	0	0	5.69002e-48
80	rs1	1:1	2:0.18675	rs2	1:2	2:0.323	0	1000	1	5.28246e-26	1.63726	0.155245	4.37336e-29	1.78204	0.159199	0.695776	0.0794376	0.20315	0.899607	-0.0280342	0.222215	1.24018e-29	4.90452	0.433838	0	0	3.82994e-42
81	rs1	1:1	2:0.18875	rs2	1:2	2:0.326	0	1000	1	6.43828e-27	1.60098	0.149034	3.03343e-35	1.87743	0.151552	0.554511	0.116471	0.19707	0.0771609	0.342708	0.193905	2.13745e-26	4.74097	0.445956	0	0	2.03625e-40
82	rs1	1:1	2:0.18525	rs2	1:2	2:0.3295	0	1000	1	6.5831e-29	1.74321	0.156237	3.67591e-30	1.75899	0.154146	0.900063	0.0268822	0.214061	0.278926	0.214094	0.197734	6.14893e-27	5.10048	0.474613	0	0	4.44279e-43
83	rs1	1:1	2:0.181	rs2	1:2	2:0.322	0	1000	1	4.62061e-28	1.63133	0.148534	1.64503e-27	1.59538	0.146802	0.356933	-0.193745	0.210313	0.673148	-0.0835941	0.198169	6.54441e-33	5.24	0.438518	0	0	1.02821e-50
84	rs1	1:1	2:0.18675	rs2	1:2	2:0.319	0	1000	1	5.71959e-24	1.49103	0.147677	5.51575e-30	1.73611	0.152614	0.611484	-0.100379	0.197614	0.409974	-0.180918	0.219577	2.1255e-33	5.0502	0.419366	0	0	6.28083e-48
85	rs1	1:1	2:0.1785	rs2	1:2	2:0.3175	0	1000	1	1.05514e-24	1.61718	0.157603	1.37854e-27	1.70851	0.156979	0.526352	-0.13946	0.220112	0.755728	0.0641393	0.206172	3.87051e-30	4.95515	0.434406	0	0	5.01143e-43
86	rs1	1:1	2:0.18925	rs2	1:2	2:0.31575	0	1000	1	2.37228e-19	1.33158	0.148043	1.00855e-41	2.16179	0.159751	0.793208	0.0497488	0.189774	0.0137403	0.496611	0.201548	2.45279e-24	4.7426	0.465905	0	0	3.69714e-38
87	rs1	1:1	2:0.17825	rs2	1:2	2:0.30575	0	1000	1	2.27159e-21	1.46448	0.154289	8.81306e-33	1.91254	0.160386	0.914802	0.0214422	0.200425	0.166643	0.282203	0.204041	3.9421e-25	4.88519	0.471739	0	0	2.47255e-39
88	rs1	1:1	2:0.1925	rs2	1:2	2:0.336	0	1000	1	2.53025e-29	1.64881	0.146663	1.53086e-33	1.76966	0.146622	0.630928	-0.0988311	0.205718	0.609914	0.0994694	0.194963	4.77807e-30	5.34799	0.4696	0	0	1.62165e-50
89	rs1	1:1	2:0.18975	rs2	1:2	2:0.32875	0	1000	1	2.782e-32	1.88537	0.159393	1.13341e-20	1.47565	0.158285	0.58117	0.11548	0.209326	0.042707	-0.500856	0.247145	3.98298e-33	5.16807	0.431012	0	0	2.31072e-46
90	rs1	1:1	2:0.19075	rs2	1:2	2:0.33825	0	1000	1	1.25192e-29	1.74213	0.154114	3.25115e-29	1.72111	0.153396	0.602487	0.109489	0.210222	0.497591	0.139746	0.206028	9.03363e-30	4.46669	0.394141	0	0	8.08175e-39
91	rs1	1:1	2:0.17625	rs2	1:2	2:0.31525	0	1000	1	2.23532e-31	1.80652	0.155036	1.16583e-23	1.48359	0.147967	0.549319	0.124837	0.208486	0.435665	0.145456	0.186594	1.72776e-27	4.55865	0.419646	0	0	6.98015e-39
92	rs1	1:1	2:0.1805	rs2	1:2	2:0.32625	0	1000	1	1.23978e-34	1.97626	0.161004	7.67088e-20	1.40465	0.154057	0.735432	0.0732496	0.216774	0.246828	-0.247658	0.213851	2.33044e-30	5.31411	0.464083	0	0	8.28825e-47
93	rs1	1:1	2:0.18675	rs2	1:2	2:0.3315	0	1000	1	7.48524e-27	1.64203	0.153054	6.27869e-31	1.75622	0.151871	0.537453	-0.135096	0.219073	0.428586	0.157158	0.198529	3.86099e-31	4.86543	0.419232	0	0	6.53317e-44
94	rs1	1:1	2:0.19125	rs2	1:2	2:0.34075	0	1000	1	9.48371e-35	1.89808	0.154362	7.53109e-26	1.60263	0.152444	0.938475	0.0162669	0.210746	0.174172	-0.305317	0.224676	1.42388e-30	5.84736	0.508758	0	0	4.21124e-54
95	rs1	1:1	2:0.1845	rs2	1:2	2:0.3205	0	1000	1	2.4739e-33	1.79963	0.149596	1.70135e-20	1.36082	0.146646	0.947121	-0.0133051	0.200613	0.0350545	-0.456742	0.216699	7.96903e-35	5.29427	0.430067	0	0	2.33496e-52
96	rs1	1:1	2:0.18025	rs2	1:2	2:0.32525	0	1000	1	8.79493e-29	1.79019	0.160819	1.66644e-26	1.67634	0.15734	0.934172	0.0181933	0.220265	0.570002	0.115936	0.204095	8.37889e-28	5.04123	0.461272	0	0	5.73901e-42
97	rs1	1:1	2:0.19	rs2	1:2	2:0.3245	0	1000	1	7.86734e-31	1.70221	0.147447	1.804e-27	1.61599	0.148814	0.400913	0.160884	0.19153	0.664674	-0.0906693	0.209171	5.05979e-31	4.75976	0.410947	0	0	5.16165e-44
98	rs1	1:1	2:0.186	rs2	1:2	2:0.3245	0	1000	1	1.04726e-24	1.57455	0.153438	1.77641e-32	1.83858	0.154945	0.210171	-0.275088	0.219526	0.847048	0.0395532	0.20506	1.3834e-25	6.07717	0.581244	0	0	1.93856e-53
99	rs1	1:1	2:0.196	rs2	1:2	2:0.33825	0	1000	1	2.0467e-33	1.83309	0.15218	8.38997e-28	1.68758	0.154415	0.197406	0.252538	0.195921	0.381762	-0.201526	0.230406	5.68962e-31	5.02663	0.434366	0	0	4.54138e-45
100	rs1	1:1	2:0.188	rs2	1:2	2:0.3235	0	1000	1	9.59129e-23	1.44488	0.147194	3.27545e-32	1.77286	0.150055	0.232171	-0.24927	0.208631	0.995254	0.00121785	0.204757	3.72071e-34	4.87394	0.399984	0	0	5.24435e-47
101	rs1	1:1	2:0.1825	rs2	1:2	2:0.33175	0	1000	1	1.10046e-33	1.90768	0.157704	1.46271e-25	1.58974	0.152125	0.68681	-0.0889156	0.220532	0.566729	-0.117632	0.205336	8.98143e-19	6.78578	0.767005	0	0	5.01457e-56
102	rs1	1:1	2:0.18575	rs2	1:2	2:0.32525	0	1000	1	5.69557e-27	1.62258	0.150887	7.74749e-28	1.6318	0.149213	0.389135	-0.185889	0.215852	0.973196	-0.00670822	0.199646	3.9765e-33	4.906	0.409152	0	0	2.84143e-46
103	rs1	1:1	2:0.1845	rs2	1:2	2:0.31975	0	1000	1	2.44149e-22	1.48049	0.15229	2.76588e-34	1.92197	0.157416	0.505026	-0.138549	0.207844	0.49815	0.140857	0.207937	1.69304e-28	5.27479	0.476358	0	0	4.20348e-46
104	rs1	1:1	2:0.1885	rs2	1:2	2:0.33025	0	1000	1	3.08377e-32	1.70374	0.144143	8.64917e-30	1.63136	0.143902	0.997292	0.000662431	0.195156	0.639875	-0.0932482	0.199302	8.15879e-31	5.38986	0.467003	0	0	1.51132e-52
105	rs1	1:1	2:0.18275	rs2	1:2	2:0.3285	0	1000	1	3.32354e-29	1.70534	0.152017	9.47256e-26	1.56589	0.149257	0.342037	-0.207579	0.21847	0.449272	-0.155422	0.205413	5.04004e-34	5.26609	0.433046	0	0	1.40536e-50
106	rs1	1:1	2:0.18675	rs2	1:2	2:0.332	0	1000	1	2.05797e-26	1.57151	0.147774	1.04042e-31	1.71646	0.146491	0.272333	-0.23834	0.217126	0.519965	0.123753	0.192343	1.75802e-33	4.80073	0.398133	0	0	3.76805e-46
107	rs1	1:1	2:0.18375	rs2	1:2	2:0.324	0	1000	1	1.1658e-30	1.70548	0.148165	7.60029e-26	1.54384	0.146863	0.957394	-0.0106794	0.199897	0.455141	-0.15182	0.203274	5.0305e-32	5.13489	0.43595	0	0	4.65077e-49
108	rs1	1:1	2:0.174	rs2	1:2	2:0.30775	0	1000	1	3.33161e-26	1.66173	0.156922	2.61124e-25	1.61328	0.155197	0.682377	0.0848954	0.207456	0.499273	0.134968	0.199766	2.12925e-27	4.49436	0.414455	0	0	2.91294e-37
109	rs1	1:1	2:0.18725	rs2	1:2	2:0.32575	0	1000	1	9.22876e-25	1.53226	0.14914	7.05822e-29	1.65453	0.148371	0.315798	-0.215948	0.215274	0.776526	0.0559856	0.197237	3.87689e-33	4.57266	0.381284	0	0	3.65911e-43
110	rs1	1:1	2:0.19125	rs2	1:2	2:0.339	0	1000	1	5.10424e-30	1.75037	0.153776	1.88226e-27	1.65768	0.152708	0.395727	-0.187698	0.221009	0.292148	-0.231661	0.219913	2.78518e-34	5.53697	0.453518	0	0	8.57908e-53
111	rs1	1:1	2:0.1865	rs2	1:2	2:0.323	0	1000	1	1.06597e-26	1.5394	0.143927	1.14286e-31	1.69461	0.144724	0.231322	-0.243911	0.203775	0.742426	-0.0645868	0.196526	5.05642e-32	5.53218	0.469697	0	0	5.38163e-55
112	rs1	1:1	2:0.1825	rs2	1:2	2:0.32625	0	1000	1	7.47121e-27	1.6458	0.153403	6.16604e-29	1.6985	0.152151	0.130044	-0.341173	0.225356	0.588771	-0.111599	0.206428	3.27994e-29	6.05243	0.539468	0	0	4.72171e-56
113	rs1	1:1	2:0.18725	rs2	1:2	2:0.3255	0	1000	1	9.58535e-28	1.72906	0.158386	6.88848e-29	1.83379	0.164415	0.209266	0.249066	0.198367	0.791228	-0.0621462	0.234765	1.23875e-26	5.17609	0.484572	0	0	9.15749e-42
114	rs1	1:1	2:0.188	rs2	1:2	2:0.31325	0	1000	1	1.27329e-21	1.46449	0.153319	1.10637e-31	1.8983	0.162082	0.963119	0.00913628	0.197586	0.920535	-0.0226235	0.226781	3.68297e-29	5.00426	0.44645	0	0	1.17123e-42
115	rs1	1:1	2:0.188	rs2	1:2	2:0.3135	0	1000	1	3.99666e-19	1.2585	0.140818	1.85256e-35	1.83809	0.147905	0.169041	-0.264706	0.192472	0.884728	-0.0297525	0.20522	7.34371e-35	4.83097	0.392222	0	0	2.83679e-48
116	rs1	1:1	2:0.1775	rs2	1:2	2:0.31725	0	1000	1	7.20035e-26	1.63483	0.155444	4.92254e-32	1.82704	0.155091	0.89024	-0.0290763	0.210696	0.134259	0.289534	0.193343	3.96115e-22	5.55183	0.574004	0	0	1.20394e-44
117	rs1	1:1	2:0.18075	rs2	1:2	2:0.31325	0	1000	1	7.54374e-27	1.6101	0.150088	6.70933e-29	1.69831	0.152236	0.855794	0.0357468	0.196702	0.987907	0.00310459	0.204832	4.78643e-28	5.16482	0.470399	0	0	8.77832e-46
118	rs1	1:1	2:0.18175	rs2	1:2	2:0.314	0	1000	1	2.15479e-21	1.42937	0.150503	6.3549e-35	1.93064	0.156599	0.925903	0.0183865	0.197702	0.102031	0.328234	0.200744	4.79728e-27	4.53218	0.420836	0	0	5.8346e-38
119	rs1	1:1	2:0.18475	rs2	1:2	2:0.32725	0	1000	1	1.53113e-28	1.62039	0.146216	2.1055e-28	1.60524	0.145223	0.258706	-0.236248	0.20917	0.439832	-0.155175	0.20088	1.64832e-34	5.37959	0.439095	0	0	5.06004e-54
120	rs1	1:1	2:0.17875	rs2	1:2	2:0.31525	0	1000	1	1.31757e-33	1.86463	0.154334	4.55603e-24	1.50486	0.148718	0.35756	0.18477	0.200831	0.841061	0.0386052	0.19251	3.68366e-24	5.31888	0.524562	0	0	8.75404e-45
121	rs1	1:1	2:0.18625	rs2	1:2	2:0.3275	0	1000	1	3.39005e-35	1.86236	0.150444	1.38398e-23	1.47149	0.147009	0.354386	0.183391	0.198022	0.523858	-0.12941	0.203025	7.25828e-31	4.87303	0.421854	0	0	4.99466e-45
122	rs1	1:1	2:0.19425	rs2	1:2	2:0.34	0	1000	1	1.12932e-25	1.58733	0.15154	1.38231e-30	1.75251	0.152446	0.105295	-0.368778	0.227682	0.418583	-0.17656	0.218277	1.22875e-36	5.36643	0.424471	0	0	1.22535e-52
123	rs1	1:1	2:0.18675	rs2	1:2	2:0.31775	0	1000	1	1.73259e-15	1.24843	0.156855	2.57344e-36	2.08917	0.166013	0.0175846	-0.552166	0.232564	0.966041	0.0095702	0.224786	1.88669e-32	5.65542	0.476807	0	0	1.77263e-50
124	rs1	1:1	2:0.1945	rs2	1:2	2:0.33325	0	1000	1	1.59746e-21	1.46218	0.153455	1.4679e-39	2.13325	0.162087	0.70903	-0.0775003	0.207687	0.204215	0.272958	0.21499	1.04685e-27	5.22585	0.479051	0	0	4.32014e-44
125	rs1	1:1	2:0.18025	rs2	1:2	2:0.3175	0	1000	1	7.39848e-26	1.59989	0.152159	1.09717e-27	1.65971	0.152204	0.230044	-0.257682	0.214691	0.451363	-0.157141	0.208646	2.82172e-30	5.76356	0.504063	0	0	1.14893e-53
126	rs1	1:1	2:0.18525	rs2	1:2	2:0.33575	0	1000	1	2.93728e-35	2.01261	0.16243	4.32166e-17	1.3155	0.156535	0.542779	-0.140113	0.230216	0.00345851	-0.740972	0.253433	7.66899e-37	5.75013	0.453494	0	0	1.76913e-54
127	rs1	1:1	2:0.1825	rs2	1:2	2:0.326	0	1000	1	3.69433e-29	1.70155	0.151806	8.09483e-30	1.68798	0.148821	0.935856	0.0168279	0.209095	0.234132	0.225373	0.189423	2.20352e-28	4.79438	0.433899	0	0	3.84406e-42
128	rs1	1:1	2:0.18525	rs2	1:2	2:0.321	0	1000	1	1.13807e-28	1.69161	0.152278	8.77849e-26	1.58793	0.151253	0.413921	0.164828	0.201745	0.646738	0.0925077	0.20185	1.16756e-28	4.17894	0.376263	0	0	5.21121e-36
129	rs1	1:1	2:0.181	rs2	1:2	2:0.3115	0	1000	1	3.15325e-26	1.62545	0.153421	9.22755e-28	1.70702	0.156318	0.357915	0.180397	0.196224	0.656757	0.0930681	0.209426	1.46001e-27	4.499	0.413569	0	0	1.25492e-37
130	rs1	1:1	2:0.18525	rs2	1:2	2:0.3235	0	1000	1	6.15689e-30	1.7154	0.15092	5.195e-26	1.58753	0.150507	0.474792	0.142181	0.198937	0.927024	-0.0188598	0.205916	2.43006e-30	4.52843	0.395595	0	0	1.42655e-40
131	rs1	1:1	2:0.1875	rs2	1:2	2:0.32875	0	1000	1	3.32156e-30	1.74226	0.152562	1.19893e-27	1.66782	0.153061	0.564543	0.116245	0.201777	0.827558	-0.0462742	0.212428	2.23087e-30	4.90422	0.428146	0	0	8.06771e-44
132	rs1	1:1	2:0.18725	rs2	1:2	2:0.31925	0	1000	1	8.2393e-27	1.56209	0.145723	8.3233e-31	1.68965	0.146421	0.912398	0.0215766	0.196124	0.417758	0.155566	0.191981	3.54752e-30	4.51256	0.395343	0	0	1.4926e-41
133	rs1	1:1	2:0.18425	rs2	1:2	2:0.32875	0	1000	1	7.14207e-30	1.89065	0.166529	1.71598e-26	1.76346	0.16556	0.0559816	0.403569	0.211162	0.191665	0.280354	0.21472	7.39078e-24	4.36827	0.433729	0	0	5.85964e-32
134	rs1	1:1	2:0.18775	rs2	1:2	2:0.31725	0	1000	1	5.43413e-24	1.51523	0.149999	4.38879e-31	1.82065	0.157025	0.853504	0.0358316	0.194051	0.677855	-0.0932656	0.224524	1.06385e-30	4.96377	0.430937	0	0	2.72932e-44
135	rs1	1:1	2:0.18175	rs2	1:2	2:0.3055	0	1000	1	1.02628e-21	1.45577	0.152051	1.07054e-28	1.7797	0.160129	0.802576	0.0483443	0.193366	0.622352	-0.112616	0.228653	6.4802e-30	4.69689	0.413393	0	0	1.90519e-40
136	rs1	1:1	2:0.19525	rs2	1:2	2:0.335	0	1000	1	7.39337e-28	1.6321	0.149182	5.50429e-37	1.96208	0.154426	0.553834	0.116097	0.196102	0.319841	0.206532	0.207615	2.42533e-26	5.26082	0.495405	0	0	2.38728e-45
137	rs1	1:1	2:0.186	rs2	1:2	2:0.32925	0	1000	1	3.98892e-24	1.5889	0.156822	5.53415e-28	1.7298	0.157734	0.2508	-0.260497	0.226833	0.614202	-0.111087	0.220373	9.9233e-34	5.05684	0.417744	0	0	4.36105e-46
138	rs1	1:1	2:0.189	rs2	1:2	2:0.33675	0	1000	1	3.16356e-34	1.81142	0.148495	2.74514e-25	1.51026	0.145353	0.646973	-0.0957523	0.209079	0.199535	-0.26639	0.207651	1.05367e-34	5.43087	0.441973	0	0	3.15978e-54
139	rs1	1:1	2:0.17825	rs2	1:2	2:0.3165	0	1000	1	9.13108e-27	1.64759	0.153835	6.42427e-26	1.59494	0.151497	0.952136	0.0126097	0.210075	0.546107	0.118832	0.196871	2.51264e-29	4.38454	0.389986	0	0	4.18069e-38
140	rs1	1:1	2:0.1835	rs2	1:2	2:0.3255	0	1000	1	2.31799e-35	1.85432	0.149426	9.30942e-24	1.45709	0.145003	0.137918	0.289719	0.195282	0.807525	0.0468158	0.192167	6.41285e-29	4.31545	0.386696	0	0	1.77602e-38
141	rs1	1:1	2:0.178	rs2	1:2	2:0.3185	0	1000	1	6.19899e-28	1.69651	0.154843	6.57953e-28	1.68567	0.15393	0.936285	-0.0166888	0.208768	0.843358	0.040097	0.20292	4.87853e-27	5.37467	0.499136	0	0	1.97909e-46
142	rs1	1:1	2:0.1895	rs2	1:2	2:0.32025	0	1000	1	1.13439e-23	1.49138	0.148704	4.80789e-34	1.90605	0.156691	0.781559	0.0532619	0.192082	0.854515	0.0400167	0.218241	1.91998e-29	4.95193	0.439526	0	0	1.15978e-43
143	rs1	1:1	2:0.17825	rs2	1:2	2:0.30875	0	1000	1	9.48644e-21	1.4002	0.149888	2.36656e-36	1.94829	0.154736	0.742299	-0.0658962	0.200407	0.0310735	0.412439	0.191287	2.94209e-25	4.84188	0.466297	0	0	2.8817e-40
144	rs1	1:1	2:0.1845	rs2	1:2	2:0.31675	0	1000	1	1.31993e-30	1.67534	0.145682	6.05925e-26	1.54753	0.146916	0.35443	0.1736	0.187467	0.548097	-0.124006	0.206465	3.73602e-31	4.62563	0.398473	0	0	3.23181e-43
145	rs1	1:1	2:0.1825	rs2	1:2	2:0.324	0	1000	1	4.8403e-31	1.7751	0.153208	3.39614e-30	1.72063	0.150694	0.245751	0.232766	0.200534	0.0954183	0.316299	0.189686	1.44433e-24	4.76121	0.465383	0	0	5.40897e-39
146	rs1	1:1	2:0.19225	rs2	1:2	2:0.335	0	1000	1	2.42364e-27	1.60241	0.147931	1.24596e-33	1.80054	0.148972	0.330443	-0.205765	0.211427	0.906042	0.0238095	0.20172	2.78539e-31	5.52582	0.474993	0	0	1.0086e-52
147	rs1	1:1	2:0.18675	rs2	1:2	2:0.32525	0	1000	1	5.8452e-30	1.68285	0.147997	1.11667e-26	1.5811	0.147885	0.847218	0.0382504	0.198529	0.582884	-0.113309	0.206325	1.36778e-32	4.79792	0.403597	0	0	1.85521e-45
148	rs1	1:1	2:0.1835	rs2	1:2	2:0.315	0	1000	1	5.30162e-30	1.70833	0.150126	9.12407e-26	1.57161	0.14975	0.391351	0.166555	0.194308	0.958744	-0.0104476	0.201968	4.99178e-29	4.69504	0.419873	0	0	1.01819e-41
149	rs1	1:1	2:0.18925	rs2	1:2	2:0.325	0	1000	1	9.16682e-24	1.52285	0.151525	1.47222e-31	1.83553	0.157047	0.405142	-0.172433	0.207133	0.369392	-0.205058	0.228448	1.65209e-32	5.53874	0.466533	0	0	1.98799e-51
150	rs1	1:1	2:0.18	rs2	1:2	2:0.32125	0	1000	1	3.10719e-26	1.52859	0.14426	3.14442e-33	1.72137	0.143326	0.235626	-0.244735	0.206355	0.440326	0.141692	0.183624	8.99472e-29	5.4596	0.490544	0	0	3.99416e-52
151	rs1	1:1	2:0.18775	rs2	1:2	2:0.333	0	1000	1	2.82068e-34	1.8779	0.153827	2.02277e-24	1.52776	0.149809	0.630329	0.100348	0.20851	0.644163	-0.0950424	0.20577	2.89452e-31	4.9785	0.428067	0	0	2.0405e-45
152	rs1	1:1	2:0.18925	rs2	1:2	2:0.3335	0	1000	1	5.24296e-21	1.40437	0.149335	1.28515e-36	1.91956	0.151875	0.0120245	-0.592146	0.235781	0.802604	0.0507536	0.203032	3.82462e-35	5.60563	0.453183	0	0	4.59769e-55
153	rs1	1:1	2:0.19475	rs2	1:2	2:0.331	0	1000	1	1.42171e-23	1.447	0.1446	1.79251e-36	1.89037	0.149876	0.156954	-0.2895	0.204537	0.645115	-0.0975936	0.211903	5.85815e-33	5.69778	0.476461	0	0	2.49434e-56
154	rs1	1:1	2:0.18275	rs2	1:2	2:0.31575	0	1000	1	4.36825e-20	1.41281	0.153924	9.78175e-34	1.91685	0.158335	0.143393	-0.320452	0.218997	0.53284	0.128498	0.206033	2.01417e-29	5.41333	0.480659	0	0	8.22916e-48
155	rs1	1:1	2:0.19175	rs2	1:2	2:0.33175	0	1000	1	7.81877e-37	1.97318	0.155637	1.51743e-19	1.39846	0.154638	0.0763519	0.347685	0.196182	0.0352326	-0.518747	0.246357	4.54119e-32	4.83167	0.409906	0	0	2.6044e-43
156	rs1	1:1	2:0.17975	rs2	1:2	2:0.3265	0	1000	1	1.79639e-24	1.70691	0.167187	2.95963e-28	1.82065	0.165168	0.339371	-0.232589	0.243444	0.490776	0.146208	0.21218	5.89338e-28	5.42245	0.49471	0	0	7.3413e-44
157	rs1	1:1	2:0.1875	rs2	1:2	2:0.33125	0	1000	1	1.34047e-29	1.75333	0.155188	6.00043e-26	1.62935	0.154671	0.89176	-0.0289875	0.213021	0.393128	-0.188836	0.22113	7.06216e-33	5.10416	0.427377	0	0	9.5984e-47
158	rs1	1:1	2:0.18125	rs2	1:2	2:0.32475	0	1000	1	5.87211e-30	1.78793	0.157244	6.77592e-26	1.62954	0.154857	0.584218	0.11452	0.209271	0.783708	0.0562892	0.205068	2.56108e-28	4.86804	0.441105	0	0	2.15833e-41
159	rs1	1:1	2:0.18725	rs2	1:2	2:0.32675	0	1000	1	4.18297e-33	1.76952	0.147626	1.09791e-24	1.51186	0.147395	0.902623	0.0240057	0.196208	0.0713875	-0.397661	0.220555	2.65627e-33	5.50604	0.457919	0	0	4.72813e-54
160	rs1	1:1	2:0.18075	rs2	1:2	2:0.321	0	1000	1	1.21967e-29	1.8209	0.16105	1.22386e-23	1.60718	0.16037	0.386046	0.180884	0.208677	0.632603	-0.106798	0.223396	8.53995e-29	4.86726	0.437141	0	0	1.78497e-40
161	rs1	1:1	2:0.18275	rs2	1:2	2:0.31775	0	1000	1	1.5392e-22	1.53676	0.15732	1.79193e-31	1.8706	0.160277	0.986381	0.00360794	0.21137	0.15747	0.290213	0.205296	3.04849e-27	4.52801	0.418828	0	0	7.55318e-37
162	rs1	1:1	2:0.1815	rs2	1:2	2:0.32175	0	1000	1	3.74923e-22	1.57145	0.162378	6.08027e-31	1.88558	0.163018	0.853995	-0.0413831	0.224879	0.0574402	0.386673	0.203518	2.06382e-26	4.42271	0.415891	0	0	1.4149e-34
163	rs1	1:1	2:0.17275	rs2	1:2	2:0.306	0	1000	1	5.00363e-31	1.81367	0.156575	1.50449e-21	1.45399	0.152496	0.690195	0.081057	0.203359	0.395648	-0.174876	0.205877	1.13618e-25	5.55937	0.530773	0	0	1.26557e-47
164	rs1	1:1	2:0.1885	rs2	1:2	2:0.33225	0	1000	1	1.28328e-28	1.69736	0.152943	1.49476e-30	1.75763	0.152981	0.562587	0.119194	0.20586	0.304193	0.207014	0.201477	8.86086e-29	4.50339	0.404579	0	0	8.44129e-39
165	rs1	1:1	2:0.1775	rs2	1:2	2:0.32925	0	1000	1	4.0498e-30	1.84614	0.161903	1.86862e-26	1.63829	0.153923	0.642238	0.104831	0.225652	0.0630238	0.351066	0.188844	4.61828e-26	4.41763	0.418378	0	0	4.65476e-35
166	rs1	1:1	2:0.18375	rs2	1:2	2:0.321	0	1000	1	1.50384e-31	1.71512	0.146768	1.20341e-27	1.6114	0.147888	0.255761	0.213574	0.187928	0.883287	-0.0298491	0.203326	4.41653e-29	4.81904	0.430544	0	0	9.65108e-44
167	rs1	1:1	2:0.18825	rs2	1:2	2:0.33325	0	1000	1	1.82517e-34	1.92499	0.157228	1.74792e-24	1.58963	0.15566	0.207453	0.255756	0.202884	0.492357	-0.151929	0.221289	6.97774e-29	5.1412	0.460999	0	0	2.54216e-44
168	rs1	1:1	2:0.1815	rs2	1:2	2:0.3215	0	1000	1	2.76546e-33	1.93784	0.161208	8.83571e-23	1.55138	0.15791	0.101564	0.334	0.203992	0.933937	-0.0176662	0.213122	2.94366e-26	4.85404	0.457879	0	0	3.88092e-39
169	rs1	1:1	2:0.18975	rs2	1:2	2:0.33025	0	1000	1	1.57537e-22	1.47328	0.150858	9.94624e-35	1.90285	0.154798	0.0644817	-0.412638	0.223188	0.724306	-0.0758659	0.215094	6.2967e-33	5.81147	0.486212	0	0	1.96503e-55
170	rs1	1:1	2:0.18525	rs2	1:2	2:0.32875	0	1000	1	6.70816e-23	1.51193	0.153462	2.71568e-31	1.78496	0.153405	0.209796	-0.283814	0.226304	0.399541	0.168172	0.199624	5.20523e-32	4.71122	0.400078	0	0	1.27708e-42
171	rs1	1:1	2:0.18	rs2	1:2	2:0.329	0	1000	1	7.82944e-32	1.77612	0.151271	2.34363e-25	1.5066	0.144791	0.950513	-0.0133001	0.214302	0.511818	0.121636	0.185418	9.46822e-31	4.53587	0.393446	0	0	2.09323e-41
172	rs1	1:1	2:0.1855	rs2	1:2	2:0.327	0	1000	1	1.15247e-24	1.61422	0.157446	1.31492e-29	1.78273	0.157766	0.950662	0.0134112	0.216744	0.234704	0.244004	0.205334	3.19447e-28	4.31359	0.39157	0	0	1.03311e-35
173	rs1	1:1	2:0.1835	rs2	1:2	2:0.32975	0	1000	1	1.75118e-26	1.75595	0.164884	1.65648e-26	1.71822	0.161263	0.562611	-0.13735	0.237232	0.553125	0.123905	0.208916	2.63117e-29	4.99443	0.444395	0	0	2.74852e-41
174	rs1	1:1	2:0.1875	rs2	1:2	2:0.326	0	1000	1	3.96103e-33	1.78767	0.149085	1.41677e-23	1.477	0.147594	0.859736	0.0351218	0.198753	0.115712	-0.338774	0.215364	2.83012e-33	5.30186	0.441131	0	0	2.15898e-51
175	rs1	1:1	2:0.18675	rs2	1:2	2:0.33175	0	1000	1	1.52456e-35	1.92456	0.154668	4.55027e-23	1.47467	0.149091	0.451478	0.156498	0.207845	0.731502	-0.0691743	0.201599	2.16269e-30	4.87857	0.425807	0	0	7.87166e-44
176	rs1	1:1	2:0.18675	rs2	1:2	2:0.32275	0	1000	1	2.47998e-29	1.74376	0.155084	4.59541e-28	1.70621	0.155345	0.10362	0.323821	0.198962	0.212505	0.253203	0.203098	1.00701e-25	4.13186	0.394054	0	0	4.09112e-33
177	rs1	1:1	2:0.19425	rs2	1:2	2:0.3435	0	1000	1	8.96038e-37	1.99993	0.15788	3.62192e-22	1.48902	0.153804	0.941524	-0.0160345	0.218591	0.0377433	-0.492117	0.236865	4.27953e-33	5.92013	0.493979	0	0	1.78194e-55
178	rs1	1:1	2:0.18825	rs2	1:2	2:0.31975	0	1000	1	5.89243e-25	1.48743	0.14417	1.6415e-36	1.87739	0.148765	0.991012	0.00215334	0.191149	0.222072	0.236649	0.19381	2.00413e-27	5.02503	0.463156	0	0	2.79078e-45
179	rs1	1:1	2:0.1855	rs2	1:2	2:0.3275	0	1000	1	3.94523e-29	1.67204	0.14925	1.19902e-31	1.74141	0.148773	0.840484	-0.0412501	0.204945	0.577098	0.109032	0.195528	1.05374e-27	5.3925	0.494355	0	0	9.40727e-49
180	rs1	1:1	2:0.18575	rs2	1:2	2:0.32525	0	1000	1	1.68511e-21	1.46386	0.153721	1.6681e-34	1.91435	0.156266	0.192366	-0.289953	0.222423	0.273492	0.220183	0.20107	2.10463e-30	5.10699	0.445651	0	0	2.32985e-45
181	rs1	1:1	2:0.18675	rs2	1:2	2:0.32475	0	1000	1	4.42676e-30	1.61325	0.141574	6.21225e-23	1.38048	0.14001	0.209591	-0.253768	0.202256	0.0265136	-0.461705	0.208106	2.76733e-40	5.04881	0.379991	0	0	2.65603e-55
182	rs1	1:1	2:0.18225	rs2	1:2	2:0.31775	0	1000	1	4.50523e-23	1.53308	0.15498	3.55622e-33	1.90362	0.158636	0.879428	-0.0315309	0.207858	0.183815	0.269223	0.202561	2.82997e-26	5.02782	0.474107	0	0	1.36519e-41
183	rs1	1:1	2:0.18325	rs2	1:2	2:0.3215	0	1000	1	7.17703e-36	1.91532	0.153188	1.10161e-18	1.31791	0.14935	0.111804	0.31266	0.196624	0.209351	-0.268248	0.213684	1.18126e-30	4.37461	0.380086	0	0	3.76384e-39
184	rs1	1:1	2:0.1875	rs2	1:2	2:0.331	0	1000	1	2.04462e-33	1.82885	0.151827	1.37888e-24	1.51338	0.14786	0.635086	0.0979387	0.206369	0.83298	-0.0422127	0.200173	1.98068e-31	4.71529	0.404311	0	0	2.59658e-43
185	rs1	1:1	2:0.185	rs2	1:2	2:0.31725	0	1000	1	1.30809e-21	1.39231	0.145805	2.68307e-34	1.84198	0.150834	0.178894	-0.273044	0.203133	0.961527	-0.00988519	0.204926	4.0046e-32	5.35424	0.453833	0	0	2.07744e-51
186	rs1	1:1	2:0.1825	rs2	1:2	2:0.311	0	1000	1	1.06989e-29	1.71057	0.151138	6.86121e-26	1.61248	0.153252	0.33288	0.185051	0.191104	0.530927	-0.1343	0.214334	9.51037e-28	5.1566	0.472325	0	0	4.29615e-45
187	rs1	1:1	2:0.181	rs2	1:2	2:0.32125	0	1000	1	2.33859e-28	1.73648	0.15723	7.52043e-27	1.67498	0.156131	0.50286	0.139034	0.207514	0.53272	0.127738	0.204754	1.16899e-27	4.65765	0.427357	0	0	8.72903e-39
188	rs1	1:1	2:0.18475	rs2	1:2	2:0.3305	0	1000	1	2.27166e-32	1.85602	0.156687	2.35883e-29	1.70683	0.15174	0.830999	0.0457749	0.214483	0.330013	0.187927	0.192926	1.89531e-20	5.96337	0.643431	0	0	4.62772e-48
189	rs1	1:1	2:0.19075	rs2	1:2	2:0.334	0	1000	1	2.00432e-29	1.74406	0.154852	2.16493e-26	1.64377	0.154638	0.712785	0.0773038	0.209997	0.767502	-0.0642899	0.217457	2.15659e-31	4.59514	0.394253	0	0	8.81314e-41
190	rs1	1:1	2:0.181	rs2	1:2	2:0.321	0	1000	1	1.02373e-32	1.7951	0.150695	6.56048e-28	1.59858	0.145974	0.458422	0.149141	0.201148	0.296752	0.193441	0.185391	2.86065e-26	4.92001	0.463985	0	0	9.96694e-43
191	rs1	1:1	2:0.185	rs2	1:2	2:0.32125	0	1000	1	7.54319e-26	1.69972	0.161681	4.77462e-27	1.79704	0.166858	0.52916	0.1301	0.206742	0.515485	-0.156841	0.241175	2.65359e-28	5.21608	0.472778	0	0	1.7303e-42
192	rs1	1:1	2:0.188	rs2	1:2	2:0.33175	0	1000	1	7.55377e-20	1.34938	0.147967	2.34697e-39	1.98481	0.151216	0.0207596	-0.528363	0.228498	0.259954	0.219816	0.195132	2.51187e-33	5.36402	0.445936	0	0	1.33899e-51
193	rs1	1:1	2:0.1875	rs2	1:2	2:0.332	0	1000	1	6.21544e-35	1.91222	0.155082	1.17694e-24	1.56698	0.152869	0.376843	0.17962	0.203253	0.384627	-0.189031	0.217426	3.05865e-29	5.37001	0.478379	0	0	9.11543e-48
194	rs1	1:1	2:0.18725	rs2	1:2	2:0.32975	0	1000	1	1.58398e-22	1.48133	0.151691	6.48819e-38	1.97215	0.153215	0.152068	-0.32183	0.2247	0.0768864	0.340226	0.192322	7.27228e-29	5.32073	0.477254	0	0	2.2091e-47
195	rs1	1:1	2:0.1875	rs2	1:2	2:0.328	0	1000	1	1.00463e-26	1.63355	0.152651	5.89419e-31	1.76601	0.152646	0.610188	-0.109024	0.213854	0.598975	0.106077	0.201714	1.70324e-30	5.06895	0.441626	0	0	1.09272e-45
196	rs1	1:1	2:0.187	rs2	1:2	2:0.32375	0	1000	1	4.69228e-24	1.54997	0.15322	8.95e-35	1.96172	0.159477	0.448465	0.149938	0.197813	0.118267	0.324291	0.207601	4.66982e-26	4.61224	0.436852	0	0	2.12151e-37
197	rs1	1:1	2:0.19	rs2	1:2	2:0.315	0	1000	1	1.08969e-22	1.41932	0.14478	8.76137e-34	1.85966	0.153496	0.859332	-0.0331875	0.187262	0.660694	-0.0959884	0.218675	1.38897e-30	5.21216	0.453407	0	0	2.89017e-48
198	rs1	1:1	2:0.1845	rs2	1:2	2:0.3335	0	1000	1	1.40004e-28	1.77713	0.160243	9.89983e-31	1.82988	0.158779	0.86007	0.0386963	0.219509	0.245685	0.236839	0.204014	1.14189e-25	5.27703	0.50384	0	0	7.31536e-43
199	rs1	1:1	2:0.19175	rs2	1:2	2:0.337	0	1000	1	3.16402e-25	1.60861	0.155021	6.70801e-39	2.08511	0.159829	0.951027	-0.0129872	0.211459	0.0746236	0.36528	0.204894	1.07441e-22	5.66548	0.577831	0	0	1.58241e-45
200	rs1	1:1	2:0.184	rs2	1:2	2:0.31725	0	1000	1	1.73467e-23	1.47069	0.147258	8.10328e-28	1.62372	0.148529	0.279881	-0.224045	0.207337	0.612628	-0.103937	0.205277	1.46096e-34	4.6754	0.381313	0	0	2.30258e-45
201	rs1	1:1	2:0.18175	rs2	1:2	2:0.324	0	1000	1	4.3528e-31	1.76482	0.152201	7.73892e-25	1.51795	0.147503	0.520276	-0.137874	0.214449	0.59028	-0.106275	0.197379	1.12783e-30	5.46734	0.474863	0	0	3.3583e-51
202	rs1	1:1	2:0.186	rs2	1:2	2:0.333	0	1000	1	1.81861e-35	1.94167	0.156221	8.72679e-23	1.48629	0.151266	0.514762	0.136516	0.20956	0.464621	-0.153305	0.209645	1.06826e-30	5.10485	0.443199	0	0	7.17819e-46
203	rs1	1:1	2:0.18775	rs2	1:2	2:0.33325	0	1000	1	1.52166e-31	1.78117	0.152433	2.08947e-28	1.66099	0.150257	0.148827	0.291064	0.201612	0.156851	0.276176	0.195075	9.78848e-27	4.04364	0.377782	0	0	1.10624e-33
204	rs1	1:1	2:0.18225	rs2	1:2	2:0.3245	0	1000	1	1.64682e-29	1.67483	0.148477	1.23558e-30	1.67543	0.145618	0.8956	-0.0269951	0.205722	0.283443	0.199209	0.185722	1.11205e-28	4.96113	0.446515	0	0	4.41611e-45
205	rs1	1:1	2:0.1855	rs2	1:2	2:0.3295	0	1000	1	3.14334e-33	1.81644	0.151242	6.98207e-26	1.54924	0.147265	0.617264	-0.105804	0.211721	0.408067	-0.167339	0.202271	1.57315e-28	5.8969	0.532224	0	0	3.39321e-55
206	rs1	1:1	2:0.18575	rs2	1:2	2:0.3205	0	1000	1	3.33318e-33	1.81848	0.151473	1.00416e-25	1.58629	0.15128	0.108019	0.308189	0.19176	0.902423	-0.0254784	0.207816	6.34862e-28	4.75755	0.434315	0	0	3.09849e-41
207	rs1	1:1	2:0.19175	rs2	1:2	2:0.32975	0	1000	1	6.39898e-28	1.60242	0.146294	2.41884e-31	1.72516	0.14814	0.766667	-0.0593383	0.199969	0.850659	-0.0386507	0.205286	1.02999e-32	5.04775	0.423768	0	0	1.70173e-48
208	rs1	1:1	2:0.18175	rs2	1:2	2:0.3185	0	1000	1	5.38512e-31	1.77846	0.153619	1.95489e-25	1.60852	0.15433	0.192932	0.252848	0.194206	0.773328	-0.0612677	0.212717	1.59135e-27	4.92964	0.453483	0	0	4.58234e-42
209	rs1	1:1	2:0.18225	rs2	1:2	2:0.3135	0	1000	1	2.46365e-33	1.77071	0.147188	1.47716e-24	1.50716	0.147348	0.218338	0.228762	0.18584	0.359097	-0.190276	0.207478	2.23642e-28	5.16048	0.467087	0	0	4.09272e-47
210	rs1	1:1	2:0.19075	rs2	1:2	2:0.3395	0	1000	1	3.71478e-29	1.74425	0.155622	3.96866e-35	1.93852	0.156756	0.903318	0.0258256	0.212606	0.225486	0.246841	0.203652	1.04735e-20	6.02715	0.645917	0	0	2.47879e-48
211	rs1	1:1	2:0.185	rs2	1:2	2:0.32625	0	1000	1	1.90056e-33	1.84119	0.152775	1.43758e-24	1.52716	0.149265	0.954792	0.0117279	0.206877	0.372282	-0.184615	0.206919	3.41285e-29	5.60619	0.499849	0	0	1.59284e-51
212	rs1	1:1	2:0.18325	rs2	1:2	2:0.32825	0	1000	1	5.84976e-26	1.68085	0.159523	5.55049e-27	1.69868	0.157928	0.572116	-0.127892	0.226382	0.807854	0.05106	0.209954	7.93932e-31	4.84631	0.419821	0	0	6.5516e-42
213	rs1	1:1	2:0.1845	rs2	1:2	2:0.31775	0	1000	1	1.19062e-17	1.29332	0.151197	2.7948e-32	1.83036	0.154747	0.0179575	-0.54287	0.229399	0.9982	0.000469562	0.20816	2.9861e-35	4.96223	0.400525	0	0	2.46994e-47
214	rs1	1:1	2:0.19	rs2	1:2	2:0.33225	0	1000	1	2.89225e-30	1.70349	0.14901	3.49524e-31	1.71115	0.147334	0.667212	-0.0897705	0.20878	0.703716	0.07397	0.194499	1.45687e-28	5.49334	0.495493	0	0	9.90231e-51
215	rs1	1:1	2:0.18775	rs2	1:2	2:0.336	0	1000	1	5.86427e-33	1.84174	0.154011	1.25298e-26	1.6065	0.150411	0.823457	0.0472784	0.211914	0.978287	-0.00551979	0.202806	1.44199e-30	5.06872	0.441053	0	0	8.10556e-46
216	rs1	1:1	2:0.1855	rs2	1:2	2:0.3165	0	1000	1	5.34628e-30	1.69816	0.149242	3.98178e-26	1.61684	0.152923	0.64976	0.0863967	0.190261	0.078093	-0.408436	0.231821	5.28857e-28	5.88384	0.536326	0	0	1.17608e-53
217	rs1	1:1	2:0.187	rs2	1:2	2:0.32525	0	1000	1	2.288e-28	1.62307	0.146936	3.68758e-29	1.6534	0.147508	0.496308	-0.13838	0.203407	0.480515	-0.145159	0.205761	1.19483e-32	5.40452	0.454192	0	0	1.16715e-52
218	rs1	1:1	2:0.17875	rs2	1:2	2:0.3115	0	1000	1	2.84366e-19	1.38375	0.154185	3.36832e-33	1.90331	0.158551	0.277072	-0.233586	0.214907	0.25298	0.231719	0.202703	2.41123e-29	4.83876	0.430248	0	0	1.08283e-41
219	rs1	1:1	2:0.17075	rs2	1:2	2:0.31025	0	1000	1	2.17225e-27	1.77427	0.163645	8.34594e-22	1.49046	0.155328	0.985365	-0.00418786	0.228308	0.368287	0.173601	0.192958	3.80885e-27	4.37304	0.40526	0	0	4.52256e-35
220	rs1	1:1	2:0.193	rs2	1:2	2:0.33825	0	1000	1	6.02693e-22	1.41575	0.147028	9.75464e-38	1.92127	0.149629	0.0225208	-0.521273	0.228481	0.71601	0.0731396	0.201046	1.04372e-35	5.4365	0.43585	0	0	2.90923e-54
221	rs1	1:1	2:0.18125	rs2	1:2	2:0.323	0	1000	1	1.23206e-30	1.71377	0.148947	1.1344e-27	1.59238	0.146071	0.456869	-0.155022	0.208359	0.648577	-0.089171	0.195662	8.11693e-26	6.02927	0.573895	0	0	1.02207e-55
222	rs1	1:1	2:0.18475	rs2	1:2	2:0.32175	0	1000	1	1.12078e-21	1.47772	0.154491	7.25007e-27	1.68479	0.156997	0.0631347	-0.42332	0.227807	0.12503	-0.358113	0.23345	6.38817e-37	5.24591	0.413261	0	0	2.21717e-50
223	rs1	1:1	2:0.18475	rs2	1:2	2:0.3245	0	1000	1	1.51904e-20	1.41084	0.151839	2.11361e-34	1.89847	0.155213	0.0272701	-0.506457	0.229412	0.958973	0.0106673	0.207363	2.61636e-32	5.75035	0.485933	0	0	3.83736e-54
224	rs1	1:1	2:0.183	rs2	1:2	2:0.319	0	1000	1	8.97295e-24	1.52244	0.151452	5.83043e-33	1.8614	0.155649	0.958713	0.0104358	0.201586	0.326797	0.200833	0.20481	1.22743e-28	4.71265	0.424489	0	0	1.1253e-40
225	rs1	1:1	2:0.187	rs2	1:2	2:0.3325	0	1000	1	1.7097e-32	1.81143	0.152616	3.48879e-23	1.48304	0.149535	0.730645	-0.0731982	0.21262	0.155542	-0.306344	0.215701	8.83877e-35	5.22163	0.424455	0	0	2.25031e-50
226	rs1	1:1	2:0.18725	rs2	1:2	2:0.3205	0	1000	1	1.5308e-30	1.77165	0.154229	3.23825e-23	1.54978	0.156147	0.227764	0.235825	0.195521	0.198086	-0.300765	0.23369	7.15433e-31	4.72644	0.40912	0	0	1.4273e-41
227	rs1	1:1	2:0.184	rs2	1:2	2:0.32375	0	1000	1	1.27506e-34	1.89047	0.154043	8.2593e-20	1.37977	0.151461	0.208448	0.249461	0.198324	0.138472	-0.328701	0.22187	1.13577e-31	4.64878	0.397	0	0	4.93431e-42
228	rs1	1:1	2:0.18775	rs2	1:2	2:0.33075	0	1000	1	5.75979e-26	1.612	0.152967	1.93422e-33	1.86156	0.154483	0.760654	-0.0644577	0.211599	0.312522	0.203723	0.201717	8.1056e-29	5.07885	0.455953	0	0	1.83689e-44
229	rs1	1:1	2:0.1775	rs2	1:2	2:0.31725	0	1000	1	9.55279e-38	2.0581	0.160265	1.27389e-20	1.4119	0.151648	0.113037	0.320867	0.20248	0.721172	-0.0712791	0.199721	9.28343e-20	5.83875	0.64183	0	0	8.57925e-46
230	rs1	1:1	2:0.18625	rs2	1:2	2:0.321	0	1000	1	7.56902e-26	1.49674	0.142378	3.91439e-33	1.71936	0.143376	0.834696	-0.04062	0.19465	0.270612	0.205559	0.186591	5.10897e-31	4.44377	0.383692	0	0	3.27238e-42
231	rs1	1:1	2:0.17975	rs2	1:2	2:0.3215	0	1000	1	2.5223e-28	1.68623	0.152774	4.41473e-26	1.58011	0.149587	0.43439	-0.169313	0.216595	0.818281	-0.045699	0.198902	8.79567e-32	5.18447	0.44193	0	0	3.44207e-48
232	rs1	1:1	2:0.17625	rs2	1:2	2:0.31475	0	1000	1	2.51363e-38	2.03914	0.157526	4.53603e-18	1.29765	0.149767	0.0185806	0.461928	0.196244	0.657154	-0.0886185	0.19966	1.49818e-26	4.47586	0.419712	0	0	4.00775e-37
233	rs1	1:1	2:0.1935	rs2	1:2	2:0.332	0	1000	1	6.79748e-26	1.53466	0.145845	6.94422e-32	1.75723	0.149534	0.40254	-0.169261	0.202201	0.355505	-0.201611	0.218202	1.69148e-35	5.22911	0.420522	0	0	5.8685e-52
234	rs1	1:1	2:0.19075	rs2	1:2	2:0.3305	0	1000	1	1.44705e-33	1.82965	0.151534	5.46313e-26	1.58008	0.149868	0.315779	0.200273	0.19964	0.832254	-0.0438261	0.206911	2.1468e-30	4.73779	0.413496	0	0	1.07568e-42
235	rs1	1:1	2:0.1855	rs2	1:2	2:0.314	0	1000	1	5.07899e-20	1.39292	0.152027	2.04879e-34	1.96211	0.160383	0.495461	-0.138457	0.203121	0.741934	0.0714935	0.217112	2.04952e-29	5.174	0.459471	0	0	3.98932e-45
236	rs1	1:1	2:0.182	rs2	1:2	2:0.31625	0	1000	1	2.00173e-28	1.7236	0.155867	2.70379e-25	1.60274	0.154232	0.942008	-0.0152255	0.209296	0.722574	-0.0737217	0.207654	1.07577e-28	5.30173	0.477043	0	0	1.71977e-46
237	rs1	1:1	2:0.19025	rs2	1:2	2:0.33375	0	1000	1	1.03979e-26	1.60866	0.15037	1.22558e-29	1.71046	0.151288	0.176336	-0.296125	0.219007	0.310259	-0.220776	0.217582	8.95554e-36	5.4816	0.439036	0	0	6.18934e-54
238	rs1	1:1	2:0.18475	rs2	1:2	2:0.3175	0	1000	1	4.61366e-24	1.49256	0.14752	1.9514e-29	1.69626	0.150577	0.195519	-0.266805	0.206119	0.262873	-0.241106	0.215345	1.49715e-34	5.45104	0.444644	0	0	1.16125e-53
239	rs1	1:1	2:0.183	rs2	1:2	2:0.32075	0	1000	1	7.18708e-27	1.638	0.152625	3.33783e-29	1.74109	0.155209	0.753378	0.0631087	0.200862	0.956728	0.0114944	0.21184	2.44688e-29	4.95234	0.440398	0	0	2.01107e-43
240	rs1	1:1	2:0.18825	rs2	1:2	2:0.33425	0	1000	1	2.6457e-37	1.93444	0.151569	9.80927e-27	1.57217	0.146885	0.342739	0.190931	0.201242	0.965017	0.00860977	0.196309	1.25767e-25	5.50127	0.525709	0	0	1.64671e-48
241	rs1	1:1	2:0.18525	rs2	1:2	2:0.327	0	1000	1	1.15232e-26	1.66232	0.155524	4.96157e-29	1.74842	0.156352	0.464112	0.151589	0.207063	0.297302	0.215305	0.20658	1.27927e-27	4.21363	0.386909	0	0	8.17963e-35
242	rs1	1:1	2:0.19275	rs2	1:2	2:0.3315	0	1000	1	5.00246e-26	1.61175	0.152751	1.68367e-30	1.78504	0.155506	0.717521	0.0740981	0.204819	0.640052	0.0997489	0.213309	5.65606e-30	4.42721	0.389251	0	0	1.7119e-38
243	rs1	1:1	2:0.18525	rs2	1:2	2:0.32275	0	1000	1	2.46863e-23	1.55562	0.15631	1.60169e-32	1.92532	0.162136	0.883552	0.0302108	0.206262	0.50177	0.146324	0.217839	3.79599e-28	4.90299	0.445702	0	0	9.22999e-41
244	rs1	1:1	2:0.181	rs2	1:2	2:0.31775	0	1000	1	6.16305e-28	1.70212	0.155348	8.18059e-25	1.58207	0.153813	0.989417	0.00278164	0.209709	0.786277	-0.0564072	0.208031	1.24074e-30	4.82559	0.419424	0	0	9.36402e-43
245	rs1	1:1	2:0.18925	rs2	1:2	2:0.327	0	1000	1	1.156e-27	1.66862	0.153089	2.20067e-26	1.66484	0.156642	0.349646	-0.196025	0.209591	0.00810257	-0.690935	0.26095	2.06929e-33	6.33075	0.525607	0	0	1.35688e-60
246	rs1	1:1	2:0.18625	rs2	1:2	2:0.3315	0	1000	1	3.17882e-33	1.90103	0.158297	1.07526e-23	1.57167	0.156627	0.898696	0.0269476	0.211672	0.0873622	-0.401543	0.234892	1.16355e-28	6.05752	0.545392	0	0	7.42684e-54
247	rs1	1:1	2:0.179	rs2	1:2	2:0.31775	0	1000	1	2.59897e-31	1.90029	0.163264	9.21534e-24	1.60795	0.16	0.113977	0.325886	0.206183	0.618677	0.103885	0.208719	2.42178e-24	4.8467	0.476074	0	0	2.02988e-37
248	rs1	1:1	2:0.179	rs2	1:2	2:0.31925	0	1000	1	2.23825e-32	1.83729	0.155089	4.63917e-21	1.40441	0.149135	0.762422	0.063296	0.20938	0.573613	-0.112319	0.199593	8.1651e-31	4.79172	0.415179	0	0	3.65979e-43
249	rs1	1:1	2:0.178	rs2	1:2	2:0.3175	0	1000	1	4.2702e-28	1.75901	0.160056	2.43605e-21	1.47189	0.15519	0.620378	-0.111417	0.224942	0.539207	-0.128415	0.209141	9.85546e-32	4.82012	0.411209	0	0	1.70825e-42
250	rs1	1:1	2:0.18525	rs2	1:2	2:0.32375	0	1000	1	1.18072e-25	1.55989	0.14898	2.86489e-33	1.82654	0.151986	0.436919	-0.159346	0.204972	0.951241	0.0125038	0.204485	2.95166e-25	5.97755	0.575685	0	0	1.67842e-53
251	rs1	1:1	2:0.1865	rs2	1:2	2:0.3205	0	1000	1	1.15271e-27	1.63985	0.150445	2.47497e-29	1.72599	0.153501	0.775579	0.0560558	0.196629	0.758913	-0.0653051	0.212784	9.47146e-29	5.27043	0.473743	0	0	4.7729e-47
252	rs1	1:1	2:0.1855	rs2	1:2	2:0.32975	0	1000	1	2.67054e-26	1.72706	0.162773	1.12038e-23	1.6289	0.162396	0.117302	-0.376913	0.240655	0.0340074	-0.534542	0.252144	1.61901e-35	5.9679	0.4798	0	0	5.93459e-55
253	rs1	1:1	2:0.1835	rs2	1:2	2:0.328	0	1000	1	2.68536e-25	1.63849	0.157662	1.85834e-28	1.73225	0.156554	0.231664	-0.275442	0.230287	0.998451	0.000405597	0.208884	8.9856e-32	5.31578	0.453192	0	0	1.0976e-47
254	rs1	1:1	2:0.17675	rs2	1:2	2:0.32	0	1000	1	3.15729e-28	1.77596	0.161199	1.28024e-24	1.58934	0.155173	0.805263	0.0547707	0.222156	0.268481	0.215726	0.194951	2.93238e-27	4.43843	0.410407	0	0	4.76718e-36
255	rs1	1:1	2:0.1875	rs2	1:2	2:0.338	0	1000	1	5.63818e-26	1.61178	0.152917	1.64058e-30	1.74152	0.151685	0.0789617	-0.412791	0.234975	0.877335	-0.0316775	0.205234	1.05117e-34	5.42299	0.441326	0	0	5.19108e-52
256	rs1	1:1	2:0.177	rs2	1:2	2:0.31625	0	1000	1	4.09984e-29	1.85628	0.165746	3.22341e-23	1.61903	0.163117	0.53915	0.132327	0.215481	0.819015	-0.0500674	0.218815	1.03783e-25	5.33226	0.508674	0	0	2.75462e-42
257	rs1	1:1	2:0.18225	rs2	1:2	2:0.32275	0	1000	1	9.12301e-34	1.89188	0.156198	6.45358e-21	1.43381	0.152821	0.355475	0.187355	0.202761	0.239173	-0.255381	0.216966	1.09351e-30	4.96478	0.431113	0	0	3.15934e-44
258	rs1	1:1	2:0.1875	rs2	1:2	2:0.3315	0	1000	1	2.54798e-26	1.55572	0.146564	1.31747e-35	1.84542	0.14817	0.651544	-0.091905	0.203502	0.251175	0.221129	0.192705	1.50182e-29	5.06036	0.44829	0	0	1.10884e-46
259	rs1	1:1	2:0.18775	rs2	1:2	2:0.32525	0	1000	1	8.42264e-33	1.79627	0.150588	2.34928e-24	1.51531	0.148801	0.25114	0.226126	0.197045	0.811245	-0.0489286	0.204877	3.13993e-30	4.42125	0.386983	0	0	1.07567e-39
260	rs1	1:1	2:0.1815	rs2	1:2	2:0.31925	0	1000	1	1.01123e-25	1.62416	0.154901	3.24224e-29	1.78248	0.158862	0.813761	0.0477477	0.202684	0.893232	-0.0294501	0.219423	8.19387e-29	5.12681	0.460299	0	0	4.70008e-44
261	rs1	1:1	2:0.18175	rs2	1:2	2:0.32425	0	1000	1	8.63281e-27	1.70456	0.159078	7.55767e-29	1.75692	0.157639	0.688831	-0.088361	0.220659	0.56762	0.116822	0.204391	6.72316e-27	5.42007	0.504739	0	0	1.54653e-45
262	rs1	1:1	2:0.1915	rs2	1:2	2:0.32775	0	1000	1	3.37017e-28	1.63277	0.148281	6.10926e-29	1.67831	0.150331	0.981914	0.0045189	0.199343	0.56648	-0.122612	0.213893	4.89539e-33	4.88283	0.407805	0	0	3.66817e-46
263	rs1	1:1	2:0.18275	rs2	1:2	2:0.31525	0	1000	1	4.85951e-19	1.33347	0.149568	2.64949e-33	1.86425	0.155041	0.0949617	-0.35472	0.212434	0.985425	-0.00384299	0.210369	1.42684e-33	5.09569	0.421994	0	0	5.46132e-48
264	rs1	1:1	2:0.185	rs2	1:2	2:0.3315	0	1000	1	6.42358e-31	1.75619	0.151894	1.7792e-29	1.69275	0.150156	0.653691	0.0921856	0.205477	0.492231	0.135757	0.197676	5.6148e-29	4.86729	0.435683	0	0	4.25472e-43
265	rs1	1:1	2:0.18325	rs2	1:2	2:0.334	0	1000	1	1.11697e-27	1.73832	0.159437	4.60934e-28	1.7202	0.156623	0.214127	-0.29497	0.23744	0.889752	-0.0291155	0.210042	6.57343e-31	5.67297	0.490742	0	0	1.26124e-50
266	rs1	1:1	2:0.19275	rs2	1:2	2:0.335	0	1000	1	8.23164e-24	1.57141	0.156191	4.40536e-33	1.92242	0.16044	0.372304	0.184429	0.20672	0.0824187	0.369163	0.212551	1.05973e-25	3.93189	0.375156	0	0	7.63609e-31
267	rs1	1:1	2:0.1845	rs2	1:2	2:0.318	0	1000	1	7.56841e-25	1.53524	0.149152	1.69976e-33	1.86107	0.154306	0.917363	-0.0204098	0.19671	0.691719	0.0818525	0.206425	1.15885e-25	5.53099	0.528158	0	0	4.28022e-48
268	rs1	1:1	2:0.187	rs2	1:2	2:0.317	0	1000	1	2.30044e-22	1.42296	0.146282	8.23088e-30	1.72338	0.151962	0.732132	-0.0665207	0.19434	0.497858	-0.149532	0.220593	3.10988e-33	4.54116	0.378083	0	0	1.04222e-42
269	rs1	1:1	2:0.18225	rs2	1:2	2:0.32325	0	1000	1	2.05137e-31	1.76947	0.151761	1.08263e-25	1.55992	0.148867	0.891121	0.0280706	0.205065	0.780095	-0.0559548	0.200414	5.67053e-30	5.14764	0.452602	0	0	5.04158e-47
270	rs1	1:1	2:0.18525	rs2	1:2	2:0.3275	0	1000	1	6.96736e-31	1.88547	0.163174	2.59545e-22	1.55127	0.159673	0.379885	0.189956	0.216324	0.841239	-0.0436956	0.218141	9.51961e-29	4.57127	0.410914	0	0	1.61714e-37
271	rs1	1:1	2:0.1945	rs2	1:2	2:0.34425	0	1000	1	1.03523e-29	1.71022	0.151069	1.13213e-32	1.7789	0.149441	0.597347	-0.115502	0.218663	0.431408	0.155391	0.197501	9.49501e-32	5.02947	0.428954	0	0	1.41383e-46
272	rs1	1:1	2:0.19575	rs2	1:2	2:0.344	0	1000	1	7.38079e-31	1.77674	0.15383	1.02044e-29	1.74856	0.154439	0.80821	-0.051964	0.214077	0.447696	-0.170002	0.223905	2.42711e-32	5.53001	0.467065	0	0	3.41037e-51
273	rs1	1:1	2:0.18675	rs2	1:2	2:0.32475	0	1000	1	4.42153e-25	1.60158	0.154821	1.27219e-27	1.69869	0.155972	0.374443	-0.194007	0.218432	0.501958	-0.147487	0.219667	1.21823e-33	5.08436	0.420602	0	0	7.00924e-47
274	rs1	1:1	2:0.187	rs2	1:2	2:0.3165	0	1000	1	5.25822e-19	1.34267	0.150749	3.55803e-38	2.06499	0.159852	0.348622	-0.191303	0.204107	0.283976	0.223253	0.208369	4.54512e-27	5.38081	0.499405	0	0	3.03266e-46
275	rs1	1:1	2:0.18925	rs2	1:2	2:0.325	0	1000	1	1.40549e-34	1.78352	0.145422	6.88493e-26	1.521	0.144562	0.119977	0.290197	0.186637	0.892425	-0.0268576	0.198597	6.70199e-30	4.47361	0.393844	0	0	3.06595e-41
276	rs1	1:1	2:0.18375	rs2	1:2	2:0.33025	0	1000	1	5.63423e-34	1.91039	0.157214	3.15692e-25	1.58017	0.152277	0.452206	0.157807	0.209922	0.863838	0.0345601	0.201527	1.97523e-27	5.14714	0.474352	0	0	4.90872e-44
277	rs1	1:1	2:0.1835	rs2	1:2	2:0.3195	0	1000	1	8.31202e-23	1.47155	0.14969	7.28653e-34	1.85884	0.153238	0.290142	-0.221125	0.20904	0.636972	0.0955445	0.202452	1.05477e-29	5.37152	0.474551	0	0	5.06111e-49
278	rs1	1:1	2:0.18375	rs2	1:2	2:0.334	0	1000	1	1.37514e-29	1.80665	0.159939	3.75781e-24	1.57556	0.155416	0.48261	-0.163446	0.232792	0.674011	-0.0889261	0.211402	1.0516e-32	5.04892	0.423928	0	0	3.33104e-45
279	rs1	1:1	2:0.1865	rs2	1:2	2:0.3125	0	1000	1	5.27612e-14	1.13527	0.150868	2.57566e-42	2.24178	0.164447	0.391611	-0.171102	0.199722	0.0153042	0.502328	0.207137	5.60743e-27	4.45298	0.414034	0	0	3.53217e-36
280	rs1	1:1	2:0.19075	rs2	1:2	2:0.33325	0	1000	1	1.53804e-32	1.74174	0.146635	2.18572e-24	1.4827	0.145498	0.460139	-0.151909	0.205667	0.0300331	-0.482473	0.222373	5.90314e-38	5.46601	0.42441	0	0	7.61125e-57
281	rs1	1:1	2:0.18425	rs2	1:2	2:0.32075	0	1000	1	2.14107e-29	1.67314	0.148632	4.07574e-26	1.57778	0.14926	0.815529	0.0459371	0.196902	0.432416	-0.165372	0.210648	2.69734e-32	4.90248	0.414374	0	0	4.08905e-46
282	rs1	1:1	2:0.18125	rs2	1:2	2:0.31825	0	1000	1	8.77645e-35	1.91532	0.155684	3.74096e-20	1.3811	0.150197	0.376647	0.179518	0.203054	0.317093	-0.206964	0.206871	6.22689e-30	4.99147	0.439186	0	0	1.50118e-44
283	rs1	1:1	2:0.191	rs2	1:2	2:0.3275	0	1000	1	1.07494e-28	1.64775	0.148262	4.67466e-37	1.94036	0.152563	0.193451	0.247391	0.190237	0.0494777	0.385312	0.196142	9.37256e-24	4.90847	0.488501	0	0	2.5171e-40
284	rs1	1:1	2:0.1845	rs2	1:2	2:0.3275	0	1000	1	1.08962e-34	1.87869	0.152924	5.04655e-26	1.56202	0.14805	0.207716	0.253696	0.201367	0.464814	0.140367	0.192036	2.44808e-27	4.67152	0.4313	0	0	3.20197e-40
285	rs1	1:1	2:0.18325	rs2	1:2	2:0.31725	0	1000	1	4.40391e-18	1.32176	0.15249	7.56018e-39	2.08016	0.159561	0.291064	-0.22318	0.211387	0.0410861	0.406998	0.199249	1.90337e-27	4.93915	0.455043	0	0	1.21159e-41
286	rs1	1:1	2:0.1935	rs2	1:2	2:0.32825	0	1000	1	2.09126e-21	1.37281	0.1445	6.29119e-39	1.95671	0.149931	0.184201	-0.271925	0.204774	0.473471	0.144128	0.201059	4.22457e-33	5.08193	0.424	0	0	3.77447e-49
287	rs1	1:1	2:0.19025	rs2	1:2	2:0.32925	0	1000	1	3.89805e-25	1.52143	0.146902	1.18353e-32	1.79523	0.15086	0.609249	-0.102814	0.201145	0.802341	-0.0532668	0.212796	1.21846e-33	4.93277	0.408063	0	0	3.55518e-47
288	rs1	1:1	2:0.193	rs2	1:2	2:0.327	0	1000	1	3.19385e-23	1.44964	0.146038	2.31087e-31	1.75113	0.15032	0.261265	-0.228969	0.203817	0.360769	-0.200018	0.218861	3.77645e-36	4.99686	0.398027	0	0	1.43828e-49
289	rs1	1:1	2:0.18025	rs2	1:2	2:0.31775	0	1000	1	2.50561e-21	1.43111	0.150937	9.56301e-34	1.85186	0.152944	0.088737	-0.37652	0.221209	0.481575	0.139081	0.197623	3.99575e-31	5.32592	0.459027	0	0	3.7239e-49
290	rs1	1:1	2:0.1865	rs2	1:2	2:0.321	0	1000	1	2.97659e-23	1.47869	0.148859	1.31824e-31	1.79046	0.153069	0.37451	-0.181908	0.204839	0.725666	-0.0747638	0.213065	5.90527e-33	5.14335	0.430123	0	0	1.63354e-48
291	rs1	1:1	2:0.18825	rs2	1:2	2:0.3345	0	1000	1	1.01146e-42	2.14855	0.156825	3.3698e-21	1.41829	0.150075	0.00453978	0.556872	0.19622	0.888031	-0.0286905	0.203773	1.63528e-26	4.62537	0.434063	0	0	1.66597e-38
292	rs1	1:1	2:0.17475	rs2	1:2	2:0.307	0	1000	1	8.32484e-30	1.75164	0.154467	2.18913e-24	1.5716	0.154224	0.432706	0.15404	0.196337	0.600279	-0.109893	0.209719	6.46334e-25	5.45882	0.529555	0	0	5.42389e-46
293	rs1	1:1	2:0.1895	rs2	1:2	2:0.325	0	1000	1	1.91107e-28	1.64458	0.148666	4.29293e-25	1.55209	0.149996	0.893012	0.0266896	0.198445	0.231452	-0.263706	0.220374	8.09291e-34	4.66408	0.384767	0	0	2.54794e-44
294	rs1	1:1	2:0.17975	rs2	1:2	2:0.322	0	1000	1	2.07104e-27	1.72619	0.159147	2.51404e-29	1.79031	0.159241	0.82657	0.0464907	0.212187	0.495674	0.141151	0.207176	1.76283e-24	5.4567	0.534373	0	0	3.70271e-44
295	rs1	1:1	2:0.18425	rs2	1:2	2:0.3215	0	1000	1	1.44474e-38	2.03767	0.156898	7.73748e-19	1.36094	0.15354	0.0179683	0.457002	0.193132	0.148947	-0.324683	0.224964	6.85356e-29	4.80384	0.430687	0	0	2.9951e-41
296	rs1	1:1	2:0.189	rs2	1:2	2:0.322	0	1000	1	9.52432e-30	1.67936	0.148247	4.30676e-34	1.87446	0.15398	0.246477	0.216434	0.186751	0.625322	0.101659	0.20818	1.41077e-16	6.26995	0.758723	0	0	4.89838e-49
297	rs1	1:1	2:0.18575	rs2	1:2	2:0.3225	0	1000	1	3.20755e-25	1.58092	0.152372	8.53147e-30	1.73587	0.153105	0.923392	0.0198885	0.206824	0.332137	0.194268	0.200314	4.0265e-29	4.36621	0.389802	0	0	8.50363e-38
298	rs1	1:1	2:0.19025	rs2	1:2	2:0.33575	0	1000	1	1.75343e-27	1.59127	0.146502	1.2706e-31	1.72134	0.14712	0.128004	-0.327565	0.215218	0.423025	-0.166199	0.207442	6.12488e-35	5.67467	0.460175	0	0	2.32916e-57
299	rs1	1:1	2:0.18925	rs2	1:2	2:0.3305	0	1000	1	9.50435e-24	1.51926	0.15122	1.62876e-34	1.87093	0.152697	0.601424	-0.111484	0.213426	0.123622	0.302811	0.196663	5.51798e-30	4.5301	0.398222	0	0	5.06392e-40
300	rs1	1:1	2:0.18975	rs2	1:2	2:0.3455	0	1000	1	2.25751e-33	1.88277	0.156409	3.06046e-28	1.67124	0.151655	0.773233	0.0633575	0.219878	0.456805	0.148042	0.198949	8.92502e-30	4.87633	0.430247	0	0	1.14424e-42
301	rs1	1:1	2:0.186	rs2	1:2	2:0.32475	0	1000	1	1.96506e-31	1.77516	0.152202	5.1805e-26	1.5993	0.151619	0.721886	0.0716321	0.201248	0.437716	-0.165192	0.21286	1.27964e-29	5.37593	0.475653	0	0	8.29406e-49
302	rs1	1:1	2:0.185	rs2	1:2	2:0.317	0	1000	1	1.6992e-26	1.60258	0.150443	1.32281e-29	1.73577	0.153617	0.475304	0.13904	0.194768	0.636246	0.0977969	0.206779	1.29258e-28	4.56556	0.411411	0	0	1.44717e-39
303	rs1	1:1	2:0.18425	rs2	1:2	2:0.321	0	1000	1	4.04961e-22	1.53892	0.159146	9.99213e-28	1.7641	0.161652	0.319563	-0.223452	0.224495	0.690544	-0.089467	0.224725	2.60355e-32	4.95794	0.418956	0	0	1.76244e-43
304	rs1	1:1	2:0.18825	rs2	1:2	2:0.32875	0	1000	1	1.17211e-26	1.63998	0.153457	5.48254e-29	1.72337	0.154234	0.883123	-0.0309211	0.210332	0.877269	0.0323411	0.209419	3.53182e-31	4.77343	0.411036	0	0	1.10214e-42
305	rs1	1:1	2:0.1845	rs2	1:2	2:0.32225	0	1000	1	1.05461e-28	1.62839	0.146497	9.10607e-30	1.64556	0.145213	0.825016	-0.0444462	0.201025	0.639038	0.0892174	0.190211	1.99268e-30	4.93541	0.430501	0	0	2.43244e-46
306	rs1	1:1	2:0.18325	rs2	1:2	2:0.32825	0	1000	1	2.90378e-35	1.96586	0.158645	9.35983e-24	1.53436	0.152701	0.741006	0.0704232	0.213067	0.515764	-0.13484	0.207482	6.30811e-22	6.23214	0.647537	0	0	5.38391e-52
307	rs1	1:1	2:0.19025	rs2	1:2	2:0.33075	0	1000	1	9.44884e-27	1.69896	0.158679	7.88051e-34	1.95592	0.161326	0.57799	0.11685	0.21004	0.117062	0.323563	0.206456	2.65179e-23	5.30092	0.533023	0	0	1.79739e-41
308	rs1	1:1	2:0.18675	rs2	1:2	2:0.34	0	1000	1	7.34392e-37	1.90862	0.150486	6.21328e-24	1.45823	0.144544	0.691072	-0.0853307	0.214722	0.285464	-0.214542	0.200859	2.01724e-33	5.50476	0.456949	0	0	4.53791e-54
309	rs1	1:1	2:0.1875	rs2	1:2	2:0.32775	0	1000	1	2.72072e-29	1.68297	0.149787	2.95805e-28	1.64907	0.149602	0.80488	-0.0506694	0.205109	0.667124	-0.0888793	0.206649	5.6509e-32	5.17585	0.439793	0	0	1.03922e-48
310	rs1	1:1	2:0.18625	rs2	1:2	2:0.31975	0	1000	1	2.58598e-27	1.57326	0.145319	1.78611e-32	1.78556	0.150482	0.796362	0.0487009	0.188721	0.790873	-0.0557715	0.210317	4.42713e-28	5.42794	0.494046	0	0	1.02665e-49
311	rs1	1:1	2:0.17075	rs2	1:2	2:0.30275	0	1000	1	1.90678e-30	1.83918	0.160373	1.93679e-19	1.39713	0.154947	0.492168	0.14268	0.207726	0.512486	-0.13554	0.20694	3.85721e-28	4.85863	0.441728	0	0	7.16563e-41
312	rs1	1:1	2:0.18175	rs2	1:2	2:0.3065	0	1000	1	2.01018e-21	1.39289	0.146551	6.94387e-31	1.77193	0.153344	0.79425	-0.0498718	0.191229	0.876457	-0.0330407	0.212532	3.24267e-31	4.6908	0.403666	0	0	7.01944e-43
313	rs1	1:1	2:0.18675	rs2	1:2	2:0.32925	0	1000	1	3.24663e-34	1.79844	0.147456	1.49643e-24	1.48349	0.145052	0.994222	-0.00144731	0.19984	0.16942	-0.285327	0.207651	6.28691e-33	5.41951	0.453414	0	0	2.25694e-53
314	rs1	1:1	2:0.18775	rs2	1:2	2:0.33525	0	1000	1	6.98395e-40	2.02864	0.153485	2.87792e-22	1.44579	0.148977	0.0593651	0.370331	0.196412	0.4584	-0.155093	0.209166	2.91572e-29	4.90484	0.436776	0	0	1.28443e-43
315	rs1	1:1	2:0.17325	rs2	1:2	2:0.31775	0	1000	1	2.21797e-29	1.791	0.159146	1.28617e-25	1.5884	0.151821	0.993715	0.00173972	0.220848	0.240141	0.22103	0.188169	9.76676e-27	4.86936	0.454918	0	0	2.13532e-40
316	rs1	1:1	2:0.18525	rs2	1:2	2:0.32025	0	1000	1	2.23962e-23	1.54154	0.154745	4.56667e-30	1.8243	0.160134	0.629422	0.0972316	0.201499	0.668521	0.0941017	0.219772	1.29005e-28	4.41034	0.397418	0	0	8.63941e-37
317	rs1	1:1	2:0.18775	rs2	1:2	2:0.32075	0	1000	1	2.24822e-25	1.50259	0.14435	1.47825e-35	1.86104	0.149534	0.587662	0.101887	0.187904	0.22032	0.242061	0.197491	2.05623e-28	4.58281	0.414518	0	0	6.34611e-41
318	rs1	1:1	2:0.18875	rs2	1:2	2:0.32825	0	1000	1	1.70355e-28	1.65928	0.149855	3.53653e-34	1.8814	0.154346	0.428748	0.15335	0.193786	0.456977	0.153904	0.206907	1.45166e-24	5.39154	0.52702	0	0	1.51582e-45
319	rs1	1:1	2:0.1885	rs2	1:2	2:0.3225	0	1000	1	5.95883e-33	1.82497	0.152626	4.40436e-24	1.58037	0.156129	0.0607969	0.352176	0.18783	0.140627	-0.354528	0.24061	6.57194e-30	4.96105	0.436691	0	0	2.38126e-43
320	rs1	1:1	2:0.18675	rs2	1:2	2:0.32075	0	1000	1	7.32062e-24	1.46223	0.145172	3.99752e-31	1.73801	0.149795	0.141991	-0.29772	0.202749	0.123672	-0.342671	0.22258	2.89592e-35	5.72314	0.461851	0	0	6.93066e-58
321	rs1	1:1	2:0.1885	rs2	1:2	2:0.32775	0	1000	1	2.78053e-30	1.75792	0.153726	1.89603e-26	1.64408	0.154487	0.31194	0.202027	0.199797	0.855852	-0.0391354	0.215435	1.0634e-29	4.6275	0.408846	0	0	2.88011e-40
322	rs1	1:1	2:0.186	rs2	1:2	2:0.31975	0	1000	1	2.26486e-23	1.46636	0.147215	3.13539e-32	1.80158	0.152438	0.143542	-0.299966	0.205073	0.224783	-0.268014	0.220786	3.90105e-30	6.12624	0.537105	0	0	7.80625e-59
323	rs1	1:1	2:0.18825	rs2	1:2	2:0.328	0	1000	1	1.76213e-28	1.75063	0.158148	1.6979e-25	1.66657	0.159694	0.411907	-0.179265	0.218472	0.030145	-0.545741	0.251704	1.58921e-30	6.37991	0.555552	0	0	5.36407e-58
324	rs1	1:1	2:0.18525	rs2	1:2	2:0.318	0	1000	1	2.07772e-22	1.49478	0.153501	9.81395e-33	1.92713	0.161731	0.653289	0.0884554	0.196919	0.584719	0.120587	0.220651	4.97116e-28	4.72225	0.430224	0	0	2.95414e-39
325	rs1	1:1	2:0.193	rs2	1:2	2:0.32675	0	1000	1	2.07047e-21	1.38412	0.145676	2.34187e-37	1.94862	0.152566	0.276261	-0.218864	0.201022	0.855171	0.0383655	0.210194	1.44034e-32	5.22327	0.439536	0	0	9.14989e-50
326	rs1	1:1	2:0.1865	rs2	1:2	2:0.3295	0	1000	1	9.06618e-31	1.74779	0.151555	2.7275e-28	1.65078	0.149658	0.794679	-0.0546006	0.209809	0.85277	-0.037603	0.202619	4.79144e-30	5.4068	0.474775	0	0	7.78923e-50
327	rs1	1:1	2:0.1855	rs2	1:2	2:0.32725	0	1000	1	5.92151e-25	1.62638	0.157645	6.75757e-27	1.70254	0.158554	0.590697	-0.118336	0.220026	0.712282	-0.081522	0.22105	4.02082e-32	4.81082	0.407783	0	0	1.68163e-42
328	rs1	1:1	2:0.182	rs2	1:2	2:0.32275	0	1000	1	1.73003e-24	1.65371	0.161919	1.4848e-29	1.81511	0.160784	0.971128	0.00806814	0.222913	0.0964785	0.335281	0.201713	1.28091e-26	4.5168	0.422973	0	0	9.02477e-36
329	rs1	1:1	2:0.1745	rs2	1:2	2:0.3185	0	1000	1	1.85903e-31	1.86622	0.159945	8.65193e-22	1.46398	0.152627	0.87039	-0.0359499	0.220331	0.709921	-0.0745129	0.200324	1.21264e-28	5.31718	0.478895	0	0	3.83637e-46
330	rs1	1:1	2:0.18475	rs2	1:2	2:0.32125	0	1000	1	2.21425e-20	1.40339	0.151693	2.56035e-35	1.94993	0.157232	0.139111	-0.318731	0.215488	0.688469	0.083872	0.209192	2.55511e-30	5.4961	0.480311	0	0	8.6938e-50
331	rs1	1:1	2:0.18725	rs2	1:2	2:0.328	0	1000	1	9.10842e-33	1.81408	0.152165	2.87184e-27	1.63953	0.151576	0.143463	0.28665	0.195931	0.728629	0.0710539	0.204796	5.05529e-28	4.62724	0.421627	0	0	7.61839e-40
332	rs1	1:1	2:0.1855	rs2	1:2	2:0.32325	0	1000	1	4.46624e-23	1.54984	0.156661	1.05545e-30	1.81753	0.157782	0.555332	-0.12956	0.219671	0.329967	0.199441	0.204727	1.16177e-29	4.67895	0.413675	0	0	5.032e-40
333	rs1	1:1	2:0.1875	rs2	1:2	2:0.32975	0	1000	1	6.24896e-30	1.71427	0.150838	2.74708e-28	1.65025	0.149618	0.929601	0.018239	0.206448	0.895816	0.026431	0.201843	2.69283e-31	4.82222	0.414409	0	0	2.97682e-44
334	rs1	1:1	2:0.18675	rs2	1:2	2:0.32625	0	1000	1	9.54586e-31	1.72188	0.149367	5.56802e-26	1.57225	0.149151	0.715043	0.0727222	0.199189	0.48428	-0.147279	0.210569	1.76819e-32	4.81851	0.406062	0	0	3.33513e-45
335	rs1	1:1	2:0.184	rs2	1:2	2:0.32625	0	1000	1	1.90286e-29	1.65958	0.147292	6.86586e-25	1.50194	0.145784	0.395016	-0.177017	0.208118	0.182409	-0.27783	0.208366	1.97788e-36	5.06213	0.401592	0	0	4.22912e-51
336	rs1	1:1	2:0.1805	rs2	1:2	2:0.317	0	1000	1	2.70787e-23	1.62528	0.163461	2.40662e-24	1.69347	0.166334	0.257898	-0.257564	0.227656	0.0650483	-0.46926	0.254352	2.29239e-33	5.71474	0.474795	0	0	2.31879e-50
337	rs1	1:1	2:0.176	rs2	1:2	2:0.3065	0	1000	1	2.23461e-23	1.55812	0.156406	2.47532e-28	1.77656	0.160934	0.784812	0.0550598	0.201645	0.779214	0.0601145	0.214431	4.6328e-27	4.93138	0.457767	0	0	1.27e-40
338	rs1	1:1	2:0.18575	rs2	1:2	2:0.33075	0	1000	1	5.45123e-33	1.86005	0.155464	2.71291e-28	1.67611	0.151947	0.222643	0.249777	0.204814	0.248096	0.225899	0.195586	4.17133e-26	4.75704	0.450116	0	0	1.80927e-39
339	rs1	1:1	2:0.18675	rs2	1:2	2:0.3255	0	1000	1	2.35171e-22	1.47635	0.151804	1.31708e-32	1.8539	0.155907	0.178698	-0.290548	0.216057	0.780953	-0.0600361	0.215897	4.80034e-33	5.38196	0.44943	0	0	2.96285e-50
340	rs1	1:1	2:0.1855	rs2	1:2	2:0.332	0	1000	1	2.47997e-36	1.99204	0.158258	3.33941e-22	1.48488	0.153245	0.454136	0.157158	0.209954	0.293717	-0.227412	0.216582	1.66695e-29	5.42422	0.480915	0	0	5.4744e-48
341	rs1	1:1	2:0.1875	rs2	1:2	2:0.3255	0	1000	1	9.03979e-34	1.72842	0.142694	4.0129e-30	1.6268	0.142657	0.401991	0.156077	0.186233	0.976657	0.00565373	0.193221	2.01638e-27	5.27204	0.485948	0	0	2.06765e-49
342	rs1	1:1	2:0.1835	rs2	1:2	2:0.3265	0	1000	1	6.60716e-33	1.87599	0.157006	7.68174e-25	1.56846	0.1524	0.190966	0.269664	0.206208	0.457067	0.147305	0.198075	3.99213e-27	4.44988	0.412546	0	0	6.5752e-37
343	rs1	1:1	2:0.1945	rs2	1:2	2:0.32175	0	1000	1	6.52519e-26	1.55582	0.147801	2.3016e-30	1.7921	0.156489	0.827415	0.0410821	0.188435	0.0579602	-0.480673	0.253519	1.68265e-32	5.5971	0.47151	0	0	3.53853e-52
344	rs1	1:1	2:0.1825	rs2	1:2	2:0.32625	0	1000	1	6.80232e-33	1.87051	0.156579	3.12947e-23	1.50619	0.151704	0.377639	0.184275	0.208868	0.924164	0.0191949	0.20165	3.70302e-29	4.55552	0.406433	0	0	2.91666e-39
345	rs1	1:1	2:0.19125	rs2	1:2	2:0.33625	0	1000	1	3.67055e-30	1.71328	0.150139	2.49e-26	1.56846	0.147734	0.185236	-0.294977	0.222657	0.218983	-0.259097	0.210779	7.73041e-37	5.41429	0.427028	0	0	1.95907e-54
346	rs1	1:1	2:0.18725	rs2	1:2	2:0.33425	0	1000	1	2.78872e-28	1.64905	0.149528	5.54678e-29	1.65735	0.148339	0.816078	-0.048824	0.209912	0.701298	0.0762478	0.198785	4.16831e-32	4.5325	0.38429	0	0	4.56746e-42
347	rs1	1:1	2:0.18775	rs2	1:2	2:0.33525	0	1000	1	1.333e-30	1.77813	0.154632	1.30349e-30	1.76842	0.153762	0.219245	0.250912	0.204236	0.133512	0.298841	0.199175	1.03559e-26	4.40576	0.411815	0	0	2.46244e-36
348	rs1	1:1	2:0.19675	rs2	1:2	2:0.33925	0	1000	1	4.78664e-30	1.71976	0.151012	7.26423e-32	1.81113	0.15417	0.548086	0.120439	0.200521	0.882209	-0.0326708	0.220496	4.20279e-31	5.00191	0.431262	0	0	3.59649e-45
349	rs1	1:1	2:0.18325	rs2	1:2	2:0.32925	0	1000	1	1.57672e-30	1.78585	0.1555	8.7048e-27	1.60272	0.149585	0.796817	-0.0570464	0.221566	0.422307	0.153179	0.190895	8.86558e-30	4.8496	0.427866	0	0	8.16307e-43
350	rs1	1:1	2:0.184	rs2	1:2	2:0.32775	0	1000	1	1.02578e-33	1.86672	0.154244	1.06083e-23	1.5104	0.150501	0.938482	0.0161595	0.209379	0.287033	-0.225003	0.211339	1.23279e-30	5.50482	0.478437	0	0	9.6921e-51
351	rs1	1:1	2:0.18325	rs2	1:2	2:0.33	0	1000	1	2.2382e-35	1.87593	0.151134	2.70999e-25	1.53037	0.147271	0.557864	0.118473	0.202167	0.64172	-0.0935931	0.201148	2.6003e-29	5.29158	0.47079	0	0	1.43072e-48
352	rs1	1:1	2:0.19025	rs2	1:2	2:0.333	0	1000	1	6.00784e-31	1.7803	0.153902	1.33278e-25	1.59974	0.152953	0.971083	-0.00764138	0.210793	0.321838	-0.218304	0.220356	2.69163e-33	5.11967	0.425824	0	0	1.34593e-47
353	rs1	1:1	2:0.18375	rs2	1:2	2:0.3225	0	1000	1	1.4988e-26	1.63031	0.152878	1.10094e-29	1.73724	0.153529	0.566012	-0.121237	0.211239	0.989263	-0.00277833	0.206447	1.23063e-29	5.39507	0.477202	0	0	1.25271e-48
354	rs1	1:1	2:0.18675	rs2	1:2	2:0.31625	0	1000	1	3.12669e-23	1.50129	0.151209	2.78598e-29	1.76573	0.157182	0.710272	0.0725649	0.195334	0.932775	-0.0185989	0.220484	6.95809e-30	4.48401	0.394873	0	0	6.4108e-39
355	rs1	1:1	2:0.18225	rs2	1:2	2:0.319	0	1000	1	1.22034e-28	1.66075	0.149583	5.28855e-26	1.57889	0.149712	0.974513	-0.00639217	0.200073	0.46941	-0.150853	0.208522	5.30934e-32	5.01237	0.425712	0	0	5.78397e-47
356	rs1	1:1	2:0.1825	rs2	1:2	2:0.325	0	1000	1	1.14301e-26	1.65228	0.154574	5.15597e-25	1.57552	0.152519	0.261093	-0.252018	0.224253	0.444587	-0.161162	0.210815	1.92755e-34	5.03632	0.411503	0	0	2.19842e-47
357	rs1	1:1	2:0.18875	rs2	1:2	2:0.32925	0	1000	1	1.76278e-24	1.51553	0.148416	1.2946e-37	1.94646	0.15185	0.610752	-0.104527	0.205357	0.148908	0.28292	0.196009	4.10894e-28	5.16628	0.469941	0	0	4.35971e-46
358	rs1	1:1	2:0.19025	rs2	1:2	2:0.322	0	1000	1	1.96997e-23	1.42074	0.142436	9.34405e-36	1.83068	0.146664	0.381209	-0.171451	0.195795	0.637798	0.0924074	0.196286	6.97669e-32	5.06198	0.430769	0	0	3.75669e-49
359	rs1	1:1	2:0.184	rs2	1:2	2:0.322	0	1000	1	1.61165e-30	1.78286	0.155265	7.99458e-24	1.55886	0.1549	0.549379	0.12141	0.202793	0.334689	-0.21334	0.221143	7.3637e-31	5.00374	0.433217	0	0	1.59929e-44
360	rs1	1:1	2:0.187	rs2	1:2	2:0.332	0	1000	1	2.04389e-24	1.58075	0.15502	4.02105e-29	1.73504	0.154898	0.13155	-0.350392	0.232353	0.780893	-0.0591381	0.212608	1.475e-34	5.10869	0.416677	0	0	9.87428e-48
361	rs1	1:1	2:0.18075	rs2	1:2	2:0.32925	0	1000	1	6.75639e-36	2.04546	0.163533	8.57515e-20	1.41155	0.15502	0.783731	0.0609088	0.221922	0.267154	-0.237136	0.213705	1.65857e-28	5.63812	0.509085	0	0	1.36157e-48
362	rs1	1:1	2:0.18025	rs2	1:2	2:0.322	0	1000	1	1.82155e-29	1.79763	0.159489	8.7275e-26	1.65705	0.157829	0.474273	0.150303	0.210055	0.775087	0.0599905	0.209957	9.71776e-28	4.84386	0.443759	0	0	3.82296e-40
363	rs1	1:1	2:0.18825	rs2	1:2	2:0.33225	0	1000	1	7.30709e-24	1.52988	0.151886	1.34793e-36	1.94017	0.153551	0.284699	-0.234967	0.219632	0.148689	0.282976	0.195943	8.59467e-29	5.30345	0.47634	0	0	4.03738e-47
364	rs1	1:1	2:0.17575	rs2	1:2	2:0.31875	0	1000	1	1.02608e-32	1.94044	0.162899	1.74902e-18	1.3492	0.1538	0.485074	-0.161235	0.230941	0.151999	-0.301592	0.210534	4.69549e-31	5.65782	0.488213	0	0	1.28284e-50
365	rs1	1:1	2:0.18525	rs2	1:2	2:0.32325	0	1000	1	5.85819e-23	1.50736	0.152787	6.55847e-34	1.90235	0.156714	0.398229	-0.179345	0.212295	0.552809	0.123002	0.207229	4.45309e-29	5.34949	0.477966	0	0	2.75871e-47
366	rs1	1:1	2:0.18575	rs2	1:2	2:0.3365	0	1000	1	2.87018e-30	1.75588	0.153584	9.15489e-30	1.6921	0.149326	0.75795	-0.0679475	0.220484	0.29098	0.202253	0.191532	4.03198e-30	4.87361	0.427391	0	0	1.4563e-43
367	rs1	1:1	2:0.188	rs2	1:2	2:0.3325	0	1000	1	3.12005e-36	1.96162	0.156066	3.39238e-23	1.51864	0.153082	0.183877	0.267669	0.20142	0.390791	-0.186586	0.21742	3.22509e-29	5.14509	0.458534	0	0	3.81229e-45
368	rs1	1:1	2:0.1925	rs2	1:2	2:0.3385	0	1000	1	4.60537e-32	1.86315	0.158081	3.60241e-31	1.86047	0.160226	0.0171956	0.473861	0.198893	0.119174	0.330761	0.212264	2.32206e-24	4.34157	0.426286	0	0	3.10501e-33
369	rs1	1:1	2:0.18375	rs2	1:2	2:0.33125	0	1000	1	3.44052e-31	1.83739	0.158185	2.48571e-28	1.70588	0.154536	0.569238	0.121595	0.213633	0.327533	0.194717	0.198874	2.16379e-26	5.04761	0.474851	0	0	7.39981e-42
370	rs1	1:1	2:0.18625	rs2	1:2	2:0.3255	0	1000	1	3.14054e-30	1.73937	0.152244	3.58893e-29	1.71402	0.152883	0.209537	0.246927	0.196779	0.420299	0.163451	0.202817	2.37854e-27	4.56233	0.421117	0	0	1.24037e-38
371	rs1	1:1	2:0.1805	rs2	1:2	2:0.3165	0	1000	1	3.41963e-26	1.6055	0.151646	1.97314e-28	1.67671	0.151609	0.686637	-0.0836901	0.20745	0.869683	0.03297	0.200961	2.84448e-30	5.01352	0.438494	0	0	2.35962e-45
372	rs1	1:1	2:0.18425	rs2	1:2	2:0.32	0	1000	1	3.09256e-27	1.59458	0.147512	8.59922e-28	1.63075	0.149246	0.937115	-0.0155813	0.197491	0.567095	-0.119738	0.20921	9.18052e-33	4.82428	0.404681	0	0	1.03061e-45
373	rs1	1:1	2:0.18	rs2	1:2	2:0.31675	0	1000	1	1.94879e-26	1.60714	0.151052	2.54627e-31	1.75686	0.150919	0.814848	-0.0481086	0.205437	0.319084	0.192088	0.192793	2.47274e-26	5.24187	0.493704	0	0	1.4849e-45
374	rs1	1:1	2:0.191	rs2	1:2	2:0.33825	0	1000	1	1.41895e-30	1.72625	0.150191	6.98834e-28	1.63	0.148921	0.740396	-0.0701657	0.21177	0.647614	-0.0952454	0.208378	3.91956e-34	4.91062	0.403135	0	0	5.30972e-47
375	rs1	1:1	2:0.1885	rs2	1:2	2:0.336	0	1000	1	2.63682e-33	1.87121	0.155614	8.73474e-27	1.64481	0.153517	0.264573	0.230007	0.206164	0.793296	0.0546538	0.208576	4.09383e-29	4.67444	0.417374	0	0	3.03268e-40
376	rs1	1:1	2:0.18775	rs2	1:2	2:0.334	0	1000	1	2.54994e-29	1.73156	0.154033	6.03016e-26	1.60489	0.152355	0.513131	-0.143409	0.21929	0.405318	-0.179101	0.215224	2.69698e-34	5.11148	0.418578	0	0	3.67031e-48
377	rs1	1:1	2:0.18575	rs2	1:2	2:0.33075	0	1000	1	4.6005e-27	1.67471	0.15545	2.65485e-30	1.77581	0.155235	0.596329	-0.116191	0.219357	0.726922	0.072436	0.207421	1.05263e-30	5.14763	0.446864	0	0	8.28856e-46
378	rs1	1:1	2:0.1925	rs2	1:2	2:0.32525	0	1000	1	6.3888e-36	1.82366	0.145749	4.58869e-29	1.63238	0.145885	0.00241297	0.549762	0.181198	0.132522	0.28847	0.191773	1.0364e-24	3.89279	0.37931	0	0	3.32215e-32
379	rs1	1:1	2:0.186	rs2	1:2	2:0.33025	0	1000	1	1.33273e-29	1.74045	0.154041	6.78605e-31	1.7475	0.151204	0.814318	0.049754	0.211846	0.151907	0.274758	0.191759	2.79104e-27	4.88772	0.451762	0	0	9.21046e-42
380	rs1	1:1	2:0.19	rs2	1:2	2:0.32075	0	1000	1	1.03138e-26	1.63809	0.15311	5.3966e-28	1.70473	0.155416	0.528723	0.126203	0.200337	0.849638	0.0403001	0.212575	2.39273e-29	4.49683	0.39982	0	0	8.70762e-39
381	rs1	1:1	2:0.17975	rs2	1:2	2:0.32225	0	1000	1	3.92382e-35	1.81123	0.146452	1.27419e-19	1.27006	0.140144	0.59687	-0.108788	0.205684	0.0834013	-0.338192	0.195342	2.22061e-36	5.06251	0.401913	0	0	2.99401e-52
382	rs1	1:1	2:0.183	rs2	1:2	2:0.3305	0	1000	1	4.16778e-33	1.88239	0.157039	7.61127e-25	1.55744	0.151317	0.960049	0.0108761	0.217123	0.932581	-0.0169701	0.200596	6.67739e-29	5.32412	0.477234	0	0	5.6667e-47
383	rs1	1:1	2:0.1965	rs2	1:2	2:0.331	0	1000	1	7.37667e-26	1.53746	0.146217	9.54116e-37	1.93699	0.152971	0.897702	0.024772	0.192681	0.755424	0.066161	0.212398	4.53174e-29	5.27762	0.47161	0	0	5.78679e-48
384	rs1	1:1	2:0.17775	rs2	1:2	2:0.317	0	1000	1	2.39497e-24	1.62646	0.159745	2.79323e-29	1.78202	0.158635	0.694176	-0.086963	0.221171	0.229154	0.24025	0.199785	4.17984e-27	4.95965	0.459987	0	0	9.69924e-41
385	rs1	1:1	2:0.17575	rs2	1:2	2:0.31125	0	1000	1	1.55711e-25	1.65127	0.158103	4.10823e-26	1.66455	0.15748	0.626953	-0.104702	0.215427	0.886647	-0.0298115	0.209133	1.57006e-28	5.32383	0.480494	0	0	8.27789e-46
386	rs1	1:1	2:0.19025	rs2	1:2	2:0.32675	0	1000	1	1.19711e-31	1.72252	0.147157	1.57222e-31	1.75632	0.150342	0.282461	0.202329	0.188247	0.997234	0.000721315	0.208106	2.17316e-25	5.47178	0.525498	0	0	4.457e-48
387	rs1	1:1	2:0.19225	rs2	1:2	2:0.34175	0	1000	1	1.29708e-40	2.03915	0.152823	1.8993e-24	1.51245	0.148219	0.110487	0.318943	0.199838	0.611476	-0.105162	0.207026	2.41454e-29	5.09124	0.452702	0	0	7.88587e-46
388	rs1	1:1	2:0.182	rs2	1:2	2:0.3245	0	1000	1	1.63686e-41	2.06457	0.152969	1.2818e-20	1.35781	0.145849	0.0043612	0.544162	0.190882	0.926348	0.017829	0.192871	3.96846e-26	4.37417	0.413705	0	0	7.86174e-37
389	rs1	1:1	2:0.18275	rs2	1:2	2:0.3325	0	1000	1	3.69855e-33	1.89134	0.157655	1.96525e-23	1.50845	0.151227	0.742888	0.0717513	0.218733	0.889343	0.0277344	0.199334	2.84155e-30	4.69185	0.410357	0	0	4.43949e-41
390	rs1	1:1	2:0.17525	rs2	1:2	2:0.306	0	1000	1	2.45572e-28	1.80154	0.163186	3.03683e-24	1.68675	0.166044	0.0972787	0.329422	0.198663	0.876223	-0.0352214	0.226128	1.14337e-22	5.26276	0.537102	0	0	1.71929e-39
391	rs1	1:1	2:0.17925	rs2	1:2	2:0.3145	0	1000	1	5.53865e-25	1.53894	0.149077	1.41132e-29	1.68671	0.149351	0.356149	-0.191777	0.207837	0.907109	0.0229799	0.196939	1.08638e-30	5.21167	0.45253	0	0	1.40499e-48
392	rs1	1:1	2:0.1745	rs2	1:2	2:0.308	0	1000	1	5.4875e-25	1.57439	0.152498	3.56388e-28	1.68081	0.152714	0.427175	-0.165749	0.208742	0.961264	-0.00974429	0.200635	1.68801e-26	5.65469	0.530806	0	0	7.14767e-50
393	rs1	1:1	2:0.189	rs2	1:2	2:0.323	0	1000	1	4.23026e-22	1.46533	0.151606	1.43612e-37	2.04859	0.159918	0.763392	0.0594723	0.197563	0.105942	0.336448	0.208107	2.20783e-26	4.80991	0.45257	0	0	1.20451e-39
394	rs1	1:1	2:0.185	rs2	1:2	2:0.32025	0	1000	1	1.29637e-27	1.62947	0.14964	7.83916e-29	1.6915	0.151813	0.737335	0.0660566	0.196958	0.921138	-0.0206528	0.208612	2.37849e-30	4.85656	0.42419	0	0	6.21532e-44
395	rs1	1:1	2:0.19025	rs2	1:2	2:0.33375	0	1000	1	7.58425e-33	1.92174	0.160989	2.09991e-26	1.71018	0.160842	0.203771	0.262843	0.20682	0.753006	-0.0711627	0.226144	2.71065e-26	5.38765	0.507845	0	0	5.9191e-44
