Outcome	Var1_ID	Var1_Pos	Var1_MAF	Var2_ID	Var2_Pos	Var2_MAF	Num_Missing	Num_Cases	Converged	Red_Var1_Pval	Red_Var1_beta	Red_Var1_SE	Red_Var2_Pval	Red_Var2_beta	Red_Var2_SE	Full_Var1_Pval	Full_Var1_beta	Full_Var1_SE	Full_Var2_Pval	Full_Var2_beta	Full_Var2_SE	Full_Var1_Var2_Pval	Full_Var1_Var2_beta	Full_Var1_Var2_SE	Red_Model_Pval	Full_Model_Pval	Overall_Pval_(LRT)
1	rs1	1:1	2:0.1915	rs2	1:2	2:0.335	0	1000	0	0.564763	-0.788584	1.36959	9.2391e-26	6.27653	0.598127	0.999985	-29.2866	1.55172e+06	3.04878e-26	6.16682	0.581893	0.999973	54.239	1.60262e+06	0	0	1
2	rs1	1:1	2:0.17425	rs2	1:2	2:0.3165	0	1000	0	0.672219	-0.780173	1.84393	4.94638e-25	6.10174	0.590454	0.999989	-29.3722	2.19446e+06	2.79179e-25	6.04383	0.58177	0.999981	54.362	2.26645e+06	0	0	1
3	rs1	1:1	2:0.18	rs2	1:2	2:0.318	0	1000	0	0.38504	-1.68578	1.9407	2.87125e-12	7.28909	1.0437	0.999985	-29.3781	1.55172e+06	1.18241e-12	7.1256	1.00256	0.999974	53.2802	1.63567e+06	0	0	1
4	rs1	1:1	2:0.19025	rs2	1:2	2:0.33125	0	1000	0	0.82886	0.257964	1.19338	3.60553e-13	7.29191	1.00307	0.860713	0.215152	1.22617	4.36438e-13	7.26267	1.00261	0.99996	23.6334	467910	0	0	1
5	rs1	1:1	2:0.18275	rs2	1:2	2:0.33175	0	1000	0	0.0831497	1.998	1.15312	3.30102e-20	6.54516	0.710758	0.0856592	1.98721	1.15619	3.48773e-20	6.54108	0.710772	0.999966	22.5632	532292	0	0	1
6	rs1	1:1	2:0.18925	rs2	1:2	2:0.32825	0	1000	0	0.489494	0.952825	1.37868	2.90471e-26	6.16949	0.581896	0.526078	0.897394	1.41544	3.40898e-26	6.16008	0.581831	0.999967	24.0428	586557	0	0	1
7	rs1	1:1	2:0.1785	rs2	1:2	2:0.322	0	1000	0	0.820088	0.190228	0.836415	2.50415e-38	5.36547	0.414479	0.879562	0.131513	0.867937	3.81875e-38	5.35187	0.414467	0.999972	25.5442	731565	0	0	1
8	rs1	1:1	2:0.18325	rs2	1:2	2:0.32	0	1000	0	0.623429	0.445126	0.906576	8.99567e-13	7.16378	1.00262	0.638391	0.429857	0.914687	1.02612e-12	7.14524	1.00257	0.999966	23.4631	548674	0	0	1
9	rs1	1:1	2:0.18925	rs2	1:2	2:0.33075	0	1000	0	0.999938	28.6429	369003	5.82491e-26	6.13102	0.581849	0.99998	31.0939	1.26711e+06	5.82491e-26	6.13102	0.581849	0.999996	-6.13102	1.35074e+06	1	0	1
10	rs1	1:1	2:0.193	rs2	1:2	2:0.32675	0	1000	0	0.812537	-0.215621	0.9092	7.18294e-39	5.42874	0.416293	0.633634	-0.533595	1.11954	1.63431e-38	5.37991	0.414546	0.999955	26.2093	467910	0	0	1
11	rs1	1:1	2:0.18575	rs2	1:2	2:0.32925	0	1000	0	0.517895	-0.914281	1.414	2.28513e-25	6.2113	0.596795	0.999985	-29.326	1.55172e+06	8.56162e-26	6.10977	0.581836	0.999973	54.296	1.61509e+06	0	0	1
12	rs1	1:1	2:0.1915	rs2	1:2	2:0.33475	0	1000	0	0.999946	24.5645	365782	3.21968e-20	6.54766	0.710823	0.999946	24.5645	365782	3.21968e-20	6.54766	0.710823	nan	nan	nan	1	0	1
13	rs1	1:1	2:0.17925	rs2	1:2	2:0.325	0	1000	0	0.699591	-0.70716	1.83262	9.12512e-26	6.19859	0.590633	0.999989	-29.3153	2.19446e+06	4.93333e-26	6.13986	0.581826	0.999981	54.2659	2.2581e+06	0	0	1
14	rs1	1:1	2:0.18475	rs2	1:2	2:0.31975	0	1000	0	0.99996	24.5843	490749	9.61599e-20	6.46288	0.710738	0.99996	24.5843	490749	9.61599e-20	6.46288	0.710738	nan	nan	nan	1	0	1
15	rs1	1:1	2:0.186	rs2	1:2	2:0.3365	0	1000	0	0.751609	-0.31141	0.983861	3.02381e-26	6.18723	0.583776	0.657212	-0.496831	1.11958	5.62402e-26	6.13297	0.581852	0.999956	25.4562	457625	0	0	1
16	rs1	1:1	2:0.17675	rs2	1:2	2:0.3175	0	1000	0	0.999944	28.3514	402405	1.28598e-19	6.44035	0.710733	0.999984	31.0356	1.55188e+06	1.28598e-19	6.44035	0.710733	0.999997	-6.44035	1.63152e+06	1	0	1
17	rs1	1:1	2:0.1895	rs2	1:2	2:0.3275	0	1000	0	0.431668	0.60235	0.766017	0.999726	31.0804	90455.4	0.431668	0.60235	0.766017	0.999729	31.0929	91684.7	0.999999	-0.60235	574037	1	0	1
18	rs1	1:1	2:0.188	rs2	1:2	2:0.336	0	1000	0	0.501448	0.5929	0.882012	1.47305e-36	5.72206	0.453112	0.56375	0.528111	0.914825	2.2716e-36	5.70595	0.453061	0.999963	24.9024	532292	0	0	1
19	rs1	1:1	2:0.18775	rs2	1:2	2:0.31775	0	1000	0	0.316563	-0.976231	0.974724	5.43681e-13	7.2726	1.00814	0.304969	-1.09828	1.07062	9.64841e-13	7.15391	1.00259	0.999954	24.9949	430415	0	0	1
20	rs1	1:1	2:0.1815	rs2	1:2	2:0.315	0	1000	0	0.866343	0.198101	1.17704	1.01536e-19	6.4616	0.711058	0.913646	0.132958	1.22609	1.3026e-19	6.43923	0.71072	0.999966	24.4568	566668	0	0	1
21	rs1	1:1	2:0.18525	rs2	1:2	2:0.33075	0	1000	0	0.999958	25.2471	478922	6.39085e-31	5.84098	0.505171	0.999958	25.2471	478922	6.39085e-31	5.84098	0.505171	nan	nan	nan	1	0	1
22	rs1	1:1	2:0.19025	rs2	1:2	2:0.3285	0	1000	0	0.364374	0.903966	0.996587	4.49989e-13	7.25841	1.0026	0.372423	0.893484	1.00173	4.86179e-13	7.24785	1.00259	0.999968	22.955	566668	0	0	1
23	rs1	1:1	2:0.1855	rs2	1:2	2:0.327	0	1000	0	0.730191	-0.337773	0.979417	8.54727e-31	5.84255	0.506401	0.636431	-0.529204	1.11955	1.60608e-30	5.80052	0.505139	0.999961	25.7887	532292	0	0	1
24	rs1	1:1	2:0.192	rs2	1:2	2:0.334	0	1000	0	0.905591	-0.127946	1.07878	3.59974e-20	6.5479	0.711776	0.843022	-0.228956	1.15617	5.36639e-20	6.50801	0.710762	0.99996	24.7935	490749	0	0	1
25	rs1	1:1	2:0.1785	rs2	1:2	2:0.31575	0	1000	0	0.738752	-0.312706	0.937631	3.87828e-34	5.53761	0.454575	0.606501	-0.576625	1.1195	8.13925e-34	5.48995	0.452915	0.999959	26.0992	503497	0	0	1
26	rs1	1:1	2:0.181	rs2	1:2	2:0.32375	0	1000	0	0.165719	1.26196	0.910443	7.922e-20	6.47763	0.710715	0.171729	1.25009	0.914699	8.71479e-20	6.47045	0.710734	0.999968	23.327	586557	0	0	1
27	rs1	1:1	2:0.183	rs2	1:2	2:0.32425	0	1000	0	0.900382	0.153483	1.22611	0.99973	31.0434	91827	0.900382	0.153483	1.22611	0.999736	31.0495	93838.4	1	-0.153483	457713	1	0	1
28	rs1	1:1	2:0.18675	rs2	1:2	2:0.32375	0	1000	0	0.782583	-0.455862	1.65194	4.06464e-30	5.84318	0.512449	0.999989	-29.3499	2.19446e+06	2.16189e-30	5.78748	0.505136	0.999981	54.6183	2.24867e+06	0	0	1
29	rs1	1:1	2:0.1785	rs2	1:2	2:0.31425	0	1000	0	0.85564	0.21211	1.16591	1.12299e-19	6.45589	0.711288	0.915128	0.130667	1.22609	1.5113e-19	6.42778	0.710728	0.999961	24.4683	503497	0	0	1
30	rs1	1:1	2:0.181	rs2	1:2	2:0.32475	0	1000	0	0.79933	0.214898	0.84534	4.15537e-20	6.52965	0.710985	0.841921	0.173109	0.867985	5.87688e-20	6.50105	0.710763	0.99996	24.395	490749	0	0	1
31	rs1	1:1	2:0.186	rs2	1:2	2:0.322	0	1000	0	0.220598	-1.74541	1.4249	2.17841e-19	6.63729	0.737157	0.999979	-29.3509	1.09723e+06	7.05366e-20	6.48679	0.710739	0.999965	53.919	1.22677e+06	0	0	1
32	rs1	1:1	2:0.18625	rs2	1:2	2:0.32	0	1000	0	0.442899	0.584552	0.761822	6.54184e-13	7.20727	1.00259	0.453	0.574806	0.765976	7.39623e-13	7.19042	1.00258	0.999965	23.3002	532292	0	0	1
33	rs1	1:1	2:0.18325	rs2	1:2	2:0.328	0	1000	0	0.48253	0.952515	1.3564	1.18451e-30	5.81536	0.505276	0.543402	0.86011	1.41541	1.49756e-30	5.80354	0.505136	0.999963	24.3994	532292	0	0	1
34	rs1	1:1	2:0.1895	rs2	1:2	2:0.32875	0	1000	0	0.511293	0.917327	1.39661	4.90705e-13	7.24749	1.00272	0.529677	0.889596	1.41543	5.4034e-13	7.23348	1.0026	0.999963	22.9694	490749	0	0	1
35	rs1	1:1	2:0.18875	rs2	1:2	2:0.3325	0	1000	0	0.19134	1.59797	1.22298	4.50053e-13	7.25833	1.00259	0.194698	1.59009	1.22616	4.68004e-13	7.25305	1.00259	0.999969	22.2567	566668	0	0	1
36	rs1	1:1	2:0.18125	rs2	1:2	2:0.31775	0	1000	0	0.68467	-0.410948	1.01194	1.44873e-25	6.09175	0.582883	0.622172	-0.551672	1.11952	2.44169e-25	6.05137	0.581781	0.999964	25.5378	566668	0	0	1
37	rs1	1:1	2:0.18925	rs2	1:2	2:0.3285	0	1000	0	0.999937	28.6004	365073	6.38778e-13	7.21061	1.0026	0.99998	31.0838	1.26711e+06	6.38778e-13	7.21061	1.0026	0.999996	-7.21061	1.35074e+06	1	0	1
38	rs1	1:1	2:0.1855	rs2	1:2	2:0.328	0	1000	0	0.77043	0.328159	1.12455	5.75767e-31	5.85196	0.505729	0.881535	0.182724	1.22614	8.92577e-31	5.8264	0.505165	0.999959	25.0696	490749	0	0	1
39	rs1	1:1	2:0.193	rs2	1:2	2:0.33725	0	1000	0	0.297797	-1.95422	1.87695	8.73177e-13	7.47789	1.04598	0.999982	-29.278	1.26697e+06	3.23461e-13	7.30329	1.00261	0.999969	53.1025	1.38068e+06	0	0	1
40	rs1	1:1	2:0.18275	rs2	1:2	2:0.32725	0	1000	0	0.899591	-0.137831	1.09235	2.79721e-20	6.56369	0.711399	0.849552	-0.219317	1.15618	3.93387e-20	6.53178	0.710761	0.999964	24.7697	548674	0	0	1
41	rs1	1:1	2:0.18675	rs2	1:2	2:0.32875	0	1000	0	0.617778	-1.03832	2.0808	7.11173e-20	6.59773	0.722964	0.999989	-29.3264	2.19446e+06	3.98365e-20	6.53071	0.710749	0.999981	53.8751	2.2715e+06	0	0	1
42	rs1	1:1	2:0.191	rs2	1:2	2:0.31775	0	1000	0	0.761012	-0.248964	0.818551	0.99973	31.0631	91681.8	0.761012	-0.248964	0.818551	0.999735	31.0525	93497.1	1	0.248964	477160	1	0	1
43	rs1	1:1	2:0.17825	rs2	1:2	2:0.3155	0	1000	0	0.543909	0.853282	1.40594	8.41008e-13	7.17266	1.00257	0.55303	0.839645	1.41539	8.83389e-13	7.16579	1.00255	0.999975	23.0371	731565	0	0	1
44	rs1	1:1	2:0.1795	rs2	1:2	2:0.324	0	1000	0	0.315243	-1.42444	1.41837	3.93578e-19	6.59814	0.73815	0.999982	-29.3686	1.26697e+06	1.23116e-19	6.44379	0.71074	0.999968	53.962	1.35062e+06	0	0	1
45	rs1	1:1	2:0.1875	rs2	1:2	2:0.32175	0	1000	0	0.302054	-1.5529	1.50469	1.9899e-19	6.61967	0.73439	0.999982	-29.3499	1.26697e+06	7.12697e-20	6.48601	0.710741	0.999969	53.9198	1.37425e+06	0	0	1
46	rs1	1:1	2:0.18175	rs2	1:2	2:0.328	0	1000	0	0.780988	0.314792	1.13222	6.29789e-26	6.13494	0.582628	0.88244	0.181317	1.22614	9.54648e-26	6.10379	0.581837	0.999956	24.7923	447990	0	0	1
47	rs1	1:1	2:0.178	rs2	1:2	2:0.32125	0	1000	0	0.999952	27.9918	469488	2.26934e-25	6.05539	0.581777	0.999989	31.0415	2.19469e+06	2.26934e-25	6.05539	0.581777	0.999998	-6.05539	2.26667e+06	1	0	1
48	rs1	1:1	2:0.18675	rs2	1:2	2:0.3405	0	1000	0	0.687288	-0.769795	1.91235	1.62802e-26	6.28498	0.589785	0.999989	-29.2627	2.19446e+06	9.16215e-27	6.2318	0.581881	0.999981	54.174	2.26645e+06	0	0	1
49	rs1	1:1	2:0.18525	rs2	1:2	2:0.326	0	1000	0	0.999943	27.6853	389163	5.22204e-26	6.13699	0.581849	0.999989	31.0964	2.19469e+06	5.22204e-26	6.13699	0.581849	0.999998	-6.13699	2.2419e+06	1	0	1
50	rs1	1:1	2:0.178	rs2	1:2	2:0.3215	0	1000	0	0.8476	-0.214664	1.11699	8.09349e-13	7.18294	1.00327	0.819854	-0.263291	1.15614	1.02612e-12	7.14524	1.00257	0.999964	24.1563	532292	0	0	1
51	rs1	1:1	2:0.188	rs2	1:2	2:0.3285	0	1000	0	0.962345	-0.0491981	1.0421	3.0249e-26	6.18019	0.583114	0.858801	-0.205688	1.1562	5.11378e-26	6.13819	0.581854	0.999956	25.1633	457625	0	0	1
52	rs1	1:1	2:0.1865	rs2	1:2	2:0.32775	0	1000	0	0.795311	0.219629	0.846614	3.5109e-20	6.54225	0.710953	0.835437	0.180312	0.867995	4.87821e-20	6.51537	0.710766	0.999961	24.3807	503497	0	0	1
53	rs1	1:1	2:0.1875	rs2	1:2	2:0.3265	0	1000	0	0.999767	-22.6442	77662.7	0.999635	50.07	109420	0.999989	-29.3268	2.19446e+06	0.999732	31.079	92495.3	0.99999	29.3268	2.24802e+06	1	0	1
54	rs1	1:1	2:0.1885	rs2	1:2	2:0.32575	0	1000	0	0.999945	27.7558	400217	4.72409e-31	5.85428	0.505188	0.999989	31.0978	2.19469e+06	4.72409e-31	5.85428	0.505188	0.999998	-5.85428	2.24402e+06	1	0	1
55	rs1	1:1	2:0.18875	rs2	1:2	2:0.33	0	1000	0	0.529954	-0.647801	1.03141	4.0466e-13	7.28946	1.00489	0.50651	-0.728724	1.09701	6.07288e-13	7.21754	1.0026	0.999958	24.5948	467910	0	0	1
56	rs1	1:1	2:0.18225	rs2	1:2	2:0.3285	0	1000	0	0.999958	24.9647	478922	7.47693e-26	6.1171	0.581826	0.999958	24.9647	478922	7.47693e-26	6.1171	0.581826	nan	nan	nan	1	0	1
57	rs1	1:1	2:0.17775	rs2	1:2	2:0.323	0	1000	0	0.196186	1.56411	1.21014	3.11884e-38	5.35825	0.414461	0.214138	1.52314	1.2261	3.63358e-38	5.35359	0.414477	0.99997	24.1562	633554	0	0	1
58	rs1	1:1	2:0.189	rs2	1:2	2:0.33675	0	1000	0	0.304226	-1.71433	1.66859	2.22832e-20	6.74611	0.729247	0.999982	-29.2637	1.26697e+06	9.33725e-21	6.64128	0.710806	0.99997	53.7645	1.41655e+06	0	0	1
59	rs1	1:1	2:0.1865	rs2	1:2	2:0.31475	0	1000	0	0.315354	-1.40383	1.39816	5.98867e-19	6.57293	0.739176	0.999982	-29.3847	1.26697e+06	1.82986e-19	6.41295	0.710733	0.999968	53.9928	1.34709e+06	0	0	1
60	rs1	1:1	2:0.18625	rs2	1:2	2:0.3165	0	1000	0	0.769607	-0.485694	1.65829	8.09753e-30	5.81132	0.512357	0.999989	-29.3686	2.19446e+06	4.3948e-30	5.75612	0.505115	0.999981	54.6497	2.25148e+06	0	0	1
61	rs1	1:1	2:0.1855	rs2	1:2	2:0.3205	0	1000	0	0.511746	0.903619	1.37721	7.98782e-20	6.47894	0.710929	0.550207	0.845628	1.41539	9.45673e-20	6.46422	0.710742	0.999961	23.7387	490749	0	0	1
62	rs1	1:1	2:0.191	rs2	1:2	2:0.3375	0	1000	0	0.358847	-1.23406	1.34493	5.14109e-26	6.30683	0.597868	0.999982	-29.28	1.26697e+06	1.78057e-26	6.19585	0.581877	0.999968	54.2099	1.3587e+06	0	0	1
63	rs1	1:1	2:0.184	rs2	1:2	2:0.31225	0	1000	0	0.919727	0.123561	1.22608	0.999734	31.0154	92904.2	0.919727	0.123561	1.22608	0.999738	31.0196	94620	1	-0.123561	499787	1	0	1
64	rs1	1:1	2:0.19075	rs2	1:2	2:0.33925	0	1000	0	0.349102	-1.28848	1.37609	4.22405e-26	6.30866	0.596997	0.999982	-29.2775	1.26697e+06	1.54536e-26	6.2035	0.581875	0.999968	54.2023	1.36851e+06	0	0	1
65	rs1	1:1	2:0.1885	rs2	1:2	2:0.339	0	1000	0	0.911205	-0.124525	1.11662	2.69937e-13	7.33294	1.00333	0.880549	-0.173751	1.15623	3.44639e-13	7.29476	1.00262	0.999961	24.0067	490749	0	0	1
66	rs1	1:1	2:0.18725	rs2	1:2	2:0.332	0	1000	0	0.958323	-0.0548852	1.05026	2.31074e-26	6.19264	0.582905	0.86383	-0.19829	1.15621	3.80645e-26	6.15434	0.581856	0.999958	25.1472	478922	0	0	1
67	rs1	1:1	2:0.18375	rs2	1:2	2:0.32475	0	1000	0	0.534762	-0.624132	1.00544	2.90971e-20	6.56879	0.712277	0.500303	-0.739393	1.097	4.7536e-20	6.51726	0.710756	0.999963	25.2951	548674	0	0	1
68	rs1	1:1	2:0.18825	rs2	1:2	2:0.3295	0	1000	0	0.249743	0.922666	0.80164	2.31004e-35	5.6214	0.452978	0.283082	0.8787	0.818598	3.37091e-35	5.60786	0.452992	0.999961	24.595	503497	0	0	1
69	rs1	1:1	2:0.18425	rs2	1:2	2:0.3195	0	1000	0	0.999752	-24.2983	78048.6	0.999628	51.3701	110165	0.999976	-29.3616	981393	0.999734	31.0442	93075.8	0.999979	29.3616	1.13706e+06	1	0	1
70	rs1	1:1	2:0.18975	rs2	1:2	2:0.3365	0	1000	0	0.350155	0.925467	0.990557	2.13345e-20	6.57874	0.710797	0.367712	0.902332	1.00174	2.48472e-20	6.56703	0.710783	0.999965	23.6359	532292	0	0	1
71	rs1	1:1	2:0.18675	rs2	1:2	2:0.3305	0	1000	0	0.999938	27.4669	353161	5.35667e-13	7.23477	1.00261	0.999989	31.1008	2.19469e+06	5.35667e-13	7.23477	1.00261	0.999997	-7.23477	2.23497e+06	1	0	1
72	rs1	1:1	2:0.19025	rs2	1:2	2:0.3385	0	1000	0	0.734741	0.284283	0.839022	1.31127e-20	6.61994	0.711263	0.791305	0.229704	0.868065	2.04313e-20	6.58233	0.71083	0.999952	24.3137	407545	0	0	1
73	rs1	1:1	2:0.18925	rs2	1:2	2:0.32625	0	1000	0	0.94885	-0.0538027	0.838681	0.999728	31.0672	91254.2	0.94885	-0.0538027	0.838681	0.999733	31.0654	92825.7	1	0.0538027	511983	1	0	1
74	rs1	1:1	2:0.17675	rs2	1:2	2:0.3115	0	1000	0	0.822914	-0.35188	1.57231	3.66552e-29	5.75601	0.513498	0.999989	-29.3982	2.19446e+06	1.82287e-29	5.69314	0.505109	0.999981	54.7127	2.23972e+06	0	0	1
75	rs1	1:1	2:0.1855	rs2	1:2	2:0.32675	0	1000	0	0.667123	-0.821109	1.90911	1.19488e-19	6.58367	0.725908	0.999989	-29.336	2.19446e+06	5.82506e-20	6.50167	0.710757	0.999981	53.9041	2.24611e+06	0	0	1
76	rs1	1:1	2:0.192	rs2	1:2	2:0.34175	0	1000	0	0.0745401	2.05916	1.1547	2.35709e-13	7.34608	1.00263	0.0757039	2.05372	1.15626	2.43124e-13	7.34199	1.00264	0.999965	21.7623	503497	0	0	1
77	rs1	1:1	2:0.18725	rs2	1:2	2:0.3235	0	1000	0	0.158714	1.28677	0.912987	5.61845e-13	7.22793	1.00257	0.161087	1.28194	0.914738	5.86767e-13	7.22211	1.00258	0.999972	22.5753	633554	0	0	1
78	rs1	1:1	2:0.185	rs2	1:2	2:0.321	0	1000	0	0.742582	-0.566276	1.72416	3.15428e-25	6.14464	0.592138	0.999989	-29.3465	2.19446e+06	1.55234e-25	6.07673	0.58181	0.999981	54.3291	2.24379e+06	0	0	1
79	rs1	1:1	2:0.1875	rs2	1:2	2:0.33	0	1000	0	0.340854	0.937647	0.984428	2.80479e-26	6.17115	0.581873	0.368246	0.901328	1.00174	3.50175e-26	6.15882	0.58185	0.999963	24.0441	517294	0	0	1
80	rs1	1:1	2:0.18675	rs2	1:2	2:0.323	0	1000	0	0.999944	27.7048	396858	9.29204e-26	6.10517	0.581827	0.999989	31.077	2.19469e+06	9.29204e-26	6.10517	0.581827	0.999998	-6.10517	2.24402e+06	1	0	1
81	rs1	1:1	2:0.18875	rs2	1:2	2:0.326	0	1000	0	0.778208	0.316915	1.12519	8.92246e-26	6.11742	0.582781	0.888617	0.171725	1.22613	1.38103e-25	6.08342	0.581833	0.999954	24.8126	430415	0	0	1
82	rs1	1:1	2:0.18525	rs2	1:2	2:0.3295	0	1000	0	0.347837	0.925603	0.985951	2.94934e-20	6.55474	0.710866	0.37296	0.89248	1.00173	3.6427e-20	6.53793	0.71079	0.999958	23.665	447990	0	0	1
83	rs1	1:1	2:0.181	rs2	1:2	2:0.322	0	1000	0	0.842875	0.16934	0.854316	7.33131e-20	6.48402	0.710761	0.867499	0.144805	0.867947	9.05756e-20	6.46737	0.710723	0.999971	24.4287	661725	0	0	1
84	rs1	1:1	2:0.18675	rs2	1:2	2:0.319	0	1000	0	0.772286	0.238091	0.822745	8.00706e-35	5.5781	0.453137	0.861772	0.151128	0.867961	1.45649e-34	5.55381	0.452944	0.999962	25.3422	532292	0	0	1
85	rs1	1:1	2:0.1785	rs2	1:2	2:0.3175	0	1000	0	0.2787	-1.97207	1.82052	2.79167e-12	7.33323	1.04943	0.999982	-29.3699	1.26697e+06	1.02957e-12	7.14474	1.00256	0.999969	53.261	1.38068e+06	0	0	1
86	rs1	1:1	2:0.18925	rs2	1:2	2:0.31575	0	1000	0	0.332934	-1.31948	1.36278	4.75072e-19	6.60937	0.741132	0.999982	-29.3663	1.26697e+06	1.31585e-19	6.43875	0.710753	0.999968	53.967	1.33552e+06	0	0	1
87	rs1	1:1	2:0.17825	rs2	1:2	2:0.30575	0	1000	0	0.208824	-2.01503	1.60329	6.72102e-12	7.32002	1.06652	0.999979	-29.4116	1.09723e+06	1.88985e-12	7.06037	1.00255	0.999964	53.3454	1.1972e+06	0	0	1
88	rs1	1:1	2:0.1925	rs2	1:2	2:0.336	0	1000	0	0.133984	0.93845	0.626229	6.54057e-36	5.66715	0.452992	0.152552	0.908744	0.635229	1.01985e-35	5.65194	0.453055	0.999958	24.551	467910	0	0	1
89	rs1	1:1	2:0.18975	rs2	1:2	2:0.32875	0	1000	0	0.244008	0.937131	0.804385	3.52948e-26	6.15907	0.581914	0.27142	0.900322	0.818626	4.94251e-26	6.1403	0.581877	0.999955	24.0626	422369	0	0	1
90	rs1	1:1	2:0.19075	rs2	1:2	2:0.33825	0	1000	0	0.817831	0.276069	1.19855	2.60987e-13	7.33453	1.00293	0.844605	0.240342	1.22619	3.07469e-13	7.31022	1.00262	0.999963	23.5858	503497	0	0	1
91	rs1	1:1	2:0.17625	rs2	1:2	2:0.31525	0	1000	0	0.492712	0.919772	1.34077	9.18629e-25	5.98243	0.582262	0.572421	0.798954	1.41536	1.2154e-24	5.96183	0.581789	0.999954	24.2411	422369	0	0	1
92	rs1	1:1	2:0.1805	rs2	1:2	2:0.32625	0	1000	0	0.0830677	1.99486	1.151	7.21022e-26	6.11896	0.581814	0.0873578	1.97649	1.15618	7.87013e-26	6.11432	0.58183	0.999964	22.99	503497	0	0	1
93	rs1	1:1	2:0.18675	rs2	1:2	2:0.3315	0	1000	0	0.581052	0.500222	0.906447	4.57967e-13	7.25643	1.00265	0.596305	0.484567	0.914758	5.2496e-13	7.23742	1.0026	0.999964	23.3709	517294	0	0	1
94	rs1	1:1	2:0.19125	rs2	1:2	2:0.34075	0	1000	0	0.672636	-0.837431	1.98193	1.74465e-20	6.72194	0.724588	0.999989	-29.2514	2.19446e+06	8.68942e-21	6.64692	0.710831	0.999981	53.7589	2.24867e+06	0	0	1
95	rs1	1:1	2:0.1845	rs2	1:2	2:0.3205	0	1000	0	0.942842	0.0549677	0.766652	1.74019e-34	5.55678	0.453721	0.917366	-0.0870114	0.838645	4.40305e-34	5.51326	0.452961	0.999953	25.6059	438939	0	0	1
96	rs1	1:1	2:0.18025	rs2	1:2	2:0.32525	0	1000	0	0.39517	-1.6781	1.97359	1.52269e-12	7.36947	1.042	0.999985	-29.3288	1.55172e+06	6.28862e-13	7.21266	1.00258	0.999974	53.1931	1.63567e+06	0	0	1
97	rs1	1:1	2:0.19	rs2	1:2	2:0.3245	0	1000	0	0.246207	-1.50155	1.29487	3.14081e-19	6.67216	0.744357	0.999979	-29.3438	1.09723e+06	7.5987e-20	6.48132	0.710767	0.999964	53.9245	1.17863e+06	0	0	1
98	rs1	1:1	2:0.186	rs2	1:2	2:0.3245	0	1000	0	0.799769	0.290891	1.14684	4.26525e-20	6.53576	0.711867	0.883343	0.179915	1.22614	6.20312e-20	6.49708	0.710783	0.999952	24.399	407545	0	0	1
99	rs1	1:1	2:0.196	rs2	1:2	2:0.33825	0	1000	0	0.548698	0.548643	0.914845	0.999719	31.1422	88526.3	0.548698	0.548643	0.914845	0.999724	31.157	90049.4	0.999999	-0.548643	498942	1	0	1
100	rs1	1:1	2:0.188	rs2	1:2	2:0.3235	0	1000	0	0.836319	-0.238867	1.15616	0.999729	31.0726	91340.3	0.836319	-0.238867	1.15616	0.999734	31.0626	93159.6	1	0.238867	477094	1	0	1
101	rs1	1:1	2:0.1825	rs2	1:2	2:0.33175	0	1000	0	0.999948	27.8751	426624	4.17409e-31	5.85953	0.505179	0.999989	31.0978	2.19469e+06	4.17409e-31	5.85953	0.505179	0.999998	-5.85953	2.25171e+06	1	0	1
102	rs1	1:1	2:0.18575	rs2	1:2	2:0.32525	0	1000	0	0.877142	-0.170042	1.09993	6.42651e-13	7.2213	1.0042	0.834043	-0.242237	1.15616	8.93719e-13	7.16447	1.00259	0.999954	24.137	422369	0	0	1
103	rs1	1:1	2:0.1845	rs2	1:2	2:0.31975	0	1000	0	0.607635	0.46564	0.90688	6.89168e-13	7.2004	1.00262	0.622047	0.45091	0.914714	7.8313e-13	7.18252	1.00258	0.999966	23.4258	548674	0	0	1
104	rs1	1:1	2:0.1885	rs2	1:2	2:0.33025	0	1000	0	0.837246	0.242504	1.18055	3.33823e-20	6.54683	0.711033	0.881794	0.182322	1.22614	4.22829e-20	6.5262	0.710754	0.999966	24.3698	566668	0	0	1
105	rs1	1:1	2:0.18275	rs2	1:2	2:0.3285	0	1000	0	0.816982	0.268811	1.16153	5.2154e-26	6.13991	0.582118	0.88244	0.181317	1.22614	7.10716e-26	6.11973	0.581812	0.999965	24.7763	566668	0	0	1
106	rs1	1:1	2:0.18675	rs2	1:2	2:0.332	0	1000	0	0.286956	-1.96485	1.84523	1.67118e-12	7.39737	1.04786	0.999982	-29.3298	1.26697e+06	6.17281e-13	7.21518	1.00258	0.999969	53.1906	1.38068e+06	0	0	1
107	rs1	1:1	2:0.18375	rs2	1:2	2:0.324	0	1000	0	0.533395	-0.633935	1.01783	1.32961e-47	5.01998	0.346358	0.999982	-29.3663	1.26697e+06	8.391e-48	4.95288	0.340986	0.999967	55.4529	1.3587e+06	0	0	1
108	rs1	1:1	2:0.174	rs2	1:2	2:0.30775	0	1000	0	0.611572	0.445679	0.877613	2.21774e-33	5.4534	0.45298	0.684398	0.371765	0.914623	3.51005e-33	5.43499	0.452878	0.999965	25.1734	566668	0	0	1
109	rs1	1:1	2:0.18725	rs2	1:2	2:0.32575	0	1000	0	0.848524	-0.145968	0.764223	9.45743e-26	6.11466	0.582824	0.762592	-0.24727	0.81856	2.07808e-25	6.06083	0.581832	0.999953	25.2407	430415	0	0	1
110	rs1	1:1	2:0.19125	rs2	1:2	2:0.339	0	1000	0	0.725749	0.393345	1.12132	6.2277e-32	5.94918	0.505856	0.843265	0.242443	1.2262	9.81252e-32	5.92262	0.505249	0.999956	24.9734	457625	0	0	1
111	rs1	1:1	2:0.1865	rs2	1:2	2:0.323	0	1000	0	0.858551	-0.197761	1.10965	7.49069e-13	7.19608	1.00361	0.824544	-0.256322	1.15614	9.89034e-13	7.15039	1.00257	0.99996	24.1511	478922	0	0	1
112	rs1	1:1	2:0.1825	rs2	1:2	2:0.32625	0	1000	0	0.852468	0.222714	1.19758	5.0723e-13	7.24443	1.00292	0.879596	0.185738	1.22614	5.99432e-13	7.21924	1.00259	0.999963	23.6768	517294	0	0	1
113	rs1	1:1	2:0.18725	rs2	1:2	2:0.3255	0	1000	0	0.99996	25.2313	503497	2.99856e-31	5.87388	0.505185	0.99996	25.2313	503497	2.99856e-31	5.87388	0.505185	nan	nan	nan	1	0	1
114	rs1	1:1	2:0.188	rs2	1:2	2:0.31325	0	1000	0	0.999757	-24.1012	79110.4	0.999627	51.9438	111250	0.999979	-29.3606	1.09723e+06	0.999738	31.0452	94532.2	0.99998	29.3606	1.16764e+06	1	0	1
115	rs1	1:1	2:0.188	rs2	1:2	2:0.3135	0	1000	0	0.593767	0.469637	0.880484	8.61298e-30	5.72793	0.505246	0.660534	0.401696	0.914657	1.3352e-29	5.70686	0.505101	0.999962	24.9015	517294	0	0	1
116	rs1	1:1	2:0.1775	rs2	1:2	2:0.31725	0	1000	0	0.459357	-1.10383	1.49186	7.37749e-25	6.12448	0.594865	0.999985	-29.3755	1.55172e+06	3.27207e-25	6.03506	0.581775	0.999974	54.3707	1.64048e+06	0	0	1
117	rs1	1:1	2:0.18075	rs2	1:2	2:0.31325	0	1000	0	0.646613	0.419352	0.914672	0.999733	31.0174	92622.5	0.646613	0.419352	0.914672	0.999737	31.0277	94010.4	0.999999	-0.419352	556669	1	0	1
118	rs1	1:1	2:0.18175	rs2	1:2	2:0.314	0	1000	0	0.99996	25.2939	503497	8.24417e-30	5.72822	0.505101	0.99996	25.2939	503497	8.24417e-30	5.72822	0.505101	nan	nan	nan	1	0	1
119	rs1	1:1	2:0.18475	rs2	1:2	2:0.32725	0	1000	0	0.825088	0.256414	1.16021	8.15994e-26	6.11541	0.582122	0.891686	0.166963	1.22612	1.11652e-25	6.09478	0.581799	0.999965	24.8013	566668	0	0	1
120	rs1	1:1	2:0.17875	rs2	1:2	2:0.31525	0	1000	0	0.44146	1.00103	1.30049	1.50826e-33	5.47405	0.453498	0.571238	0.801418	1.41536	2.1867e-33	5.45347	0.452942	0.999952	24.7494	407545	0	0	1
121	rs1	1:1	2:0.18625	rs2	1:2	2:0.3275	0	1000	0	0.477659	0.961148	1.35359	1.06932e-25	6.10047	0.582115	0.541818	0.863493	1.41541	1.36823e-25	6.08385	0.581825	0.999957	24.119	447990	0	0	1
122	rs1	1:1	2:0.19425	rs2	1:2	2:0.34	0	1000	0	0.238164	-1.04025	0.881877	2.00835e-43	5.46078	0.395217	0.999974	-29.2795	895885	7.38196e-44	5.34569	0.384885	0.999956	55.0601	997636	0	0	1
123	rs1	1:1	2:0.18675	rs2	1:2	2:0.31775	0	1000	0	0.578153	-0.514502	0.925222	9.50181e-26	6.14025	0.585288	0.490098	-0.757087	1.09698	1.97315e-25	6.06366	0.581828	0.999952	25.7487	430415	0	0	1
124	rs1	1:1	2:0.1945	rs2	1:2	2:0.33325	0	1000	0	0.580597	-0.548493	0.992724	8.69358e-21	6.66593	0.712868	0.533857	-0.682517	1.09706	1.50472e-20	6.60539	0.710817	0.999958	25.2069	478922	0	0	1
125	rs1	1:1	2:0.18025	rs2	1:2	2:0.3175	0	1000	0	0.370359	0.879249	0.981521	2.16291e-25	6.05877	0.581847	0.403579	0.836635	1.00166	2.78017e-25	6.0443	0.581793	0.999962	24.1586	503497	0	0	1
126	rs1	1:1	2:0.18525	rs2	1:2	2:0.33575	0	1000	0	0.362411	-1.1944	1.3114	3.80212e-31	5.98759	0.515865	0.999982	-29.2886	1.26697e+06	1.59136e-31	5.9013	0.505199	0.999969	54.5045	1.38068e+06	0	0	1
127	rs1	1:1	2:0.1825	rs2	1:2	2:0.326	0	1000	0	0.522807	0.891287	1.39476	7.10925e-13	7.19696	1.00274	0.543102	0.860748	1.41541	7.89174e-13	7.18152	1.00258	0.999962	23.0214	478922	0	0	1
128	rs1	1:1	2:0.18525	rs2	1:2	2:0.321	0	1000	0	0.752305	-0.258332	0.818538	0.999731	31.0537	92002.7	0.752305	-0.258332	0.818538	0.999736	31.0432	93752.7	1	0.258332	488012	1	0	1
129	rs1	1:1	2:0.181	rs2	1:2	2:0.3115	0	1000	0	0.659428	-0.825097	1.87223	4.543e-19	6.48401	0.726672	0.999989	-29.394	2.19446e+06	2.2126e-19	6.39805	0.710721	0.999981	54.0077	2.24611e+06	0	0	1
130	rs1	1:1	2:0.18525	rs2	1:2	2:0.3235	0	1000	0	0.0831274	1.98523	1.14566	1.75942e-38	5.37709	0.414509	0.0921333	1.94725	1.15615	2.0668e-38	5.37224	0.41453	0.999962	23.732	503497	0	0	1
131	rs1	1:1	2:0.1875	rs2	1:2	2:0.32875	0	1000	0	0.369268	0.8994	1.00173	0.999725	31.0831	90115.9	0.369268	0.8994	1.00173	0.999729	31.1023	91525.1	0.999999	-0.8994	540103	1	0	1
132	rs1	1:1	2:0.18725	rs2	1:2	2:0.31925	0	1000	0	0.412731	-0.757261	0.924506	1.01604e-19	6.50934	0.716318	0.36774	-0.974255	1.08165	2.08691e-19	6.40288	0.710751	0.999951	25.5918	414758	0	0	1
133	rs1	1:1	2:0.18425	rs2	1:2	2:0.32875	0	1000	0	0.985921	-0.0180699	1.02398	6.9101e-36	5.6743	0.453721	0.86078	-0.202776	1.15621	1.2391e-35	5.64424	0.453001	0.999962	25.6573	532292	0	0	1
134	rs1	1:1	2:0.18775	rs2	1:2	2:0.31725	0	1000	0	0.59605	0.475776	0.89754	6.63163e-20	6.49247	0.710841	0.628292	0.442838	0.914705	8.51622e-20	6.47232	0.710744	0.999963	24.136	517294	0	0	1
135	rs1	1:1	2:0.18175	rs2	1:2	2:0.3055	0	1000	0	0.325901	-1.27761	1.30049	2.93978e-24	6.08906	0.599218	0.999981	-29.4104	1.26697e+06	1.07124e-24	5.96864	0.58176	0.999968	54.4371	1.36335e+06	0	0	1
136	rs1	1:1	2:0.19525	rs2	1:2	2:0.335	0	1000	0	0.815385	0.278557	1.19304	2.83812e-13	7.32446	1.00309	0.847854	0.235253	1.22619	3.44468e-13	7.29487	1.00263	0.999959	23.6012	457625	0	0	1
137	rs1	1:1	2:0.186	rs2	1:2	2:0.32925	0	1000	0	0.251507	-1.45554	1.26933	1.32694e-25	6.27305	0.599752	0.999979	-29.311	1.09723e+06	4.2865e-26	6.14768	0.581839	0.999964	54.2581	1.21306e+06	0	0	1
138	rs1	1:1	2:0.189	rs2	1:2	2:0.33675	0	1000	0	0.44505	-1.26042	1.65043	5.86747e-20	6.68084	0.730407	0.999985	-29.2981	1.55172e+06	2.35152e-20	6.57124	0.710785	0.999974	53.8346	1.63136e+06	0	0	1
139	rs1	1:1	2:0.17825	rs2	1:2	2:0.3165	0	1000	0	0.709772	-0.650259	1.74725	1.1879e-24	6.06521	0.591749	0.999989	-29.3927	2.19446e+06	6.19299e-25	5.99942	0.581767	0.999981	54.4064	2.25148e+06	0	0	1
140	rs1	1:1	2:0.1835	rs2	1:2	2:0.3255	0	1000	0	0.87985	-0.164117	1.08572	6.26081e-20	6.50337	0.711549	0.82544	-0.254993	1.15615	9.04095e-20	6.46764	0.710737	0.999963	24.8339	532292	0	0	1
141	rs1	1:1	2:0.178	rs2	1:2	2:0.3185	0	1000	0	0.210994	-2.35942	1.88628	2.17855e-12	7.33828	1.04496	0.999979	-29.3639	1.09723e+06	8.7648e-13	7.16689	1.00255	0.999967	53.2389	1.2983e+06	0	0	1
142	rs1	1:1	2:0.1895	rs2	1:2	2:0.32025	0	1000	0	0.219038	-2.07498	1.68823	2.43273e-12	7.41608	1.05836	0.999979	-29.3428	1.09723e+06	7.42661e-13	7.18983	1.00258	0.999965	53.216	1.21306e+06	0	0	1
143	rs1	1:1	2:0.17825	rs2	1:2	2:0.30875	0	1000	0	0.205923	-2.08774	1.65058	5.93903e-12	7.30622	1.06178	0.999979	-29.4116	1.09723e+06	1.81419e-12	7.06604	1.00255	0.999965	53.3398	1.21306e+06	0	0	1
144	rs1	1:1	2:0.1845	rs2	1:2	2:0.31675	0	1000	0	0.86733	0.196067	1.17369	1.20141e-19	6.44911	0.711117	0.918083	0.126101	1.22608	1.56352e-19	6.42505	0.710718	0.999964	24.471	548674	0	0	1
145	rs1	1:1	2:0.1825	rs2	1:2	2:0.324	0	1000	0	0.603204	0.470682	0.90551	6.80317e-13	7.20247	1.00266	0.620221	0.453277	0.914717	7.90346e-13	7.18131	1.00258	0.999963	23.4271	503497	0	0	1
146	rs1	1:1	2:0.19225	rs2	1:2	2:0.335	0	1000	0	0.675292	-0.468999	1.11961	0.999722	31.1437	89487.4	0.675292	-0.468999	1.11961	0.999728	31.1202	91445.6	0.999999	0.468999	448363	1	0	1
147	rs1	1:1	2:0.18675	rs2	1:2	2:0.32525	0	1000	0	0.493198	-0.988357	1.44237	3.80952e-25	6.17435	0.596038	0.999985	-29.3475	1.55172e+06	1.52958e-25	6.07753	0.581808	0.999973	54.3283	1.62394e+06	0	0	1
148	rs1	1:1	2:0.1835	rs2	1:2	2:0.315	0	1000	0	0.167463	1.25098	0.906245	1.68819e-19	6.41958	0.710772	0.179771	1.22699	0.91467	2.03014e-19	6.40502	0.710751	0.999956	23.3924	422369	0	0	1
149	rs1	1:1	2:0.18925	rs2	1:2	2:0.325	0	1000	0	0.552868	0.528218	0.890053	4.14525e-26	6.15059	0.581941	0.599683	0.480115	0.914756	5.83116e-26	6.13085	0.581838	0.999961	24.4775	503497	0	0	1
150	rs1	1:1	2:0.18	rs2	1:2	2:0.32125	0	1000	0	0.352214	-1.13956	1.22493	1.67368e-37	5.38854	0.421032	0.999981	-29.3932	1.26697e+06	9.55254e-38	5.32236	0.414453	0.999969	55.0834	1.41655e+06	0	0	1
151	rs1	1:1	2:0.18775	rs2	1:2	2:0.333	0	1000	0	0.834877	0.248349	1.1914	4.22097e-13	7.27098	1.00313	0.868639	0.20279	1.22616	5.16048e-13	7.23982	1.00261	0.999959	23.6562	457625	0	0	1
152	rs1	1:1	2:0.18925	rs2	1:2	2:0.3335	0	1000	0	0.444535	-1.26081	1.64907	6.19965e-20	6.67685	0.730445	0.999985	-29.3006	1.55172e+06	2.48472e-20	6.56703	0.710783	0.999974	53.8388	1.63136e+06	0	0	1
153	rs1	1:1	2:0.19475	rs2	1:2	2:0.331	0	1000	0	0.516437	0.568603	0.876327	2.8677e-31	5.87843	0.505411	0.591158	0.491378	0.914773	4.73018e-31	5.85443	0.505207	0.999956	24.7539	447990	0	0	1
154	rs1	1:1	2:0.18275	rs2	1:2	2:0.31575	0	1000	0	0.38552	0.860895	0.992077	9.52233e-13	7.1564	1.00268	0.40115	0.840966	1.00166	1.09629e-12	7.13623	1.00258	0.999957	23.0667	430415	0	0	1
155	rs1	1:1	2:0.19175	rs2	1:2	2:0.33175	0	1000	0	0.0378637	2.31433	1.11463	1.04675e-35	5.65044	0.45301	0.0406784	2.29158	1.1196	1.16909e-35	5.64673	0.453033	0.999961	23.1699	478922	0	0	1
156	rs1	1:1	2:0.17975	rs2	1:2	2:0.3265	0	1000	0	0.999947	27.7884	418630	0.999723	31.0583	89614.2	0.999989	31.1018	2.19469e+06	0.999729	31.1018	91604.8	0.999989	-31.1018	2.25669e+06	1	0	1
157	rs1	1:1	2:0.1875	rs2	1:2	2:0.33125	0	1000	0	0.29393	-1.93011	1.839	1.24213e-12	7.44313	1.04824	0.999982	-29.303	1.26697e+06	4.46635e-13	7.25943	1.0026	0.999969	53.1464	1.37425e+06	0	0	1
158	rs1	1:1	2:0.18125	rs2	1:2	2:0.32475	0	1000	0	0.999959	25.4826	490749	6.22098e-35	5.58516	0.452962	0.999959	25.4826	490749	6.22098e-35	5.58516	0.452962	nan	nan	nan	1	0	1
159	rs1	1:1	2:0.18725	rs2	1:2	2:0.32675	0	1000	0	0.515716	-0.685009	1.05392	4.48572e-13	7.2651	1.00346	0.502284	-0.735979	1.097	5.92205e-13	7.22085	1.00258	0.999968	24.5915	608699	0	0	1
160	rs1	1:1	2:0.18075	rs2	1:2	2:0.321	0	1000	0	0.16053	1.2795	0.911782	4.57972e-20	6.51978	0.71072	0.164571	1.27134	0.914726	4.89563e-20	6.51485	0.71074	0.999973	23.2826	694023	0	0	1
161	rs1	1:1	2:0.18275	rs2	1:2	2:0.31775	0	1000	0	0.501775	0.918236	1.36703	9.3675e-20	6.46816	0.711096	0.551307	0.843294	1.41539	1.1516e-19	6.4491	0.710755	0.999956	23.7538	430415	0	0	1
162	rs1	1:1	2:0.1815	rs2	1:2	2:0.32175	0	1000	0	0.852306	0.221235	1.1883	6.27384e-13	7.21766	1.00323	0.888859	0.171349	1.22613	7.78376e-13	7.18346	1.00259	0.999958	23.7126	447990	0	0	1
163	rs1	1:1	2:0.17275	rs2	1:2	2:0.306	0	1000	0	0.648661	-0.852733	1.87158	8.59791e-19	6.43255	0.72668	0.999989	-29.4228	2.19446e+06	4.26575e-19	6.3465	0.710706	0.999981	54.0593	2.24867e+06	0	0	1
164	rs1	1:1	2:0.1885	rs2	1:2	2:0.33225	0	1000	0	0.487861	0.956448	1.37873	2.35381e-20	6.57271	0.710953	0.52448	0.900864	1.41544	2.77675e-20	6.5586	0.710786	0.999961	23.6443	478922	0	0	1
165	rs1	1:1	2:0.1775	rs2	1:2	2:0.32925	0	1000	0	0.474077	0.96805	1.35229	3.26509e-35	5.60979	0.453055	0.539409	0.868651	1.41542	4.17874e-35	5.59957	0.452955	0.999965	24.6033	566668	0	0	1
166	rs1	1:1	2:0.18375	rs2	1:2	2:0.321	0	1000	0	0.737	-0.573523	1.70778	2.4292e-34	5.59205	0.457613	0.999989	-29.3649	2.19446e+06	1.55076e-34	5.55108	0.452909	0.999981	54.8547	2.27732e+06	0	0	1
167	rs1	1:1	2:0.18825	rs2	1:2	2:0.33325	0	1000	0	0.908188	-0.129178	1.12013	2.68462e-13	7.33265	1.00319	0.880549	-0.173751	1.15623	3.35986e-13	7.29818	1.00262	0.999963	24.0033	517294	0	0	1
168	rs1	1:1	2:0.1815	rs2	1:2	2:0.3215	0	1000	0	0.948499	-0.0663916	1.02787	1.173e-30	5.82589	0.506153	0.832007	-0.245254	1.15616	2.06072e-30	5.78963	0.50514	0.99996	25.5119	503497	0	0	1
169	rs1	1:1	2:0.18975	rs2	1:2	2:0.33025	0	1000	0	0.999758	-23.2897	76820.9	0.999627	50.6727	108288	0.999985	-29.301	1.55172e+06	0.999729	31.1048	91525.1	0.999986	29.301	1.63004e+06	1	0	1
170	rs1	1:1	2:0.18525	rs2	1:2	2:0.32875	0	1000	0	0.457767	0.996028	1.3414	7.45412e-31	5.83736	0.505435	0.535576	0.876877	1.41542	9.87929e-31	5.82208	0.505173	0.999958	24.3808	457625	0	0	1
171	rs1	1:1	2:0.18	rs2	1:2	2:0.329	0	1000	0	0.493594	0.932045	1.36144	1.77712e-30	5.79708	0.505225	0.548947	0.848303	1.4154	2.20764e-30	5.78637	0.505118	0.999966	24.4165	566668	0	0	1
172	rs1	1:1	2:0.1855	rs2	1:2	2:0.327	0	1000	0	0.405534	-1.57783	1.89694	1.69972e-12	7.38275	1.04614	0.999985	-29.3264	1.55172e+06	6.42622e-13	7.20975	1.00259	0.999974	53.196	1.62073e+06	0	0	1
173	rs1	1:1	2:0.1835	rs2	1:2	2:0.32975	0	1000	0	0.282467	-1.26588	1.17779	1.99678e-25	6.28815	0.603434	0.999979	-29.3085	1.09723e+06	5.15108e-26	6.13789	0.581863	0.999963	54.2679	1.17863e+06	0	0	1
174	rs1	1:1	2:0.1875	rs2	1:2	2:0.326	0	1000	0	0.988081	-0.0214846	1.43814	3.8806e-38	5.42557	0.420215	0.999989	-29.3472	2.19446e+06	1.98847e-38	5.37388	0.414562	0.99998	55.0319	2.23331e+06	0	0	1
175	rs1	1:1	2:0.18675	rs2	1:2	2:0.33175	0	1000	0	0.180656	-2.04622	1.52847	2.70255e-12	7.51174	1.07427	0.999976	-29.3198	981393	6.04514e-13	7.2182	1.0026	0.999961	53.1876	1.07508e+06	0	0	1
176	rs1	1:1	2:0.18675	rs2	1:2	2:0.32275	0	1000	0	0.517184	0.89916	1.38825	7.80271e-13	7.18532	1.0029	0.544211	0.858381	1.4154	8.92566e-13	7.16466	1.00259	0.999956	23.0382	414758	0	0	1
177	rs1	1:1	2:0.19425	rs2	1:2	2:0.3435	0	1000	0	0.253055	-1.80818	1.58202	1.03363e-12	7.61606	1.06878	0.999979	-29.2377	1.09723e+06	2.34485e-13	7.34702	1.00266	0.999964	53.0588	1.16811e+06	0	0	1
178	rs1	1:1	2:0.18825	rs2	1:2	2:0.31975	0	1000	0	0.13432	-2.24642	1.50033	4.84926e-12	7.44428	1.07733	0.999974	-29.3706	895885	1.0915e-12	7.13675	1.00257	0.999958	53.269	1.01586e+06	0	0	1
179	rs1	1:1	2:0.1855	rs2	1:2	2:0.3275	0	1000	0	0.587359	-1.23538	2.2765	1.35796e-12	7.3172	1.0323	0.999989	-29.3326	2.19446e+06	6.80905e-13	7.20177	1.00258	0.999981	53.204	2.24867e+06	0	0	1
180	rs1	1:1	2:0.18575	rs2	1:2	2:0.32525	0	1000	0	0.536656	-0.851379	1.37791	3.37238e-25	6.19994	0.597835	0.999985	-29.3332	1.55172e+06	1.18701e-25	6.09181	0.581838	0.999973	54.314	1.60818e+06	0	0	1
181	rs1	1:1	2:0.18675	rs2	1:2	2:0.32475	0	1000	0	0.166696	1.25771	0.909475	9.7787e-20	6.46144	0.710721	0.174132	1.2431	0.91469	1.09835e-19	6.45259	0.710736	0.999965	23.3448	532292	0	0	1
182	rs1	1:1	2:0.18225	rs2	1:2	2:0.31775	0	1000	0	0.71401	-0.360921	0.984842	1.29255e-25	6.10664	0.583704	0.62659	-0.544687	1.11953	2.38459e-25	6.05291	0.581803	0.999957	25.5363	478922	0	0	1
183	rs1	1:1	2:0.18325	rs2	1:2	2:0.3215	0	1000	0	0.869326	-0.178991	1.08799	8.0694e-20	6.48318	0.71148	0.817624	-0.266607	1.15613	1.1526e-19	6.44878	0.710727	0.999964	24.8527	548674	0	0	1
184	rs1	1:1	2:0.1875	rs2	1:2	2:0.331	0	1000	0	0.652862	-0.50357	1.11957	0.999726	31.1108	90516.6	0.652862	-0.50357	1.11957	0.999732	31.0856	92495.3	0.999999	0.50357	457439	1	0	1
185	rs1	1:1	2:0.185	rs2	1:2	2:0.31725	0	1000	0	0.98695	-0.0159897	0.977575	1.83344e-41	5.20048	0.385556	0.80654	-0.283126	1.15613	3.74736e-41	5.16853	0.384693	0.999961	26.133	532292	0	0	1
186	rs1	1:1	2:0.1825	rs2	1:2	2:0.311	0	1000	0	0.985712	-0.0121721	0.679705	1.41567e-19	6.43377	0.710829	0.954057	-0.0398932	0.692432	2.05104e-19	6.40397	0.710723	0.999964	24.6462	548674	0	0	1
187	rs1	1:1	2:0.181	rs2	1:2	2:0.32125	0	1000	0	0.434623	-1.26755	1.62235	1.83773e-19	6.59765	0.73124	0.999985	-29.3489	1.55172e+06	7.37314e-20	6.48343	0.710745	0.999974	53.9224	1.63136e+06	0	0	1
188	rs1	1:1	2:0.18475	rs2	1:2	2:0.3305	0	1000	0	0.116329	-2.28549	1.45538	3.10337e-12	7.55363	1.08327	0.999972	-29.3218	829429	5.97737e-13	7.21972	1.0026	0.999955	53.1861	947298	0	0	1
189	rs1	1:1	2:0.19075	rs2	1:2	2:0.334	0	1000	0	0.330621	-1.4132	1.45262	7.769e-20	6.71472	0.736557	0.999982	-29.2966	1.26697e+06	2.41648e-20	6.56925	0.710794	0.999968	53.8365	1.35062e+06	0	0	1
190	rs1	1:1	2:0.181	rs2	1:2	2:0.321	0	1000	0	0.85358	0.214092	1.16006	1.34955e-19	6.44293	0.711431	0.919556	0.123825	1.22608	1.85904e-19	6.41168	0.710729	0.999959	24.4844	478922	0	0	1
191	rs1	1:1	2:0.185	rs2	1:2	2:0.32125	0	1000	0	0.356402	0.912679	0.98963	3.00058e-20	6.55279	0.710797	0.375582	0.88759	1.00172	3.53417e-20	6.54008	0.710772	0.999964	23.6628	517294	0	0	1
192	rs1	1:1	2:0.188	rs2	1:2	2:0.33175	0	1000	0	0.239338	-1.54969	1.31704	1.27187e-25	6.25947	0.598225	0.999979	-29.3159	1.09723e+06	4.53092e-26	6.14451	0.581826	0.999965	54.2613	1.23492e+06	0	0	1
193	rs1	1:1	2:0.1875	rs2	1:2	2:0.332	0	1000	0	0.891831	-0.152678	1.12274	3.4096e-13	7.29957	1.00308	0.866884	-0.193802	1.15621	4.19918e-13	7.26784	1.0026	0.999965	24.0337	548674	0	0	1
194	rs1	1:1	2:0.18725	rs2	1:2	2:0.32975	0	1000	0	0.41164	-0.833371	1.01506	3.9905e-13	7.29201	1.00498	0.397888	-0.914476	1.08171	6.06657e-13	7.21764	1.00259	0.999961	24.777	503497	0	0	1
195	rs1	1:1	2:0.1875	rs2	1:2	2:0.328	0	1000	0	0.574444	0.401982	0.715883	5.81978e-26	6.13173	0.581912	0.620238	0.363032	0.732637	9.04996e-26	6.10675	0.581839	0.999959	24.607	478922	0	0	1
196	rs1	1:1	2:0.187	rs2	1:2	2:0.32375	0	1000	0	0.798074	0.29379	1.14834	4.8516e-26	6.146	0.582321	0.879332	0.186148	1.22614	6.95988e-26	6.12104	0.581828	0.999961	24.775	503497	0	0	1
197	rs1	1:1	2:0.19	rs2	1:2	2:0.315	0	1000	0	0.0667344	1.57051	0.856585	4.26715e-38	5.34887	0.414509	0.0781159	1.52909	0.867948	5.8082e-38	5.33944	0.414542	0.999957	24.1703	447990	0	0	1
198	rs1	1:1	2:0.1845	rs2	1:2	2:0.3335	0	1000	0	0.754317	-0.543504	1.7367	3.42205e-31	5.9426	0.511593	0.999989	-29.2916	2.19446e+06	1.91995e-31	5.89317	0.505193	0.999981	54.5126	2.2581e+06	0	0	1
199	rs1	1:1	2:0.19175	rs2	1:2	2:0.337	0	1000	0	0.456793	-1.22837	1.65072	2.98337e-20	6.73411	0.730416	0.999985	-29.2653	1.55172e+06	1.16732e-20	6.62458	0.710819	0.999974	53.7812	1.62747e+06	0	0	1
200	rs1	1:1	2:0.184	rs2	1:2	2:0.31725	0	1000	0	0.179189	-1.54049	1.14683	2.14033e-24	6.16039	0.6044	0.999976	-29.3922	981393	5.94736e-25	6.00178	0.581777	0.99996	54.404	1.09725e+06	0	0	1
201	rs1	1:1	2:0.18175	rs2	1:2	2:0.324	0	1000	0	0.455671	0.990576	1.32786	2.93643e-30	5.779	0.505567	0.550051	0.845959	1.4154	4.02438e-30	5.76045	0.505155	0.999954	24.4424	422369	0	0	1
202	rs1	1:1	2:0.186	rs2	1:2	2:0.333	0	1000	0	0.504085	0.932752	1.39618	4.12196e-13	7.27132	1.00273	0.522882	0.904338	1.41544	4.55003e-13	7.25697	1.00261	0.999962	22.9459	478922	0	0	1
203	rs1	1:1	2:0.18775	rs2	1:2	2:0.33325	0	1000	0	0.7692	0.331527	1.12987	3.47533e-31	5.87309	0.505665	0.873722	0.194875	1.22615	5.30356e-31	5.84912	0.505176	0.99996	25.0469	503497	0	0	1
204	rs1	1:1	2:0.18225	rs2	1:2	2:0.3245	0	1000	0	0.328645	-1.30202	1.33288	8.00239e-25	6.15397	0.598185	0.999982	-29.3719	1.26697e+06	2.97155e-25	6.04049	0.581782	0.999968	54.3653	1.36851e+06	0	0	1
205	rs1	1:1	2:0.1855	rs2	1:2	2:0.3295	0	1000	0	0.368103	0.894676	0.994049	5.70791e-13	7.22633	1.00264	0.380277	0.878885	1.00171	6.398e-13	7.21039	1.0026	0.999961	22.9925	467910	0	0	1
206	rs1	1:1	2:0.18575	rs2	1:2	2:0.3205	0	1000	0	0.869603	0.195589	1.19143	8.05203e-13	7.18247	1.0031	0.902536	0.150147	1.22611	9.81841e-13	7.15139	1.00257	0.99996	23.7446	478922	0	0	1
207	rs1	1:1	2:0.19175	rs2	1:2	2:0.32975	0	1000	0	0.960594	0.0394446	0.798345	3.9863e-26	6.15647	0.582296	0.966561	-0.0351608	0.838714	7.20391e-26	6.11934	0.581846	0.999957	24.9998	467910	0	0	1
208	rs1	1:1	2:0.18175	rs2	1:2	2:0.3185	0	1000	0	0.474421	0.960715	1.34309	1.08441e-34	5.56639	0.453088	0.550526	0.844953	1.4154	1.42532e-34	5.55448	0.452935	0.999963	24.6484	532292	0	0	1
209	rs1	1:1	2:0.18225	rs2	1:2	2:0.3135	0	1000	0	0.309114	0.826412	0.812532	1.60064e-19	6.42306	0.7107	0.321504	0.811433	0.818495	1.85557e-19	6.41171	0.710715	0.999968	23.7912	586557	0	0	1
210	rs1	1:1	2:0.19075	rs2	1:2	2:0.3395	0	1000	0	0.364019	-1.23003	1.35505	2.55035e-26	6.34318	0.597593	0.999982	-29.257	1.26697e+06	8.80922e-27	6.23417	0.581905	0.999968	54.1716	1.3587e+06	0	0	1
211	rs1	1:1	2:0.185	rs2	1:2	2:0.32625	0	1000	0	0.699821	-0.704585	1.82742	1.63448e-19	6.57548	0.727749	0.999989	-29.3408	2.19446e+06	7.30528e-20	6.48433	0.710765	0.999981	53.9215	2.23627e+06	0	0	1
212	rs1	1:1	2:0.18325	rs2	1:2	2:0.32825	0	1000	0	0.999957	24.5539	457625	3.49426e-20	6.54101	0.71078	0.999957	24.5539	457625	3.49426e-20	6.54101	0.71078	nan	nan	nan	1	0	1
213	rs1	1:1	2:0.1845	rs2	1:2	2:0.31775	0	1000	0	0.595712	-0.67045	1.26362	2.34165e-29	5.82379	0.517715	0.999985	-29.3765	1.55172e+06	8.73865e-30	5.72609	0.505141	0.999973	54.6797	1.60619e+06	0	0	1
214	rs1	1:1	2:0.19	rs2	1:2	2:0.33225	0	1000	0	0.607192	-0.472662	0.919423	3.86477e-26	6.19326	0.585615	0.508178	-0.725872	1.09702	8.13201e-26	6.11289	0.581864	0.99995	25.6994	407545	0	0	1
215	rs1	1:1	2:0.18775	rs2	1:2	2:0.336	0	1000	0	0.999941	28.3285	380161	2.61176e-26	6.17502	0.581873	0.999984	31.1187	1.55188e+06	2.61176e-26	6.17502	0.581873	0.999997	-6.17502	1.62089e+06	1	0	1
216	rs1	1:1	2:0.1855	rs2	1:2	2:0.3165	0	1000	0	0.655649	-0.477025	1.06973	6.43019e-13	7.21832	1.00379	0.630836	-0.537991	1.11953	8.74942e-13	7.16727	1.00257	0.999962	24.4219	517294	0	0	1
217	rs1	1:1	2:0.187	rs2	1:2	2:0.32525	0	1000	0	0.0880319	1.97228	1.15617	0.999727	31.0386	90782.2	0.0880319	1.97228	1.15617	0.999733	31.0766	92742.8	0.999997	-1.97228	499435	1	0	1
218	rs1	1:1	2:0.17875	rs2	1:2	2:0.3115	0	1000	0	0.387697	-1.63497	1.89276	3.58238e-12	7.27532	1.04639	0.999985	-29.3895	1.55172e+06	1.40889e-12	7.1013	1.00256	0.999974	53.3045	1.62747e+06	0	0	1
219	rs1	1:1	2:0.17075	rs2	1:2	2:0.31025	0	1000	0	0.999774	-22.8005	80471.9	0.999646	50.2995	113278	0.999989	-29.412	2.19446e+06	0.999742	30.9938	95875.7	0.99999	29.412	2.24372e+06	1	0	1
220	rs1	1:1	2:0.193	rs2	1:2	2:0.33825	0	1000	0	0.512948	-0.955278	1.4601	5.16299e-26	6.28319	0.595649	0.999985	-29.2816	1.55172e+06	2.01399e-26	6.18919	0.581878	0.999973	54.2166	1.62073e+06	0	0	1
221	rs1	1:1	2:0.18125	rs2	1:2	2:0.323	0	1000	0	0.330107	-1.30122	1.33609	6.41436e-25	6.16572	0.598089	0.999982	-29.3649	1.26697e+06	2.37858e-25	6.05289	0.581787	0.999968	54.3529	1.36851e+06	0	0	1
222	rs1	1:1	2:0.18475	rs2	1:2	2:0.32175	0	1000	0	0.540412	0.8665	1.41541	0.999728	31.0482	91118.1	0.540412	0.8665	1.41541	0.999733	31.0694	92742.8	0.999999	-0.8665	511968	1	0	1
223	rs1	1:1	2:0.18475	rs2	1:2	2:0.3245	0	1000	0	0.538484	-0.616048	1.00153	2.77441e-20	6.5739	0.712438	0.5017	-0.736986	1.097	4.60882e-20	6.51966	0.71076	0.999962	25.2927	532292	0	0	1
224	rs1	1:1	2:0.183	rs2	1:2	2:0.319	0	1000	0	0.999968	23.8821	586557	8.97012e-13	7.16374	1.00256	0.999968	23.8821	586557	8.97012e-13	7.16374	1.00256	nan	nan	nan	1	0	1
225	rs1	1:1	2:0.187	rs2	1:2	2:0.3325	0	1000	0	0.600769	-0.673122	1.28631	5.16593e-35	5.69517	0.461324	0.999985	-29.3159	1.55172e+06	2.32432e-35	5.62146	0.453001	0.999973	54.7843	1.62073e+06	0	0	1
226	rs1	1:1	2:0.18725	rs2	1:2	2:0.3205	0	1000	0	0.858142	0.212855	1.19087	6.58138e-13	7.21037	1.00313	0.891921	0.166598	1.22612	8.05521e-13	7.17871	1.00258	0.99996	23.7173	467910	0	0	1
227	rs1	1:1	2:0.184	rs2	1:2	2:0.32375	0	1000	0	0.594468	0.479889	0.901416	4.86792e-20	6.51564	0.710778	0.619167	0.454645	0.914721	5.92495e-20	6.50024	0.710744	0.999967	24.1081	586557	0	0	1
228	rs1	1:1	2:0.18775	rs2	1:2	2:0.33075	0	1000	0	0.357383	-1.21337	1.31836	1.36926e-25	6.25986	0.598661	0.999982	-29.31	1.26697e+06	4.63754e-26	6.14345	0.581846	0.999968	54.2623	1.35447e+06	0	0	1
229	rs1	1:1	2:0.1775	rs2	1:2	2:0.31725	0	1000	0	0.372013	0.87315	0.97809	3.59439e-25	6.03103	0.58189	0.411385	0.82281	1.00165	4.79924e-25	6.01391	0.581792	0.999959	24.189	467910	0	0	1
230	rs1	1:1	2:0.18625	rs2	1:2	2:0.321	0	1000	0	0.752568	-0.253593	0.804405	9.43598e-13	7.15882	1.00285	0.734298	-0.277815	0.818512	1.21737e-12	7.12158	1.00256	0.999965	24.1799	548674	0	0	1
231	rs1	1:1	2:0.17975	rs2	1:2	2:0.3215	0	1000	0	0.999947	27.7812	417575	4.67386e-30	5.75348	0.505121	0.999989	31.0382	2.19469e+06	4.67386e-30	5.75348	0.505121	0.999998	-5.75348	2.24889e+06	1	0	1
232	rs1	1:1	2:0.17625	rs2	1:2	2:0.31475	0	1000	0	0.999946	28.4247	419152	1.26545e-33	5.47338	0.452902	0.999984	31.0053	1.55188e+06	1.26545e-33	5.47338	0.452902	0.999997	-5.47338	1.63583e+06	1	0	1
233	rs1	1:1	2:0.1935	rs2	1:2	2:0.332	0	1000	0	0.33008	-1.41364	1.45144	8.20915e-20	6.71079	0.736609	0.999982	-29.2991	1.26697e+06	2.55372e-20	6.56503	0.710792	0.999968	53.8408	1.35062e+06	0	0	1
234	rs1	1:1	2:0.19075	rs2	1:2	2:0.3305	0	1000	0	0.143465	-2.15639	1.47394	3.22733e-12	7.53224	1.08106	0.999974	-29.3256	895885	6.47498e-13	7.20879	1.0026	0.999957	53.197	997636	0	0	1
235	rs1	1:1	2:0.1855	rs2	1:2	2:0.314	0	1000	0	0.296487	0.850261	0.814428	9.22866e-13	7.15998	1.00258	0.304807	0.839962	0.818533	1.03285e-12	7.14441	1.00258	0.999963	23.0585	490749	0	0	1
236	rs1	1:1	2:0.182	rs2	1:2	2:0.31625	0	1000	0	0.166144	1.25995	0.909905	1.05782e-12	7.14145	1.00262	0.172984	1.24643	0.914692	1.18879e-12	7.1251	1.00259	0.999954	22.6723	394179	0	0	1
237	rs1	1:1	2:0.19025	rs2	1:2	2:0.33375	0	1000	0	0.24536	0.937171	0.806727	1.89975e-31	5.89342	0.505176	0.26801	0.906769	0.818638	2.507e-31	5.88178	0.505201	0.999964	24.3211	532292	0	0	1
238	rs1	1:1	2:0.18475	rs2	1:2	2:0.3175	0	1000	0	0.904893	0.146498	1.2261	0.999731	31.0377	92063.1	0.904893	0.146498	1.2261	0.999736	31.0425	93752.7	1	-0.146498	499624	1	0	1
239	rs1	1:1	2:0.183	rs2	1:2	2:0.32075	0	1000	0	0.519797	0.894786	1.39016	5.45804e-20	6.50699	0.710792	0.544682	0.857379	1.4154	6.13254e-20	6.49751	0.710734	0.999969	23.7054	608699	0	0	1
240	rs1	1:1	2:0.18825	rs2	1:2	2:0.33425	0	1000	0	0.834877	0.248349	1.1914	4.22097e-13	7.27098	1.00313	0.868639	0.20279	1.22616	5.16048e-13	7.23982	1.00261	0.999959	23.6562	457625	0	0	1
241	rs1	1:1	2:0.18525	rs2	1:2	2:0.327	0	1000	0	0.487459	-1.00825	1.45207	2.06129e-30	5.89046	0.513939	0.999985	-29.3366	1.55172e+06	1.01864e-30	5.82032	0.505136	0.999974	54.5855	1.65195e+06	0	0	1
242	rs1	1:1	2:0.19275	rs2	1:2	2:0.3315	0	1000	0	0.601802	-0.488713	0.93657	2.21148e-26	6.21488	0.584773	0.516837	-0.71113	1.09703	4.50022e-26	6.14533	0.581869	0.999953	25.667	438939	0	0	1
243	rs1	1:1	2:0.18525	rs2	1:2	2:0.32275	0	1000	0	0.520098	0.901059	1.40091	5.30947e-13	7.2362	1.00264	0.534176	0.879887	1.41542	5.72352e-13	7.22552	1.00258	0.999968	22.9774	566668	0	0	1
244	rs1	1:1	2:0.181	rs2	1:2	2:0.31775	0	1000	0	0.999941	27.5219	370999	1.37482e-19	6.43529	0.710746	0.999989	31.0379	2.19469e+06	1.37482e-19	6.43529	0.710746	0.999998	-6.43529	2.23816e+06	1	0	1
245	rs1	1:1	2:0.18925	rs2	1:2	2:0.327	0	1000	0	0.833196	0.251877	1.19598	3.67613e-13	7.28866	1.00298	0.862305	0.212667	1.22617	4.38737e-13	7.26192	1.00261	0.999962	23.6341	490749	0	0	1
246	rs1	1:1	2:0.18625	rs2	1:2	2:0.3315	0	1000	0	0.957829	-0.05576	1.0545	1.31536e-31	5.91586	0.505745	0.868217	-0.191843	1.15622	2.12977e-31	5.88866	0.505189	0.999964	25.4128	566668	0	0	1
247	rs1	1:1	2:0.179	rs2	1:2	2:0.31775	0	1000	0	0.482752	0.949179	1.35233	1.67388e-25	6.07579	0.582119	0.548474	0.849308	1.4154	2.14832e-25	6.05879	0.581813	0.999957	24.1441	447990	0	0	1
248	rs1	1:1	2:0.179	rs2	1:2	2:0.31925	0	1000	0	0.518791	-0.510057	0.790527	2.0658e-44	5.07929	0.363327	0.362539	-0.984878	1.08164	6.14679e-44	5.0153	0.360757	0.999955	26.9794	478922	0	0	1
249	rs1	1:1	2:0.178	rs2	1:2	2:0.3175	0	1000	0	0.290069	-1.77684	1.67948	4.03697e-12	7.3539	1.06027	0.999982	-29.3745	1.26697e+06	1.21594e-12	7.12182	1.00257	0.999968	53.284	1.34384e+06	0	0	1
250	rs1	1:1	2:0.18525	rs2	1:2	2:0.32375	0	1000	0	0.942582	-0.0748163	1.03876	7.63542e-31	5.84228	0.505952	0.838425	-0.235753	1.15617	1.29827e-30	5.80984	0.505143	0.999962	25.4917	532292	0	0	1
251	rs1	1:1	2:0.1865	rs2	1:2	2:0.3205	0	1000	0	0.577439	0.497889	0.893669	5.11595e-20	6.51339	0.710948	0.617336	0.457023	0.914724	6.93781e-20	6.48831	0.710766	0.999958	24.1201	457625	0	0	1
252	rs1	1:1	2:0.1855	rs2	1:2	2:0.32975	0	1000	0	0.156639	-1.52428	1.07611	9.34887e-31	6.01027	0.521287	0.999974	-29.3016	895885	2.73307e-31	5.87799	0.505195	0.999958	54.5278	1.03451e+06	0	0	1
253	rs1	1:1	2:0.1835	rs2	1:2	2:0.328	0	1000	0	0.708284	0.404966	1.08233	2.3558e-39	5.45001	0.415227	0.879716	0.185553	1.22615	4.13287e-39	5.42377	0.414574	0.999957	25.4723	467910	0	0	1
254	rs1	1:1	2:0.17675	rs2	1:2	2:0.32	0	1000	0	0.492932	0.929455	1.35558	2.4772e-25	6.05351	0.582064	0.555075	0.835322	1.41539	3.14436e-25	6.0375	0.581796	0.999959	24.1654	467910	0	0	1
255	rs1	1:1	2:0.1875	rs2	1:2	2:0.338	0	1000	0	0.378331	-1.13063	1.28339	2.95429e-31	6.0055	0.516449	0.999982	-29.2785	1.26697e+06	1.16762e-31	5.91481	0.505219	0.999968	54.491	1.36851e+06	0	0	1
256	rs1	1:1	2:0.177	rs2	1:2	2:0.31625	0	1000	0	0.845238	0.228479	1.1705	6.5509e-20	6.49669	0.7112	0.900167	0.153816	1.22611	8.66076e-20	6.47098	0.71074	0.999962	24.4251	517294	0	0	1
257	rs1	1:1	2:0.18225	rs2	1:2	2:0.32275	0	1000	0	0.151815	1.2962	0.904441	1.28009e-30	5.81027	0.505127	0.166034	1.26695	0.914724	1.58028e-30	5.80134	0.505149	0.999963	23.9961	517294	0	0	1
258	rs1	1:1	2:0.1875	rs2	1:2	2:0.3315	0	1000	0	0.535609	-0.848714	1.37007	4.22265e-35	5.68717	0.460071	0.999985	-29.3208	1.55172e+06	2.17198e-35	5.62359	0.452974	0.999973	54.7822	1.64587e+06	0	0	1
259	rs1	1:1	2:0.18775	rs2	1:2	2:0.32525	0	1000	0	0.999937	27.3652	345372	0.999727	30.9962	90572	0.999989	31.0633	2.19469e+06	0.999735	31.0633	93667.3	0.999989	-31.0633	2.23693e+06	1	0	1
260	rs1	1:1	2:0.1815	rs2	1:2	2:0.31925	0	1000	0	0.877936	0.18621	1.21242	5.99545e-13	7.21938	1.00261	0.890391	0.168971	1.22612	6.51114e-13	7.20775	1.00256	0.999976	23.6883	775942	0	0	1
261	rs1	1:1	2:0.18175	rs2	1:2	2:0.32425	0	1000	0	0.472278	-0.781836	1.08773	2.81726e-38	5.47637	0.423341	0.999982	-29.3444	1.26697e+06	1.21918e-38	5.38927	0.41455	0.999967	55.0165	1.34709e+06	0	0	1
262	rs1	1:1	2:0.1915	rs2	1:2	2:0.32775	0	1000	0	0.875837	0.191583	1.22614	0.999726	31.0797	90551.2	0.875837	0.191583	1.22614	0.999732	31.0876	92660.1	1	-0.191583	440276	1	0	1
263	rs1	1:1	2:0.18275	rs2	1:2	2:0.31525	0	1000	0	0.857629	0.210221	1.17185	9.35809e-20	6.46884	0.711161	0.910673	0.137556	1.22609	1.22864e-19	6.44383	0.710727	0.999963	24.4522	532292	0	0	1
264	rs1	1:1	2:0.185	rs2	1:2	2:0.3315	0	1000	0	0.190316	1.59921	1.2211	2.57132e-20	6.56414	0.710752	0.195669	1.58663	1.22615	2.72174e-20	6.55991	0.710763	0.999971	22.9498	633554	0	0	1
265	rs1	1:1	2:0.18325	rs2	1:2	2:0.334	0	1000	0	0.394985	-1.7949	2.11013	7.50693e-13	7.42846	1.03607	0.999985	-29.2846	1.55172e+06	3.43676e-13	7.29503	1.0026	0.999974	53.1108	1.65888e+06	0	0	1
266	rs1	1:1	2:0.19275	rs2	1:2	2:0.335	0	1000	0	0.326394	0.965092	0.98338	1.36069e-26	6.21082	0.581915	0.355093	0.926392	1.00177	1.72386e-26	6.19768	0.581884	0.999961	24.0052	490749	0	0	1
267	rs1	1:1	2:0.1845	rs2	1:2	2:0.318	0	1000	0	0.195826	1.57055	1.21415	1.73209e-25	6.07055	0.581798	0.209082	1.54011	1.22611	1.95984e-25	6.06371	0.581797	0.999964	23.446	517294	0	0	1
268	rs1	1:1	2:0.187	rs2	1:2	2:0.317	0	1000	0	0.625384	0.443598	0.908575	8.55079e-13	7.17044	1.00258	0.636583	0.432174	0.91469	9.44684e-13	7.15661	1.00256	0.99997	23.4518	633554	0	0	1
269	rs1	1:1	2:0.18225	rs2	1:2	2:0.32325	0	1000	0	0.911213	-0.117635	1.05494	1.22069e-25	6.09973	0.582741	0.826339	-0.253659	1.15615	1.96666e-25	6.06351	0.581796	0.999961	25.238	517294	0	0	1
270	rs1	1:1	2:0.18525	rs2	1:2	2:0.3275	0	1000	0	0.586234	-0.397307	0.729939	3.4033e-31	5.87787	0.505999	0.518668	-0.511635	0.792742	8.48729e-31	5.82872	0.505176	0.999959	25.7605	503497	0	0	1
271	rs1	1:1	2:0.1945	rs2	1:2	2:0.34425	0	1000	0	0.80363	-0.243126	0.977778	5.6275e-27	6.28142	0.584059	0.69512	-0.438807	1.11964	1.07084e-26	6.2239	0.581929	0.999952	25.3653	422369	0	0	1
272	rs1	1:1	2:0.19575	rs2	1:2	2:0.344	0	1000	0	0.999951	25.6111	414758	6.8734e-41	5.55331	0.414721	0.999951	25.6111	414758	6.8734e-41	5.55331	0.414721	nan	nan	nan	1	0	1
273	rs1	1:1	2:0.18675	rs2	1:2	2:0.32475	0	1000	0	0.359464	0.903576	0.98602	4.72246e-20	6.51858	0.710846	0.384747	0.870661	1.0017	5.81882e-20	6.50187	0.71077	0.999959	23.701	457625	0	0	1
274	rs1	1:1	2:0.187	rs2	1:2	2:0.3165	0	1000	0	0.615164	-0.404121	0.803876	0.99973	31.0681	91636.4	0.615164	-0.404121	0.803876	0.999735	31.0515	93327.9	0.999999	0.404121	499544	1	0	1
275	rs1	1:1	2:0.18925	rs2	1:2	2:0.325	0	1000	0	0.476117	-0.605038	0.849101	9.61844e-35	5.6077	0.456091	0.3777	-0.954188	1.08167	2.35865e-34	5.53623	0.452956	0.999955	26.4584	467910	0	0	1
276	rs1	1:1	2:0.18375	rs2	1:2	2:0.33025	0	1000	0	0.981393	-0.0236906	1.01579	1.77686e-35	5.64142	0.453823	0.847506	-0.222337	1.15618	3.25532e-35	5.60896	0.452979	0.99996	25.6925	517294	0	0	1
277	rs1	1:1	2:0.1835	rs2	1:2	2:0.3195	0	1000	0	0.379054	-1.05036	1.19408	6.15122e-34	5.61422	0.462293	0.999982	-29.3739	1.26697e+06	2.79981e-34	5.52947	0.452919	0.999968	54.8763	1.37425e+06	0	0	1
278	rs1	1:1	2:0.18375	rs2	1:2	2:0.334	0	1000	0	0.400411	-1.69987	2.02152	9.24049e-13	7.42514	1.03974	0.999985	-29.2921	1.55172e+06	3.91817e-13	7.27726	1.0026	0.999974	53.1285	1.64048e+06	0	0	1
279	rs1	1:1	2:0.1865	rs2	1:2	2:0.3125	0	1000	0	0.120536	-1.44847	0.932973	1.84678e-33	5.64782	0.468542	0.999972	-29.3871	829429	5.67982e-34	5.50342	0.452926	0.999955	54.9024	963735	0	0	1
280	rs1	1:1	2:0.19075	rs2	1:2	2:0.33325	0	1000	0	0.118031	1.19491	0.764452	4.22573e-13	7.26685	1.00258	0.120311	1.19001	0.766037	4.50055e-13	7.25844	1.0026	0.999967	22.6568	548674	0	0	1
281	rs1	1:1	2:0.18425	rs2	1:2	2:0.32075	0	1000	0	0.216014	-1.77948	1.43831	2.68357e-19	6.61506	0.736563	0.999979	-29.3626	1.09723e+06	9.00187e-20	6.4679	0.710729	0.999965	53.9379	1.23492e+06	0	0	1
282	rs1	1:1	2:0.18125	rs2	1:2	2:0.31825	0	1000	0	0.822224	0.188422	0.838604	1.06632e-19	6.45914	0.711205	0.877989	0.133244	0.867931	1.65084e-19	6.4211	0.710749	0.999956	24.4749	438939	0	0	1
283	rs1	1:1	2:0.191	rs2	1:2	2:0.3275	0	1000	0	0.296469	-1.81015	1.7338	2.04956e-12	7.42215	1.05562	0.999982	-29.3274	1.26697e+06	6.47371e-13	7.20875	1.00259	0.999969	53.197	1.35062e+06	0	0	1
284	rs1	1:1	2:0.1845	rs2	1:2	2:0.3275	0	1000	0	0.37555	0.880675	0.99385	6.83764e-13	7.2016	1.00264	0.388117	0.864496	1.00169	7.68173e-13	7.18526	1.00259	0.999961	23.0176	467910	0	0	1
285	rs1	1:1	2:0.18325	rs2	1:2	2:0.31725	0	1000	0	0.288047	-1.83891	1.73087	3.01933e-12	7.36659	1.05587	0.999982	-29.3606	1.26697e+06	9.75987e-13	7.15221	1.00257	0.999969	53.2536	1.35447e+06	0	0	1
286	rs1	1:1	2:0.1935	rs2	1:2	2:0.32825	0	1000	0	0.149067	1.30639	0.90543	7.83723e-26	6.11452	0.581827	0.161744	1.27993	0.914739	9.54648e-26	6.10379	0.581837	0.99996	23.6936	467910	0	0	1
287	rs1	1:1	2:0.19025	rs2	1:2	2:0.32925	0	1000	0	0.852368	0.224325	1.20542	4.26224e-13	7.26679	1.00274	0.871786	0.197888	1.22615	4.82383e-13	7.24888	1.00259	0.999969	23.6472	608699	0	0	1
288	rs1	1:1	2:0.193	rs2	1:2	2:0.327	0	1000	0	0.336673	0.937498	0.975788	6.29232e-26	6.12824	0.581987	0.378745	0.881719	1.00171	8.67174e-26	6.10926	0.581854	0.999954	24.0936	422369	0	0	1
289	rs1	1:1	2:0.18025	rs2	1:2	2:0.31775	0	1000	0	0.815876	-0.269208	1.15613	0.999732	31.0392	92382.9	0.815876	-0.269208	1.15613	0.999735	31.0323	93497.1	1	0.269208	615838	1	0	1
290	rs1	1:1	2:0.1865	rs2	1:2	2:0.321	0	1000	0	0.505205	0.917006	1.37622	6.22531e-20	6.49834	0.710952	0.544682	0.857379	1.4154	7.40221e-20	6.4832	0.710752	0.99996	23.7197	478922	0	0	1
291	rs1	1:1	2:0.18825	rs2	1:2	2:0.3345	0	1000	0	0.811956	0.278194	1.16936	2.30226e-20	6.57725	0.711262	0.869284	0.201787	1.22616	3.06895e-20	6.55093	0.710781	0.99996	24.3451	490749	0	0	1
292	rs1	1:1	2:0.17475	rs2	1:2	2:0.307	0	1000	0	0.811037	-0.269637	1.12777	1.35569e-12	7.10885	1.00287	0.792511	-0.304113	1.1561	1.61289e-12	7.08236	1.00254	0.999971	24.2191	661725	0	0	1
293	rs1	1:1	2:0.1895	rs2	1:2	2:0.325	0	1000	0	0.347773	0.91816	0.977893	9.21658e-26	6.10673	0.581933	0.386604	0.867261	1.0017	1.2386e-25	6.08942	0.581833	0.999957	24.1135	447990	0	0	1
294	rs1	1:1	2:0.17975	rs2	1:2	2:0.322	0	1000	0	0.21599	-2.30884	1.86609	1.65083e-12	7.38638	1.04605	0.999979	-29.338	1.09723e+06	6.38364e-13	7.21051	1.00257	0.999967	53.1953	1.28133e+06	0	0	1
295	rs1	1:1	2:0.18425	rs2	1:2	2:0.3215	0	1000	0	0.850832	0.163228	0.867968	0.999729	31.0553	91509.3	0.850832	0.163228	0.867968	0.999733	31.0593	92742.8	1	-0.163228	574207	1	0	1
296	rs1	1:1	2:0.189	rs2	1:2	2:0.322	0	1000	0	0.858302	0.213453	1.19557	5.92124e-13	7.22369	1.00297	0.887323	0.173733	1.22613	7.07068e-13	7.1966	1.00258	0.999962	23.6994	503497	0	0	1
297	rs1	1:1	2:0.18575	rs2	1:2	2:0.3225	0	1000	0	0.965002	0.0343506	0.782883	1.65228e-30	5.80629	0.50575	0.93157	-0.0720155	0.838664	3.53708e-30	5.76608	0.505151	0.999956	25.3531	457625	0	0	1
298	rs1	1:1	2:0.19025	rs2	1:2	2:0.33575	0	1000	0	0.695139	-0.423597	1.08091	2.79207e-13	7.32806	1.00329	0.674636	-0.470004	1.11961	3.57778e-13	7.28961	1.00261	0.999966	24.2996	566668	0	0	1
299	rs1	1:1	2:0.18925	rs2	1:2	2:0.3305	0	1000	0	0.190392	1.59856	1.22082	5.30919e-13	7.23606	1.00262	0.196075	1.58519	1.22615	5.66535e-13	7.22709	1.00261	0.999959	22.2827	438939	0	0	1
300	rs1	1:1	2:0.18975	rs2	1:2	2:0.3455	0	1000	0	0.932171	0.0846068	0.994047	6.59688e-45	5.4211	0.385542	0.895721	-0.15155	1.15626	1.32229e-44	5.39307	0.384898	0.99996	25.9084	517294	0	0	1
301	rs1	1:1	2:0.186	rs2	1:2	2:0.32475	0	1000	0	0.42211	-0.774713	0.965055	2.99048e-20	6.57764	0.713464	0.392413	-0.925123	1.0817	5.45386e-20	6.50677	0.710762	0.99996	25.4879	503497	0	0	1
302	rs1	1:1	2:0.185	rs2	1:2	2:0.317	0	1000	0	0.0456352	2.23548	1.11844	9.72437e-13	7.15267	1.00257	0.0463221	2.23059	1.11952	1.00101e-12	7.14875	1.00258	0.999965	21.6679	490749	0	0	1
303	rs1	1:1	2:0.18425	rs2	1:2	2:0.321	0	1000	0	0.577448	0.498389	0.894588	4.79157e-20	6.51819	0.710925	0.615503	0.459407	0.914727	6.41842e-20	6.49429	0.710765	0.999959	24.1141	467910	0	0	1
304	rs1	1:1	2:0.18825	rs2	1:2	2:0.32875	0	1000	0	0.224627	-1.27603	1.05082	3.00563e-30	5.97203	0.522546	0.999976	-29.3228	981393	8.13832e-31	5.83065	0.505185	0.99996	54.5751	1.07881e+06	0	0	1
305	rs1	1:1	2:0.1845	rs2	1:2	2:0.32225	0	1000	0	0.352145	0.901792	0.969214	4.55612e-30	5.75628	0.505268	0.406751	0.830999	1.00166	6.65028e-30	5.73812	0.505138	0.999956	24.4648	447990	0	0	1
306	rs1	1:1	2:0.18325	rs2	1:2	2:0.32825	0	1000	0	0.99994	28.2555	372925	8.52795e-26	6.10999	0.581837	0.999984	31.0818	1.55188e+06	8.52795e-26	6.10999	0.581837	0.999997	-6.10999	1.61795e+06	1	0	1
307	rs1	1:1	2:0.19025	rs2	1:2	2:0.33075	0	1000	0	0.169602	1.65786	1.20705	3.13744e-26	6.16598	0.581961	0.189743	1.60793	1.22618	3.81058e-26	6.15477	0.581902	0.999951	23.355	382047	0	0	1
308	rs1	1:1	2:0.18675	rs2	1:2	2:0.34	0	1000	0	0.351425	0.929491	0.997491	3.16228e-13	7.30627	1.0026	0.357992	0.920815	1.00176	3.37404e-13	7.29754	1.00261	0.99997	22.9054	608699	0	0	1
309	rs1	1:1	2:0.1875	rs2	1:2	2:0.32775	0	1000	0	0.732264	0.374038	1.09331	3.78125e-35	5.61281	0.45373	0.886831	0.174497	1.22613	6.4059e-35	5.58436	0.452983	0.999956	25.3117	457625	0	0	1
310	rs1	1:1	2:0.18625	rs2	1:2	2:0.31975	0	1000	0	0.868145	-0.182214	1.09757	1.16332e-25	6.0947	0.582008	0.824763	-0.255998	1.15615	1.57488e-25	6.0755	0.581769	0.999972	25.226	731565	0	0	1
311	rs1	1:1	2:0.17075	rs2	1:2	2:0.30275	0	1000	0	0.0527683	2.16436	1.11748	5.27765e-19	6.32959	0.710689	0.0541691	2.15548	1.11945	5.53099e-19	6.32601	0.710702	0.999967	22.4906	548674	0	0	1
312	rs1	1:1	2:0.18175	rs2	1:2	2:0.3065	0	1000	0	0.375728	-1.71853	1.9401	4.3139e-12	7.22948	1.04374	0.999985	-29.4118	1.55172e+06	1.81656e-12	7.06583	1.00255	0.999974	53.34	1.64048e+06	0	0	1
313	rs1	1:1	2:0.18675	rs2	1:2	2:0.32925	0	1000	0	0.136386	-1.74824	1.1738	3.14051e-25	6.25605	0.60285	0.999974	-29.3373	895885	8.90006e-26	6.10738	0.581811	0.999959	54.2984	1.05055e+06	0	0	1
314	rs1	1:1	2:0.18775	rs2	1:2	2:0.33525	0	1000	0	0.186431	-1.58966	1.20319	6.96615e-31	5.98195	0.517694	0.999976	-29.3056	981393	2.64193e-31	5.87919	0.505173	0.999962	54.5266	1.15484e+06	0	0	1
315	rs1	1:1	2:0.17325	rs2	1:2	2:0.31775	0	1000	0	0.819439	0.256976	1.12577	4.85763e-34	5.51313	0.453248	0.925911	0.114014	1.22608	7.43789e-34	5.49299	0.45289	0.999965	25.4031	586557	0	0	1
316	rs1	1:1	2:0.18525	rs2	1:2	2:0.32025	0	1000	0	0.410403	-0.800799	0.972807	6.53306e-26	6.13623	0.582941	0.385826	-0.93805	1.08169	1.13673e-25	6.09369	0.581789	0.999969	25.901	661725	0	0	1
317	rs1	1:1	2:0.18775	rs2	1:2	2:0.32075	0	1000	0	0.292363	-1.61835	1.53696	2.45963e-19	6.59187	0.733198	0.999982	-29.3639	1.26697e+06	9.37096e-20	6.46478	0.710727	0.999969	53.941	1.38792e+06	0	0	1
318	rs1	1:1	2:0.18875	rs2	1:2	2:0.32825	0	1000	0	0.428166	-1.35101	1.7051	6.3234e-20	6.66115	0.728899	0.999985	-29.308	1.55172e+06	2.73414e-20	6.55963	0.71077	0.999974	53.8462	1.64587e+06	0	0	1
319	rs1	1:1	2:0.1885	rs2	1:2	2:0.3225	0	1000	0	0.81422	0.272059	1.15777	5.72566e-26	6.13531	0.582167	0.883989	0.17891	1.22614	7.9188e-26	6.1138	0.581813	0.999964	24.7822	548674	0	0	1
320	rs1	1:1	2:0.18675	rs2	1:2	2:0.32075	0	1000	0	0.999964	24.5717	548674	7.4503e-20	6.48253	0.710733	0.999964	24.5717	548674	7.4503e-20	6.48253	0.710733	nan	nan	nan	1	0	1
321	rs1	1:1	2:0.1885	rs2	1:2	2:0.32775	0	1000	0	0.43665	1.03059	1.3249	2.67125e-35	5.61999	0.453289	0.533794	0.880714	1.41543	3.70135e-35	5.60456	0.453	0.999956	24.5983	447990	0	0	1
322	rs1	1:1	2:0.186	rs2	1:2	2:0.31975	0	1000	0	0.676145	-0.435702	1.04302	4.42942e-20	6.53164	0.711734	0.634693	-0.531929	1.11954	6.68508e-20	6.49094	0.710741	0.999965	25.0982	566668	0	0	1
323	rs1	1:1	2:0.18825	rs2	1:2	2:0.328	0	1000	0	0.361405	0.914289	1.00175	0.999723	31.0912	89609.6	0.361405	0.914289	1.00175	0.999729	31.1172	91525.1	0.999998	-0.914289	466688	1	0	1
324	rs1	1:1	2:0.18525	rs2	1:2	2:0.318	0	1000	0	0.367012	0.89046	0.987114	9.26719e-26	6.10507	0.581803	0.390528	0.86011	1.00169	1.11652e-25	6.09478	0.581799	0.999967	24.1081	586557	0	0	1
325	rs1	1:1	2:0.193	rs2	1:2	2:0.32675	0	1000	0	0.301342	0.687687	0.665357	4.04948e-26	6.15059	0.581821	0.323153	0.665312	0.673394	5.5454e-26	6.13372	0.58185	0.999961	24.2923	503497	0	0	1
326	rs1	1:1	2:0.1865	rs2	1:2	2:0.3295	0	1000	0	0.494885	0.939113	1.37587	3.90457e-20	6.53431	0.710974	0.534642	0.878885	1.41542	4.65353e-20	6.51902	0.71077	0.99996	23.6839	467910	0	0	1
327	rs1	1:1	2:0.1855	rs2	1:2	2:0.32725	0	1000	0	0.134585	-1.96883	1.31583	1.30413e-19	6.72327	0.74208	0.999974	-29.3193	895885	3.39703e-20	6.54305	0.710767	0.999959	53.8627	1.05055e+06	0	0	1
328	rs1	1:1	2:0.182	rs2	1:2	2:0.32275	0	1000	0	0.999754	-24.0529	78047.6	0.999625	51.6493	109931	0.999979	-29.3394	1.09723e+06	0.999734	31.0664	93159.6	0.99998	29.3394	1.18544e+06	1	0	1
329	rs1	1:1	2:0.1745	rs2	1:2	2:0.3185	0	1000	0	0.77866	0.309771	1.10213	4.51501e-38	5.35239	0.414922	0.917733	0.126643	1.22609	7.45858e-38	5.33065	0.414481	0.999963	25.5654	548674	0	0	1
330	rs1	1:1	2:0.18475	rs2	1:2	2:0.32125	0	1000	0	0.891877	-0.147829	1.08754	4.09985e-20	6.53552	0.711511	0.838173	-0.236124	1.15617	5.88317e-20	6.50084	0.71075	0.999963	24.8007	532292	0	0	1
331	rs1	1:1	2:0.18725	rs2	1:2	2:0.328	0	1000	0	0.401576	-1.62444	1.9366	1.49181e-12	7.38595	1.04391	0.999985	-29.3216	1.55172e+06	5.89011e-13	7.22166	1.00259	0.999974	53.1841	1.62747e+06	0	0	1
332	rs1	1:1	2:0.1855	rs2	1:2	2:0.32325	0	1000	0	0.231319	-1.84925	1.54494	3.59339e-12	7.46179	1.07328	0.999979	-29.3404	1.09723e+06	8.32841e-13	7.17422	1.0026	0.999964	53.2316	1.17047e+06	0	0	1
333	rs1	1:1	2:0.1875	rs2	1:2	2:0.32975	0	1000	0	0.503314	-0.961613	1.43678	2.38119e-25	6.20266	0.596189	0.999985	-29.3308	1.55172e+06	9.32871e-26	6.10495	0.581826	0.999973	54.3008	1.62073e+06	0	0	1
334	rs1	1:1	2:0.18675	rs2	1:2	2:0.32625	0	1000	0	0.582896	-1.26231	2.29861	1.35792e-12	7.31216	1.03159	0.999989	-29.335	2.19446e+06	6.92778e-13	7.19938	1.00258	0.999981	53.2064	2.25148e+06	0	0	1
335	rs1	1:1	2:0.184	rs2	1:2	2:0.32625	0	1000	0	0.664591	-0.816587	1.88334	2.40348e-25	6.13789	0.590014	0.999989	-29.3512	2.19446e+06	1.38463e-25	6.08277	0.581784	0.999981	54.323	2.2715e+06	0	0	1
336	rs1	1:1	2:0.1805	rs2	1:2	2:0.317	0	1000	0	0.651788	-0.876246	1.94169	1.36316e-19	6.56736	0.725258	0.999989	-29.3455	2.19446e+06	6.89603e-20	6.48859	0.710746	0.999981	53.9172	2.25148e+06	0	0	1
337	rs1	1:1	2:0.176	rs2	1:2	2:0.3065	0	1000	0	0.204488	-2.24027	1.76557	4.08557e-12	7.2977	1.05242	0.999979	-29.4005	1.09723e+06	1.46426e-12	7.09584	1.00254	0.999966	53.3099	1.25476e+06	0	0	1
338	rs1	1:1	2:0.18575	rs2	1:2	2:0.33075	0	1000	0	0.32582	-1.41699	1.44213	1.27232e-19	6.67946	0.737025	0.999982	-29.3187	1.26697e+06	3.96274e-20	6.53136	0.710775	0.999968	53.8744	1.35062e+06	0	0	1
339	rs1	1:1	2:0.18675	rs2	1:2	2:0.3255	0	1000	0	0.483322	-1.03945	1.48287	1.73077e-25	6.20928	0.595089	0.999985	-29.326	1.55172e+06	7.26676e-26	6.11862	0.581823	0.999973	54.2872	1.63136e+06	0	0	1
340	rs1	1:1	2:0.1855	rs2	1:2	2:0.332	0	1000	0	0.189559	1.60389	1.22259	4.32098e-13	7.26392	1.0026	0.19332	1.59501	1.22616	4.51503e-13	7.25797	1.0026	0.999967	22.2518	532292	0	0	1
341	rs1	1:1	2:0.1875	rs2	1:2	2:0.3255	0	1000	0	0.529735	0.878723	1.39833	7.51267e-13	7.18888	1.00267	0.546425	0.853664	1.4154	8.19697e-13	7.17623	1.00257	0.999965	23.0267	532292	0	0	1
342	rs1	1:1	2:0.1835	rs2	1:2	2:0.3265	0	1000	0	0.939053	-0.07963	1.04146	7.86865e-26	6.12771	0.583103	0.837494	-0.23713	1.15617	1.32844e-25	6.08544	0.581821	0.999957	25.2161	467910	0	0	1
343	rs1	1:1	2:0.1945	rs2	1:2	2:0.32175	0	1000	0	0.683256	-0.313814	0.769107	2.55861e-20	6.57126	0.711482	0.640821	-0.375072	0.803924	4.51715e-20	6.52137	0.710779	0.999958	24.9343	478922	0	0	1
344	rs1	1:1	2:0.1825	rs2	1:2	2:0.32625	0	1000	0	0.397618	-1.6277	1.92427	1.90514e-12	7.3552	1.04459	0.999985	-29.3408	1.55172e+06	7.51253e-13	7.18827	1.00258	0.999974	53.2175	1.62747e+06	0	0	1
345	rs1	1:1	2:0.19125	rs2	1:2	2:0.33625	0	1000	0	0.752754	0.264955	0.841101	1.76313e-20	6.59662	0.711165	0.80471	0.214629	0.868044	2.6626e-20	6.56202	0.71081	0.999955	24.334	430415	0	0	1
346	rs1	1:1	2:0.18725	rs2	1:2	2:0.33425	0	1000	0	0.999961	25.4597	517294	1.60727e-35	5.63467	0.452988	0.999961	25.4597	517294	1.60727e-35	5.63467	0.452988	nan	nan	nan	1	0	1
347	rs1	1:1	2:0.18775	rs2	1:2	2:0.33525	0	1000	0	0.765822	-0.511472	1.71725	3.63384e-31	5.94222	0.511785	0.999989	-29.2916	2.19446e+06	1.99973e-31	5.89145	0.505196	0.999981	54.5143	2.25461e+06	0	0	1
348	rs1	1:1	2:0.19675	rs2	1:2	2:0.33925	0	1000	0	0.484247	0.976356	1.39582	2.47732e-13	7.34042	1.00277	0.503328	0.947329	1.41548	2.74238e-13	7.32575	1.00264	0.99996	22.8771	457625	0	0	1
349	rs1	1:1	2:0.18325	rs2	1:2	2:0.32925	0	1000	0	0.195382	1.58021	1.22041	6.84595e-13	7.20128	1.00262	0.20159	1.56581	1.22613	7.33704e-13	7.19164	1.0026	0.999959	22.3181	430415	0	0	1
350	rs1	1:1	2:0.184	rs2	1:2	2:0.32775	0	1000	0	0.519417	0.900652	1.398	5.78416e-13	7.22481	1.00268	0.536417	0.875068	1.41542	6.32428e-13	7.21189	1.00258	0.999965	22.991	517294	0	0	1
351	rs1	1:1	2:0.18325	rs2	1:2	2:0.33	0	1000	0	0.99997	24.5469	661725	4.08678e-20	6.52866	0.710738	0.99997	24.5469	661725	4.08678e-20	6.52866	0.710738	nan	nan	nan	1	0	1
352	rs1	1:1	2:0.19025	rs2	1:2	2:0.333	0	1000	0	0.999758	-23.2844	76899.5	0.999625	50.8962	108298	0.999985	-29.2936	1.55172e+06	0.999729	31.1122	91684.7	0.999986	29.2936	1.61521e+06	1	0	1
353	rs1	1:1	2:0.18375	rs2	1:2	2:0.3225	0	1000	0	0.66163	-0.468477	1.0704	5.71739e-13	7.23416	1.00376	0.636842	-0.528557	1.11954	7.75536e-13	7.18389	1.00258	0.999962	24.4053	517294	0	0	1
354	rs1	1:1	2:0.18675	rs2	1:2	2:0.31625	0	1000	0	0.355007	0.902948	0.976243	1.71196e-25	6.07274	0.581946	0.397059	0.848303	1.00167	2.33951e-25	6.05414	0.581819	0.999956	24.1488	438939	0	0	1
355	rs1	1:1	2:0.18225	rs2	1:2	2:0.319	0	1000	0	0.712491	-0.649307	1.76197	5.28187e-25	6.10928	0.591544	0.999989	-29.3676	2.19446e+06	2.75042e-25	6.04481	0.581785	0.999981	54.361	2.25148e+06	0	0	1
356	rs1	1:1	2:0.1825	rs2	1:2	2:0.325	0	1000	0	0.999943	28.3594	396172	1.21623e-25	6.09024	0.581816	0.999984	31.0674	1.55188e+06	1.21623e-25	6.09024	0.581816	0.999997	-6.09024	1.62763e+06	1	0	1
357	rs1	1:1	2:0.18875	rs2	1:2	2:0.32925	0	1000	0	0.365825	0.900579	0.995862	4.85792e-13	7.24806	1.00261	0.375042	0.888594	1.00172	5.3043e-13	7.23598	1.00259	0.999966	22.9669	532292	0	0	1
358	rs1	1:1	2:0.19025	rs2	1:2	2:0.322	0	1000	0	0.451039	0.996645	1.32236	3.81473e-30	5.76835	0.505642	0.552256	0.841286	1.41539	5.29415e-30	5.74841	0.505158	0.999952	24.4545	407545	0	0	1
359	rs1	1:1	2:0.184	rs2	1:2	2:0.322	0	1000	0	0.688975	-0.413164	1.03228	3.85722e-20	6.54565	0.712105	0.639233	-0.524812	1.11955	6.10259e-20	6.49806	0.710753	0.999961	25.0911	517294	0	0	1
360	rs1	1:1	2:0.187	rs2	1:2	2:0.332	0	1000	0	0.918187	-0.111731	1.08776	1.85001e-20	6.59638	0.711534	0.862833	-0.199757	1.1562	2.66038e-20	6.56182	0.710781	0.999962	24.7397	517294	0	0	1
361	rs1	1:1	2:0.18075	rs2	1:2	2:0.32925	0	1000	0	0.999957	24.9629	467910	6.63697e-26	6.12371	0.581834	0.999957	24.9629	467910	6.63697e-26	6.12371	0.581834	nan	nan	nan	1	0	1
362	rs1	1:1	2:0.18025	rs2	1:2	2:0.322	0	1000	0	0.560411	-1.42117	2.44091	1.30586e-12	7.28954	1.02761	0.999989	-29.3445	2.19446e+06	7.32429e-13	7.19166	1.00257	0.999981	53.2141	2.2715e+06	0	0	1
363	rs1	1:1	2:0.18825	rs2	1:2	2:0.33225	0	1000	0	0.267183	-1.35206	1.21854	1.5747e-25	6.28317	0.601653	0.999979	-29.3085	1.09723e+06	4.52107e-26	6.1449	0.581852	0.999964	54.2609	1.19284e+06	0	0	1
364	rs1	1:1	2:0.17575	rs2	1:2	2:0.31875	0	1000	0	0.618805	0.44986	0.90416	9.25228e-13	7.16048	1.0027	0.638391	0.429857	0.914687	1.09671e-12	7.13611	1.00257	0.999961	23.4723	478922	0	0	1
365	rs1	1:1	2:0.18525	rs2	1:2	2:0.32325	0	1000	0	0.0860313	1.98195	1.1545	6.09369e-13	7.21694	1.00258	0.087422	1.97609	1.15618	6.29644e-13	7.21253	1.00259	0.999966	21.8918	517294	0	0	1
366	rs1	1:1	2:0.18575	rs2	1:2	2:0.3365	0	1000	0	0.444535	-1.26081	1.64907	6.19965e-20	6.67685	0.730445	0.999985	-29.3006	1.55172e+06	2.48472e-20	6.56703	0.710783	0.999974	53.8388	1.63136e+06	0	0	1
367	rs1	1:1	2:0.188	rs2	1:2	2:0.3325	0	1000	0	0.359548	-1.21185	1.32266	1.00904e-25	6.27579	0.598531	0.999982	-29.3001	1.26697e+06	3.41248e-26	6.1603	0.581856	0.999968	54.2455	1.35447e+06	0	0	1
368	rs1	1:1	2:0.1925	rs2	1:2	2:0.3385	0	1000	0	0.999947	27.8967	423284	8.32535e-27	6.23718	0.581903	0.999989	31.1518	2.19469e+06	8.32535e-27	6.23718	0.581903	0.999998	-6.23718	2.25171e+06	1	0	1
369	rs1	1:1	2:0.18375	rs2	1:2	2:0.33125	0	1000	0	0.492202	0.949034	1.3818	2.40401e-20	6.57073	0.710911	0.525615	0.898398	1.41544	2.80105e-20	6.55788	0.71078	0.999963	23.645	503497	0	0	1
370	rs1	1:1	2:0.18625	rs2	1:2	2:0.3255	0	1000	0	0.0848271	1.98676	1.15286	4.41955e-20	6.52279	0.710751	0.0875828	1.97508	1.15618	4.68889e-20	6.51838	0.710764	0.999965	22.5859	517294	0	0	1
371	rs1	1:1	2:0.1805	rs2	1:2	2:0.3165	0	1000	0	0.831291	0.243225	1.14165	3.32663e-25	6.04051	0.582389	0.918734	0.125096	1.22608	4.86059e-25	6.01305	0.581777	0.999961	24.883	503497	0	0	1
372	rs1	1:1	2:0.18425	rs2	1:2	2:0.32	0	1000	0	0.999951	27.9111	452448	9.44671e-20	6.46418	0.710729	0.999989	31.0449	2.19469e+06	9.44671e-20	6.46418	0.710729	0.999998	-6.46418	2.26224e+06	1	0	1
373	rs1	1:1	2:0.18	rs2	1:2	2:0.31675	0	1000	0	0.372635	0.870072	0.975911	7.28387e-30	5.73434	0.505158	0.415857	0.814963	1.00164	9.88388e-30	5.72024	0.505105	0.999962	24.4827	517294	0	0	1
374	rs1	1:1	2:0.191	rs2	1:2	2:0.33825	0	1000	0	0.667633	-0.841965	1.9608	3.62011e-20	6.66857	0.72494	0.999989	-29.2846	2.19446e+06	1.80048e-20	6.59162	0.710798	0.999981	53.8142	2.24867e+06	0	0	1
375	rs1	1:1	2:0.1885	rs2	1:2	2:0.336	0	1000	0	0.578954	-1.34399	2.42198	6.66665e-13	7.38805	1.0281	0.999989	-29.2861	2.19446e+06	3.60918e-13	7.2884	1.00261	0.999981	53.1174	2.26201e+06	0	0	1
376	rs1	1:1	2:0.18775	rs2	1:2	2:0.334	0	1000	0	0.740683	0.368725	1.11414	7.37204e-36	5.66899	0.453483	0.866472	0.206169	1.22617	1.18431e-35	5.64599	0.45301	0.99996	25.2501	503497	0	0	1
377	rs1	1:1	2:0.18575	rs2	1:2	2:0.33075	0	1000	0	0.849389	0.22864	1.20401	4.15343e-13	7.27052	1.00277	0.870215	0.200336	1.22615	4.73861e-13	7.25133	1.00259	0.999968	23.6447	586557	0	0	1
378	rs1	1:1	2:0.1925	rs2	1:2	2:0.32525	0	1000	0	0.383769	-0.942111	1.08168	0.999728	31.1181	91337	0.383769	-0.942111	1.08168	0.999736	31.0525	93838.4	0.999998	0.942111	432668	1	0	1
379	rs1	1:1	2:0.186	rs2	1:2	2:0.33025	0	1000	0	0.273926	-1.28965	1.17877	3.72162e-25	6.25176	0.603381	0.999979	-29.3304	1.09723e+06	9.90558e-26	6.10178	0.581838	0.999963	54.304	1.18177e+06	0	0	1
380	rs1	1:1	2:0.19	rs2	1:2	2:0.32075	0	1000	0	0.472343	0.406651	0.565837	6.12585e-20	6.49838	0.710821	0.501607	0.385068	0.573049	9.46547e-20	6.46454	0.710786	0.999953	24.2084	414758	0	0	1
381	rs1	1:1	2:0.17975	rs2	1:2	2:0.32225	0	1000	0	0.213763	1.51953	1.22219	1.26145e-12	7.11661	1.00256	0.218154	1.50986	1.22608	1.32185e-12	7.11013	1.00256	0.999967	22.3996	548674	0	0	1
382	rs1	1:1	2:0.183	rs2	1:2	2:0.3305	0	1000	0	0.747387	-0.314706	0.977083	4.12481e-31	5.87506	0.506474	0.648713	-0.510019	1.11957	7.82544e-31	5.8321	0.505163	0.99996	25.7571	517294	0	0	1
383	rs1	1:1	2:0.1965	rs2	1:2	2:0.331	0	1000	0	0.709754	0.257043	0.690631	1.93875e-26	6.1925	0.581995	0.762858	0.214103	0.709584	3.26013e-26	6.16301	0.581878	0.999958	24.733	467910	0	0	1
384	rs1	1:1	2:0.17775	rs2	1:2	2:0.317	0	1000	0	0.843165	0.229853	1.16177	8.87039e-20	6.47512	0.711397	0.907687	0.142174	1.2261	1.2152e-19	6.44479	0.710739	0.999959	24.4512	478922	0	0	1
385	rs1	1:1	2:0.17575	rs2	1:2	2:0.31125	0	1000	0	0.413562	0.818979	1.00164	0.999734	31.004	92822.2	0.413562	0.818979	1.00164	0.999737	31.0219	94270.2	0.999999	-0.818979	556713	1	0	1
386	rs1	1:1	2:0.19025	rs2	1:2	2:0.32675	0	1000	0	0.823128	0.261664	1.17063	3.14321e-20	6.55317	0.711222	0.878686	0.187152	1.22614	4.1628e-20	6.52751	0.710766	0.999961	24.3685	503497	0	0	1
387	rs1	1:1	2:0.19225	rs2	1:2	2:0.34175	0	1000	0	0.507516	0.938047	1.41547	0.999721	31.1184	88918.4	0.507516	0.938047	1.41547	0.999725	31.1409	90507.7	0.999999	-0.938047	499025	1	0	1
388	rs1	1:1	2:0.182	rs2	1:2	2:0.3245	0	1000	0	0.505264	0.911149	1.36762	2.02613e-25	6.06325	0.58193	0.553979	0.837639	1.41539	2.46996e-25	6.05076	0.581784	0.999964	24.1521	532292	0	0	1
389	rs1	1:1	2:0.18275	rs2	1:2	2:0.3325	0	1000	0	0.486847	0.953239	1.37091	4.55274e-26	6.1455	0.581944	0.531734	0.885154	1.41543	5.49883e-26	6.13393	0.581826	0.999964	24.069	532292	0	0	1
390	rs1	1:1	2:0.17525	rs2	1:2	2:0.306	0	1000	0	0.999759	-23.8395	78996.5	0.999636	50.8375	111474	0.999981	-29.3895	1.26697e+06	0.999737	31.0163	94096.8	0.999983	29.3895	1.39933e+06	1	0	1
391	rs1	1:1	2:0.17925	rs2	1:2	2:0.3145	0	1000	0	0.384745	-1.66077	1.91072	3.56035e-12	7.26899	1.04535	0.999985	-29.3917	1.55172e+06	1.43182e-12	7.09904	1.00256	0.999974	53.3068	1.63136e+06	0	0	1
392	rs1	1:1	2:0.1745	rs2	1:2	2:0.308	0	1000	0	0.687379	-0.712623	1.77087	2.3772e-24	6.02175	0.591391	0.999989	-29.4172	2.19446e+06	1.29085e-24	5.95803	0.581748	0.999981	54.4478	2.2581e+06	0	0	1
393	rs1	1:1	2:0.189	rs2	1:2	2:0.323	0	1000	0	0.999943	27.6335	385029	4.96503e-20	6.51405	0.71077	0.999989	31.0804	2.19469e+06	4.96503e-20	6.51405	0.71077	0.999998	-6.51405	2.2419e+06	1	0	1
394	rs1	1:1	2:0.185	rs2	1:2	2:0.32025	0	1000	0	0.821693	0.258707	1.14793	1.45274e-25	6.08546	0.582295	0.902326	0.150472	1.22611	2.08039e-25	6.06037	0.581793	0.999962	24.8357	517294	0	0	1
395	rs1	1:1	2:0.19025	rs2	1:2	2:0.33375	0	1000	0	0.531481	0.561051	0.896609	1.10662e-20	6.62968	0.710934	0.565294	0.526016	0.914817	1.45001e-20	6.60823	0.710822	0.999959	24.0001	467910	0	0	1
