Outcome	Var1_ID	Var1_Pos	Var1_MAF	Var2_ID	Var2_Pos	Var2_MAF	Num_Missing	Num_Cases	Converged	Red_Var1_Pval	Red_Var1_beta	Red_Var1_SE	Red_Var2_Pval	Red_Var2_beta	Red_Var2_SE	Full_Var1_Pval	Full_Var1_beta	Full_Var1_SE	Full_Var2_Pval	Full_Var2_beta	Full_Var2_SE	Full_Var1_Var2_Pval	Full_Var1_Var2_beta	Full_Var1_Var2_SE	Red_Model_Pval	Full_Model_Pval	Overall_Pval_(LRT)
1	rs1	1:1	2:0.1915	rs2	1:2	2:0.335	0	1000	1	0.969749	0.0644587	0.260059	4.46122e-23	6.18617	0.609755	0.889453	-0.129555	0.267651	0.735261	-2.73511	3.48752	0.387907	19.2932	14.019	0	0	1.23159e-09
2	rs1	1:1	2:0.17425	rs2	1:2	2:0.3165	0	1000	1	0.530087	0.28315	0.251311	7.34206e-21	5.87529	0.610154	0.998161	0.0165668	0.273065	0.885155	0.450268	0.911568	0.412514	48.8338	36.6957	0	0	2.40857e-08
3	rs1	1:1	2:0.18	rs2	1:2	2:0.318	0	1000	1	0.962177	0.0607996	0.218946	1.63792e-11	7.09622	1.00689	0.970059	0.0544913	0.220996	0.937311	-0.969423	2.69409	0.189504	13.1991	7.23666	0	0	0.000354618
4	rs1	1:1	2:0.19025	rs2	1:2	2:0.33125	0	1000	1	0.615459	0.224681	0.228038	6.7748e-12	7.10701	0.990958	0.596446	0.234438	0.230604	0.989251	0.277621	1.88833	0.280124	12.8734	8.06945	0	0	0.000846633
5	rs1	1:1	2:0.18275	rs2	1:2	2:0.33175	0	1000	1	0.751583	0.20559	0.272037	2.12905e-17	6.43164	0.73402	0.982865	0.0537009	0.288834	0.887179	-4.21516	8.61462	0.89097	57.101	118.834	0	0	2.92115e-07
6	rs1	1:1	2:0.18925	rs2	1:2	2:0.32825	0	1000	1	0.605536	0.24681	0.246406	3.05293e-22	6.02065	0.604849	0.982883	0.0485059	0.261034	0.924029	-5.72935	14.4127	0.699442	112.461	133.004	0	0	9.21655e-10
7	rs1	1:1	2:0.1785	rs2	1:2	2:0.322	0	1000	1	0.367743	0.182236	0.128837	1.28418e-29	5.15791	0.447164	0.973536	-0.0320789	0.138506	0.521976	-1.56409	1.37166	0.0432698	8.48698	3.38651	0	0	7.73017e-15
8	rs1	1:1	2:0.18325	rs2	1:2	2:0.32	0	1000	1	0.707253	-0.166621	0.200192	3.49132e-12	7.33111	1.00928	0.525936	-0.229959	0.202849	0.770252	1.0159	1.406	0.362741	10.6419	7.47261	0	0	0.000733756
9	rs1	1:1	2:0.18925	rs2	1:2	2:0.33075	0	1000	0	0.143548	2.47009	1.25365	7.25542e-23	5.96101	0.590357	0.0577213	3.98897	1.67017	6.77301e-12	343.412	47.883	2.29074e-11	-3975.03	567.867	0	1	1
10	rs1	1:1	2:0.193	rs2	1:2	2:0.32675	0	1000	1	0.124019	0.353761	0.173141	2.30948e-30	5.10082	0.43662	0.378359	0.245255	0.17591	0.574428	-1.77615	1.68679	4.5472e-05	8.80903	1.96992	0	0	1.08186e-11
11	rs1	1:1	2:0.18575	rs2	1:2	2:0.32925	0	1000	1	0.876856	-0.130504	0.25456	1.95705e-23	6.25011	0.611183	0.530045	-0.294486	0.261356	0.963403	-6.65327	24.3646	0.849479	25.73	45.046	0	0	5.15016e-10
12	rs1	1:1	2:0.1915	rs2	1:2	2:0.33475	0	1000	1	0.442669	2.67833	2.09792	6.37141e-17	6.33495	0.733533	0.713877	1.77863	2.16634	0.984524	-7.19066	40.7124	0.932824	239.163	641.306	0	0	3.87694e-07
13	rs1	1:1	2:0.17925	rs2	1:2	2:0.325	0	1000	1	0.529848	0.295187	0.261902	1.44111e-21	5.98015	0.610417	0.842706	0.156112	0.266838	0.831936	0.686719	1.13202	0.000120784	7.92418	1.86552	0	0	6.84923e-05
14	rs1	1:1	2:0.18475	rs2	1:2	2:0.31975	0	1000	0	0.993608	-0.224358	1.98108	1.9909e-17	6.51551	0.742942	0.96169	-0.663053	2.37221	0.00177365	-57.3285	16.1062	0.000350409	784.99	196.784	0	1	1
15	rs1	1:1	2:0.186	rs2	1:2	2:0.3365	0	1000	1	0.823834	-0.12738	0.204608	1.06705e-23	6.2821	0.610779	0.640578	-0.196464	0.208161	0.801302	-2.11958	3.18443	0.0168153	9.20837	3.22142	0	0	2.32978e-06
16	rs1	1:1	2:0.17675	rs2	1:2	2:0.3175	0	1000	0	0.190629	2.8065	1.54146	8.24532e-17	6.21438	0.722072	0.997539	86.5314	1232.66	1	687078	9.56125e+13	1	-7.65816e+06	1.06572e+15	0	1	1
17	rs1	1:1	2:0.1895	rs2	1:2	2:0.3275	0	1000	1	0.912448	0.0713658	0.166713	0.725911	30.4304	38.0185	0.880686	0.0863904	0.171378	0.795285	26.604	39.3063	0.936637	50.3567	139.173	0	0	0.711688
18	rs1	1:1	2:0.188	rs2	1:2	2:0.336	0	1000	1	0.559247	0.207642	0.192598	1.02085e-28	5.5389	0.487856	0.999855	0.00339262	0.199498	0.833564	-0.657892	1.09031	0.369023	11.72	8.30016	0	0	8.61677e-13
19	rs1	1:1	2:0.18775	rs2	1:2	2:0.31775	0	1000	1	0.644044	-0.157699	0.16811	4.08445e-12	7.36828	1.01743	0.551232	-0.185126	0.169619	0.83562	0.846928	1.41319	0.855741	11.0104	19.7252	0	0	0.000463466
20	rs1	1:1	2:0.1815	rs2	1:2	2:0.315	0	1000	1	0.962619	-0.0596504	0.216099	5.79905e-18	6.51472	0.731218	0.641121	-0.219797	0.233105	0.995615	0.11507	1.22742	0.564587	269.102	251.671	0	0	8.69777e-07
21	rs1	1:1	2:0.18525	rs2	1:2	2:0.33075	0	1000	1	0.313178	3.19931	2.09956	4.88703e-25	5.55965	0.525441	0.614492	2.15132	2.17994	0.992868	0.110183	0.920922	0.0233036	104.37	38.0641	0	0	1.46292e-09
22	rs1	1:1	2:0.19025	rs2	1:2	2:0.3285	0	1000	1	0.968036	-0.0558379	0.21906	4.99369e-12	7.32326	1.01511	0.696702	-0.198701	0.233718	0.823661	0.878976	1.41112	0.321135	72.5318	48.1221	0	0	0.000172863
23	rs1	1:1	2:0.1855	rs2	1:2	2:0.327	0	1000	1	0.541697	0.181451	0.16387	2.83676e-25	5.63689	0.530171	0.893373	0.0795095	0.167434	0.669863	-2.98702	3.33675	0.270096	12.6351	7.80902	0	0	1.45505e-11
24	rs1	1:1	2:0.192	rs2	1:2	2:0.334	0	1000	1	0.790598	-0.143515	0.209354	4.92108e-19	6.67646	0.727116	0.466241	-0.264181	0.21385	0.820695	-1.48371	2.36014	0.106822	13.8163	6.53255	0	0	5.5639e-07
25	rs1	1:1	2:0.1785	rs2	1:2	2:0.31575	0	1000	1	0.998574	-0.00973699	0.18229	5.44586e-29	5.5244	0.484224	0.665757	-0.170962	0.18953	0.995622	-0.0773532	0.82576	0.536055	11.4018	10.2102	0	0	2.0487e-12
26	rs1	1:1	2:0.181	rs2	1:2	2:0.32375	0	1000	1	0.994134	0.0235634	0.217226	6.5708e-18	6.45271	0.7254	0.991415	-0.0288953	0.22004	0.615899	0.975741	0.991049	0.165323	10.5803	5.57654	0	0	8.66586e-06
27	rs1	1:1	2:0.183	rs2	1:2	2:0.32425	0	1000	1	0.907601	-0.110995	0.252065	0.957255	32.2758	109.192	0.980305	-0.052154	0.261479	0.996587	9.30628	112.538	0.74929	456.687	601.082	0	0	0.424148
28	rs1	1:1	2:0.18675	rs2	1:2	2:0.32375	0	1000	1	0.466618	0.327718	0.265422	1.7545e-25	5.60562	0.525003	0.774592	0.194029	0.271472	0.913653	0.352385	0.829179	0.0949107	14.3828	6.62749	0	0	1.18574e-09
29	rs1	1:1	2:0.1785	rs2	1:2	2:0.31425	0	1000	1	0.646279	-0.229156	0.245252	1.84505e-18	6.64819	0.735661	0.231368	-0.464476	0.271466	0.818535	-3.4348	5.42765	0.320412	63.2269	41.9071	0	0	7.46998e-08
30	rs1	1:1	2:0.181	rs2	1:2	2:0.32475	0	1000	1	0.76958	0.132478	0.183043	2.68107e-17	6.39144	0.731632	0.923816	0.0737782	0.185326	0.633504	0.95277	0.997144	0.157766	8.36994	4.35528	0	0	9.46203e-06
31	rs1	1:1	2:0.186	rs2	1:2	2:0.322	0	1000	1	0.662235	0.141035	0.155343	1.54135e-17	6.39369	0.726638	0.999987	-0.000855923	0.166459	0.96852	0.299843	1.1855	0.227764	25.4878	14.8173	0	0	9.10969e-07
32	rs1	1:1	2:0.18625	rs2	1:2	2:0.32	0	1000	1	0.98553	0.0301803	0.176763	8.67106e-12	7.20643	1.00968	0.988935	-0.0266613	0.178723	0.982982	-0.430247	2.32212	0.0463994	9.34799	3.77226	0	0	0.000755581
33	rs1	1:1	2:0.18325	rs2	1:2	2:0.328	0	1000	1	0.219536	0.440841	0.253153	1.71367e-24	5.52484	0.528102	0.518353	0.302913	0.264234	0.949342	0.272569	0.845314	0.751882	18.7896	24.8797	0	0	8.11751e-10
34	rs1	1:1	2:0.1895	rs2	1:2	2:0.32875	0	1000	1	0.99344	-0.0325675	0.283863	7.2057e-12	7.28891	1.01754	0.946223	-0.0950765	0.285949	0.936351	-3.87032	10.6717	0.631742	24.2977	25.3521	0	0	0.000132951
35	rs1	1:1	2:0.18875	rs2	1:2	2:0.3325	0	1000	1	0.242697	-0.498971	0.296509	9.48636e-13	7.586	1.0195	0.180212	-0.554557	0.299553	0.962862	-4.95429	18.0078	0.79937	27.1746	40.6061	0	0	8.66899e-05
36	rs1	1:1	2:0.18125	rs2	1:2	2:0.31775	0	1000	1	0.295735	0.237371	0.152068	7.42878e-21	5.82379	0.604883	0.818997	0.103764	0.164198	0.888466	0.445235	0.915498	0.655399	61.2375	66.6167	0	0	4.04642e-08
37	rs1	1:1	2:0.18925	rs2	1:2	2:0.3285	0	1000	0	0.0632993	3.82732	1.62905	6.46526e-11	6.90455	1.00795	0.918003	0.419573	1.01431	2.37526e-06	359.802	70.6979	4.45545e-06	-3980.56	801.861	0	1	1
38	rs1	1:1	2:0.1855	rs2	1:2	2:0.328	0	1000	1	0.429585	0.288501	0.221932	3.69734e-25	5.63033	0.5308	0.799018	0.152062	0.226998	0.949279	-0.342234	1.06069	0.0380919	11.836	4.62984	0	0	3.00477e-10
39	rs1	1:1	2:0.193	rs2	1:2	2:0.33725	0	1000	1	0.920452	0.0734211	0.180324	8.25277e-12	7.26478	1.01686	0.986973	0.0306811	0.18946	0.994798	-7.90391	77.386	0.988666	92.7194	614.088	0	0	0.000125366
40	rs1	1:1	2:0.18275	rs2	1:2	2:0.32725	0	1000	1	0.980589	-0.0383529	0.1937	3.17164e-18	6.60098	0.73533	0.814858	-0.128931	0.201484	0.988865	0.183273	1.22469	0.969465	15.0367	60.3779	0	0	1.44608e-06
41	rs1	1:1	2:0.18675	rs2	1:2	2:0.32875	0	1000	1	0.854124	-0.147192	0.262108	7.97067e-19	6.63644	0.726927	0.784197	-0.190728	0.273534	0.643976	0.930331	0.99163	0.762795	30.2043	41.0447	0	0	3.06253e-06
42	rs1	1:1	2:0.191	rs2	1:2	2:0.31775	0	1000	1	0.507816	-0.198593	0.170589	0.306135	30.8962	20.08	0.577614	-0.180022	0.171825	0.237437	35.6827	21.0419	0.634474	-20.8289	21.8356	0	0	0.551581
43	rs1	1:1	2:0.17825	rs2	1:2	2:0.3155	0	1000	1	0.545008	0.239486	0.217364	5.52769e-11	6.99194	1.01731	0.761464	0.169546	0.229657	0.977741	-6.04999	28.5131	0.916628	87.7682	210.344	0	0	0.000145208
44	rs1	1:1	2:0.1795	rs2	1:2	2:0.324	0	1000	1	0.0789107	0.424303	0.188275	5.96316e-16	6.07579	0.725618	0.0938636	0.425378	0.195551	0.791535	-1.83826	2.68836	0.477369	34.7856	28.6039	0	0	5.39909e-07
45	rs1	1:1	2:0.1875	rs2	1:2	2:0.32175	0	1000	1	0.847457	0.104534	0.181686	1.32758e-17	6.42888	0.729232	0.986791	0.0299567	0.183701	0.863651	-3.67891	6.7945	0.375369	14.9687	10.6928	0	0	3.76815e-07
46	rs1	1:1	2:0.18175	rs2	1:2	2:0.328	0	1000	1	0.880642	-0.13177	0.26135	3.59753e-23	6.25011	0.614772	0.499742	-0.317723	0.269748	0.981237	-0.223826	1.15	0.618147	15.6185	15.9235	0	0	5.47571e-09
47	rs1	1:1	2:0.178	rs2	1:2	2:0.32125	0	1000	0	0.595213	1.56875	1.54001	2.41849e-22	5.93533	0.59488	1	482.128	4.70099e+17	1	-138551	6.88734e+25	1	1.6133e+06	8.00815e+26	0	1	1
48	rs1	1:1	2:0.18675	rs2	1:2	2:0.3405	0	1000	1	0.948615	-0.0881705	0.271449	4.52576e-25	6.36844	0.601466	0.457991	-0.357627	0.286164	0.419001	1.13931	0.86377	0.0172187	11.1535	3.91326	0	0	2.47417e-07
49	rs1	1:1	2:0.18525	rs2	1:2	2:0.326	0	1000	1	0.187233	3.36069	1.83592	2.40026e-21	5.8509	0.600424	0.301258	2.67453	1.72656	0.734558	-2.74808	3.49862	0.477861	160.425	132.008	0	0	3.26353e-09
50	rs1	1:1	2:0.178	rs2	1:2	2:0.3215	0	1000	1	0.675557	-0.181811	0.205278	3.49932e-12	7.32547	1.00855	0.655056	-0.189185	0.205676	0.44245	12.08	9.45928	0.879924	-4.66367	9.22028	0	0	0.608858
51	rs1	1:1	2:0.188	rs2	1:2	2:0.3285	0	1000	1	0.600639	0.207363	0.205368	5.67849e-22	6.0031	0.606899	0.917457	0.0867187	0.208916	0.985579	-0.197088	1.15632	0.987855	17.7252	113.386	0	0	1.25943e-08
52	rs1	1:1	2:0.1865	rs2	1:2	2:0.32775	0	1000	1	0.904843	-0.0842022	0.188287	1.14091e-18	6.60914	0.727072	0.779387	-0.134834	0.190971	0.604322	0.996587	0.992971	0.104437	8.82663	4.15246	0	0	7.27416e-06
53	rs1	1:1	2:0.1875	rs2	1:2	2:0.3265	0	1000	1	0.902373	-0.13149	0.290091	0.567477	30.8833	29.0126	0.893247	-0.144783	0.304698	0.62222	29.5927	30.3787	0.989554	22.0087	151.87	0	0	0.885123
54	rs1	1:1	2:0.1885	rs2	1:2	2:0.32575	0	1000	1	0.367671	2.2839	1.6145	5.36011e-27	5.71637	0.51971	0.744659	1.15722	1.50701	0.999448	0.031826	0.95785	0.0213751	110.927	39.9986	0	0	9.09052e-10
55	rs1	1:1	2:0.18875	rs2	1:2	2:0.33	0	1000	1	0.963215	-0.0482792	0.176341	4.61945e-12	7.32037	1.01319	0.967212	-0.0458924	0.177729	0.693015	8.36346	9.76593	0.994248	-0.936737	8.72109	0	0	0.914243
56	rs1	1:1	2:0.18225	rs2	1:2	2:0.3285	0	1000	0	0.563418	2.28749	2.13545	2.81019e-21	5.94122	0.610708	1	-742.022	8.71458e+13	1	-45465.6	8.1638e+14	1	502279	8.92348e+15	0	1	1
57	rs1	1:1	2:0.17775	rs2	1:2	2:0.323	0	1000	1	0.00683364	0.712408	0.225601	8.50154e-27	4.88392	0.445729	0.19342	0.419569	0.231464	0.823888	-0.592843	0.952439	0.0344491	12.3864	4.77228	0	0	5.30118e-13
58	rs1	1:1	2:0.189	rs2	1:2	2:0.33675	0	1000	0	0.286515	0.244666	0.154743	2.89925e-17	6.38688	0.73186	0.785685	0.117031	0.168499	0.896379	-252.342	539.487	0.480235	1317.45	1087.74	0	1	1
59	rs1	1:1	2:0.1865	rs2	1:2	2:0.31475	0	1000	1	0.284808	-0.362059	0.228444	4.14685e-19	6.7292	0.731377	0.160869	-0.443843	0.23218	0.918752	-4.91168	11.9309	0.710415	21.6749	26.2113	0	0	1.37249e-07
60	rs1	1:1	2:0.18625	rs2	1:2	2:0.3165	0	1000	1	0.929001	0.104446	0.272147	2.78297e-26	5.71201	0.526531	0.984976	-0.0483445	0.277847	0.968792	-0.254865	1.01211	0.0103753	14.5678	4.81949	0	0	3.27854e-10
61	rs1	1:1	2:0.1855	rs2	1:2	2:0.3205	0	1000	1	0.493451	0.316766	0.266513	5.76369e-17	6.30674	0.729287	0.763074	0.199263	0.270961	0.900292	-4.47542	9.76452	0.766443	26.1454	35.8463	0	0	3.88824e-07
62	rs1	1:1	2:0.191	rs2	1:2	2:0.3375	0	1000	1	0.666877	-0.193435	0.214889	1.0006e-24	6.3827	0.607125	0.419203	-0.292436	0.221772	0.714296	-2.11484	2.57809	0.139091	13.9236	7.00993	0	0	8.67044e-10
63	rs1	1:1	2:0.184	rs2	1:2	2:0.31225	0	1000	1	0.920571	-0.0960799	0.236159	0.0454387	30.8857	12.4212	0.992649	-0.0297106	0.244583	0.123405	26.6119	13.0092	0.650433	53.4492	57.628	0	0	0.321151
64	rs1	1:1	2:0.19075	rs2	1:2	2:0.33925	0	1000	1	0.919114	-0.082277	0.200324	3.39103e-24	6.29289	0.605304	0.692821	-0.176134	0.205592	0.798957	0.601469	0.897717	0.190296	10.3252	5.66812	0	0	2.71788e-08
65	rs1	1:1	2:0.1885	rs2	1:2	2:0.339	0	1000	1	0.850154	-0.122199	0.214458	2.93465e-12	7.44074	1.02102	0.72638	-0.173244	0.216662	0.962551	-4.90053	17.737	0.866494	19.5209	36.4638	0	0	0.00010578
66	rs1	1:1	2:0.18725	rs2	1:2	2:0.332	0	1000	1	0.631381	0.192403	0.200628	5.22706e-22	6.02341	0.608438	0.952851	0.0635637	0.20452	0.845952	-4.16539	7.20114	0.397608	16.0559	11.8219	0	0	1.5461e-09
67	rs1	1:1	2:0.18375	rs2	1:2	2:0.32475	0	1000	1	0.353296	-0.241762	0.167596	1.80849e-19	6.8163	0.733686	0.440155	-0.225024	0.175647	0.803599	-3.15158	4.76578	0.336184	71.1761	48.2044	0	0	2.81249e-08
68	rs1	1:1	2:0.18825	rs2	1:2	2:0.3295	0	1000	1	0.632547	0.191155	0.199728	9.9762e-29	5.47858	0.482456	0.999667	-0.00530374	0.205595	0.937991	-6.63156	18.5336	0.861107	22.2242	40.6384	0	0	5.07806e-14
69	rs1	1:1	2:0.18425	rs2	1:2	2:0.3195	0	1000	1	0.878881	-0.073311	0.144272	0.864052	30.1906	55.8468	0.839251	-0.0857372	0.144821	0.607939	60.7547	60.8961	0.734757	-36.0179	45.875	0	0	0.466031
70	rs1	1:1	2:0.18975	rs2	1:2	2:0.3365	0	1000	1	0.794726	0.147951	0.218256	6.93071e-18	6.49237	0.730351	0.991541	0.029227	0.224221	0.802094	-2.35597	3.54749	0.618941	17.6433	18.0119	0	0	4.18268e-07
71	rs1	1:1	2:0.18675	rs2	1:2	2:0.3305	0	1000	0	0.557538	1.67109	1.54595	5.69748e-12	7.08203	0.984166	0.999989	165.73	35985.1	1	-7906.55	1.93037e+23	1	110276	1.10429e+24	0	1	1
72	rs1	1:1	2:0.19025	rs2	1:2	2:0.3385	0	1000	1	0.999932	0.00251007	0.215871	1.96329e-18	6.61673	0.732736	0.962666	-0.0607736	0.220308	0.805792	-2.42309	3.68722	0.414508	15.0288	11.3241	0	0	3.19084e-07
73	rs1	1:1	2:0.18925	rs2	1:2	2:0.32625	0	1000	1	0.993265	0.0190044	0.163468	0.988814	31.4458	209.65	0.991455	0.0215593	0.164564	0.976591	47.8818	219.986	0.989761	-28.3923	197.898	0	0	0.90169
74	rs1	1:1	2:0.17675	rs2	1:2	2:0.3115	0	1000	1	0.799641	0.194754	0.291235	1.20433e-24	5.60956	0.534481	0.998963	-0.0136013	0.298654	0.897171	-0.507203	1.08877	0.273069	17.209	10.6807	0	0	1.26971e-10
75	rs1	1:1	2:0.1855	rs2	1:2	2:0.32675	0	1000	1	0.520099	0.307666	0.269069	3.14787e-17	6.32946	0.726065	0.645896	0.255173	0.272911	0.816115	-1.57064	2.46377	0.205906	17.7811	10.0016	0	0	9.19498e-07
76	rs1	1:1	2:0.192	rs2	1:2	2:0.34175	0	1000	1	0.865804	0.149931	0.279285	4.61912e-12	7.25477	1.00411	0.886616	0.138346	0.281993	0.324839	1.8872	1.25846	0.202792	12.0673	6.75518	0	0	0.0021289
77	rs1	1:1	2:0.18725	rs2	1:2	2:0.3235	0	1000	1	0.99177	0.026399	0.205341	9.55727e-12	7.2277	1.0146	0.976504	-0.0465829	0.213618	0.892886	-1.95032	4.09715	0.692278	16.8954	19.7001	0	0	0.000167605
78	rs1	1:1	2:0.185	rs2	1:2	2:0.321	0	1000	1	0.778984	-0.214065	0.302877	3.44216e-24	6.2718	0.60336	0.319398	-0.474254	0.313901	0.863722	-0.789971	1.45939	0.0154927	16.4572	5.70046	0	0	8.29181e-09
79	rs1	1:1	2:0.1875	rs2	1:2	2:0.33	0	1000	1	0.962752	0.0631003	0.22901	7.51962e-23	6.14351	0.608644	0.987588	-0.0367361	0.232433	0.985878	0.206498	1.22437	4.96137e-05	8.23399	1.8494	0	0	1.17995e-05
80	rs1	1:1	2:0.18675	rs2	1:2	2:0.323	0	1000	0	0.255863	2.88595	1.74787	9.5329e-22	5.88597	0.598234	0.00217717	8.39919	2.39884	0.730316	2732.89	3447.07	0.731683	-31221.6	39498.3	0	1	1
81	rs1	1:1	2:0.18875	rs2	1:2	2:0.326	0	1000	1	0.634917	0.229286	0.240552	1.74389e-22	6.01055	0.600451	0.992801	0.0297046	0.247112	0.910563	-0.600921	1.3882	0.0162506	13.2814	4.627	0	0	3.08149e-08
82	rs1	1:1	2:0.18525	rs2	1:2	2:0.3295	0	1000	1	0.927831	0.0958331	0.247596	6.42449e-18	6.52151	0.732926	0.993028	-0.0298371	0.252241	0.61385	0.986749	0.998801	0.28342	12.206	7.68655	0	0	7.15308e-06
83	rs1	1:1	2:0.181	rs2	1:2	2:0.322	0	1000	1	0.948512	-0.0488701	0.1503	4.29385e-18	6.537	0.730956	0.806988	-0.0997984	0.152387	0.697188	0.849099	0.9997	0.461339	8.32711	6.69445	0	0	4.39027e-06
84	rs1	1:1	2:0.18675	rs2	1:2	2:0.319	0	1000	1	0.999471	0.00571638	0.175775	5.60854e-30	5.56089	0.479126	0.915592	-0.0777928	0.185237	0.53936	-2.52161	2.26929	0.335849	39.7014	26.8757	0	0	1.50672e-14
85	rs1	1:1	2:0.1785	rs2	1:2	2:0.3175	0	1000	1	0.942818	-0.0646507	0.188395	1.01832e-11	7.24954	1.01894	0.800231	-0.135157	0.202447	0.889597	-2.52939	5.22915	0.870687	21.5567	40.9623	0	0	0.000131827
86	rs1	1:1	2:0.18925	rs2	1:2	2:0.31575	0	1000	1	0.875109	0.111062	0.215012	1.12237e-18	6.45684	0.710177	0.994137	-0.0239135	0.220519	0.330682	1.48701	0.99955	0.0694669	9.97181	4.31773	0	0	4.42979e-05
87	rs1	1:1	2:0.17825	rs2	1:2	2:0.30575	0	1000	1	0.913956	0.0752856	0.177477	1.71765e-11	7.05769	1.00238	0.999489	0.00587604	0.183871	0.381825	1.74462	1.25725	0.659785	10.5096	11.5241	0	0	0.00158556
88	rs1	1:1	2:0.1925	rs2	1:2	2:0.336	0	1000	1	0.839569	0.107793	0.182274	7.26239e-30	5.59515	0.483006	0.86878	-0.104152	0.196362	0.859041	0.402916	0.730912	0.815925	20.601	32.297	0	0	6.52866e-12
89	rs1	1:1	2:0.18975	rs2	1:2	2:0.32875	0	1000	1	0.374724	0.304121	0.217056	3.97166e-22	5.92182	0.596507	0.532761	0.248734	0.221646	0.934833	-0.487505	1.32793	0.0132018	11.2351	3.819	0	0	3.8742e-08
90	rs1	1:1	2:0.19075	rs2	1:2	2:0.33825	0	1000	1	0.949173	0.0733779	0.227176	7.70694e-12	7.28518	1.01836	0.993637	0.0258505	0.228786	0.412212	1.63437	1.22763	0.804112	13.0396	19.7471	0	0	0.00100062
91	rs1	1:1	2:0.17625	rs2	1:2	2:0.31525	0	1000	1	0.633851	0.283481	0.296861	8.65784e-21	5.84952	0.608561	0.964592	0.0813648	0.303016	0.891541	0.436502	0.910945	0.356535	16.2533	11.317	0	0	6.36403e-08
92	rs1	1:1	2:0.1805	rs2	1:2	2:0.32625	0	1000	1	0.605939	0.278078	0.277807	8.2192e-22	5.93366	0.602159	0.833884	0.174098	0.288833	0.735883	0.686547	0.876617	0.636512	17.4079	18.3139	0	0	7.56711e-08
93	rs1	1:1	2:0.18675	rs2	1:2	2:0.3315	0	1000	1	0.987513	-0.0321236	0.202637	4.39793e-12	7.31623	1.01167	0.798368	-0.148624	0.221464	0.759062	1.03903	1.39932	0.579545	20.9075	20.0164	0	0	0.000446768
94	rs1	1:1	2:0.19125	rs2	1:2	2:0.34075	0	1000	1	0.803221	0.181128	0.273605	1.76387e-18	6.5353	0.72277	0.913476	0.117879	0.277079	0.45394	1.23721	0.984407	0.115688	12.2654	5.90548	0	0	1.49195e-05
95	rs1	1:1	2:0.1845	rs2	1:2	2:0.3205	0	1000	1	0.82667	0.111539	0.180774	2.86229e-29	5.41566	0.472364	0.985756	0.0322259	0.190248	0.809106	-0.67324	1.03435	0.343308	17.4157	11.91	0	0	7.10605e-13
96	rs1	1:1	2:0.18025	rs2	1:2	2:0.32525	0	1000	1	0.998303	0.0131517	0.225674	1.1845e-11	7.24037	1.0207	0.98225	-0.0431089	0.227775	0.813054	0.910133	1.41465	0.583763	11.9003	11.4696	0	0	0.00061683
97	rs1	1:1	2:0.19	rs2	1:2	2:0.3245	0	1000	1	0.666201	0.170119	0.18875	1.58104e-17	6.36981	0.724162	0.675966	0.173546	0.196097	0.976278	0.261483	1.19331	0.452742	38.1571	30.3095	0	0	1.205e-06
98	rs1	1:1	2:0.186	rs2	1:2	2:0.3245	0	1000	1	0.743617	-0.212133	0.275601	8.96694e-19	6.70185	0.735131	0.438599	-0.370692	0.288729	0.820851	-3.16353	5.03465	0.867601	44.8863	84.2209	0	0	1.70078e-07
99	rs1	1:1	2:0.196	rs2	1:2	2:0.33825	0	1000	1	0.384672	0.267333	0.193399	0.473999	31.3853	25.6852	0.433109	0.261845	0.202408	0.502081	32.2843	27.5023	0.995725	-7.36536	79.5652	0	0	0.926349
100	rs1	1:1	2:0.188	rs2	1:2	2:0.3235	0	1000	1	0.294484	-0.357315	0.228511	0.952629	30.7699	98.7656	0.489785	-0.28349	0.237267	0.999982	-0.613895	102.682	0.618321	455.627	464.661	0	0	0.293149
101	rs1	1:1	2:0.1825	rs2	1:2	2:0.33175	0	1000	0	0.28087	2.76969	1.73795	1.32026e-25	5.63075	0.526047	5.29922e-15	-27.4544	3.38602	1	31968.2	5.41256e+11	1	-346128	5.8612e+12	0	1	1
102	rs1	1:1	2:0.18575	rs2	1:2	2:0.32525	0	1000	1	0.755229	-0.176224	0.235181	4.9854e-12	7.34676	1.01833	0.696746	-0.212904	0.250447	0.837596	0.842039	1.41436	0.990046	24.8167	175.449	0	0	0.000455293
103	rs1	1:1	2:0.1845	rs2	1:2	2:0.31975	0	1000	1	0.991088	-0.0258431	0.193144	6.23619e-12	7.25072	1.00937	0.776015	-0.147142	0.206614	0.783147	0.977071	1.39743	0.386021	28.8936	20.9411	0	0	0.000298609
104	rs1	1:1	2:0.1885	rs2	1:2	2:0.33025	0	1000	1	0.917326	0.0863254	0.207796	6.88549e-18	6.47586	0.728434	0.992582	0.0256728	0.210377	0.84083	-3.36819	5.72005	0.678406	18.3382	20.8171	0	0	3.14817e-07
105	rs1	1:1	2:0.18275	rs2	1:2	2:0.3285	0	1000	1	0.796243	-0.152287	0.225591	8.51155e-24	6.25103	0.606464	0.680151	-0.208159	0.237083	0.99672	-0.0885118	1.09193	0.497889	40.9651	34.6869	0	0	3.1197e-09
106	rs1	1:1	2:0.18675	rs2	1:2	2:0.332	0	1000	1	0.69707	-0.163439	0.192382	2.49489e-12	7.41602	1.01453	0.492051	-0.247268	0.207624	0.906662	-1.44483	3.26377	0.770762	16.9455	23.4822	0	0	0.000153494
107	rs1	1:1	2:0.18375	rs2	1:2	2:0.324	0	1000	0	0.498375	0.22874	0.193819	8.08243e-36	4.7821	0.376174	0.999993	0.000769463	0.206324	0.45217	-1.24775	0.990345	0.999998	599.985	270978	0	0	1
108	rs1	1:1	2:0.174	rs2	1:2	2:0.30775	0	1000	1	0.349896	0.257649	0.177785	2.86331e-26	5.23677	0.482841	0.981574	0.0358178	0.185719	0.532955	-2.1437	1.91079	0.131751	12.3188	6.11847	0	0	4.1193e-13
109	rs1	1:1	2:0.18725	rs2	1:2	2:0.32575	0	1000	1	0.525553	-0.212254	0.187125	5.17646e-24	6.31187	0.60952	0.60294	-0.199986	0.198809	0.90353	-16.0161	35.5569	0.237166	300.157	176.931	0	0	3.74025e-11
110	rs1	1:1	2:0.19125	rs2	1:2	2:0.339	0	1000	1	0.99118	-0.0333142	0.250278	9.43639e-28	5.96691	0.534862	0.766842	-0.191515	0.26283	0.638819	-2.08118	2.19832	0.623787	19.1819	19.7438	0	0	5.76194e-12
111	rs1	1:1	2:0.1865	rs2	1:2	2:0.323	0	1000	1	0.781795	-0.149625	0.213245	6.14921e-12	7.30818	1.01709	0.676925	-0.189648	0.21468	0.84272	0.82803	1.4154	0.900708	14.7702	32.2967	0	0	0.000480636
112	rs1	1:1	2:0.1825	rs2	1:2	2:0.32625	0	1000	1	0.464465	-0.306349	0.247367	1.87021e-12	7.48424	1.01838	0.388584	-0.343388	0.249745	0.421097	1.62451	1.23517	0.527525	11.8572	10.484	0	0	0.000918046
113	rs1	1:1	2:0.18725	rs2	1:2	2:0.3255	0	1000	0	0.152631	3.99067	2.05818	1.93304e-24	5.54443	0.53056	0.666458	-1.89227	2.1005	0.0072734	224.301	71.479	0.00980341	-2380.91	782.835	0	1	1
114	rs1	1:1	2:0.188	rs2	1:2	2:0.31325	0	1000	1	0.948795	-0.0698002	0.215281	0.880591	31.2638	61.9938	0.999842	0.00392449	0.220407	0.994781	6.53979	63.926	0.472846	422.325	345.061	0	0	0.157807
115	rs1	1:1	2:0.188	rs2	1:2	2:0.3135	0	1000	0	0.849449	-0.1166	0.204112	3.68224e-27	5.82619	0.528058	0.40567	-0.29672	0.220891	0.995121	0.0858636	0.868141	0.872989	34490.3	66173	0	1	1
116	rs1	1:1	2:0.1775	rs2	1:2	2:0.31725	0	1000	1	0.800181	0.142787	0.213846	4.19758e-22	5.9851	0.603219	0.99394	0.0240526	0.218141	0.289424	1.43989	0.914379	0.000202294	6.30168	1.52786	0	0	9.26853e-05
117	rs1	1:1	2:0.18075	rs2	1:2	2:0.31325	0	1000	1	0.998291	0.0111126	0.189991	0.927183	30.8705	79.3884	0.983713	0.0354452	0.195587	0.97052	20.057	81.9875	0.886091	163.344	332.133	0	0	0.612725
118	rs1	1:1	2:0.18175	rs2	1:2	2:0.314	0	1000	1	0.814944	1.3343	2.08567	1.77108e-25	5.67011	0.531087	0.903746	-1.05065	2.33529	0.994603	-0.100879	0.969703	0.00948638	116.096	38.0371	0	0	6.82192e-10
119	rs1	1:1	2:0.18475	rs2	1:2	2:0.32725	0	1000	1	0.857249	-0.122656	0.220991	1.49333e-23	6.20377	0.605089	0.60871	-0.225489	0.226303	0.991549	-0.14505	1.11332	0.39662	13.5019	9.92802	0	0	7.77558e-09
120	rs1	1:1	2:0.17875	rs2	1:2	2:0.31525	0	1000	1	0.0649523	0.66581	0.284727	3.38944e-25	5.12553	0.482837	0.64714	0.28419	0.304616	0.995984	-0.0748864	0.83473	0.429567	65.201	50.1553	0	0	8.86429e-12
121	rs1	1:1	2:0.18625	rs2	1:2	2:0.3275	0	1000	1	0.37215	0.390956	0.278057	2.11817e-21	5.87359	0.601961	0.588056	0.30122	0.292314	0.994954	-0.111791	1.11138	0.741441	29.6589	38.3431	0	0	1.75107e-08
122	rs1	1:1	2:0.19425	rs2	1:2	2:0.34	0	1000	1	0.984168	-0.0309402	0.173183	2.5665e-36	5.4184	0.423234	0.355109	-0.265518	0.184518	0.653634	-4.11215	4.45916	0.287937	14.1777	8.98473	0	0	8.67703e-19
123	rs1	1:1	2:0.18675	rs2	1:2	2:0.31775	0	1000	1	0.509062	-0.231083	0.198857	3.41976e-24	6.34186	0.610062	0.0576909	-0.54303	0.227344	0.975406	-0.254138	1.13877	0.0416155	43.5402	17.2668	0	0	2.62073e-10
124	rs1	1:1	2:0.1945	rs2	1:2	2:0.33325	0	1000	1	0.901462	0.0762811	0.167469	7.99433e-19	6.59809	0.722752	0.916799	-0.0755289	0.181206	0.515215	1.13508	0.985595	0.254126	16.2128	9.79477	0	0	2.92541e-06
125	rs1	1:1	2:0.18025	rs2	1:2	2:0.3175	0	1000	1	0.847466	-0.14038	0.243998	4.32323e-23	6.16891	0.607867	0.569442	-0.26553	0.250211	0.987191	-0.179264	1.11643	0.555894	15.1465	13.9769	0	0	7.49712e-09
126	rs1	1:1	2:0.18525	rs2	1:2	2:0.33575	0	1000	1	0.688146	0.157737	0.182442	5.16647e-27	5.73608	0.521343	0.915434	0.0790191	0.187974	0.728281	0.662906	0.832454	0.000284376	6.87795	1.702	0	0	1.93099e-08
127	rs1	1:1	2:0.1825	rs2	1:2	2:0.326	0	1000	1	0.990735	0.0391658	0.287048	1.11422e-11	7.20809	1.01492	0.989108	-0.0429668	0.290313	0.21917	2.05365	1.17866	0.431484	13.2162	10.1933	0	0	0.00197106
128	rs1	1:1	2:0.18525	rs2	1:2	2:0.321	0	1000	0	0.872111	0.0806706	0.154204	0.99926	19.5675	508.713	0.858402	0.0856895	0.155066	0.951274	2075.35	6565.88	0.951951	-1667.83	5314.58	0	1	1
129	rs1	1:1	2:0.181	rs2	1:2	2:0.3115	0	1000	1	0.373842	0.372605	0.265615	1.56502e-16	6.21599	0.728591	0.681245	0.238547	0.272262	0.987242	0.194034	1.2108	0.645604	17.7009	18.9216	0	0	3.38797e-06
130	rs1	1:1	2:0.18525	rs2	1:2	2:0.3235	0	1000	1	0.112003	0.549098	0.262415	3.01725e-29	5.073	0.442654	0.714085	0.236663	0.288376	0.95892	-0.237253	0.819113	0.959653	63.4105	220.945	0	0	1.52967e-13
131	rs1	1:1	2:0.1875	rs2	1:2	2:0.32875	0	1000	1	0.978257	0.0466995	0.22272	0.72795	30.9628	38.8542	0.836728	0.136613	0.2288	0.939439	14.1031	39.8983	0.40938	308.542	230.858	0	0	0.116691
132	rs1	1:1	2:0.18725	rs2	1:2	2:0.31925	0	1000	1	0.886412	0.0838194	0.170688	1.79529e-17	6.39306	0.728001	0.999916	-0.00225797	0.174442	0.674407	0.886806	0.9991	0.546135	10.3454	9.40576	0	0	6.37088e-06
133	rs1	1:1	2:0.18425	rs2	1:2	2:0.32875	0	1000	1	0.0223668	0.482676	0.175081	5.82393e-26	5.21852	0.484088	0.343171	0.264446	0.180812	0.646569	-1.36912	1.46604	0.00601988	9.57031	2.99286	0	0	4.29255e-12
134	rs1	1:1	2:0.18775	rs2	1:2	2:0.31725	0	1000	1	0.588875	0.194296	0.188798	3.28565e-17	6.33967	0.727646	0.794344	0.12923	0.190441	0.688476	0.865477	1.00167	0.726935	12.1774	15.2476	0	0	6.42762e-06
135	rs1	1:1	2:0.18175	rs2	1:2	2:0.3055	0	1000	1	0.678808	0.164619	0.187015	2.64847e-21	5.86375	0.602367	0.923301	0.0758906	0.189964	0.846079	-4.43267	7.66666	0.607701	17.6518	17.6859	0	0	1.65264e-09
136	rs1	1:1	2:0.19525	rs2	1:2	2:0.335	0	1000	1	0.444916	0.288726	0.226863	1.16916e-11	7.15612	1.00856	0.85188	0.136419	0.240924	0.189111	2.12076	1.16202	0.281924	36.5413	22.9632	0	0	0.000625346
137	rs1	1:1	2:0.186	rs2	1:2	2:0.32925	0	1000	1	0.695735	-0.157061	0.184385	3.62221e-24	6.33103	0.609345	0.564173	-0.211715	0.197874	0.722615	-2.90477	3.6036	0.586138	31.2236	30.2075	0	0	3.37377e-10
138	rs1	1:1	2:0.189	rs2	1:2	2:0.33675	0	1000	1	0.999076	-0.00979827	0.227846	9.19995e-19	6.58654	0.722706	0.971939	-0.0552239	0.231461	0.889484	0.550758	1.138	0.236763	12.1184	7.13909	0	0	3.80415e-06
139	rs1	1:1	2:0.17825	rs2	1:2	2:0.3165	0	1000	1	0.931716	0.103291	0.274635	9.76935e-22	5.97993	0.607937	0.94177	-0.0974471	0.281319	0.712911	-2.67261	3.24867	0.153428	19.3022	9.9689	0	0	2.13004e-09
140	rs1	1:1	2:0.1835	rs2	1:2	2:0.3255	0	1000	1	0.40575	0.242026	0.180194	7.94586e-17	6.26999	0.728171	0.339763	0.276704	0.188316	0.992414	0.151326	1.22621	0.254673	123.92	74.9235	0	0	4.73821e-07
141	rs1	1:1	2:0.178	rs2	1:2	2:0.3185	0	1000	1	0.965146	0.033928	0.127372	2.12033e-11	7.14172	1.01865	0.999923	0.00164747	0.132811	0.455737	1.53743	1.22635	0.98039	60.2055	302.511	0	0	0.000990775
142	rs1	1:1	2:0.1895	rs2	1:2	2:0.32025	0	1000	1	0.892696	0.0788973	0.165589	1.6942e-11	7.15254	1.01557	0.972344	0.0395738	0.167093	0.925689	-3.6466	9.27934	0.809228	15.7715	24.2395	0	0	0.000146361
143	rs1	1:1	2:0.17825	rs2	1:2	2:0.30875	0	1000	1	0.996388	0.0143717	0.168936	4.17396e-12	7.12607	0.984388	0.922103	-0.0721194	0.179074	0.0674776	2.7303	1.17581	0.56421	10.8707	10.1606	0	0	0.00307269
144	rs1	1:1	2:0.1845	rs2	1:2	2:0.31675	0	1000	1	0.370423	0.284487	0.201859	8.55436e-17	6.22613	0.723797	0.49953	0.240555	0.20417	0.659521	0.907621	0.994757	0.435886	11.8403	9.18776	0	0	9.63467e-06
145	rs1	1:1	2:0.1825	rs2	1:2	2:0.324	0	1000	1	0.697659	0.166486	0.196199	2.16426e-11	7.09436	1.01232	0.858563	0.109366	0.198033	0.662806	1.28774	1.41986	0.0954602	8.43713	3.89255	0	0	0.00221125
146	rs1	1:1	2:0.19225	rs2	1:2	2:0.335	0	1000	1	0.584401	-0.219006	0.211294	0.953157	35.7766	115.497	0.62177	-0.212662	0.218144	0.963712	32.3829	119.102	0.993432	58.1517	506.547	0	0	0.908168
147	rs1	1:1	2:0.18675	rs2	1:2	2:0.32525	0	1000	1	0.869832	0.120181	0.227564	2.10166e-22	6.01441	0.601958	0.973724	0.0529962	0.229649	0.644852	0.929547	0.992329	6.56009e-05	7.58942	1.72917	0	0	4.25518e-05
148	rs1	1:1	2:0.1835	rs2	1:2	2:0.315	0	1000	1	0.525301	0.277706	0.244738	8.78212e-17	6.2555	0.72747	0.630027	0.245631	0.255535	0.702474	0.839007	0.998328	0.72716	53.8813	67.4986	0	0	4.99524e-06
149	rs1	1:1	2:0.18925	rs2	1:2	2:0.325	0	1000	1	0.997385	-0.0148591	0.205348	2.86592e-23	6.16491	0.605063	0.866019	-0.112429	0.209609	0.7295	-2.72405	3.42983	0.175527	14.7808	7.92344	0	0	1.29469e-09
150	rs1	1:1	2:0.18	rs2	1:2	2:0.32125	0	1000	1	0.995862	0.0148714	0.163301	4.06299e-32	5.35929	0.445739	0.409122	-0.236569	0.176944	0.473342	-1.93939	1.58569	0.490711	14.3285	12.0081	0	0	8.3614e-16
151	rs1	1:1	2:0.18775	rs2	1:2	2:0.333	0	1000	1	0.706193	0.194837	0.233588	1.99094e-11	7.12455	1.0149	0.779697	0.165964	0.23525	0.791408	0.964091	1.40945	0.592416	13.1381	12.8392	0	0	0.000736316
152	rs1	1:1	2:0.18925	rs2	1:2	2:0.3335	0	1000	1	0.16552	-0.487626	0.257097	3.04658e-20	6.97919	0.736181	0.0395938	-0.724258	0.284996	0.986607	0.19945	1.21455	0.387775	52.416	38.0801	0	0	3.17575e-07
153	rs1	1:1	2:0.19475	rs2	1:2	2:0.331	0	1000	1	0.950653	-0.0710007	0.223176	6.8197e-28	5.94762	0.531748	0.403549	-0.325584	0.241677	0.898861	-0.517816	1.12131	0.446404	460.198	362.342	0	0	1.46324e-11
154	rs1	1:1	2:0.18275	rs2	1:2	2:0.31575	0	1000	1	0.491703	-0.327476	0.274835	2.67634e-12	7.41386	1.01557	0.346247	-0.415382	0.285205	0.815714	0.898851	1.40827	0.900098	19.4949	42.4905	0	0	0.000462497
155	rs1	1:1	2:0.19175	rs2	1:2	2:0.33175	0	1000	1	0.00593827	0.822741	0.256948	1.43408e-26	5.16734	0.473663	0.02875	0.699969	0.262727	0.743354	-0.94609	1.22841	0.00302343	14.3666	4.21769	0	0	1.37629e-11
156	rs1	1:1	2:0.17975	rs2	1:2	2:0.3265	0	1000	1	0.923619	0.615667	1.54443	0.748088	31.1457	40.8798	0.922594	0.620045	1.54466	0.746011	31.5253	41.1813	0.979389	-19.4446	95.2744	0	0	0.942918
157	rs1	1:1	2:0.1875	rs2	1:2	2:0.33125	0	1000	1	0.971891	0.0447341	0.187334	7.90483e-12	7.23692	1.01211	0.98689	0.0306962	0.188949	0.910237	-1.48761	3.43001	0.272933	12.0375	7.46959	0	0	0.000236017
158	rs1	1:1	2:0.18125	rs2	1:2	2:0.32475	0	1000	0	0.478689	2.58831	2.13233	2.36951e-27	5.3792	0.485788	3.41717e-16	-19.2675	2.28302	0.999579	3955.68	136318	0.999581	-44095.9	1.52236e+06	0	1	1
159	rs1	1:1	2:0.18725	rs2	1:2	2:0.32675	0	1000	1	0.949809	0.0431778	0.134545	2.08402e-12	7.15494	0.975531	0.933959	0.0503572	0.136228	0.467041	1.73835	1.40875	0.449773	7.12469	5.63604	0	0	0.00217851
160	rs1	1:1	2:0.18075	rs2	1:2	2:0.321	0	1000	1	0.27334	0.298121	0.185098	1.35286e-16	6.24752	0.730825	0.457722	0.233605	0.186855	0.985464	0.209005	1.22132	0.590127	11.2135	10.9181	0	0	3.46827e-06
161	rs1	1:1	2:0.18275	rs2	1:2	2:0.31775	0	1000	1	0.949773	0.0961629	0.29954	7.8893e-18	6.4616	0.728084	0.960267	-0.0875051	0.307297	0.901891	0.52136	1.14724	0.0758649	14.793	6.51376	0	0	6.25491e-06
162	rs1	1:1	2:0.1815	rs2	1:2	2:0.32175	0	1000	1	0.909566	-0.11155	0.2562	2.60292e-12	7.33733	1.00456	0.738201	-0.203024	0.260571	0.592425	1.46437	1.43108	0.0687938	10.1338	4.37989	0	0	0.00237735
163	rs1	1:1	2:0.17275	rs2	1:2	2:0.306	0	1000	1	0.581308	0.28156	0.270313	1.98249e-16	6.1877	0.727643	0.755201	0.204395	0.272759	0.662548	0.901366	0.993381	0.215214	13.1226	7.48674	0	0	1.22658e-05
164	rs1	1:1	2:0.1885	rs2	1:2	2:0.33225	0	1000	1	0.666247	0.247755	0.274912	1.16136e-17	6.45121	0.730509	0.923021	0.112023	0.279875	0.33008	1.3669	0.918055	0.386474	14.172	10.2777	0	0	1.33773e-05
165	rs1	1:1	2:0.1775	rs2	1:2	2:0.32925	0	1000	1	0.703475	0.220184	0.262524	5.04297e-28	5.49515	0.490113	0.989452	-0.0396351	0.272161	0.841798	0.482088	0.821441	1.13732e-06	8.38113	1.6019	0	0	2.13224e-08
166	rs1	1:1	2:0.18375	rs2	1:2	2:0.321	0	1000	1	0.160995	0.437883	0.229111	3.27438e-27	5.26979	0.477168	0.516742	0.276834	0.240915	0.886162	0.358576	0.729346	0.80987	33.2923	51.2637	0	0	2.54072e-11
167	rs1	1:1	2:0.18825	rs2	1:2	2:0.33325	0	1000	0	0.570222	0.199804	0.188507	8.47421e-12	7.11597	0.996553	0.414626	0.254912	0.192106	0.336856	1.80529	1.22376	0.999998	448.227	228046	0	0	1
168	rs1	1:1	2:0.1815	rs2	1:2	2:0.3215	0	1000	1	0.0516464	0.443745	0.182275	4.43211e-23	5.4078	0.532998	0.271982	0.298945	0.185254	0.941151	-6.36635	18.2791	0.840592	19.0631	32.3476	0	0	2.42117e-11
169	rs1	1:1	2:0.18975	rs2	1:2	2:0.33025	0	1000	0	0.391388	-0.341141	0.24906	0.969737	30.7685	124.111	0.176387	-0.50217	0.269573	0.939139	-47.0673	132.816	0.157881	909.791	473.501	0	1	1
170	rs1	1:1	2:0.18525	rs2	1:2	2:0.32875	0	1000	1	0.8142	-0.199191	0.310668	1.46464e-27	5.99012	0.53885	0.310729	-0.495989	0.3244	0.739098	0.594268	0.764241	0.346373	16.9333	11.6285	0	0	3.28162e-10
171	rs1	1:1	2:0.18	rs2	1:2	2:0.329	0	1000	1	0.937704	0.0945284	0.263555	8.76316e-26	5.75667	0.535897	0.872614	-0.141815	0.271656	0.909146	-0.478106	1.09541	0.17214	15.1918	8.09855	0	0	9.31035e-11
172	rs1	1:1	2:0.1855	rs2	1:2	2:0.327	0	1000	1	0.996027	-0.021302	0.238734	5.98526e-12	7.28611	1.01349	0.907208	-0.106977	0.2424	0.960642	-0.719423	2.53869	0.100401	13.2244	6.16782	0	0	0.000427704
173	rs1	1:1	2:0.1835	rs2	1:2	2:0.32975	0	1000	1	0.99559	-0.0194785	0.207181	7.27516e-23	6.21236	0.615266	0.725037	-0.171599	0.213988	0.858885	0.503412	0.912673	0.535129	11.1043	9.93	0	0	2.26619e-08
174	rs1	1:1	2:0.1875	rs2	1:2	2:0.326	0	1000	1	0.502781	0.343559	0.292966	8.96502e-31	5.20134	0.442169	0.943762	0.104786	0.307979	0.52084	-1.57706	1.38072	0.430515	22.8056	17.5659	0	0	3.856e-15
175	rs1	1:1	2:0.18675	rs2	1:2	2:0.33175	0	1000	1	0.848443	0.10077	0.175764	1.44104e-11	7.14828	1.01167	0.69589	0.154577	0.181526	0.885834	-2.05537	4.17423	0.317976	70.7723	46.7517	0	0	3.80417e-05
176	rs1	1:1	2:0.18675	rs2	1:2	2:0.32275	0	1000	1	0.304771	0.437768	0.283978	4.35736e-11	6.96859	1.00885	0.490005	0.34283	0.287023	0.966416	-0.651153	2.49118	0.0871158	16.0471	7.26343	0	0	0.000661261
177	rs1	1:1	2:0.19425	rs2	1:2	2:0.3435	0	1000	1	0.9997	0.00522662	0.213355	4.07204e-13	7.35325	0.973458	0.995456	0.0208925	0.218918	0.796592	1.13503	1.683	0.655274	13.6578	14.8542	0	0	0.00120731
178	rs1	1:1	2:0.18825	rs2	1:2	2:0.31975	0	1000	1	0.959044	0.04303	0.148789	8.99077e-12	7.16076	1.00399	0.997552	-0.0106267	0.151789	0.71079	1.15743	1.40075	0.595782	9.22627	9.06559	0	0	0.00097516
179	rs1	1:1	2:0.1855	rs2	1:2	2:0.3275	0	1000	1	0.990787	0.0379292	0.278776	9.77434e-12	7.22765	1.01504	0.964602	-0.0785545	0.292592	0.799148	0.942854	1.408	0.756367	41.0164	54.886	0	0	0.000492804
180	rs1	1:1	2:0.18575	rs2	1:2	2:0.32525	0	1000	1	0.685488	-0.234327	0.269635	4.83647e-24	6.32211	0.610123	0.275887	-0.449267	0.279944	0.825153	0.557953	0.899956	0.263516	14.2102	8.70092	0	0	2.20048e-08
181	rs1	1:1	2:0.18675	rs2	1:2	2:0.32475	0	1000	1	0.707881	-0.198035	0.23824	8.95173e-20	6.5608	0.7005	0.72142	-0.196627	0.243312	0.984286	0.231341	1.29979	0.0522633	12.756	5.25025	0	0	4.96414e-06
182	rs1	1:1	2:0.18225	rs2	1:2	2:0.31775	0	1000	1	0.975471	0.04144	0.18594	1.40594e-22	6.07529	0.605617	0.871596	-0.100142	0.191013	0.998382	0.0603441	1.06035	0.0663844	9.59512	4.11972	0	0	3.0017e-08
183	rs1	1:1	2:0.18325	rs2	1:2	2:0.3215	0	1000	1	0.123647	0.349418	0.170893	2.15303e-16	6.14431	0.723365	0.15622	0.337803	0.175308	0.858573	-1.11059	2.01106	0.236396	11.4569	6.7458	0	0	1.79282e-06
184	rs1	1:1	2:0.1875	rs2	1:2	2:0.331	0	1000	1	0.994217	0.0209474	0.194493	0.76668	31.0609	42.6102	0.893044	0.0962638	0.202386	0.944315	14.9453	44.1498	0.512369	202.089	174.746	0	0	0.210659
185	rs1	1:1	2:0.185	rs2	1:2	2:0.31725	0	1000	1	0.907251	0.0836261	0.189536	5.43995e-34	5.1493	0.41604	0.359385	-0.303885	0.212413	0.439845	-2.95876	2.30853	0.0898973	33.0227	15.0443	0	0	1.11647e-18
186	rs1	1:1	2:0.1825	rs2	1:2	2:0.311	0	1000	1	0.22737	0.212397	0.123404	3.08037e-16	6.15221	0.727919	0.372821	0.174694	0.12436	0.850742	-3.55376	6.25015	0.494233	11.298	9.5163	0	0	6.10932e-07
187	rs1	1:1	2:0.181	rs2	1:2	2:0.32125	0	1000	1	0.707111	0.182259	0.218917	3.51167e-17	6.37413	0.732245	0.917077	0.0922009	0.221591	0.379656	1.2741	0.915466	0.771781	12.6978	17.6408	0	0	1.09911e-05
188	rs1	1:1	2:0.18475	rs2	1:2	2:0.3305	0	1000	1	0.825153	0.0913729	0.147381	1.27503e-11	7.17934	1.01358	0.973084	0.0353335	0.151256	0.958299	-0.738998	2.5319	0.819152	11.9287	18.8852	0	0	0.000319638
189	rs1	1:1	2:0.19075	rs2	1:2	2:0.334	0	1000	1	0.590542	0.203037	0.197821	1.328e-17	6.43398	0.729814	0.790747	0.137182	0.200195	0.646932	0.934196	1.00097	0.620437	11.5881	11.86	0	0	6.22109e-06
190	rs1	1:1	2:0.181	rs2	1:2	2:0.321	0	1000	1	0.244405	0.366608	0.218395	9.59151e-17	6.21455	0.723572	0.82676	0.146061	0.236791	0.90065	-0.803264	1.7559	0.201994	25.1747	14.0752	0	0	7.3892e-07
191	rs1	1:1	2:0.185	rs2	1:2	2:0.32125	0	1000	1	0.498027	0.25786	0.218384	3.3307e-17	6.35429	0.729456	0.681452	0.193687	0.221149	0.971155	0.290706	1.20153	0.413619	12.4728	9.38675	0	0	3.36605e-06
192	rs1	1:1	2:0.188	rs2	1:2	2:0.33175	0	1000	1	0.243169	-0.297386	0.17684	1.19199e-25	6.50807	0.607467	0.0554189	-0.462573	0.192311	0.801757	0.594133	0.893763	0.619816	12.2141	12.4876	0	0	9.9097e-09
193	rs1	1:1	2:0.1875	rs2	1:2	2:0.332	0	1000	1	0.441826	0.22758	0.178053	2.54542e-11	7.06077	1.01087	0.486927	0.21485	0.179086	0.917259	-1.36145	3.2758	0.298173	11.5091	7.39807	0	0	0.000299486
194	rs1	1:1	2:0.18725	rs2	1:2	2:0.32975	0	1000	1	0.870692	-0.0814749	0.154823	2.50243e-13	7.39083	0.97019	0.346204	-0.251506	0.172675	0.266612	2.06453	1.26969	0.0610099	16.9552	7.16907	0	0	0.00020455
195	rs1	1:1	2:0.1875	rs2	1:2	2:0.328	0	1000	1	0.862645	0.094005	0.172929	1.58004e-22	6.06907	0.605701	0.850729	-0.108715	0.191193	0.995907	-0.100252	1.10697	0.262446	22.6831	13.8677	0	0	5.01626e-09
196	rs1	1:1	2:0.187	rs2	1:2	2:0.32375	0	1000	1	0.766734	0.16234	0.222733	1.99668e-22	6.04871	0.60508	0.999232	0.0089176	0.227481	0.996764	0.0862397	1.07117	0.0134216	10.9547	3.73081	0	0	5.40265e-08
197	rs1	1:1	2:0.19	rs2	1:2	2:0.315	0	1000	1	0.599735	0.244889	0.242175	3.63735e-31	5.21738	0.44067	0.999876	0.00397077	0.252596	0.676693	-0.949397	1.07424	0.943709	23.347	68.586	0	0	1.03027e-14
198	rs1	1:1	2:0.1845	rs2	1:2	2:0.3335	0	1000	1	0.622673	0.255286	0.262268	7.40161e-26	5.77161	0.536503	0.993692	-0.0307331	0.273193	0.704496	-1.34325	1.60486	0.0808522	15.4938	6.90815	0	0	4.85782e-11
199	rs1	1:1	2:0.19175	rs2	1:2	2:0.337	0	1000	1	0.80299	0.148721	0.224505	4.087e-19	6.5958	0.716754	0.969881	-0.0593285	0.239893	0.99833	0.0810687	1.40236	0.226463	20.4182	11.8471	0	0	1.61129e-06
200	rs1	1:1	2:0.184	rs2	1:2	2:0.31725	0	1000	1	0.886072	-0.0816036	0.165912	4.82787e-23	6.11557	0.603259	0.649298	-0.157826	0.16982	0.97488	-0.256582	1.13749	0.432694	10.6959	8.26324	0	0	7.52447e-09
201	rs1	1:1	2:0.18175	rs2	1:2	2:0.324	0	1000	1	1	-0.00017397	0.312316	4.53723e-26	5.79541	0.536451	0.86307	-0.178308	0.32856	0.904171	-0.488376	1.08804	0.649796	74.2817	79.998	0	0	3.3439e-11
202	rs1	1:1	2:0.186	rs2	1:2	2:0.333	0	1000	1	0.604179	0.275582	0.274518	1.59768e-11	7.09585	1.00633	0.650553	0.25668	0.276808	0.187752	2.16535	1.18389	0.442856	12.4007	9.71591	0	0	0.00252106
203	rs1	1:1	2:0.18775	rs2	1:2	2:0.33325	0	1000	1	0.292979	0.336876	0.214989	3.86292e-25	5.63779	0.53171	0.812021	0.142184	0.220326	0.976013	-0.22815	1.03535	0.0106043	11.0044	3.64935	0	0	6.10189e-10
204	rs1	1:1	2:0.18225	rs2	1:2	2:0.3245	0	1000	1	0.807073	0.122315	0.186816	3.15709e-22	5.99783	0.602761	0.958888	-0.058055	0.200355	0.770841	-1.21999	1.69094	0.460223	15.0908	12.1131	0	0	4.38948e-09
205	rs1	1:1	2:0.1855	rs2	1:2	2:0.3295	0	1000	1	0.998227	0.0144806	0.243066	1.01815e-11	7.22557	1.01556	0.998536	-0.013241	0.244643	0.898484	-1.8812	4.06568	0.251961	15.7781	9.50255	0	0	0.000216111
206	rs1	1:1	2:0.18575	rs2	1:2	2:0.3205	0	1000	1	0.112192	0.445139	0.212815	1.24004e-10	6.85646	1.01512	0.276387	0.362052	0.225758	0.971293	-5.79477	24.0089	0.815727	91.0739	142.695	0	0	0.000155296
207	rs1	1:1	2:0.19175	rs2	1:2	2:0.32975	0	1000	1	0.990178	0.0246187	0.175215	4.97556e-23	6.13151	0.605008	0.959937	-0.0529362	0.185115	0.933888	-5.88549	15.9127	0.914361	60.3498	142.619	0	0	7.30019e-10
208	rs1	1:1	2:0.18175	rs2	1:2	2:0.3185	0	1000	1	0.110955	0.525303	0.250506	1.08465e-26	5.22964	0.478252	0.389196	0.360458	0.262379	0.602093	0.672181	0.667299	0.642343	31.7911	33.7885	0	0	6.87291e-11
209	rs1	1:1	2:0.18225	rs2	1:2	2:0.3135	0	1000	1	0.182157	0.316113	0.171291	2.39155e-16	6.13138	0.722897	0.273743	0.277441	0.172356	0.967083	0.305784	1.18187	0.201237	9.68768	5.41004	0	0	6.28972e-06
210	rs1	1:1	2:0.19075	rs2	1:2	2:0.3395	0	1000	1	0.719256	0.160039	0.197133	4.83161e-23	6.15349	0.607004	0.999991	0.00087716	0.2048	0.989025	0.157743	1.06177	0.696697	13.1699	15.4907	0	0	2.10851e-08
211	rs1	1:1	2:0.185	rs2	1:2	2:0.32625	0	1000	1	0.722216	0.233853	0.289867	2.7718e-17	6.37884	0.730508	0.882585	0.146525	0.293166	0.805515	-2.47719	3.76654	0.18287	19.8219	10.7532	0	0	5.8256e-07
212	rs1	1:1	2:0.18325	rs2	1:2	2:0.32825	0	1000	0	0.91303	-0.790855	1.85393	1.99853e-17	6.67659	0.761348	0.000187961	-10.2252	2.46849	0.0725624	537.629	234.716	0.078614	-5983.7	2653.17	0	1	1
213	rs1	1:1	2:0.1845	rs2	1:2	2:0.31775	0	1000	1	0.235572	-0.48705	0.286427	1.69272e-28	6.09759	0.539183	0.054162	-0.778638	0.322436	0.865089	-0.602374	1.11888	0.916592	86.2076	206.557	0	0	1.05051e-11
214	rs1	1:1	2:0.19	rs2	1:2	2:0.33225	0	1000	1	0.996506	0.0162325	0.194005	5.15505e-23	6.16149	0.608177	0.829125	-0.12181	0.198976	0.74225	-2.98515	3.86628	0.436957	14.9476	11.6161	0	0	1.10503e-09
215	rs1	1:1	2:0.18775	rs2	1:2	2:0.336	0	1000	0	0.211082	2.51108	1.42367	1.00298e-22	5.96988	0.593123	0.959061	-0.361353	1.24976	0.000894257	683.203	182.34	0.00104462	-7495.23	2022.92	0	1	1
216	rs1	1:1	2:0.1855	rs2	1:2	2:0.3165	0	1000	1	0.759667	0.124179	0.167481	3.54121e-12	7.04459	0.970094	0.76136	0.12422	0.168219	0.12732	2.64077	1.30068	0.269499	6.80791	4.20403	0	0	0.00678009
217	rs1	1:1	2:0.187	rs2	1:2	2:0.32525	0	1000	1	0.908303	-0.128878	0.29385	0.651752	31.4628	34.0027	0.896496	-0.137894	0.294983	0.642827	33.1542	35.2673	0.929324	-21.5924	56.3951	0	0	0.858334
218	rs1	1:1	2:0.17875	rs2	1:2	2:0.3115	0	1000	1	0.444473	-0.316949	0.248886	2.5168e-12	7.3924	1.01146	0.285144	-0.399686	0.252304	0.946862	-0.851119	2.57557	0.111297	13.8951	6.63092	0	0	0.000327359
219	rs1	1:1	2:0.17075	rs2	1:2	2:0.31025	0	1000	1	0.876544	-0.157834	0.307453	0.912808	32.528	76.1507	0.894375	-0.145433	0.307793	0.797379	53.3964	79.3476	0.866825	-43.5415	81.4412	0	0	0.651528
220	rs1	1:1	2:0.193	rs2	1:2	2:0.33825	0	1000	1	0.153272	-0.524539	0.270831	5.89273e-26	6.60986	0.613216	0.0338772	-0.733032	0.281727	0.748488	-3.0786	4.04448	0.334336	19.8144	13.3856	0	0	2.64194e-10
221	rs1	1:1	2:0.18125	rs2	1:2	2:0.323	0	1000	1	0.998679	0.00995351	0.193596	1.96683e-22	6.0752	0.607639	0.880478	-0.0996343	0.197468	0.976689	-0.24974	1.14984	0.591086	12.3337	12.0274	0	0	8.92603e-09
222	rs1	1:1	2:0.18475	rs2	1:2	2:0.32175	0	1000	1	0.322174	-0.46628	0.3098	0.397515	29.0563	21.3912	0.276948	-0.495441	0.309177	0.288543	36.4684	23.1303	0.548329	-27.6644	25.2355	0	0	0.461255
223	rs1	1:1	2:0.18475	rs2	1:2	2:0.3245	0	1000	1	0.178135	-0.328253	0.176714	8.33332e-20	6.91628	0.737853	0.0952125	-0.404539	0.186535	0.707844	0.832803	1.0018	0.99942	54.2021	1591.11	0	0	1.65811e-06
224	rs1	1:1	2:0.183	rs2	1:2	2:0.319	0	1000	1	0.898304	1.00403	2.16789	1.33438e-11	7.12323	1.00657	0.998278	-0.138436	2.35827	0.967349	-0.608491	2.36156	0.572565	178.906	169.409	0	0	0.000297269
225	rs1	1:1	2:0.187	rs2	1:2	2:0.3325	0	1000	1	0.771704	0.167542	0.232718	1.96432e-29	5.51155	0.479357	0.999896	-0.00346977	0.241052	0.967181	0.202274	0.782976	0.0514414	11.8857	4.87895	0	0	9.96075e-12
226	rs1	1:1	2:0.18725	rs2	1:2	2:0.3205	0	1000	1	0.357153	0.319251	0.222477	3.06433e-11	6.9764	1.00261	0.345378	0.330084	0.22637	0.989301	-0.319591	2.1789	0.314409	14.0174	9.21459	0	0	0.000557848
227	rs1	1:1	2:0.184	rs2	1:2	2:0.32375	0	1000	1	0.300011	0.265987	0.171413	2.33458e-17	6.2503	0.714182	0.340913	0.260234	0.177385	0.430971	1.26241	0.972975	0.325984	9.38222	6.26623	0	0	1.86121e-05
228	rs1	1:1	2:0.18775	rs2	1:2	2:0.33075	0	1000	1	0.984455	0.0362161	0.204597	3.7302e-23	6.17061	0.607166	0.84904	-0.120532	0.210684	0.999988	-0.00543321	1.09127	0.20067	11.441	6.38356	0	0	1.52247e-08
229	rs1	1:1	2:0.1775	rs2	1:2	2:0.31725	0	1000	1	0.0295389	0.580115	0.218575	3.30922e-19	5.59298	0.60627	0.119075	0.4552	0.220649	0.978631	-0.240231	1.15579	0.890663	15.6514	32.5241	0	0	3.96923e-08
230	rs1	1:1	2:0.18625	rs2	1:2	2:0.321	0	1000	1	0.951696	-0.0445164	0.141469	7.53726e-12	7.2216	1.00903	0.957295	-0.0421715	0.14274	0.562705	8.14273	7.59313	0.992522	-0.717944	5.85973	0	0	0.9013
231	rs1	1:1	2:0.17975	rs2	1:2	2:0.3215	0	1000	1	0.55916	1.65537	1.53523	3.88741e-26	5.63539	0.52095	0.884387	0.757017	1.52716	0.951806	-6.74027	21.4448	0.913812	253.035	595.978	0	0	8.69313e-12
232	rs1	1:1	2:0.17625	rs2	1:2	2:0.31475	0	1000	0	0.00696837	6.31074	2.00238	4.72055e-24	4.95975	0.478539	0.909466	0.511095	1.17317	1.28533e-06	187.5	35.9985	3.40202e-06	-1991.61	396.877	0	1	1
233	rs1	1:1	2:0.1935	rs2	1:2	2:0.332	0	1000	1	0.878332	-0.108295	0.212604	2.58796e-19	6.66566	0.720469	0.783377	-0.151237	0.216432	0.284362	1.4496	0.914068	0.338408	11.0296	7.49254	0	0	1.02338e-05
234	rs1	1:1	2:0.19075	rs2	1:2	2:0.3305	0	1000	1	0.31311	0.234935	0.154162	4.62684e-11	7.00827	1.01587	0.576395	0.173997	0.165755	0.984128	-24.6839	137.992	0.851223	176.944	311.744	0	0	0.00013707
235	rs1	1:1	2:0.1855	rs2	1:2	2:0.314	0	1000	1	0.983673	-0.0381589	0.210299	9.23023e-12	7.22053	1.0129	0.783073	-0.156964	0.224451	0.884575	-1.94526	3.92764	0.475672	35.9905	29.5237	0	0	9.80277e-05
236	rs1	1:1	2:0.182	rs2	1:2	2:0.31625	0	1000	1	0.999987	0.00135814	0.270463	1.29371e-11	7.16092	1.01127	0.997344	0.0202297	0.277393	0.432622	1.5867	1.22571	0.602511	64.0198	63.5983	0	0	0.000597088
237	rs1	1:1	2:0.19025	rs2	1:2	2:0.33375	0	1000	1	0.999331	-0.00742616	0.202925	2.17193e-27	5.90507	0.532901	0.768504	-0.151488	0.208752	0.927163	-0.424472	1.09144	0.0933227	11.5269	5.29257	0	0	6.55454e-11
238	rs1	1:1	2:0.18475	rs2	1:2	2:0.3175	0	1000	1	0.535681	-0.275158	0.246263	0.558381	31.2933	28.9873	0.499434	-0.290954	0.246912	0.469865	37.31	30.3562	0.717456	-27.8048	34.1198	0	0	0.61003
239	rs1	1:1	2:0.183	rs2	1:2	2:0.32075	0	1000	1	0.767564	0.1782	0.244993	2.24685e-17	6.39635	0.730504	0.945271	0.0831959	0.247967	0.99047	0.169711	1.22631	0.991275	21.662	163.629	0	0	2.17743e-06
240	rs1	1:1	2:0.18825	rs2	1:2	2:0.33425	0	1000	1	0.389271	0.312219	0.227289	3.91435e-11	7.04843	1.01812	0.64861	0.220579	0.237053	0.939387	-4.10239	11.6007	0.750046	106.089	139.877	0	0	0.000128265
241	rs1	1:1	2:0.18525	rs2	1:2	2:0.327	0	1000	1	0.354307	0.282445	0.196068	3.38779e-25	5.63127	0.530477	0.93777	0.0729301	0.203449	0.668007	-1.55714	1.73346	0.0241538	12.1275	4.44418	0	0	6.57913e-11
242	rs1	1:1	2:0.19275	rs2	1:2	2:0.3315	0	1000	1	0.61283	0.17265	0.174462	2.37612e-22	6.03305	0.604568	0.944717	0.0606248	0.179761	0.535275	0.915708	0.81905	0.837279	11.804	19.8059	0	0	8.84966e-08
243	rs1	1:1	2:0.18525	rs2	1:2	2:0.32275	0	1000	1	0.906969	0.113678	0.257236	1.15843e-11	7.18816	1.01289	0.996948	0.0206949	0.264673	0.912873	-1.36817	3.20426	0.635909	19.2908	20.2736	0	0	0.000219224
244	rs1	1:1	2:0.181	rs2	1:2	2:0.31775	0	1000	0	0.48773	1.90426	1.58909	3.24044e-17	6.28956	0.721764	0.924035	-0.643286	1.61831	4.21442e-06	309.828	62.2728	7.54799e-06	-3529.52	726.718	0	1	1
245	rs1	1:1	2:0.18925	rs2	1:2	2:0.327	0	1000	1	0.906375	-0.106102	0.239291	1.65896e-13	7.32484	0.954788	0.91233	-0.103179	0.240859	0.259819	2.6209	1.59635	0.0871066	7.96495	3.6051	0	0	0.0126256
246	rs1	1:1	2:0.18625	rs2	1:2	2:0.3315	0	1000	1	0.275779	0.279667	0.174238	4.15867e-25	5.61902	0.530288	0.617681	0.174402	0.177669	0.992936	-0.119157	1.00071	0.00671163	8.32116	2.63035	0	0	9.05702e-10
247	rs1	1:1	2:0.179	rs2	1:2	2:0.31775	0	1000	0	0.216226	0.487162	0.278362	2.50852e-20	5.78092	0.608471	0.291546	0.450201	0.28674	0.884107	0.454166	0.915027	0.473421	972.635	795.336	0	1	1
248	rs1	1:1	2:0.179	rs2	1:2	2:0.31925	0	1000	1	0.190713	0.268642	0.14757	8.93785e-32	4.74409	0.396742	0.927729	0.0622437	0.160696	0.498982	-1.23334	1.04597	0.89478	14.4897	30.7281	0	0	5.80194e-18
249	rs1	1:1	2:0.178	rs2	1:2	2:0.3175	0	1000	1	0.973382	-0.0509989	0.21955	8.12571e-12	7.1919	1.00636	0.954034	-0.0682095	0.222341	0.22306	2.0402	1.17779	0.409385	9.62201	7.19948	0	0	0.00191399
250	rs1	1:1	2:0.18525	rs2	1:2	2:0.32375	0	1000	1	0.995889	-0.0177454	0.195513	7.84984e-27	5.86098	0.534546	0.654828	-0.185441	0.201523	0.798687	-4.36716	6.51328	0.589719	17.2675	16.8017	0	0	3.73381e-12
251	rs1	1:1	2:0.1865	rs2	1:2	2:0.3205	0	1000	0	0.950493	0.067854	0.21293	6.84887e-18	6.45679	0.726239	0.94655	0.0720449	0.217358	0.658881	0.904854	0.990569	0.999997	732.623	299945	0	1	1
252	rs1	1:1	2:0.1855	rs2	1:2	2:0.32975	0	1000	1	0.986292	-0.0248414	0.149511	1.5945e-27	5.919	0.532818	0.757534	-0.115743	0.155311	0.804155	-0.868108	1.31482	0.00171776	7.31306	2.04939	0	0	1.06904e-10
253	rs1	1:1	2:0.1835	rs2	1:2	2:0.328	0	1000	1	0.999723	-0.00584968	0.248717	4.173e-32	5.46978	0.455013	0.43836	-0.344135	0.267955	0.690704	-0.927639	1.07829	0.951977	20.3376	64.8247	0	0	2.16474e-15
254	rs1	1:1	2:0.17675	rs2	1:2	2:0.32	0	1000	1	0.887038	0.142346	0.290724	1.29094e-21	5.99665	0.6114	0.971906	-0.0712379	0.298404	0.850559	0.515149	0.905411	0.116372	13.8962	6.69986	0	0	6.38531e-08
255	rs1	1:1	2:0.1875	rs2	1:2	2:0.338	0	1000	1	0.457938	-0.268654	0.214954	3.98338e-29	6.1792	0.540322	0.224354	-0.399363	0.230994	0.437057	0.908177	0.705865	0.654027	40.0482	43.4585	0	0	1.75025e-10
256	rs1	1:1	2:0.177	rs2	1:2	2:0.31625	0	1000	1	0.551768	0.238011	0.218252	1.0333e-16	6.29584	0.733777	0.777591	0.156853	0.221138	0.989453	0.177914	1.22174	0.846536	14.0877	24.4054	0	0	2.71647e-06
257	rs1	1:1	2:0.18225	rs2	1:2	2:0.32275	0	1000	0	0.450439	0.280704	0.222259	3.31533e-25	5.58259	0.52579	0.54862	0.253347	0.231206	0.99042	-0.133399	0.961436	0.999999	389.041	229911	0	0	1
258	rs1	1:1	2:0.1875	rs2	1:2	2:0.3315	0	1000	1	0.966523	0.0556758	0.21335	3.19799e-30	5.62748	0.482855	0.714495	-0.181894	0.221828	0.830598	0.441158	0.724066	0.118331	11.3956	5.51565	0	0	1.0797e-11
259	rs1	1:1	2:0.18775	rs2	1:2	2:0.32525	0	1000	1	0.2778	2.78876	1.74239	0.890519	33.4377	69.4359	0.285588	2.93844	1.85605	0.942066	25.7499	74.5325	0.962496	635.563	2298.63	0	0	0.780863
260	rs1	1:1	2:0.1815	rs2	1:2	2:0.31925	0	1000	1	0.968705	0.0427388	0.169482	1.54347e-11	7.172	1.01642	0.968028	0.0447237	0.175436	0.928245	-3.90728	10.1251	0.761093	63.5331	85.9812	0	0	0.000103881
261	rs1	1:1	2:0.18175	rs2	1:2	2:0.32425	0	1000	1	0.623831	0.20093	0.206831	2.45389e-30	5.27633	0.451845	0.887463	-0.110206	0.225533	0.750499	-0.763072	1.00716	0.661079	16.6352	18.2842	0	0	1.08523e-14
262	rs1	1:1	2:0.1915	rs2	1:2	2:0.32775	0	1000	1	0.999949	-0.00252028	0.249192	0.727075	31.0682	38.9128	0.999556	0.00779984	0.261864	0.777695	29.2888	41.3034	0.992008	20.667	163.138	0	0	0.898989
263	rs1	1:1	2:0.18275	rs2	1:2	2:0.31525	0	1000	1	0.295183	-0.380389	0.243503	3.83127e-19	6.75562	0.733562	0.252647	-0.425223	0.256348	0.979943	-7.70187	38.2607	0.767137	204.09	280.291	0	0	9.13075e-08
264	rs1	1:1	2:0.185	rs2	1:2	2:0.3315	0	1000	1	0.684922	0.212173	0.243876	1.4636e-17	6.43776	0.731157	0.926344	0.0970159	0.248009	0.646032	0.935605	1.00088	0.616181	14.2312	14.4613	0	0	6.31504e-06
265	rs1	1:1	2:0.18325	rs2	1:2	2:0.334	0	1000	1	0.554605	-0.244238	0.224935	1.59707e-12	7.54162	1.0232	0.453053	-0.287997	0.228865	0.813713	0.907714	1.41366	0.966956	14.93	57.5919	0	0	0.000400516
266	rs1	1:1	2:0.19275	rs2	1:2	2:0.335	0	1000	1	0.734741	0.179045	0.228037	6.04384e-23	6.11631	0.604655	0.999989	0.00109593	0.23394	0.834619	-0.999965	1.66301	0.00286141	12.1436	3.54826	0	0	2.0274e-08
267	rs1	1:1	2:0.1845	rs2	1:2	2:0.318	0	1000	1	0.873688	0.141883	0.273021	3.50796e-22	6.01575	0.605206	0.988167	-0.0430193	0.278807	0.727743	-2.87242	3.60289	0.448667	22.0432	17.4107	0	0	1.66855e-09
268	rs1	1:1	2:0.187	rs2	1:2	2:0.317	0	1000	1	0.911751	-0.0752899	0.175152	4.911e-12	7.22439	1.00108	0.963319	-0.0506293	0.185192	0.906915	-1.32874	3.00583	0.596196	20.4865	20.1433	0	0	0.000140323
269	rs1	1:1	2:0.18225	rs2	1:2	2:0.32325	0	1000	1	0.720497	0.15388	0.190043	1.09888e-21	5.95352	0.60599	0.966244	0.0506681	0.193342	0.97875	-0.238809	1.15219	0.781724	13.1504	18.7384	0	0	1.3042e-08
270	rs1	1:1	2:0.18525	rs2	1:2	2:0.3275	0	1000	1	0.20218	0.224563	0.12559	4.84786e-24	5.54809	0.535437	0.516926	0.146522	0.127545	0.712203	-1.56076	1.8944	0.00122241	5.68409	1.55197	0	0	5.49946e-08
271	rs1	1:1	2:0.1945	rs2	1:2	2:0.34425	0	1000	1	0.996535	-0.0174165	0.209024	6.85464e-24	6.29783	0.609764	0.735546	-0.168772	0.215335	0.816235	0.579628	0.909558	0.377221	11.4449	8.19621	0	0	2.42468e-08
272	rs1	1:1	2:0.19575	rs2	1:2	2:0.344	0	1000	0	0.458679	2.55385	2.0455	1.31021e-31	5.34795	0.448443	0.992854	175.174	1462.68	0	-17400.4	49.5013	0	192575	287.238	0	1	1
273	rs1	1:1	2:0.18675	rs2	1:2	2:0.32475	0	1000	1	0.986396	0.0404533	0.244408	6.3566e-18	6.5095	0.731479	0.978637	-0.0514514	0.247576	0.98925	0.179965	1.22404	0.639051	15.4377	16.3133	0	0	1.85833e-06
274	rs1	1:1	2:0.187	rs2	1:2	2:0.3165	0	1000	1	0.666479	-0.136537	0.151568	0.585854	30.3543	29.3533	0.655631	-0.144732	0.157511	0.641977	28.739	30.5249	0.980942	16.5807	84.5216	0	0	0.845516
275	rs1	1:1	2:0.18925	rs2	1:2	2:0.325	0	1000	1	0.0926312	0.317103	0.145371	6.37682e-27	5.23925	0.477017	0.269186	0.248631	0.153467	0.845916	-5.53029	9.55957	0.447474	68.8675	54.3043	0	0	7.61759e-14
276	rs1	1:1	2:0.18375	rs2	1:2	2:0.33025	0	1000	1	0.14517	0.36024	0.183364	8.50869e-27	5.31309	0.4849	0.793008	0.134734	0.19783	0.630918	-3.24787	3.38401	0.736341	21.8878	27.9758	0	0	1.67968e-13
277	rs1	1:1	2:0.1835	rs2	1:2	2:0.3195	0	1000	1	0.908354	0.0812379	0.185282	2.76522e-29	5.51778	0.481144	0.50466	-0.241381	0.206396	0.532165	-1.96922	1.7532	0.071501	25.872	11.2635	0	0	2.18137e-14
278	rs1	1:1	2:0.18375	rs2	1:2	2:0.334	0	1000	1	0.632006	-0.227618	0.237603	1.41414e-12	7.48496	1.01325	0.805081	-0.163102	0.247687	0.8894	-1.85333	3.82788	0.383676	70.7686	51.1273	0	0	3.81201e-05
279	rs1	1:1	2:0.1865	rs2	1:2	2:0.3125	0	1000	1	0.95615	-0.0418045	0.139595	3.23803e-31	5.63491	0.47554	0.465094	-0.179155	0.14479	0.650829	0.727575	0.785013	1.16892e-06	4.95439	0.947893	0	0	3.70559e-08
280	rs1	1:1	2:0.19075	rs2	1:2	2:0.33325	0	1000	1	0.939222	-0.0719416	0.203151	5.97828e-13	7.2953	0.972353	0.961362	-0.0574998	0.204824	0.841208	1.01784	1.73079	0.0689778	9.28529	4.01515	0	0	0.00235307
281	rs1	1:1	2:0.18425	rs2	1:2	2:0.32075	0	1000	1	0.932184	0.0578966	0.154486	8.40755e-18	6.41742	0.723691	0.931034	0.0608957	0.16108	0.79426	-1.70019	2.50492	0.465677	25.27	20.4394	0	0	2.85219e-07
282	rs1	1:1	2:0.18125	rs2	1:2	2:0.31825	0	1000	1	0.484743	0.229236	0.190484	8.15109e-17	6.23941	0.724868	0.59586	0.201486	0.198002	0.816468	-1.44096	2.26275	0.702492	15.4975	18.441	0	0	8.4951e-07
283	rs1	1:1	2:0.191	rs2	1:2	2:0.3275	0	1000	1	0.240505	0.320375	0.189773	8.66514e-12	7.06105	0.989293	0.540262	0.21946	0.197768	0.876683	0.900217	1.75464	0.429709	12.4394	9.5708	0	0	0.00154489
284	rs1	1:1	2:0.1845	rs2	1:2	2:0.3275	0	1000	1	0.449604	0.288572	0.228224	4.62288e-11	7.01626	1.01701	0.62336	0.223655	0.230039	0.90073	-1.78984	3.91415	0.27699	15.1932	9.48176	0	0	0.000282098
285	rs1	1:1	2:0.18325	rs2	1:2	2:0.31725	0	1000	1	0.664077	-0.194075	0.214488	8.69386e-13	7.37671	0.989811	0.447899	-0.279063	0.22018	0.10704	2.5389	1.20098	0.423389	9.6725	7.37751	0	0	0.00287579
286	rs1	1:1	2:0.1935	rs2	1:2	2:0.32825	0	1000	1	0.997656	-0.0167282	0.244196	7.75575e-24	6.18132	0.599177	0.415792	-0.360315	0.271974	0.74598	-1.34014	1.75049	0.056322	31.8107	13.2621	0	0	4.28254e-10
287	rs1	1:1	2:0.19025	rs2	1:2	2:0.32925	0	1000	1	0.927172	-0.0801755	0.206167	4.75668e-12	7.33129	1.01527	0.892942	-0.102994	0.216426	0.925573	-3.66778	9.32566	0.964043	23.8947	88.2939	0	0	0.000116681
288	rs1	1:1	2:0.193	rs2	1:2	2:0.327	0	1000	1	0.64992	-0.250869	0.270235	1.37985e-24	6.28797	0.599861	0.611661	-0.282461	0.284871	0.712604	-1.62463	1.97355	0.372533	41.5938	29.5979	0	0	4.73171e-10
289	rs1	1:1	2:0.18025	rs2	1:2	2:0.31775	0	1000	1	0.524057	-0.209378	0.184183	0.442256	31.5241	24.6784	0.232882	-0.346357	0.202883	0.848738	15.1454	26.4446	0.167143	133.65	70.6576	0	0	0.0605247
290	rs1	1:1	2:0.1865	rs2	1:2	2:0.321	0	1000	1	0.920593	-0.119506	0.293781	2.15745e-18	6.58094	0.729618	0.775212	-0.212873	0.298305	0.685073	0.868568	0.998644	0.571265	17.3082	16.3561	0	0	3.96668e-06
291	rs1	1:1	2:0.18825	rs2	1:2	2:0.3345	0	1000	1	0.00222624	0.701993	0.200858	1.59455e-15	6.01697	0.728892	0.0176361	0.607242	0.213685	0.980354	-7.11891	35.7364	0.953574	71.0924	230.56	0	0	7.75421e-07
292	rs1	1:1	2:0.17475	rs2	1:2	2:0.307	0	1000	1	0.626406	0.149207	0.154264	6.76578e-11	6.92544	1.01198	0.686033	0.137125	0.157953	0.884829	-2.1403	4.32652	0.926645	15.5076	39.7279	0	0	0.000201163
293	rs1	1:1	2:0.1895	rs2	1:2	2:0.325	0	1000	1	0.946024	0.081513	0.24469	2.94372e-23	6.04379	0.593329	0.992726	0.0298552	0.247067	0.492747	1.15319	0.969267	0.000101903	8.03195	1.87332	0	0	5.5178e-05
294	rs1	1:1	2:0.17975	rs2	1:2	2:0.322	0	1000	1	0.90325	0.0608007	0.134777	1.68009e-11	7.1643	1.01707	0.99038	0.0189569	0.136336	0.90604	-1.5239	3.4304	0.490567	9.44816	7.91651	0	0	0.00023499
295	rs1	1:1	2:0.18425	rs2	1:2	2:0.3215	0	1000	1	0.0417525	0.375612	0.149034	0.320314	31.5947	20.9383	0.059943	0.370943	0.156351	0.353871	32.3953	22.4748	0.995092	-5.11627	51.5746	0	0	0.92128
296	rs1	1:1	2:0.189	rs2	1:2	2:0.322	0	1000	1	0.196663	0.376747	0.2089	5.65088e-11	6.97841	1.01582	0.565597	0.231842	0.217164	0.906272	-1.43544	3.23547	0.153962	72.7639	37.6147	0	0	4.17492e-05
297	rs1	1:1	2:0.18575	rs2	1:2	2:0.3225	0	1000	1	0.769594	0.12587	0.173919	1.13935e-25	5.70244	0.53206	0.977735	-0.0381216	0.179641	0.958825	0.247054	0.851942	0.141885	9.56502	4.84004	0	0	5.71864e-10
298	rs1	1:1	2:0.19025	rs2	1:2	2:0.33575	0	1000	1	0.319047	-0.27178	0.179801	5.07881e-13	7.57981	1.00736	0.350182	-0.2679	0.18493	0.368767	1.75196	1.24032	0.743561	22.5014	29.2297	0	0	0.000700594
299	rs1	1:1	2:0.18925	rs2	1:2	2:0.3305	0	1000	1	0.825269	-0.193563	0.312324	1.75713e-12	7.40357	1.00624	0.622494	-0.308899	0.31725	0.997675	-0.145714	2.13553	0.0556353	16.1246	6.70819	0	0	0.000713879
300	rs1	1:1	2:0.18975	rs2	1:2	2:0.3455	0	1000	1	0.465531	0.238625	0.192971	2.47365e-33	5.21313	0.425424	0.938426	-0.0726979	0.203913	0.506336	-2.73978	2.34839	0.0198444	12.3424	4.4081	0	0	1.76846e-17
301	rs1	1:1	2:0.186	rs2	1:2	2:0.32475	0	1000	1	0.843782	0.085355	0.146442	1.04889e-17	6.42394	0.726472	0.883427	0.0750741	0.150785	0.797675	-1.75771	2.61412	0.549707	30.1722	27.5808	0	0	3.01971e-07
302	rs1	1:1	2:0.185	rs2	1:2	2:0.317	0	1000	1	0.623402	0.267904	0.275571	4.14811e-11	7.02227	1.01557	0.75365	0.20849	0.277211	0.826242	0.874415	1.41526	0.652257	17.0731	18.4681	0	0	0.000733997
303	rs1	1:1	2:0.18425	rs2	1:2	2:0.321	0	1000	1	0.920868	-0.0895795	0.220612	2.40621e-18	6.6007	0.732791	0.753091	-0.168923	0.224307	0.989561	0.176733	1.21992	0.500621	12.849	10.9228	0	0	1.54223e-06
304	rs1	1:1	2:0.18825	rs2	1:2	2:0.32875	0	1000	1	0.990888	0.0240748	0.17793	1.08837e-26	5.85071	0.535065	0.907656	-0.079975	0.181678	0.982665	-0.215608	1.15292	6.0001e-06	6.80602	1.3879	0	0	7.63514e-08
305	rs1	1:1	2:0.1845	rs2	1:2	2:0.32225	0	1000	1	0.85844	0.134527	0.243479	1.17322e-25	5.69885	0.53186	0.950182	-0.0801847	0.250817	0.903916	-0.491185	1.09277	0.51106	16.4913	14.2329	0	0	9.58099e-11
306	rs1	1:1	2:0.18325	rs2	1:2	2:0.32825	0	1000	0	0.0900771	3.91227	1.78307	7.25279e-21	5.78862	0.601074	0.0176306	6.12126	2.15395	1.48176e-17	755.177	85.7815	3.35883e-17	-8042.25	923.332	0	1	1
307	rs1	1:1	2:0.19025	rs2	1:2	2:0.33075	0	1000	1	0.495073	0.362858	0.306005	2.93043e-22	6.03067	0.605606	0.94109	0.109776	0.315022	0.882668	-0.737954	1.47705	0.0513159	17.0537	6.99753	0	0	1.91708e-08
308	rs1	1:1	2:0.18675	rs2	1:2	2:0.34	0	1000	1	0.917302	-0.0897949	0.216116	1.97716e-12	7.36937	1.00379	0.962385	-0.0616133	0.222499	0.973756	-0.536858	2.32782	0.595178	34.1059	33.4791	0	0	0.000176136
309	rs1	1:1	2:0.1875	rs2	1:2	2:0.32775	0	1000	1	0.740957	0.183162	0.236535	8.37071e-29	5.49159	0.482945	0.988297	-0.0374155	0.243846	0.910343	-6.09281	14.057	0.807603	25.0498	38.318	0	0	4.45301e-14
310	rs1	1:1	2:0.18625	rs2	1:2	2:0.31975	0	1000	1	0.411737	0.186136	0.139721	1.55266e-21	5.89281	0.601969	0.961192	0.0418507	0.148746	0.976148	-0.254926	1.16017	0.232737	77.5069	45.391	0	0	3.88983e-09
311	rs1	1:1	2:0.17075	rs2	1:2	2:0.30275	0	1000	1	0.178012	0.479921	0.258313	1.42807e-15	6.03376	0.729746	0.313504	0.396283	0.260179	0.716418	0.817161	1.00058	0.361208	13.5897	9.52264	0	0	1.27449e-05
312	rs1	1:1	2:0.18175	rs2	1:2	2:0.3065	0	1000	1	0.94004	-0.0769912	0.218936	1.53567e-11	7.14979	1.01317	0.967264	-0.0588941	0.228264	0.906456	-3.48544	7.86426	0.683907	66.2322	75.9803	0	0	9.24401e-05
313	rs1	1:1	2:0.18675	rs2	1:2	2:0.32925	0	1000	1	0.902617	0.0594455	0.131321	7.89603e-23	6.03489	0.59817	0.967308	0.0350711	0.136023	0.796545	-1.07713	1.59695	0.497076	17.8535	15.0996	0	0	2.81811e-09
314	rs1	1:1	2:0.18775	rs2	1:2	2:0.33525	0	1000	1	0.0270866	0.32275	0.120136	6.69416e-24	5.45011	0.527568	0.111984	0.262771	0.125574	0.958148	-0.30978	1.05939	0.71191	11.0362	13.3873	0	0	3.52292e-10
315	rs1	1:1	2:0.17325	rs2	1:2	2:0.31775	0	1000	1	0.353511	0.287587	0.199421	1.11064e-26	5.29739	0.484544	0.995309	-0.0215614	0.222338	0.98789	0.123188	0.789145	0.300862	15.4071	9.94065	0	0	8.89471e-12
316	rs1	1:1	2:0.18525	rs2	1:2	2:0.32025	0	1000	1	0.646339	0.101079	0.108191	7.95823e-22	5.96689	0.60533	0.972259	0.026224	0.110554	0.747906	-3.01829	3.95994	0.311841	9.6761	6.33831	0	0	2.15096e-09
317	rs1	1:1	2:0.18775	rs2	1:2	2:0.32075	0	1000	1	0.697957	0.144096	0.169913	1.288e-17	6.38796	0.724308	0.957055	0.0512883	0.173101	0.931236	0.438851	1.16261	0.179912	9.76904	5.27435	0	0	5.2502e-06
318	rs1	1:1	2:0.18875	rs2	1:2	2:0.32825	0	1000	1	0.540485	0.224477	0.202356	1.65521e-17	6.41672	0.729927	0.802598	0.135912	0.204942	0.637625	0.949623	1.00099	0.62585	12.0677	12.4649	0	0	6.95591e-06
319	rs1	1:1	2:0.1885	rs2	1:2	2:0.3225	0	1000	1	0.0464455	0.481944	0.194513	7.48362e-21	5.73932	0.596156	0.0904101	0.434286	0.198083	0.806415	-1.071	1.63267	0.151359	12.8358	6.60537	0	0	1.61806e-08
320	rs1	1:1	2:0.18675	rs2	1:2	2:0.32075	0	1000	0	0.85135	-1.05292	1.85592	9.01448e-18	6.609	0.745957	0.999501	0.0766659	2.42551	5.16457e-21	-65.7982	6.80743	3.67824e-24	939.61	90.4479	0	1	1
321	rs1	1:1	2:0.1885	rs2	1:2	2:0.32775	0	1000	1	0.181857	0.506664	0.274412	1.8569e-27	5.33643	0.480971	0.573861	0.310009	0.29415	0.810547	-0.708979	1.09386	0.791122	66.4279	97.0391	0	0	1.43113e-12
322	rs1	1:1	2:0.186	rs2	1:2	2:0.31975	0	1000	1	0.599279	-0.173579	0.171528	4.92649e-19	6.68121	0.727642	0.465295	-0.215357	0.174097	0.825607	-1.37999	2.22906	0.202061	11.1009	6.20715	0	0	5.07917e-07
323	rs1	1:1	2:0.18825	rs2	1:2	2:0.328	0	1000	1	0.985036	-0.0433696	0.249751	0.211959	31.1022	17.6571	0.958852	-0.0724347	0.249867	0.0817032	42.6093	19.0377	0.221912	-34.9033	20.1148	0	0	0.195486
324	rs1	1:1	2:0.18525	rs2	1:2	2:0.318	0	1000	1	0.79304	0.140562	0.206405	3.94539e-22	6.00915	0.605262	0.999083	0.00900319	0.210138	0.764993	-3.23802	4.42371	0.193488	15.6519	8.63562	0	0	1.88273e-09
325	rs1	1:1	2:0.193	rs2	1:2	2:0.32675	0	1000	1	0.756712	-0.134492	0.180118	4.1416e-24	6.28973	0.606123	0.420322	-0.242498	0.184183	0.979081	-0.237554	1.15528	0.7909	12.9547	18.9131	0	0	4.74389e-09
326	rs1	1:1	2:0.1865	rs2	1:2	2:0.3295	0	1000	1	0.617609	0.272118	0.277181	2.38941e-17	6.39491	0.730926	0.986173	-0.050723	0.303955	0.377162	1.27523	0.913174	0.099085	178.434	82.983	0	0	9.8304e-07
327	rs1	1:1	2:0.1855	rs2	1:2	2:0.32725	0	1000	1	0.989648	-0.0197703	0.137045	1.90376e-18	6.58955	0.729452	0.927415	-0.0552287	0.142264	0.649555	0.924353	0.995059	0.727379	8.7507	10.9674	0	0	3.90502e-06
328	rs1	1:1	2:0.182	rs2	1:2	2:0.32275	0	1000	1	0.996927	0.0154117	0.196442	0.458677	30.995	24.8252	0.998805	0.0103841	0.212362	0.518487	30.4106	26.5326	0.998039	4.48539	71.5849	0	0	0.950165
329	rs1	1:1	2:0.1745	rs2	1:2	2:0.3185	0	1000	1	0.402212	0.28447	0.210773	1.12135e-28	5.11666	0.450994	0.990778	0.0297179	0.218316	0.944927	-0.275422	0.818267	0.836345	14.413	24.1078	0	0	8.34976e-14
330	rs1	1:1	2:0.18475	rs2	1:2	2:0.32125	0	1000	1	0.564253	-0.220045	0.205685	4.78252e-19	6.73479	0.73322	0.316458	-0.330314	0.217749	0.988554	0.184303	1.21462	0.911834	19.3502	45.0377	0	0	1.04733e-06
331	rs1	1:1	2:0.18725	rs2	1:2	2:0.328	0	1000	1	0.360593	0.305424	0.213839	4.28797e-11	7.0171	1.01553	0.358239	0.319053	0.222667	0.428035	1.59507	1.22441	0.707349	153.485	184.446	0	0	0.000830521
332	rs1	1:1	2:0.1855	rs2	1:2	2:0.32325	0	1000	1	0.76746	-0.157828	0.216929	3.96713e-12	7.37929	1.01838	0.602868	-0.220955	0.219629	0.782545	0.988303	1.41127	0.282631	10.5897	6.66131	0	0	0.000704655
333	rs1	1:1	2:0.1875	rs2	1:2	2:0.32975	0	1000	1	0.583665	0.23435	0.225832	6.38359e-22	5.98042	0.60533	0.998009	0.0156409	0.247724	0.871998	0.478645	0.914512	0.55616	48.1885	44.4858	0	0	2.50607e-08
334	rs1	1:1	2:0.18675	rs2	1:2	2:0.32625	0	1000	1	0.98099	0.0533911	0.272512	9.02917e-12	7.18273	1.00716	0.977869	0.0578214	0.273305	0.778209	5.41448	7.64562	0.973322	2.54628	10.9492	0	0	0.811887
335	rs1	1:1	2:0.184	rs2	1:2	2:0.32625	0	1000	1	0.985231	-0.0444743	0.257809	2.54338e-23	6.1129	0.599269	0.874418	-0.136539	0.263555	0.99832	0.0608913	1.05006	0.0644932	13.7493	5.87213	0	0	2.20352e-08
336	rs1	1:1	2:0.1805	rs2	1:2	2:0.317	0	1000	1	0.998646	-0.0147275	0.282877	2.82203e-18	6.51149	0.724312	0.960263	-0.0817531	0.287081	0.857709	0.627912	1.1333	0.00816733	11.7318	3.78343	0	0	1.29669e-05
337	rs1	1:1	2:0.176	rs2	1:2	2:0.3065	0	1000	1	0.982899	0.0270038	0.145388	2.86677e-11	7.08797	1.01724	0.949562	0.0480468	0.14934	0.853676	0.79548	1.41418	0.464823	198.022	159.977	0	0	0.000194368
338	rs1	1:1	2:0.18575	rs2	1:2	2:0.33075	0	1000	1	0.290743	0.304751	0.193884	5.32891e-17	6.32287	0.730387	0.586927	0.203628	0.19725	0.586563	1.03025	0.997408	0.327528	9.93057	6.64648	0	0	1.17656e-05
339	rs1	1:1	2:0.18675	rs2	1:2	2:0.3255	0	1000	1	0.717177	-0.194867	0.238985	6.33701e-24	6.30029	0.609553	0.489087	-0.290598	0.242973	0.990915	0.16549	1.22494	2.81147e-05	8.66713	1.8932	0	0	8.06617e-06
340	rs1	1:1	2:0.1855	rs2	1:2	2:0.332	0	1000	1	0.125904	0.510773	0.250896	7.53271e-11	6.93301	1.01541	0.161707	0.480595	0.251764	0.195599	2.14237	1.18593	0.201225	10.0718	5.62443	0	0	0.00379346
341	rs1	1:1	2:0.1875	rs2	1:2	2:0.3255	0	1000	1	0.556337	0.276338	0.255174	3.71787e-11	7.0304	1.01443	0.659726	0.233923	0.256476	0.82733	0.871259	1.41504	0.977488	21.0033	98.424	0	0	0.00066833
342	rs1	1:1	2:0.1835	rs2	1:2	2:0.3265	0	1000	1	0.197728	0.351732	0.195355	8.64005e-21	5.82707	0.606212	0.54406	0.219573	0.199005	0.84788	0.522896	0.9102	0.342793	10.6829	7.30057	0	0	8.97382e-08
343	rs1	1:1	2:0.1945	rs2	1:2	2:0.32175	0	1000	1	0.614088	0.139465	0.141225	4.77684e-18	6.38331	0.714724	0.697809	0.120805	0.142408	0.758559	0.822102	1.10584	0.0179202	6.64451	2.3428	0	0	2.18202e-05
344	rs1	1:1	2:0.1825	rs2	1:2	2:0.32625	0	1000	1	0.592617	0.224366	0.219334	3.87091e-11	7.04306	1.01711	0.681861	0.204773	0.233991	0.438227	1.57438	1.22564	0.95595	37.886	126.217	0	0	0.00112575
345	rs1	1:1	2:0.19125	rs2	1:2	2:0.33625	0	1000	1	0.804305	-0.141087	0.213779	3.23893e-19	6.70368	0.726485	0.671291	-0.194082	0.217384	0.925947	0.455398	1.16093	0.0690591	10.3702	4.48529	0	0	3.13429e-06
346	rs1	1:1	2:0.18725	rs2	1:2	2:0.33425	0	1000	0	0.925156	0.779927	1.97728	1.78264e-29	5.58901	0.485737	7.21229e-29	-27.3742	2.40459	0.999924	5367.16	435253	0.999924	-63006.9	5.11664e+06	0	1	1
347	rs1	1:1	2:0.18775	rs2	1:2	2:0.33525	0	1000	1	0.326185	0.384582	0.256927	2.08454e-25	5.68547	0.533289	0.851771	0.149524	0.263962	0.896963	0.393448	0.843676	0.0234563	12.2696	4.47864	0	0	1.73582e-09
348	rs1	1:1	2:0.19675	rs2	1:2	2:0.33925	0	1000	1	0.418304	0.359136	0.272019	1.73457e-11	7.14887	1.01553	0.799737	0.19573	0.292772	0.797534	0.951809	1.41501	0.491452	118.395	99.3272	0	0	0.000320055
349	rs1	1:1	2:0.18325	rs2	1:2	2:0.32925	0	1000	1	0.988966	-0.0463174	0.310933	7.8217e-12	7.27628	1.01741	0.896171	-0.147507	0.315025	0.910945	-1.42452	3.29819	0.251852	19.1102	11.5075	0	0	0.000239092
350	rs1	1:1	2:0.184	rs2	1:2	2:0.32775	0	1000	1	0.731986	0.209985	0.265828	2.29388e-11	7.0914	1.01309	0.78554	0.185677	0.267233	0.914412	-1.41307	3.34042	0.154073	16.151	8.35077	0	0	0.000332718
351	rs1	1:1	2:0.18325	rs2	1:2	2:0.33	0	1000	1	0.382755	2.90306	2.09471	7.38768e-17	6.29674	0.73056	0.608317	2.11884	2.1251	0.96115	-5.89676	20.9467	0.823848	214.021	343.794	0	0	4.07199e-07
352	rs1	1:1	2:0.19025	rs2	1:2	2:0.333	0	1000	1	0.999926	-0.00299753	0.246575	0.609471	31.0898	31.2412	0.998017	-0.0159212	0.252665	0.61009	32.9358	33.1302	0.9735	-19.342	83.4557	0	0	0.866358
353	rs1	1:1	2:0.18375	rs2	1:2	2:0.3225	0	1000	1	0.976668	-0.0386773	0.177995	9.27561e-12	7.26053	1.0186	0.843378	-0.109685	0.18792	0.943032	-4.40585	12.8636	0.802632	63.3627	95.5535	0	0	0.000100057
354	rs1	1:1	2:0.18675	rs2	1:2	2:0.31625	0	1000	1	0.986243	0.0416084	0.24998	7.81384e-23	6.04869	0.599477	0.991435	-0.0331473	0.252721	0.372721	1.26487	0.900304	9.62654e-05	8.11119	1.88598	0	0	3.65599e-05
355	rs1	1:1	2:0.18225	rs2	1:2	2:0.319	0	1000	1	0.986734	0.0451803	0.276452	1.53323e-22	6.03168	0.601789	0.999911	0.00383576	0.287735	0.995316	-0.105408	1.08778	0.381999	58.1523	41.9168	0	0	4.05445e-09
356	rs1	1:1	2:0.1825	rs2	1:2	2:0.325	0	1000	0	0.438859	1.59913	1.246	4.87863e-23	5.96355	0.588323	1	699.901	4.67583e+06	1	-11657.8	4.56426e+19	1	140750	5.38664e+20	0	1	1
357	rs1	1:1	2:0.18875	rs2	1:2	2:0.32925	0	1000	1	0.991377	0.029389	0.223308	2.56086e-12	7.27368	0.995542	0.863045	-0.130273	0.240024	0.182106	2.18866	1.18586	0.279176	25.3769	15.8859	0	0	0.000724796
358	rs1	1:1	2:0.19025	rs2	1:2	2:0.322	0	1000	1	0.952967	-0.0982077	0.316387	4.46177e-27	5.86119	0.53207	0.506928	-0.380554	0.32647	0.662161	-3.01158	3.31666	0.150628	24.5198	12.6018	0	0	5.80733e-12
359	rs1	1:1	2:0.184	rs2	1:2	2:0.322	0	1000	1	0.882942	0.0859408	0.172229	7.47029e-18	6.42062	0.722965	0.909793	0.075237	0.173026	0.979182	-0.447877	2.18346	0.0068819	6.72751	2.13194	0	0	0.00124564
360	rs1	1:1	2:0.187	rs2	1:2	2:0.332	0	1000	1	0.582528	-0.2204	0.212006	3.23939e-19	6.78981	0.73582	0.365846	-0.30668	0.216257	0.961953	-5.99903	21.5381	0.828458	20.1295	32.8111	0	0	1.37223e-07
361	rs1	1:1	2:0.18075	rs2	1:2	2:0.32925	0	1000	0	0.380775	2.97226	2.13888	6.47763e-21	5.85853	0.607593	1	328.164	1.26263e+06	0.0258989	-16295.8	6028.42	6.85568e-06	177648	36428.9	0	1	1
362	rs1	1:1	2:0.18025	rs2	1:2	2:0.322	0	1000	1	0.465918	0.296666	0.240037	4.58963e-11	7.00782	1.01563	0.780816	0.182096	0.258864	0.814676	0.903185	1.41066	0.723007	35.9354	44.618	0	0	0.000547312
363	rs1	1:1	2:0.18825	rs2	1:2	2:0.33225	0	1000	1	0.929446	-0.0739262	0.193253	3.38566e-24	6.28501	0.604538	0.477353	-0.249089	0.204819	0.724267	0.710455	0.88449	0.470157	11.5996	9.44158	0	0	3.25364e-08
364	rs1	1:1	2:0.17575	rs2	1:2	2:0.31875	0	1000	1	0.938148	-0.0786103	0.219985	5.37246e-12	7.21765	1.00188	0.923288	-0.0887431	0.222115	0.994474	-0.220944	2.09873	0.172263	11.0304	5.88136	0	0	0.000549432
365	rs1	1:1	2:0.18525	rs2	1:2	2:0.32325	0	1000	1	0.892747	-0.138535	0.290829	4.38742e-12	7.3354	1.01427	0.733142	-0.233076	0.295808	0.90012	-1.62695	3.54646	0.632452	21.4712	22.4304	0	0	0.000172684
366	rs1	1:1	2:0.18575	rs2	1:2	2:0.3365	0	1000	1	0.989891	0.0324653	0.227748	2.52088e-18	6.59411	0.732481	0.91455	-0.100262	0.237214	0.324745	1.37645	0.91775	0.681969	12.9736	14.8277	0	0	8.83802e-06
367	rs1	1:1	2:0.188	rs2	1:2	2:0.3325	0	1000	1	0.154905	0.364024	0.188488	2.51574e-21	5.85404	0.601044	0.319808	0.290647	0.192483	0.76517	0.651809	0.890872	0.503221	11.0185	9.40192	0	0	1.01069e-07
368	rs1	1:1	2:0.1925	rs2	1:2	2:0.3385	0	1000	1	0.0204845	5.36317	1.92326	4.64297e-21	5.80613	0.600014	0.157756	3.84098	1.99861	0.96384	0.283678	1.04522	0.0179173	93.8348	33.0848	0	0	1.66456e-07
369	rs1	1:1	2:0.18375	rs2	1:2	2:0.33125	0	1000	1	0.638973	0.256477	0.270985	1.91878e-17	6.43259	0.733135	0.91353	0.117405	0.276054	0.61216	0.989555	0.998826	0.435504	14.0804	10.9203	0	0	7.86378e-06
370	rs1	1:1	2:0.18625	rs2	1:2	2:0.3255	0	1000	1	0.322964	0.394288	0.262252	6.13377e-17	6.30492	0.729684	0.57782	0.277843	0.265276	0.973477	0.280164	1.20829	0.252915	14.862	8.96311	0	0	4.23507e-06
371	rs1	1:1	2:0.1805	rs2	1:2	2:0.3165	0	1000	1	0.805141	0.146977	0.223237	1.12546e-21	5.9478	0.605557	0.921803	-0.0987605	0.244734	0.90028	0.418477	0.912974	0.33277	48.9339	32.9867	0	0	1.48049e-08
372	rs1	1:1	2:0.18425	rs2	1:2	2:0.32	0	1000	1	0.579494	1.60717	1.53855	1.1036e-17	6.33981	0.717425	0.618619	1.55242	1.58399	0.786432	-2.48105	3.57923	0.558805	398.552	369.424	0	0	2.93614e-07
373	rs1	1:1	2:0.18	rs2	1:2	2:0.31675	0	1000	1	0.614362	0.217608	0.220455	3.12813e-25	5.62158	0.529189	0.931267	-0.0907709	0.240527	0.680381	-1.30596	1.48808	0.161611	24.2621	12.7078	0	0	1.90726e-11
374	rs1	1:1	2:0.191	rs2	1:2	2:0.33825	0	1000	1	0.998702	-0.0143847	0.282272	1.40371e-18	6.62629	0.730795	0.955169	-0.0897124	0.296203	0.826709	-3.06384	4.96625	0.873041	26.5844	51.0159	0	0	2.39285e-07
375	rs1	1:1	2:0.1885	rs2	1:2	2:0.336	0	1000	1	0.373784	0.345422	0.246218	2.89657e-11	7.08024	1.01635	0.556841	0.272615	0.25193	0.906034	-2.80397	6.31172	0.816665	21.4283	33.6691	0	0	0.000178599
376	rs1	1:1	2:0.18775	rs2	1:2	2:0.334	0	1000	1	0.833738	0.136909	0.227026	1.97737e-29	5.56438	0.483976	0.962059	-0.0653684	0.235023	0.831761	-0.64772	1.06713	0.165872	13.4843	7.11366	0	0	7.55863e-13
377	rs1	1:1	2:0.18575	rs2	1:2	2:0.33075	0	1000	1	0.951672	0.0648154	0.205925	6.98464e-12	7.23977	1.01007	0.843256	-0.133183	0.228081	0.898879	-1.49912	3.2466	0.127905	38.4593	18.9638	0	0	3.86184e-05
378	rs1	1:1	2:0.1925	rs2	1:2	2:0.32525	0	1000	1	0.0235423	0.416771	0.152204	0.72806	30.9516	38.8493	0.0178071	0.436004	0.153611	0.454068	51.6793	41.1267	0.633819	-35.616	37.2951	0	0	0.412102
379	rs1	1:1	2:0.186	rs2	1:2	2:0.33025	0	1000	1	0.733109	0.150145	0.190543	1.93416e-22	6.04512	0.604529	0.996256	-0.0170584	0.196959	0.843967	-0.89342	1.53382	0.070398	11.0092	4.77887	0	0	1.13686e-08
380	rs1	1:1	2:0.19	rs2	1:2	2:0.32075	0	1000	1	0.618584	0.154296	0.157424	3.63671e-17	6.35043	0.729858	0.856342	0.0888882	0.159604	0.989747	0.175896	1.22514	0.851423	11.3469	20.0058	0	0	2.47499e-06
381	rs1	1:1	2:0.17975	rs2	1:2	2:0.32225	0	1000	1	0.996164	-0.0239083	0.272698	5.16618e-12	7.11647	0.987087	0.99957	-0.0080628	0.275043	0.990938	0.252963	1.87475	0.110046	14.2227	6.76988	0	0	0.00104431
382	rs1	1:1	2:0.183	rs2	1:2	2:0.3305	0	1000	1	0.591868	0.175243	0.171106	4.35911e-25	5.68434	0.536678	0.999377	0.00651202	0.184384	0.840196	-4.81809	8.16461	0.870081	35.628	67.5312	0	0	7.21366e-12
383	rs1	1:1	2:0.1965	rs2	1:2	2:0.331	0	1000	1	0.73368	0.126036	0.160148	8.628e-23	6.08275	0.60344	0.996534	0.0140689	0.168823	0.990962	-0.154224	1.14447	0.875019	18.6938	36.1764	0	0	1.05685e-08
384	rs1	1:1	2:0.17775	rs2	1:2	2:0.317	0	1000	1	0.999948	0.00244772	0.240871	7.1398e-18	6.50105	0.731603	0.85073	-0.141502	0.248855	0.617552	0.976307	0.994378	0.47604	12.8209	10.5227	0	0	6.36073e-06
385	rs1	1:1	2:0.17575	rs2	1:2	2:0.31125	0	1000	1	0.903218	-0.103225	0.228779	0.993686	32.253	286.563	0.901367	-0.104708	0.22976	0.991017	39.7682	296.019	0.997298	-25.2585	343.372	0	0	0.956834
386	rs1	1:1	2:0.19025	rs2	1:2	2:0.32675	0	1000	1	0.253303	0.349752	0.211049	5.62726e-17	6.30007	0.728283	0.555816	0.237804	0.219416	0.985102	0.212532	1.22662	0.78665	155.373	224.275	0	0	2.34017e-06
387	rs1	1:1	2:0.19225	rs2	1:2	2:0.34175	0	1000	1	0.144461	0.503228	0.255822	0.962969	29.3486	106.834	0.155025	0.49575	0.256747	0.90588	50.3744	113.295	0.941273	-40.4404	116.236	0	0	0.761445
388	rs1	1:1	2:0.182	rs2	1:2	2:0.3245	0	1000	1	0.00222915	0.821008	0.234936	4.70773e-19	5.52649	0.601559	0.0154468	0.718234	0.248693	0.549057	0.895655	0.817922	0.960101	31.3689	109.925	0	0	3.83742e-07
389	rs1	1:1	2:0.18275	rs2	1:2	2:0.3325	0	1000	1	0.729189	0.211502	0.26612	7.01983e-22	6.0192	0.60985	0.991185	0.0361886	0.271948	0.900899	-5.08247	11.1247	0.688861	23.9944	27.7911	0	0	1.23336e-09
390	rs1	1:1	2:0.17525	rs2	1:2	2:0.306	0	1000	1	0.203152	0.285	0.15963	0.911134	29.3457	68.0199	0.213453	0.282151	0.160545	0.90479	31.8421	71.1825	0.984711	-13.811	78.6763	0	0	0.916061
391	rs1	1:1	2:0.17925	rs2	1:2	2:0.3145	0	1000	1	0.731333	-0.186918	0.236289	8.14152e-12	7.27882	1.01856	0.610496	-0.237296	0.238858	0.853865	0.795732	1.41562	0.988548	19.0045	125.214	0	0	0.00047154
392	rs1	1:1	2:0.1745	rs2	1:2	2:0.308	0	1000	1	0.999987	0.00141113	0.272805	7.9468e-22	5.99707	0.608383	0.694658	-0.248046	0.29058	0.79448	-4.02692	5.9365	0.543252	83.3921	75.4884	0	0	6.09922e-10
393	rs1	1:1	2:0.189	rs2	1:2	2:0.323	0	1000	0	0.430815	2.05518	1.58365	4.76985e-18	6.40057	0.716643	0.999317	-135.472	3664.57	1	-4387.83	1.76795e+22	1	57479.8	2.08288e+23	0	1	1
394	rs1	1:1	2:0.185	rs2	1:2	2:0.32025	0	1000	0	0.698892	0.183345	0.216598	8.61849e-22	5.95275	0.604392	0.944664	0.0777667	0.230476	0.99748	-193.011	2716.87	0.975614	2214.55	9965.99	0	1	1
395	rs1	1:1	2:0.19025	rs2	1:2	2:0.33375	0	1000	1	0.101797	0.418127	0.195601	1.03276e-16	6.27442	0.731275	0.423996	0.272772	0.208226	0.977045	0.264548	1.22755	0.524613	324.556	285.735	0	0	1.78158e-06
