Outcome	Var1_ID	Var1_Pos	Var1_MAF	Var2_ID	Var2_Pos	Var2_MAF	Num_Missing	Num_Cases	Converged	Red_Var1_Pval	Red_Var1_beta	Red_Var1_SE	Red_Var2_Pval	Red_Var2_beta	Red_Var2_SE	Full_Var1_Pval	Full_Var1_beta	Full_Var1_SE	Full_Var2_Pval	Full_Var2_beta	Full_Var2_SE	Full_Var1_Var2_Pval	Full_Var1_Var2_beta	Full_Var1_Var2_SE	Red_Model_Pval	Full_Model_Pval	Overall_Pval_(LRT)
1	rs1	1:1	2:0.06025	rs2	1:2	2:0.05825	0	1000	1	0.792516	0.563141	0.825754	0.13499	2.53751	1.26794	0.960286	0.264647	0.929597	0.774063	-2.26043	3.15841	0.727722	116.13	145.656	0.000116003	9.0614475993788801e-06	0.00499135
2	rs1	1:1	2:0.065	rs2	1:2	2:0.0595	0	1000	1	0.997633	0.0556637	0.808451	0.0566772	30.1756	12.5942	0.997681	0.0550921	0.808422	0.0565515	30.3003	12.6414	0.941038	-19.3496	55.5017	2.20509e-07	7.2486903945900849e-07	0.909435
3	rs1	1:1	2:0.05325	rs2	1:2	2:0.04975	0	1000	1	0.07403	2.94258	1.28959	0.998262	-0.0693796	1.1762	0.843752	0.745504	1.27892	0.599148	-2.59536	2.56415	0.938278	119.461	334.665	0.000464014	7.9457284300588071e-05	0.0135324
4	rs1	1:1	2:0.06175	rs2	1:2	2:0.0565	0	1000	0	0.948201	27.7023	84.9355	0.258791	1.81325	1.1028	0.809104	57.8398	88.8628	0.232668	2.02725	1.18712	0.513986	4572.03	3962.79	1.15381e-06	1	1
5	rs1	1:1	2:0.0575	rs2	1:2	2:0.05825	0	1000	1	0.0419449	1.72923	0.686612	0.611961	0.51331	0.517948	0.649501	0.690068	0.742781	0.972176	-0.135021	0.568355	0.348334	4.97588	3.4262	0.000705508	8.1717291323002428e-05	0.00834221
6	rs1	1:1	2:0.06	rs2	1:2	2:0.0565	0	1000	1	0.202903	1.2239	0.685244	0.199137	1.13407	0.631258	0.657769	0.661212	0.722386	0.666165	0.611673	0.678618	0.567087	3.91852	3.67895	0.00356941	0.002137892646715045	0.0769153
7	rs1	1:1	2:0.0565	rs2	1:2	2:0.05725	0	1000	1	0.225465	1.53819	0.891175	0.355798	1.04418	0.726321	0.997681	0.0674342	0.98966	0.933163	0.283168	0.761297	0.99587	19.5396	214.781	0.000611518	0.00012402026914060116	0.01689
8	rs1	1:1	2:0.05775	rs2	1:2	2:0.06625	0	1000	1	0.996749	0.065244	0.80846	0.840108	30.2045	51.1683	0.995473	0.0770647	0.809008	0.803192	33.8676	51.1548	0.916905	-24.0627	57.7684	2.70698e-08	9.1897959464404266e-08	0.807176
9	rs1	1:1	2:0.06325	rs2	1:2	2:0.064	0	1000	0	0.888634	30.0779	61.8962	0.749287	-0.623386	0.820481	0.705609	53.5605	64.1368	0.846414	-0.469934	0.813753	0.398019	3840.31	2829.18	2.32903e-06	1	1
10	rs1	1:1	2:0.0585	rs2	1:2	2:0.05475	0	1000	1	0.705814	0.56794	0.680372	0.0436211	2.02877	0.810574	0.958489	-0.221009	0.758977	0.744521	0.689124	0.897142	0.676527	6.44281	7.28772	0.000263581	5.7255161664215848e-05	0.0180624
11	rs1	1:1	2:0.057	rs2	1:2	2:0.0565	0	1000	1	0.350799	1.00325	0.693119	0.152957	1.52681	0.787895	0.805038	0.478591	0.726697	0.501712	1.18021	1.00486	0.644855	29.852	31.8683	0.00297784	0.0010787517530843616	0.0379094
12	rs1	1:1	2:0.05425	rs2	1:2	2:0.05325	0	1000	1	0.117196	1.32683	0.640764	0.584754	0.793737	0.766216	0.792267	0.464463	0.6806	0.688067	-0.945338	1.09323	0.797613	8.28634	12.3216	0.00366489	0.00026591145433485508	0.00473485
13	rs1	1:1	2:0.05675	rs2	1:2	2:0.0555	0	1000	1	0.660555	0.83992	0.922293	0.0636309	2.6641	1.13502	0.970051	0.23971	0.972046	0.430127	1.53909	1.18484	0.695499	4.54722	5.33583	7.6855e-06	8.8772285380400717e-06	0.149066
14	rs1	1:1	2:0.0605	rs2	1:2	2:0.06475	0	1000	1	0.0753385	1.65226	0.726555	0.565022	0.655637	0.613581	0.917762	0.31635	0.763601	0.966538	-0.174713	0.669656	0.821619	7.95549	12.6909	0.00049614	3.5299606679473072e-05	0.00454105
15	rs1	1:1	2:0.05825	rs2	1:2	2:0.05775	0	1000	0	0.994565	-0.099302	0.951196	0.0573949	3.15185	1.31836	0.634712	-1.10419	1.15803	0.841569	0.721647	1.22866	0.44398	20287.1	15919.6	0.000153569	1	1
16	rs1	1:1	2:0.052	rs2	1:2	2:0.06	0	1000	1	0.188408	2.2947	1.25592	0.552553	0.875804	0.804062	0.831993	-3.67002	6.05098	0.916938	0.318024	0.763656	0.98199	15.223	79.8481	4.59123e-05	5.6824819694156758e-06	0.00861887
17	rs1	1:1	2:0.0645	rs2	1:2	2:0.06525	0	1000	0	0.0536836	2.07228	0.856832	0.509204	0.772317	0.66475	0.707971	0.720512	0.866952	0.998763	0.0348416	0.700281	0.628906	2337.9	2427.5	1.68095e-05	1	1
18	rs1	1:1	2:0.061	rs2	1:2	2:0.05825	0	1000	1	0.231854	2.12052	1.24024	0.524683	1.08731	0.95735	0.950491	-0.525411	1.64874	0.96987	-0.264261	1.06832	0.506904	138.387	118.715	0.000143188	2.024935201916378e-05	0.0103879
19	rs1	1:1	2:0.0555	rs2	1:2	2:0.05525	0	1000	1	0.0606384	2.03823	0.860875	0.834258	0.412803	0.6857	0.862562	0.511538	0.940708	0.551365	-0.982531	0.900414	0.488939	55.1431	46.0963	0.00087245	3.4642271202756092e-05	0.00224105
20	rs1	1:1	2:0.059	rs2	1:2	2:0.05925	0	1000	1	0.403505	1.17681	0.873478	0.136463	1.67588	0.839683	0.961796	0.264455	0.947476	0.546703	0.920734	0.837828	0.796738	6.02662	8.93977	0.000253649	0.00014598948473576456	0.0648251
21	rs1	1:1	2:0.0595	rs2	1:2	2:0.0605	0	1000	1	0.838845	0.424253	0.71563	0.0225735	2.35299	0.854535	0.844735	-0.473396	0.814911	0.549275	0.925805	0.845735	0.8493	8.02983	14.0488	8.94568e-06	1.4043205283087445e-06	0.0111674
22	rs1	1:1	2:0.0615	rs2	1:2	2:0.062	0	1000	1	0.697031	0.587012	0.690914	0.0758042	1.38706	0.610667	0.476521	-1.34827	1.10734	0.791461	0.424581	0.620803	0.77269	8.83485	12.302	0.00240902	4.9141712224809453e-05	0.00100128
23	rs1	1:1	2:0.0515	rs2	1:2	2:0.05525	0	1000	1	0.272281	1.01373	0.628464	0.634577	0.620615	0.650726	0.977291	0.144748	0.675319	0.88169	-0.395111	0.787346	0.446139	5.59918	4.40696	0.0876872	0.0101352883502841	0.00840392
24	rs1	1:1	2:0.061	rs2	1:2	2:0.0615	0	1000	1	0.904842	0.281103	0.628581	0.0334195	2.02549	0.776899	0.492988	-0.905876	0.761659	0.986293	-0.144463	0.869516	0.388489	7.79314	5.6672	7.51247e-05	4.6578617229897645e-07	0.00025007
25	rs1	1:1	2:0.05025	rs2	1:2	2:0.05825	0	1000	1	0.0180617	1.99475	0.704024	0.750877	0.452141	0.597293	0.406124	1.10579	0.823706	0.969888	-0.169399	0.685041	0.367402	3.47626	2.45649	0.000470657	0.00025892510893754661	0.0624463
26	rs1	1:1	2:0.063	rs2	1:2	2:0.064	0	1000	1	0.00464197	1.98281	0.604886	0.149583	2.05269	1.05303	0.00977821	1.88714	0.620312	0.255827	1.8111	1.09683	0.882752	2.08081	4.16645	2.30344e-07	6.2360362562685623e-07	0.511424
27	rs1	1:1	2:0.0575	rs2	1:2	2:0.0675	0	1000	1	0.368749	1.69501	1.19997	0.1452	2.29049	1.16593	0.741899	0.942147	1.21927	0.305444	1.68811	1.09609	0.89715	5.4804	11.763	6.4769e-07	1.0768836773422663e-06	0.231696
28	rs1	1:1	2:0.06525	rs2	1:2	2:0.05425	0	1000	1	0.271296	0.930298	0.575941	0.0932781	1.76361	0.809682	0.651096	0.552834	0.596762	0.568965	0.909851	0.856723	0.550686	3.99984	3.66176	0.000262027	0.00016580578812863678	0.0739158
29	rs1	1:1	2:0.05675	rs2	1:2	2:0.05425	0	1000	1	0.127333	1.56599	0.771331	0.730103	0.559374	0.705227	0.993794	0.0896284	0.80327	0.686574	-0.748266	0.862827	0.741053	8.30988	10.7337	0.00280795	9.8195778264198452e-05	0.00192202
30	rs1	1:1	2:0.0595	rs2	1:2	2:0.061	0	1000	1	0.89126	0.268674	0.559935	0.0109887	2.38934	0.795486	0.930159	-0.231638	0.608732	0.382795	1.14558	0.826638	0.780348	6.57388	9.334	5.39854e-05	1.4347746400744654e-05	0.0224169
31	rs1	1:1	2:0.0605	rs2	1:2	2:0.0545	0	1000	1	0.0564784	2.18739	0.912382	0.942646	0.244448	0.711224	0.882299	0.456461	0.912106	0.696295	-0.693282	0.814801	0.963009	10.468	38.1259	0.000908088	8.5725987446494401e-05	0.00648831
32	rs1	1:1	2:0.05825	rs2	1:2	2:0.0615	0	1000	1	0.0566688	1.4444	0.602824	0.0959869	1.41162	0.652027	0.408884	0.862049	0.644569	0.491066	0.813981	0.682511	0.526409	43.6529	38.5337	4.50941e-05	1.8357861335971393e-05	0.0385571
33	rs1	1:1	2:0.0615	rs2	1:2	2:0.051	0	1000	1	0.121999	2.31992	1.131	0.435135	1.53671	1.19121	0.344346	1.67247	1.14536	0.761488	0.897127	1.21526	0.794679	4.0669	5.99871	3.42345e-06	5.8000982789963018e-06	0.255906
34	rs1	1:1	2:0.06025	rs2	1:2	2:0.0635	0	1000	1	0.342355	1.10243	0.752935	0.100249	1.56456	0.729465	0.999716	-0.0201525	0.845202	0.706182	0.603282	0.72325	0.602307	6.202	6.15912	2.87927e-05	4.7541707317577675e-06	0.0121753
35	rs1	1:1	2:0.058	rs2	1:2	2:0.06	0	1000	1	0.243743	2.00255	1.19181	0.329284	1.32829	0.891152	0.398927	3.42969	2.52981	0.413931	1.50323	1.13178	0.453315	115.431	91.7646	4.32358e-05	1.8767724441204336e-06	0.00243122
36	rs1	1:1	2:0.057	rs2	1:2	2:0.058	0	1000	1	0.067824	2.55943	1.10328	0.69961	0.596283	0.705443	0.500153	1.36581	1.16027	0.953022	0.228763	0.73743	0.777207	5.11892	7.20977	0.000254131	0.00023978562967386097	0.129879
37	rs1	1:1	2:0.05975	rs2	1:2	2:0.05675	0	1000	1	0.553809	0.842523	0.77499	0.0586279	2.0699	0.869038	0.99556	-0.0801504	0.84963	0.58996	0.882196	0.858729	0.799548	7.06798	10.5667	1.248e-05	3.494914608381805e-06	0.0230719
38	rs1	1:1	2:0.05675	rs2	1:2	2:0.0585	0	1000	1	0.271672	1.08146	0.669878	0.0303454	1.01938	0.385561	0.883252	0.451465	0.906034	0.107991	0.903213	0.428096	0.611329	45.3412	45.7027	0.00172317	0.00017956279043573886	0.00740453
39	rs1	1:1	2:0.0595	rs2	1:2	2:0.06175	0	1000	1	0.497637	0.987958	0.836241	0.384312	1.38989	1.00501	0.952934	-0.279888	0.901363	0.611599	-3.19395	3.22087	0.874265	20.134	38.8384	0.00236098	5.6094933825079352e-05	0.00120341
40	rs1	1:1	2:0.05625	rs2	1:2	2:0.058	0	1000	1	0.106453	1.53564	0.725515	0.634368	0.658901	0.69062	0.954752	0.235145	0.772706	0.891235	-0.39541	0.823959	0.391476	6.01938	4.39515	0.00185637	0.00013739628775510937	0.00483228
41	rs1	1:1	2:0.0535	rs2	1:2	2:0.0555	0	1000	1	0.23706	1.09526	0.645516	0.122809	1.6837	0.822122	0.684971	0.597991	0.68741	0.701679	0.728481	0.865426	0.97326	8.83084	37.9286	0.000251646	0.00012803207209799439	0.0548298
42	rs1	1:1	2:0.059	rs2	1:2	2:0.06375	0	1000	1	0.703998	0.581371	0.6939	0.28046	1.18952	0.745983	0.353379	-1.52325	1.05608	0.481747	-1.32322	1.09485	0.935671	12.9413	35.488	0.0138595	9.3630906121688895e-06	1.71852e-05
43	rs1	1:1	2:0.05775	rs2	1:2	2:0.057	0	1000	1	0.726372	0.725459	0.907258	0.0457736	2.48992	1.00256	0.992704	0.118722	0.980995	0.330628	1.62862	1.09465	0.961273	7.67613	27.3117	0.000139273	0.00014146711328066885	0.140466
44	rs1	1:1	2:0.054	rs2	1:2	2:0.058	0	1000	1	0.986085	28.8311	172.221	0.841323	0.720768	1.22612	0.985393	29.5605	172.314	0.841337	0.720735	1.22613	0.998037	-16.692	266.286	1.07124e-05	3.1419065635418519e-05	0.978409
45	rs1	1:1	2:0.06225	rs2	1:2	2:0.06275	0	1000	1	0.0701607	1.79988	0.780791	0.080628	1.80274	0.803338	0.263887	1.31699	0.806822	0.238667	1.35955	0.803163	0.780077	4.14872	5.88648	6.78049e-08	9.9185122337530629e-08	0.17687
46	rs1	1:1	2:0.066	rs2	1:2	2:0.061	0	1000	1	0.0800485	1.42162	0.632599	0.280783	1.19229	0.748059	0.592173	0.640408	0.625595	0.772671	-0.760953	1.05954	0.661185	7.9534	8.74346	6.92195e-06	4.3118780013173819e-07	0.00364759
47	rs1	1:1	2:0.061	rs2	1:2	2:0.058	0	1000	1	0.0315036	3.19436	1.21473	0.964068	-0.21625	0.799349	0.843441	0.712141	1.22036	0.608354	-0.910793	0.913539	0.838504	261.876	441.223	0.000262173	6.1901315348222852e-05	0.0200872
48	rs1	1:1	2:0.055	rs2	1:2	2:0.05925	0	1000	0	0.112129	2.39237	1.14361	0.644586	0.706256	0.753602	0.624299	1.11913	1.15291	0.923396	0.305543	0.765306	0.98433	2124.72	11954.7	0.000597857	1	1
49	rs1	1:1	2:0.05275	rs2	1:2	2:0.0565	0	1000	1	0.238973	0.848281	0.501353	0.214879	1.02331	0.583525	0.775804	0.389745	0.54698	0.829302	0.39603	0.647284	0.325289	3.39546	2.26562	0.0145788	0.004764072597026825	0.0347132
50	rs1	1:1	2:0.06125	rs2	1:2	2:0.0615	0	1000	1	0.507224	0.894758	0.767925	0.065064	2.03085	0.868743	0.992916	-0.100065	0.839197	0.661178	0.77473	0.851678	0.561547	148.694	138.411	1.23753e-05	1.9913688902306603e-06	0.0115882
51	rs1	1:1	2:0.05625	rs2	1:2	2:0.064	0	1000	1	0.0369582	3.01082	1.17232	0.949878	0.265052	0.826501	0.373238	1.57711	1.12334	0.909879	-0.400234	0.9209	0.877452	7.22885	14.1372	1.85958e-05	1.2573780622915365e-05	0.0732568
52	rs1	1:1	2:0.05775	rs2	1:2	2:0.053	0	1000	1	0.659483	0.694462	0.761081	0.338498	1.21489	0.825389	0.783518	-0.711347	1.01837	0.446236	-1.74702	1.37522	0.65569	168.706	183.622	0.0155157	3.0566567147616297e-05	5.92274e-05
53	rs1	1:1	2:0.06525	rs2	1:2	2:0.05825	0	1000	1	0.3784	0.936456	0.671712	0.118336	1.82537	0.883519	0.933679	0.248984	0.672082	0.99534	0.0957941	0.99107	0.932377	9.22582	24.6539	3.66705e-05	5.2691889322886709e-06	0.0103084
54	rs1	1:1	2:0.05275	rs2	1:2	2:0.06175	0	1000	1	0.0443329	2.27343	0.910681	0.866743	0.540731	1.01107	0.328794	1.25059	0.838466	0.528434	-2.31778	2.05212	0.349815	6.91214	4.76903	1.99967e-05	3.8967955333646387e-06	0.0148302
55	rs1	1:1	2:0.05175	rs2	1:2	2:0.058	0	1000	1	0.261787	1.86143	1.13695	0.366284	0.974167	0.687348	0.957695	-0.492297	1.67433	0.748154	0.531544	0.697774	0.869954	42.7165	80.9249	0.00411014	0.0017837724881246686	0.0491602
56	rs1	1:1	2:0.058	rs2	1:2	2:0.06125	0	1000	1	0.852239	0.448592	0.793283	0.11705	2.48761	1.20099	0.995549	-0.0777303	0.82289	0.844521	0.712879	1.22624	0.950468	8.69995	27.2939	0.00142245	0.00072760268812999129	0.0590987
57	rs1	1:1	2:0.06475	rs2	1:2	2:0.06375	0	1000	0	0.524743	1.63731	1.44174	0.269589	2.3063	1.42437	0.999295	0.0530489	1.41281	0.78909	-1.65641	2.40655	0.679175	886.98	1008.35	4.43814e-09	1	1
58	rs1	1:1	2:0.0525	rs2	1:2	2:0.05425	0	1000	1	0.868327	0.346361	0.651805	0.0589212	2.10883	0.886165	0.856872	-0.3948	0.710303	0.997039	0.0768553	0.997904	0.538599	6.87218	6.17746	0.000770642	7.2470000304747373e-05	0.00644269
59	rs1	1:1	2:0.05725	rs2	1:2	2:0.06075	0	1000	1	0.186655	1.44481	0.788563	0.502131	0.825523	0.703296	0.955104	-0.271546	0.89589	0.814408	-0.513766	0.801794	0.523912	309.572	272.261	0.000711855	8.9843160822056234e-06	0.000569522
60	rs1	1:1	2:0.0575	rs2	1:2	2:0.05775	0	1000	1	0.206686	1.23919	0.69786	0.814026	0.429981	0.670271	0.829294	-0.49527	0.809462	0.349381	-1.54889	1.06803	0.976363	13.0182	59.5181	0.0332472	0.00011517028178786859	0.000109788
61	rs1	1:1	2:0.061	rs2	1:2	2:0.05975	0	1000	1	0.29698	1.06345	0.682462	0.230701	2.00788	1.17236	0.577505	0.706366	0.674084	0.867225	-1.07679	2.01731	0.513552	6.72456	5.82478	0.000126768	4.6853070671204478e-05	0.0350874
62	rs1	1:1	2:0.062	rs2	1:2	2:0.06025	0	1000	1	0.843083	0.605194	1.0358	0.228292	2.28314	1.32834	0.945942	-0.369023	1.10689	0.997585	0.0972533	1.3984	0.946245	9.75232	29.3368	0.00238008	0.0008099735714495182	0.0345745
63	rs1	1:1	2:0.05425	rs2	1:2	2:0.05675	0	1000	1	0.735323	-0.680106	0.867316	0.775998	30.733	43.153	0.744915	-0.66596	0.867764	0.745879	33.1366	43.2731	0.908537	-22.6959	51.8179	2.0183e-06	6.1123096202209126e-06	0.82045
64	rs1	1:1	2:0.05625	rs2	1:2	2:0.055	0	1000	1	0.941393	0.211216	0.607733	0.702744	30.1925	35.9454	0.938991	0.215825	0.608261	0.702767	30.7816	36.6483	0.976427	-19.7573	90.453	0.00151948	0.0035765147767961025	0.936498
65	rs1	1:1	2:0.056	rs2	1:2	2:0.05225	0	1000	0	0.947619	28.9244	88.1756	0.610499	1.14884	1.15641	0.825747	4.79204	7.74388	0.59372	1.19598	1.17124	0.657122	13369.7	14589.5	0.000185047	1	1
66	rs1	1:1	2:0.054	rs2	1:2	2:0.05875	0	1000	1	0.168124	1.32921	0.703875	0.562578	0.651096	0.607031	0.989826	-0.117092	0.818746	0.919832	0.312088	0.763401	0.840717	73.3623	124.54	0.0121456	0.00024100476002786309	0.000943366
67	rs1	1:1	2:0.06175	rs2	1:2	2:0.06025	0	1000	1	0.930195	0.310843	0.817096	0.023146	3.04672	1.11015	0.931089	-0.340892	0.902095	0.623727	1.15949	1.19333	0.740633	257.78	332.654	5.48771e-06	2.2198762508196523e-06	0.0360028
68	rs1	1:1	2:0.052	rs2	1:2	2:0.0535	0	1000	1	0.41978	1.49883	1.13756	0.943152	30.0262	87.7617	0.420056	1.49825	1.13754	0.923935	34.6756	87.1729	0.963946	-25.9611	95.7984	1.74545e-05	4.9683309043757617e-05	0.865789
69	rs1	1:1	2:0.05925	rs2	1:2	2:0.05725	0	1000	1	0.136481	1.63056	0.817002	0.681409	0.588632	0.672037	0.983794	0.173745	0.961137	0.854338	0.49839	0.888203	0.617747	50.1703	51.1156	0.00917422	0.00044731289381161332	0.00287598
70	rs1	1:1	2:0.0555	rs2	1:2	2:0.063	0	1000	1	0.0861954	2.6709	1.20631	0.961561	0.204964	0.732041	0.999945	0.0148708	1.41443	0.931127	-0.286409	0.758134	0.97423	10.7602	47.0891	0.00158841	0.00043103870120830834	0.0252652
71	rs1	1:1	2:0.0625	rs2	1:2	2:0.0635	0	1000	1	0.0430923	1.9723	0.786483	0.993708	-0.0882761	0.785657	0.601892	0.713005	0.707593	0.685822	-4.99946	5.75651	0.953622	14.6422	47.5117	0.00637189	9.4676652224734426e-05	0.000674368
72	rs1	1:1	2:0.061	rs2	1:2	2:0.05625	0	1000	1	0.210864	2.16396	1.22646	0.401235	1.04606	0.774029	0.784643	-1.95471	2.80665	0.725504	0.584494	0.729606	0.57608	8.57209	8.16198	2.99754e-05	6.6420629991625901e-06	0.0175685
73	rs1	1:1	2:0.0535	rs2	1:2	2:0.05525	0	1000	1	0.101936	2.00044	0.936091	0.838885	0.607148	1.02428	0.640704	0.816466	0.86527	0.785812	-4.52773	6.52113	0.861345	12.8653	23.5468	0.000412319	2.8042262783856131e-05	0.00428784
74	rs1	1:1	2:0.05775	rs2	1:2	2:0.057	0	1000	1	0.995139	-0.0875996	0.887364	0.0270175	3.04034	1.1313	0.686246	-0.959269	1.10543	0.389751	1.55602	1.13349	0.78144	6.72378	9.57386	0.000262583	0.00013426993973553181	0.0552893
75	rs1	1:1	2:0.0605	rs2	1:2	2:0.0605	0	1000	1	0.0605642	1.75534	0.741229	0.99121	0.0759797	0.571771	0.999924	-0.010127	0.824078	0.509914	-0.786373	0.677549	0.538145	7.22047	6.48612	0.0171204	0.00052707875147461891	0.00160534
76	rs1	1:1	2:0.06525	rs2	1:2	2:0.06225	0	1000	1	0.999984	0.00488179	0.86	0.00475734	3.35009	1.02434	0.693645	-0.946829	1.10698	0.25821	1.89761	1.15315	0.893768	7.98282	16.8436	4.87561e-07	2.4977433099593327e-07	0.0456786
77	rs1	1:1	2:0.05675	rs2	1:2	2:0.06	0	1000	1	0.215898	1.70944	0.976281	0.480939	1.20424	0.995262	0.908083	0.406135	0.92485	0.941697	-0.394552	1.13829	0.558868	6.7467	6.25423	2.81277e-05	5.6559688346169423e-06	0.0155395
78	rs1	1:1	2:0.05725	rs2	1:2	2:0.055	0	1000	1	0.924471	30.1582	76.0961	0.999879	-0.0156917	1.01012	0.923683	30.1729	75.7231	0.99952	-0.0328336	1.05988	0.998687	-15.8962	310.123	4.42953e-05	0.00012325440184213221	0.978409
79	rs1	1:1	2:0.05775	rs2	1:2	2:0.061	0	1000	1	0.125229	2.51159	1.23211	0.699647	0.821041	0.971419	0.757562	0.909869	1.221	0.994031	0.108854	0.994777	0.714098	6.00584	7.31838	2.58362e-05	1.7271589968004264e-05	0.0729732
80	rs1	1:1	2:0.059	rs2	1:2	2:0.054	0	1000	1	0.990661	-0.105423	0.769576	0.0365274	2.97811	1.15753	0.760758	-0.63128	0.853642	0.541489	1.29765	1.17155	0.878456	262.575	515.766	0.000747001	0.00031651262543164194	0.0445938
81	rs1	1:1	2:0.058	rs2	1:2	2:0.06125	0	1000	1	0.0983942	1.17182	0.544146	0.639395	0.585675	0.619263	0.965285	0.153919	0.579022	0.46626	-1.37473	1.11285	0.935183	15.147	41.3743	0.00529246	1.73749758687336e-05	0.000112944
82	rs1	1:1	2:0.0565	rs2	1:2	2:0.05575	0	1000	1	0.637588	0.679981	0.716713	0.0314691	2.78989	1.06075	0.8677	0.39859	0.74818	0.148129	2.11172	1.08054	0.801406	3.6103	5.42566	2.0872e-05	3.4668937587412074e-05	0.27076
83	rs1	1:1	2:0.063	rs2	1:2	2:0.06325	0	1000	1	0.0748355	2.46769	1.08373	0.204036	0.904904	0.507531	0.423683	1.50974	1.15199	0.374492	0.726382	0.518267	0.614278	3.27565	3.31804	9.91873e-06	1.2726511158689391e-05	0.1756
84	rs1	1:1	2:0.0645	rs2	1:2	2:0.0615	0	1000	1	0.0697221	2.10222	0.910872	0.619483	0.79422	0.811553	0.795147	0.603443	0.891225	0.99942	0.0338102	0.992401	0.834431	71.9709	119.618	4.38961e-06	3.8494138721034687e-07	0.00544731
85	rs1	1:1	2:0.06525	rs2	1:2	2:0.05375	0	1000	1	0.965712	0.162353	0.614603	0.0394518	2.28624	0.899139	0.722655	-0.533614	0.662046	0.82536	-0.775209	1.2512	0.37037	7.65315	5.42994	0.000518138	1.6667656382196583e-05	0.00173468
86	rs1	1:1	2:0.05525	rs2	1:2	2:0.05825	0	1000	1	0.212269	1.37312	0.779905	0.669954	0.74245	0.829519	0.99014	-0.115855	0.822978	0.701275	-1.24672	1.47989	0.853575	46.6362	82.8776	0.00524545	8.0945188528858125e-05	0.000708507
87	rs1	1:1	2:0.05425	rs2	1:2	2:0.05925	0	1000	1	0.035128	2.78509	1.07618	0.899418	0.24817	0.538971	0.587759	1.23634	1.19921	0.99992	-0.00702125	0.55454	0.598525	4.81665	4.75389	0.000337546	0.00021977927826810628	0.0777029
88	rs1	1:1	2:0.0545	rs2	1:2	2:0.05975	0	1000	1	0.274758	1.05717	0.657688	0.383839	0.780079	0.563699	0.419614	-1.38537	1.0512	0.913288	-0.261316	0.613535	0.860543	10.8416	19.7813	0.0058993	1.4103712601354346e-05	7.76668e-05
89	rs1	1:1	2:0.05275	rs2	1:2	2:0.05725	0	1000	1	0.0282872	3.19305	1.19575	0.991514	-0.101596	0.778168	0.584561	1.22797	1.18503	0.728461	-0.69239	0.869818	0.945305	67.6602	201.727	8.35849e-05	3.878929783240892e-05	0.046676
90	rs1	1:1	2:0.06425	rs2	1:2	2:0.0545	0	1000	1	0.994134	-0.0590619	0.544463	0.0232962	2.26201	0.82493	0.64919	-0.562188	0.604797	0.653066	0.79499	0.861197	0.992681	16.411	135.397	0.00429424	0.00070956110721454024	0.0135249
91	rs1	1:1	2:0.0625	rs2	1:2	2:0.0625	0	1000	1	0.17908	2.29382	1.23677	0.38861	1.7323	1.25994	0.446073	1.42137	1.11862	0.831399	0.745555	1.22686	0.998361	11.9086	207.902	2.7973e-08	3.6134679248789325e-08	0.144291
92	rs1	1:1	2:0.06175	rs2	1:2	2:0.05875	0	1000	1	0.180513	1.50068	0.811011	0.435741	0.91899	0.712971	0.837171	-0.597993	1.00301	0.761846	-0.601008	0.81484	0.49247	126.003	105.865	6.04194e-05	2.7188701778868563e-07	0.000172998
93	rs1	1:1	2:0.063	rs2	1:2	2:0.059	0	1000	0	0.99063	-0.0883955	0.644194	0.988385	29.6935	194.258	0.984704	-0.113525	0.646572	0.957904	59.5345	202.992	0.880668	5484.19	10878.5	6.55025e-06	1	1
94	rs1	1:1	2:0.0585	rs2	1:2	2:0.058	0	1000	1	0.669003	30.0856	33.5543	0.637181	0.821869	0.865651	0.613861	33.3801	33.7885	0.479524	1.26016	1.03939	0.686873	398.965	460.313	2.71771e-08	6.5178817010291823e-08	0.369333
95	rs1	1:1	2:0.05725	rs2	1:2	2:0.06275	0	1000	1	0.575762	-0.937606	0.892302	0.741143	29.6708	38.3329	0.669922	-0.805506	0.899915	0.883858	20.3409	40.9348	0.812047	690.222	1069.64	2.86734e-06	7.2584552981425077e-06	0.516367
96	rs1	1:1	2:0.0595	rs2	1:2	2:0.057	0	1000	1	0.487543	0.651688	0.543686	0.059479	1.86625	0.785536	0.983653	0.105715	0.582266	0.972103	0.230926	0.970761	0.839192	24.0591	40.6307	0.00066888	0.00010458609176566824	0.0121552
97	rs1	1:1	2:0.0535	rs2	1:2	2:0.06275	0	1000	1	0.419746	1.57042	1.19183	0.210906	2.08149	1.17979	0.960695	0.384539	1.35789	0.443738	1.44094	1.13035	0.588503	515.044	500.173	6.44925e-05	5.3897038014838472e-05	0.102686
98	rs1	1:1	2:0.05475	rs2	1:2	2:0.058	0	1000	1	0.0824977	1.81054	0.810511	0.882594	0.473642	0.947704	0.44754	1.02895	0.811432	0.589472	-1.83967	1.78934	0.973006	33.5014	143.203	0.00719598	0.0013606994180008769	0.016286
99	rs1	1:1	2:0.0515	rs2	1:2	2:0.05575	0	1000	1	0.188558	2.07463	1.13575	0.500814	0.998581	0.849114	0.814505	0.783297	1.22278	0.806203	0.577843	0.880344	0.906614	34.0262	76.8424	0.00251431	0.0020812256261706352	0.121078
100	rs1	1:1	2:0.05875	rs2	1:2	2:0.05075	0	1000	1	0.26786	1.04251	0.642281	0.228915	1.04503	0.608564	0.999522	0.0218648	0.707141	0.966156	0.173623	0.661641	0.878895	8.23671	16.2104	0.00303822	0.0002479138202033937	0.00547908
101	rs1	1:1	2:0.05025	rs2	1:2	2:0.05275	0	1000	1	0.888457	31.733	65.247	0.723117	0.968749	1.20309	0.864248	35.4496	65.626	0.731197	0.951736	1.20276	0.937044	-26.806	74.3318	0.000773884	0.0018620946211740375	0.841882
102	rs1	1:1	2:0.06325	rs2	1:2	2:0.0635	0	1000	1	0.421908	1.14776	0.873652	0.364699	1.23506	0.869556	0.647664	-1.06705	1.14481	0.716304	-0.862178	1.05545	0.666702	672.739	747.109	0.000314804	1.8600228486320702e-06	0.000235357
103	rs1	1:1	2:0.0615	rs2	1:2	2:0.06525	0	1000	1	0.550456	0.856765	0.784073	0.06062	1.71591	0.724701	0.808957	-0.681781	1.04701	0.612308	0.706168	0.712959	0.285036	5.61447	3.54362	2.24536e-05	2.271918901897152e-06	0.00665421
104	rs1	1:1	2:0.0585	rs2	1:2	2:0.05825	0	1000	1	0.274839	1.94735	1.21163	0.361917	1.75051	1.22781	0.611941	1.14556	1.15587	0.774187	0.873794	1.2213	0.98281	168.714	905.977	2.57425e-05	3.2082702091429383e-05	0.175428
105	rs1	1:1	2:0.0585	rs2	1:2	2:0.06425	0	1000	1	0.0640031	1.85035	0.789159	0.0875876	0.939763	0.425837	0.883396	0.453443	0.910605	0.459605	0.574548	0.460779	0.763687	53.0748	72.2796	1.7167e-05	4.1295861592516303e-06	0.019214
106	rs1	1:1	2:0.06525	rs2	1:2	2:0.0575	0	1000	1	0.0402397	2.55284	1.00707	0.104977	1.6112	0.75885	0.123928	2.20588	1.07943	0.268687	1.29618	0.7995	0.913939	17.1357	40.3913	1.80653e-07	3.6806474668082956e-07	0.303257
107	rs1	1:1	2:0.06275	rs2	1:2	2:0.061	0	1000	1	0.148951	1.51572	0.776701	0.780337	0.499825	0.709663	0.890786	0.439325	0.913476	0.652198	-0.832507	0.900435	0.861621	459.027	841.043	0.00864373	0.00012297341891098768	0.000635437
108	rs1	1:1	2:0.05675	rs2	1:2	2:0.06275	0	1000	1	0.874892	27.8968	53.957	0.183976	1.9716	1.07147	0.892477	27.2477	57.1254	0.184109	1.97257	1.07223	0.999402	505.17	14603.9	1.36629e-05	3.9720434870105237e-05	0.972129
109	rs1	1:1	2:0.066	rs2	1:2	2:0.06925	0	1000	1	0.540172	1.09718	0.988599	0.136318	1.88547	0.944447	0.878447	-0.612891	1.20383	0.460472	1.40909	1.13144	0.586111	310.685	300.562	5.96687e-06	3.2859986731637036e-07	0.00314448
110	rs1	1:1	2:0.052	rs2	1:2	2:0.055	0	1000	1	0.013848	1.86064	0.635982	0.583477	0.864053	0.832399	0.213189	1.14996	0.654065	0.962489	-0.280674	1.01501	0.104125	91.8247	43.17	0.000523685	3.5005945392185822e-05	0.0042095
111	rs1	1:1	2:0.05575	rs2	1:2	2:0.05925	0	1000	1	0.589257	0.698661	0.67931	0.0776264	1.65472	0.731886	0.846195	-0.463391	0.801802	0.681473	0.764304	0.872709	0.649501	47.7329	51.3791	0.00019141	2.9497161904146196e-06	0.000721849
112	rs1	1:1	2:0.058	rs2	1:2	2:0.062	0	1000	1	0.267609	1.49998	0.923794	0.428054	1.21837	0.935268	0.896854	0.426463	0.913963	0.999738	0.0229203	1.00133	0.994257	11.813	110.069	0.000744611	0.00022387584613170475	0.028274
113	rs1	1:1	2:0.06325	rs2	1:2	2:0.0665	0	1000	1	0.389995	1.06599	0.776787	0.157041	1.73696	0.9027	0.982181	0.150226	0.792196	0.760907	0.883916	1.19569	0.713622	90.0354	109.603	3.23958e-05	2.4966939236037433e-06	0.00481666
114	rs1	1:1	2:0.056	rs2	1:2	2:0.065	0	1000	1	0.987401	-0.123761	0.777171	0.0195403	3.26442	1.1636	0.619199	-1.14118	1.16553	0.435222	1.45693	1.1295	0.791449	35.8187	52.3709	3.48088e-05	1.4440135601034854e-05	0.0392052
115	rs1	1:1	2:0.06125	rs2	1:2	2:0.05975	0	1000	1	0.870668	0.301033	0.571983	0.0272207	1.89485	0.705797	0.774941	-0.468795	0.656485	0.667848	0.647829	0.720973	0.681878	7.05994	8.06755	0.00065889	4.2752017179736868e-05	0.00406863
116	rs1	1:1	2:0.06	rs2	1:2	2:0.05775	0	1000	1	0.269678	1.79446	1.1084	0.0956671	2.34861	1.08405	0.618666	1.13113	1.15423	0.176429	1.99285	1.06987	0.974017	274.322	1195.5	4.31091e-06	7.424946943501709e-06	0.265473
117	rs1	1:1	2:0.065	rs2	1:2	2:0.05625	0	1000	1	0.378837	1.22554	0.879591	0.152698	2.26462	1.16811	0.707292	0.720834	0.866138	0.615561	1.14006	1.1573	0.999361	12.9489	362.202	1.59906e-05	1.625634467927739e-05	0.127895
118	rs1	1:1	2:0.068	rs2	1:2	2:0.05875	0	1000	1	0.87037	0.281677	0.534544	0.0275568	2.14511	0.80038	0.958792	-0.164842	0.568213	0.993839	0.111019	0.998597	0.465683	6.38208	5.16214	0.0004757	4.1957147914217785e-05	0.00591129
119	rs1	1:1	2:0.0585	rs2	1:2	2:0.05975	0	1000	1	0.827691	0.406311	0.660663	0.0796273	2.06886	0.919646	0.860435	-0.384946	0.70207	0.874161	-0.625691	1.20642	0.919669	10.5795	25.8512	0.000468311	1.5468845958821476e-05	0.0017899
120	rs1	1:1	2:0.0585	rs2	1:2	2:0.0565	0	1000	1	0.305271	-1.19781	0.777554	0.0155552	3.63974	1.26134	0.126128	-1.87917	0.923463	0.999738	0.0321726	1.40442	0.8901	10.4737	21.7055	0.0046159	0.00048558227717876434	0.00757787
121	rs1	1:1	2:0.05925	rs2	1:2	2:0.065	0	1000	1	0.474099	1.22107	0.999442	0.266291	1.35127	0.830653	0.677756	-3.53637	4.00946	0.926515	0.299736	0.767167	0.651149	11.1516	12.0388	0.000243	6.8066051426285412e-06	0.00146485
122	rs1	1:1	2:0.05875	rs2	1:2	2:0.056	0	1000	1	0.135362	1.72483	0.862458	0.753098	0.474899	0.630615	0.981366	-0.208069	1.07276	0.962538	-0.184064	0.666082	0.682049	7.37925	8.43518	0.00874272	0.00087346817599609494	0.00712489
123	rs1	1:1	2:0.0645	rs2	1:2	2:0.06575	0	1000	1	0.00573478	1.81368	0.564508	0.406587	0.63323	0.471993	0.125426	1.24894	0.612925	0.849214	0.290683	0.508418	0.489912	4.18543	3.50364	2.22809e-05	7.8474913607351482e-06	0.0313393
124	rs1	1:1	2:0.0615	rs2	1:2	2:0.06525	0	1000	1	0.42693	1.28233	0.982849	0.330284	1.46215	0.982306	0.962301	-0.302863	1.09247	0.851353	0.688165	1.213	0.771675	84.9824	118.033	0.000244716	1.9037272068089806e-05	0.00501974
125	rs1	1:1	2:0.058	rs2	1:2	2:0.0615	0	1000	1	0.907014	30.157	68.258	0.99902	0.0440916	0.995916	0.871515	35.9486	68.5457	0.99832	0.0577689	0.996322	0.939066	-26.3704	74.3673	2.26457e-05	6.3104540458880365e-05	0.815099
126	rs1	1:1	2:0.053	rs2	1:2	2:0.05825	0	1000	1	0.934274	0.31618	0.857457	0.0516257	3.00712	1.23514	0.922477	-0.366006	0.911077	0.702884	1.01708	1.21122	0.573237	6.06845	5.75238	5.88287e-06	2.5723963972268393e-06	0.039859
127	rs1	1:1	2:0.05925	rs2	1:2	2:0.0585	0	1000	1	0.517381	1.59059	1.3855	0.263076	2.18195	1.33518	0.999617	-0.0431541	1.55948	0.99482	0.143254	1.40556	0.794251	65.9608	97.1787	1.0063e-06	4.6683834398209001e-07	0.0409997
128	rs1	1:1	2:0.0595	rs2	1:2	2:0.05625	0	1000	1	0.308163	1.41361	0.921307	0.300671	1.15015	0.74188	0.994167	0.151579	1.40129	0.964674	-0.222777	0.830645	0.463548	274.66	221.493	0.000523743	1.1182723028468899e-05	0.00106279
129	rs1	1:1	2:0.0625	rs2	1:2	2:0.0645	0	1000	1	0.910955	0.316364	0.732522	0.042082	2.9971	1.19065	0.979064	-0.154154	0.749377	0.987457	0.219273	1.38008	0.684796	7.45365	8.56534	5.68317e-06	1.6279145711450838e-06	0.0232804
130	rs1	1:1	2:0.053	rs2	1:2	2:0.05625	0	1000	1	0.487592	0.894858	0.746609	0.249454	1.50509	0.903186	0.996106	0.0695732	0.787568	0.999513	0.0311636	0.998564	0.990959	11.5587	85.7647	0.00430212	0.00084081850945949554	0.0168361
131	rs1	1:1	2:0.05425	rs2	1:2	2:0.0635	0	1000	1	0.0451728	2.0478	0.822778	0.792911	0.464595	0.681985	0.554842	0.916727	0.844581	0.944575	-0.258154	0.764449	0.97512	9.66639	43.062	0.000887201	0.00024695301544852555	0.0256894
132	rs1	1:1	2:0.0625	rs2	1:2	2:0.05975	0	1000	1	0.375058	1.77918	1.2704	0.363794	1.79313	1.26091	0.812247	0.789738	1.22458	0.799722	0.813063	1.21613	0.996142	11.0467	125.634	4.49922e-05	4.6632660087198019e-05	0.137318
133	rs1	1:1	2:0.062	rs2	1:2	2:0.06425	0	1000	1	0.0191743	2.19015	0.778808	0.740041	0.603936	0.778319	0.32263	1.3725	0.91247	0.704839	-0.876649	1.04812	0.370032	100.071	70.9683	1.25728e-05	8.0604428376318538e-07	0.00380775
134	rs1	1:1	2:0.06125	rs2	1:2	2:0.06775	0	1000	1	0.181563	1.40931	0.762925	0.235056	1.31594	0.773298	0.965455	0.20792	0.784117	0.99771	0.0549449	0.811352	0.932713	9.54416	25.5705	5.09153e-06	4.0610314044897677e-07	0.00487485
135	rs1	1:1	2:0.05675	rs2	1:2	2:0.0615	0	1000	1	0.78427	30.2056	43.3278	0.999975	0.00485259	0.692816	0.777147	30.4455	42.8745	0.999986	0.00360237	0.692866	0.969873	-19.1857	77.5667	5.31959e-06	1.5921881640679203e-05	0.925308
136	rs1	1:1	2:0.05975	rs2	1:2	2:0.056	0	1000	1	0.260183	1.96568	1.19788	0.291142	1.87698	1.19481	0.57989	1.21107	1.16009	0.621445	1.12718	1.1556	0.999993	17.7248	4888.15	4.76892e-06	6.7839314397133421e-06	0.198474
137	rs1	1:1	2:0.0575	rs2	1:2	2:0.0585	0	1000	1	0.329807	1.16084	0.77937	0.0283279	1.42793	0.534844	0.643384	0.783197	0.83393	0.0677481	1.2864	0.554405	0.849667	3.82561	6.70209	0.00282049	0.003788073780015111	0.262668
138	rs1	1:1	2:0.0585	rs2	1:2	2:0.05775	0	1000	1	0.535834	0.628344	0.562489	0.191399	1.27408	0.700636	0.9991	0.0258788	0.609802	0.994138	-0.0898539	0.82863	0.559735	6.32128	5.86769	0.0199407	0.0017533577047288418	0.00603673
139	rs1	1:1	2:0.0645	rs2	1:2	2:0.06375	0	1000	1	0.299888	1.19366	0.769112	0.118995	1.32721	0.643237	0.76556	-0.75685	1.03543	0.926196	0.26389	0.673905	0.80717	38.1624	58.3029	1.58403e-05	3.8346635733432777e-07	0.00120835
140	rs1	1:1	2:0.06	rs2	1:2	2:0.06425	0	1000	1	0.0313259	1.97144	0.749072	0.964947	-0.142774	0.534453	0.90941	-0.398088	0.913471	0.304035	-0.980338	0.635295	0.898376	10.4483	22.5685	0.0104514	7.057141192490235e-05	0.000258443
141	rs1	1:1	2:0.06175	rs2	1:2	2:0.064	0	1000	1	0.189925	2.1473	1.17808	0.32912	1.10505	0.741218	0.951655	-0.553408	1.75792	0.703335	0.614104	0.731986	0.617527	6.81253	6.93834	3.24951e-05	1.4308104255178478e-05	0.0422784
142	rs1	1:1	2:0.06725	rs2	1:2	2:0.062	0	1000	1	0.408288	0.956594	0.714679	0.0395114	2.76201	1.0865	0.602795	0.751144	0.746546	0.364557	1.76865	1.24499	0.427424	96.6649	74.1395	5.21611e-08	2.4583769686614687e-08	0.0389189
143	rs1	1:1	2:0.056	rs2	1:2	2:0.05975	0	1000	1	0.0624009	1.34695	0.571834	0.664243	0.612409	0.677031	0.623225	0.578668	0.595051	0.356495	-1.8128	1.26216	0.167698	6.18504	3.27293	0.0022441	7.5400821515358984e-05	0.00183175
144	rs1	1:1	2:0.0585	rs2	1:2	2:0.05625	0	1000	0	0.70172	29.1738	34.661	0.731748	0.944379	1.1949	0.693137	29.8413	34.8537	0.993247	0.151449	1.30097	0.834978	730.443	1216.22	4.6645e-05	1	1
145	rs1	1:1	2:0.062	rs2	1:2	2:0.062	0	1000	1	0.288196	0.649832	0.411961	0.360039	0.867454	0.60688	0.71232	0.359166	0.436048	0.956917	0.207347	0.698662	0.374003	3.34644	2.38607	0.107168	0.03979111835360527	0.0440999
146	rs1	1:1	2:0.054	rs2	1:2	2:0.056	0	1000	1	0.205781	2.4243	1.36337	0.874529	0.558755	1.07905	0.999579	0.0408271	1.40748	0.902885	-0.529434	1.17127	0.995649	13.2562	141.95	0.000800308	0.00022452953271567822	0.0258786
147	rs1	1:1	2:0.05825	rs2	1:2	2:0.0615	0	1000	0	0.928088	30.5165	78.9889	0.986214	-0.140927	0.845777	0.814606	53.628	83.7424	0.997244	-0.063086	0.849108	0.707144	3404.64	4089.71	1.18928e-05	1	1
148	rs1	1:1	2:0.0585	rs2	1:2	2:0.062	0	1000	1	0.885565	0.400232	0.811812	0.0386829	2.01144	0.788666	0.647482	-1.06925	1.1468	0.596765	0.851272	0.837783	0.954287	116.303	380.186	0.000630635	8.5548526840284467e-05	0.0101499
149	rs1	1:1	2:0.0555	rs2	1:2	2:0.06025	0	1000	1	0.649171	0.922703	0.992603	0.208872	2.25477	1.27405	0.976621	0.214337	0.985391	0.977425	-0.361698	1.69256	0.429798	6.13709	4.7224	0.000118626	5.0192302296636626e-05	0.0417993
150	rs1	1:1	2:0.06075	rs2	1:2	2:0.06475	0	1000	1	0.232366	1.20577	0.705761	0.0642365	1.56519	0.667986	0.965844	0.205787	0.780567	0.487511	0.930283	0.776075	0.87904	15.9213	31.3542	1.23415e-05	2.6598841031955089e-06	0.0166244
151	rs1	1:1	2:0.059	rs2	1:2	2:0.06225	0	1000	1	0.233053	1.05086	0.615709	0.152057	1.27509	0.656967	0.984578	0.120547	0.683735	0.932857	0.27547	0.738848	0.629747	60.5676	62.9794	0.00155144	0.00014135967649053782	0.00624988
152	rs1	1:1	2:0.064	rs2	1:2	2:0.064	0	1000	1	0.0388396	3.22519	1.26535	0.991315	0.117817	0.892	0.796618	5.62	8.33384	0.773553	-0.718586	1.00277	0.780654	210.867	299.638	3.71663e-06	1.8186440797762771e-07	0.0027168
153	rs1	1:1	2:0.0575	rs2	1:2	2:0.05825	0	1000	1	0.236477	1.9839	1.16825	0.208712	1.4999	0.847309	0.834388	0.738139	1.22664	0.485225	1.01687	0.845551	0.990766	9.84345	72.2672	1.60818e-05	1.5633971997885965e-05	0.120081
154	rs1	1:1	2:0.059	rs2	1:2	2:0.06325	0	1000	1	0.79655	0.459281	0.680935	0.083349	1.91372	0.858469	0.955723	-0.225212	0.748322	0.705758	0.724522	0.867851	0.842714	7.15761	12.2347	0.0040245	0.0011390988947823644	0.0274458
155	rs1	1:1	2:0.05775	rs2	1:2	2:0.05675	0	1000	1	0.769984	0.560324	0.774968	0.0943794	2.50678	1.15373	0.991108	0.107215	0.802167	0.607507	1.15499	1.15685	0.960686	8.19536	28.9361	0.000683013	0.0005097928224131465	0.097195
156	rs1	1:1	2:0.05	rs2	1:2	2:0.06325	0	1000	1	0.15732	2.18032	1.13366	0.288064	1.32547	0.840126	0.483164	4.29341	3.5596	0.601154	0.839658	0.83228	0.507199	133.075	114.207	3.41602e-05	6.0581269281101413e-06	0.0133504
157	rs1	1:1	2:0.05375	rs2	1:2	2:0.0585	0	1000	1	0.912668	0.452507	1.05847	0.0904032	2.84921	1.29954	0.86343	-0.663676	1.22466	0.748546	0.929758	1.22163	0.978029	10.7048	50.7841	1.70561e-05	6.8582780841097701e-06	0.0368744
158	rs1	1:1	2:0.0555	rs2	1:2	2:0.0605	0	1000	1	0.0687826	2.10935	0.911642	0.988142	0.136471	0.883545	0.763729	0.645979	0.879812	0.46107	-1.83389	1.47377	0.411738	7.13994	5.35954	0.00326116	0.00031235278584063053	0.00670682
159	rs1	1:1	2:0.05825	rs2	1:2	2:0.0655	0	1000	0	0.8838	29.12	58.5868	0.335009	1.65306	1.11775	0.803356	40.5881	61.3343	0.322498	1.73168	1.15105	0.816624	2458.69	3862.73	5.42568e-08	1	1
160	rs1	1:1	2:0.063	rs2	1:2	2:0.063	0	1000	1	0.890198	0.534626	1.10847	0.161559	2.67966	1.40341	0.876591	-0.623314	1.21443	0.999975	0.00997697	1.4198	0.735837	8.44617	10.7834	4.07606e-05	9.8940045063500293e-06	0.0198471
161	rs1	1:1	2:0.06	rs2	1:2	2:0.06075	0	1000	1	0.920642	-0.297322	0.731141	0.0117324	3.38389	1.13487	0.588649	-0.844968	0.820763	0.904977	0.603045	1.34949	0.867648	76.601	143.755	2.74376e-05	6.6939837779500522e-06	0.0197806
162	rs1	1:1	2:0.05425	rs2	1:2	2:0.057	0	1000	1	0.135246	2.2808	1.14021	0.648772	1.16669	1.25418	0.428916	1.49914	1.15217	0.999749	0.0317207	1.41452	0.990381	9.7809	70.3485	0.000181679	0.00019208563026040792	0.150962
163	rs1	1:1	2:0.06075	rs2	1:2	2:0.05675	0	1000	1	0.432353	0.915062	0.706611	0.0217568	2.09036	0.755494	0.983848	0.146005	0.809053	0.230619	1.36578	0.797357	0.870288	7.798	14.7934	7.0553e-06	3.8604343899351079e-06	0.0536005
164	rs1	1:1	2:0.05225	rs2	1:2	2:0.06025	0	1000	0	0.995018	44.5099	445.364	0.728527	29.4856	37.0467	0.946448	158.386	477.384	0.86562	21.0304	39.1457	0.806438	218699	333413	1.31737e-06	1	1
165	rs1	1:1	2:0.054	rs2	1:2	2:0.05625	0	1000	1	0.726508	0.770237	0.96354	0.190272	2.25331	1.23692	0.844275	0.707741	1.21636	0.835374	0.732333	1.22098	0.81864	328.136	518.686	0.00118232	0.00035988562740385532	0.0291408
166	rs1	1:1	2:0.064	rs2	1:2	2:0.06025	0	1000	1	0.518825	0.535898	0.467792	0.133624	1.34658	0.67116	0.953728	0.153384	0.49829	0.878617	0.384733	0.756252	0.592076	5.02301	4.90607	0.0349043	0.0097337942570447922	0.0284589
167	rs1	1:1	2:0.05925	rs2	1:2	2:0.0625	0	1000	1	0.695424	0.607316	0.712535	0.301077	1.20823	0.779783	0.785412	-0.584434	0.840852	0.894273	-0.434758	0.919647	0.487154	7.07831	5.90198	0.0480014	0.0025485046207904816	0.00308898
168	rs1	1:1	2:0.05375	rs2	1:2	2:0.05575	0	1000	1	0.353227	1.01229	0.70168	0.535113	0.702695	0.62837	0.473432	-1.34618	1.10081	0.679427	-0.645016	0.733631	0.908743	11.3498	25.9437	0.026234	7.7335156674962491e-05	9.21657e-05
169	rs1	1:1	2:0.05725	rs2	1:2	2:0.05775	0	1000	1	0.0586382	1.34299	0.563867	0.292453	1.27711	0.81444	0.165618	1.15598	0.60958	0.997576	0.0673157	0.966215	0.380763	92.3981	66.4897	0.000504524	9.6457093604840338e-05	0.0155935
170	rs1	1:1	2:0.06075	rs2	1:2	2:0.059	0	1000	1	0.0805653	2.14151	0.954154	0.991511	0.103212	0.790412	0.996502	0.082865	0.989827	0.496448	-1.2645	1.06848	0.605001	8.10579	8.08539	0.00447676	0.00024077083799056709	0.00326116
171	rs1	1:1	2:0.05925	rs2	1:2	2:0.05975	0	1000	1	0.158623	1.48129	0.77192	0.647462	0.752766	0.807333	0.912241	0.325849	0.760256	0.690953	-0.943139	1.09685	0.634213	7.58022	7.94299	0.00251951	0.0001735607220325619	0.00442927
172	rs1	1:1	2:0.06425	rs2	1:2	2:0.06275	0	1000	1	0.327091	1.07942	0.722022	0.0306239	1.70255	0.644796	0.999917	0.0108356	0.840929	0.365561	0.944719	0.665915	0.837477	7.42591	12.4682	2.57568e-06	5.5338301763185882e-07	0.0159924
173	rs1	1:1	2:0.05775	rs2	1:2	2:0.06125	0	1000	1	0.596059	0.893131	0.877971	0.0449633	2.58055	1.03605	0.914785	0.391006	0.92643	0.276558	1.77241	1.10546	0.882181	5.6312	11.2463	1.29213e-05	1.6252750356215984e-05	0.172472
174	rs1	1:1	2:0.068	rs2	1:2	2:0.05575	0	1000	1	0.231387	0.934564	0.546228	0.110522	1.68423	0.802461	0.530252	0.638833	0.567139	0.793594	0.633014	0.930938	0.516213	3.59164	3.1232	0.000694055	0.00053828977979719639	0.102764
175	rs1	1:1	2:0.05425	rs2	1:2	2:0.0575	0	1000	1	0.476646	1.18154	0.970573	0.314581	1.9574	1.28703	0.860553	0.499439	0.911299	0.893674	-0.902411	1.90317	0.618631	7.34211	7.49159	0.000178773	6.5059597545769066e-05	0.0347529
176	rs1	1:1	2:0.0595	rs2	1:2	2:0.05975	0	1000	1	0.737123	0.586028	0.750331	0.0935893	1.56033	0.716858	0.822062	-0.597041	0.953736	0.51666	0.807083	0.702279	0.624364	6.04007	6.2231	0.00738047	0.0016031943960115314	0.0195798
177	rs1	1:1	2:0.058	rs2	1:2	2:0.05875	0	1000	1	0.737716	0.605271	0.775993	0.111623	2.47479	1.18179	0.947766	-0.286028	0.873212	0.946637	0.448007	1.35277	0.692212	84.3613	98.3524	0.000284712	6.6972083004657179e-05	0.0200339
178	rs1	1:1	2:0.05825	rs2	1:2	2:0.06125	0	1000	1	0.957302	0.249234	0.843663	0.0590157	2.86423	1.20394	0.999866	0.0163857	1.00054	0.767056	0.895202	1.2292	0.901548	357.947	786.205	0.000139539	3.99786040361505e-05	0.025308
179	rs1	1:1	2:0.06275	rs2	1:2	2:0.059	0	1000	1	0.460102	0.910039	0.730346	0.0723503	2.58	1.12574	0.75383	0.549989	0.73158	0.448397	1.4162	1.11815	0.993644	10.0902	89.3501	6.04308e-06	6.1450500652426854e-06	0.123215
180	rs1	1:1	2:0.0555	rs2	1:2	2:0.055	0	1000	1	0.721192	0.501053	0.619719	0.194385	1.29775	0.717019	0.890136	-0.338973	0.702604	0.990586	-0.114748	0.834287	0.435496	6.11407	4.74181	0.0413758	0.0031331046484410763	0.00491315
181	rs1	1:1	2:0.05375	rs2	1:2	2:0.0575	0	1000	1	0.0123111	2.10946	0.71132	0.98229	0.13495	0.713856	0.425478	1.02755	0.785998	0.516085	-1.17205	1.01899	0.614067	6.82378	6.90964	0.000577544	6.6701744799502194e-05	0.00828436
182	rs1	1:1	2:0.066	rs2	1:2	2:0.058	0	1000	1	0.0626284	2.03762	0.865618	0.502284	0.894265	0.762028	0.618171	0.845001	0.861537	0.999963	-0.00726271	0.839919	0.86423	7.62103	14.1074	1.24857e-05	3.5846346690959763e-06	0.0238069
183	rs1	1:1	2:0.0545	rs2	1:2	2:0.059	0	1000	1	0.186267	2.09427	1.14232	0.318337	1.27367	0.841794	0.635924	1.15092	1.20958	0.585136	0.890573	0.860218	0.712468	3.4779	4.22366	0.000154052	0.00022307944891508669	0.242632
184	rs1	1:1	2:0.0565	rs2	1:2	2:0.061	0	1000	1	0.251741	29.6598	17.8573	0.647579	-0.7375	0.791124	0.24731	30.062	17.984	0.929065	-0.33504	0.873398	0.758916	327.947	441.51	2.98736e-05	5.1756178436335176e-05	0.295858
185	rs1	1:1	2:0.05725	rs2	1:2	2:0.06225	0	1000	1	0.474482	1.18982	0.974393	0.202873	2.29869	1.28695	0.959113	0.277854	0.961588	0.767267	3.95548	5.43409	0.685806	85.0653	97.9433	1.6634e-06	2.2116694253782043e-07	0.00883221
186	rs1	1:1	2:0.059	rs2	1:2	2:0.06175	0	1000	1	0.228949	1.33915	0.77988	0.14641	2.16242	1.10312	0.387246	1.13676	0.82526	0.432962	1.46062	1.12884	0.718667	200.622	246.815	5.81505e-05	6.1355225625447929e-05	0.142534
187	rs1	1:1	2:0.0595	rs2	1:2	2:0.0655	0	1000	0	0.363818	29.802	20.9572	0.628262	-2.94456	3.05403	0.540852	24.1552	21.7869	0.642002	-3.24259	3.44425	0.681529	3554.31	4058.86	8.70689e-09	1	1
188	rs1	1:1	2:0.0515	rs2	1:2	2:0.05575	0	1000	1	0.683117	1.09032	1.2489	0.239048	1.98554	1.17363	0.994953	0.139462	1.38639	0.533237	1.2788	1.14034	0.952273	7.16001	22.8943	0.00831425	0.0088566942140460014	0.195031
189	rs1	1:1	2:0.06025	rs2	1:2	2:0.06125	0	1000	1	0.131463	2.32736	1.15532	0.374774	1.67512	1.19564	0.325652	1.68343	1.12383	0.724232	0.984495	1.22557	0.812609	4.1254	6.40379	5.39318e-07	9.9955195764778182e-07	0.272358
190	rs1	1:1	2:0.05375	rs2	1:2	2:0.05675	0	1000	1	0.0989678	2.10728	0.97977	0.757069	0.643855	0.863009	0.586175	1.19346	1.1547	0.998234	0.0567849	0.955025	0.685425	4.47752	5.15157	0.00476904	0.0040984316729009151	0.133278
191	rs1	1:1	2:0.056	rs2	1:2	2:0.0585	0	1000	1	0.260991	1.2939	0.78941	0.660074	0.596348	0.654259	0.645411	-1.07824	1.1522	0.799151	-0.489052	0.730326	0.854735	10.1413	18.1	0.019158	0.00024461981956847012	0.000543062
192	rs1	1:1	2:0.06225	rs2	1:2	2:0.05925	0	1000	1	0.995206	-0.076213	0.777389	0.0205253	3.34933	1.2014	0.747806	-0.654507	0.858505	0.442676	1.43358	1.12293	0.872253	7.71378	14.7539	6.89433e-06	3.2793473110359628e-06	0.0446325
193	rs1	1:1	2:0.06025	rs2	1:2	2:0.07	0	1000	1	0.0252748	2.02584	0.746944	0.961868	0.144835	0.519408	0.569895	-1.29161	1.21795	0.580072	-0.585024	0.560556	0.172719	7.76431	4.14299	0.000471336	1.6794602970549022e-06	0.00013057
194	rs1	1:1	2:0.062	rs2	1:2	2:0.055	0	1000	1	0.0854089	1.90966	0.860889	0.688367	0.668278	0.773278	0.851935	0.505205	0.892403	0.943231	-0.300425	0.878722	0.658776	181.862	199.052	0.000959753	0.00013619336823467165	0.0108275
195	rs1	1:1	2:0.0565	rs2	1:2	2:0.057	0	1000	0	0.776243	0.534722	0.751285	0.195475	1.47081	0.814026	0.729946	-0.836968	1.05484	0.909291	-0.398484	0.913751	0.880187	1028.95	2036.67	0.0086327	1	1
196	rs1	1:1	2:0.06425	rs2	1:2	2:0.0645	0	1000	1	0.238069	0.892622	0.526862	0.0298958	2.83053	1.06831	0.407352	0.712465	0.531608	0.308575	1.68271	1.09731	0.994426	10.6826	101.034	3.23525e-08	3.8598830798264316e-08	0.129757
197	rs1	1:1	2:0.05525	rs2	1:2	2:0.05125	0	1000	1	0.924697	0.312665	0.79016	0.17513	1.53609	0.822903	0.358775	-2.92087	2.03997	0.844217	-0.550945	0.946686	0.960224	53.5868	188.08	0.0192561	5.9445446822792292e-05	9.92264e-05
198	rs1	1:1	2:0.06125	rs2	1:2	2:0.061	0	1000	1	0.399425	-1.07742	0.795269	0.00668323	3.97711	1.25665	0.193543	-1.87019	1.03193	0.998958	0.0641772	1.40512	0.905752	195.386	439.12	0.000102473	8.3253016782691702e-06	0.00522589
199	rs1	1:1	2:0.06325	rs2	1:2	2:0.0555	0	1000	1	0.903395	-0.39862	0.884315	0.0169817	3.6499	1.27841	0.477823	-1.35604	1.11578	0.98363	0.250623	1.37942	0.998439	106.946	1913.56	5.29894e-06	6.4069553218359943e-07	0.00804496
200	rs1	1:1	2:0.064	rs2	1:2	2:0.06225	0	1000	1	0.143915	2.1849	1.10963	0.268651	1.89514	1.16889	0.617151	1.13441	1.15462	0.514256	1.40072	1.21455	0.262819	283.693	173.533	3.5883e-07	1.6099141930681071e-07	0.0382813
201	rs1	1:1	2:0.058	rs2	1:2	2:0.056	0	1000	1	0.406358	-1.2066	0.899088	0.623683	31.0679	31.9723	0.405808	-1.20776	0.899271	0.61334	31.4096	31.7662	0.9384	-20.0263	56.1599	4.37228e-05	0.00012081392196705565	0.894524
202	rs1	1:1	2:0.061	rs2	1:2	2:0.06225	0	1000	1	0.0204718	3.73224	1.3383	0.896679	-0.49945	1.06942	0.724604	0.977616	1.21797	0.447839	-2.2414	1.76832	0.904954	10.8765	24.3363	2.37793e-06	3.4262782833138772e-07	0.00979998
203	rs1	1:1	2:0.059	rs2	1:2	2:0.05925	0	1000	1	0.325183	-1.51309	1.00946	0.00723155	4.36342	1.38969	0.253624	-3.26983	1.97401	0.461628	1.39048	1.11831	0.977536	12.9278	60.6459	3.98572e-05	4.5809151743014809e-06	0.00785105
204	rs1	1:1	2:0.056	rs2	1:2	2:0.059	0	1000	1	0.443039	30.3185	23.7604	0.893524	0.621296	1.30933	0.439641	30.3174	23.648	0.8928	0.623801	1.3099	0.97318	-19.1183	81.9892	3.80613e-07	1.2363148016447667e-06	0.937729
205	rs1	1:1	2:0.0665	rs2	1:2	2:0.062	0	1000	1	0.160917	1.35967	0.711322	0.0741638	1.88059	0.82446	0.592734	0.747028	0.730411	0.643087	0.868206	0.923963	0.479881	3.97127	3.2772	1.73677e-07	1.3255984754323435e-07	0.074559
206	rs1	1:1	2:0.0585	rs2	1:2	2:0.06425	0	1000	1	0.53507	0.751972	0.672392	0.111213	1.35781	0.647855	0.740601	-0.656264	0.84682	0.905849	0.29344	0.659849	0.873296	9.03943	17.3655	0.00147308	4.9677862989483401e-05	0.00184077
207	rs1	1:1	2:0.0595	rs2	1:2	2:0.0535	0	1000	1	0.998253	-0.0393925	0.66607	0.0602397	1.88657	0.795884	0.3551	-1.49029	1.03564	0.930163	-0.339561	0.892371	0.93852	60.2047	169.003	0.0101457	4.2803654650924727e-05	0.000148098
208	rs1	1:1	2:0.064	rs2	1:2	2:0.06425	0	1000	1	0.000468852	3.11357	0.795209	0.737959	0.683325	0.876538	0.0259386	2.36213	0.874021	0.986854	0.160526	0.986718	0.360505	214.514	150.172	9.12996e-10	4.3835310381545867e-10	0.0365692
209	rs1	1:1	2:0.05775	rs2	1:2	2:0.0605	0	1000	1	0.22586	1.08915	0.631383	0.120075	1.36733	0.66409	0.82986	0.40458	0.662449	0.86377	0.401416	0.741714	0.451176	4.9366	3.91277	0.000188814	4.1581199184292927e-05	0.0182293
210	rs1	1:1	2:0.058	rs2	1:2	2:0.05525	0	1000	1	0.102353	0.997158	0.467031	0.16604	0.981786	0.518091	0.489413	0.594005	0.496889	0.950636	0.19778	0.621569	0.369736	4.11544	2.91741	0.00241533	0.0005808051791973412	0.0217995
211	rs1	1:1	2:0.06325	rs2	1:2	2:0.06025	0	1000	1	0.102685	1.9812	0.92858	0.582856	0.738259	0.710512	0.88304	-0.595477	1.1939	0.949674	-0.24188	0.752672	0.795052	141.447	208.849	3.21799e-05	1.0801560392792453e-06	0.00178657
212	rs1	1:1	2:0.0675	rs2	1:2	2:0.06725	0	1000	1	0.996171	-0.0598246	0.682939	0.0110399	2.8501	0.949377	0.425637	-1.06825	0.817312	0.897273	-0.549344	1.17985	0.902264	11.5497	25.4657	1.4547e-06	1.0894175339615231e-08	0.000306536
213	rs1	1:1	2:0.06	rs2	1:2	2:0.0665	0	1000	1	0.952724	0.251985	0.809656	0.107693	1.76778	0.837357	0.862954	-6.37414	11.74	0.988244	-0.131048	0.852125	0.982703	407.506	2181.42	0.00306803	5.9109147514391225e-06	6.17776e-05
214	rs1	1:1	2:0.0615	rs2	1:2	2:0.06075	0	1000	1	0.104681	1.38018	0.649638	0.299262	0.95259	0.613252	0.980354	-0.146594	0.735888	0.999827	-0.0131538	0.707665	0.799585	32.84	49.1012	2.81692e-05	2.8337527169242094e-07	0.000436717
215	rs1	1:1	2:0.0555	rs2	1:2	2:0.0605	0	1000	1	0.23534	1.42721	0.839034	0.269282	1.2845	0.79296	0.69409	0.736449	0.861766	0.62011	0.954194	0.976049	0.786245	58.3621	84.153	0.00222438	0.001254750182852149	0.0690722
216	rs1	1:1	2:0.05975	rs2	1:2	2:0.06425	0	1000	1	0.41207	1.00415	0.754104	0.101642	1.81842	0.850378	0.510539	1.37353	1.18453	0.461005	1.508	1.21177	0.150108	366.307	188.09	3.77235e-05	7.5671493959816871e-08	6.89e-05
217	rs1	1:1	2:0.0595	rs2	1:2	2:0.0525	0	1000	1	0.083919	1.74337	0.783126	0.445519	0.904916	0.711621	0.392275	1.12197	0.820116	0.939688	0.277892	0.787839	0.576765	3.57783	3.41033	0.00105917	0.00091956759570166469	0.123775
218	rs1	1:1	2:0.05275	rs2	1:2	2:0.05425	0	1000	1	0.279349	1.17318	0.73459	0.445433	0.838505	0.659317	0.999335	0.0297746	0.81616	0.999992	0.002803	0.710475	0.799922	7.32675	10.965	0.0206552	0.0029821079224348068	0.0115453
219	rs1	1:1	2:0.06225	rs2	1:2	2:0.05775	0	1000	1	0.0401656	2.68404	1.05852	0.690468	0.774879	0.90031	0.263472	1.85811	1.13765	0.983682	0.178763	0.985472	0.694548	3.78635	4.43466	1.49505e-05	2.0878047507721931e-05	0.203007
220	rs1	1:1	2:0.0555	rs2	1:2	2:0.056	0	1000	1	0.991509	0.10385	0.795215	0.98405	29.9545	167.043	0.991535	0.103691	0.79522	0.981138	32.5008	166.539	0.994518	-20.5396	195.888	8.91264e-05	0.00024079681315924972	0.95338
221	rs1	1:1	2:0.059	rs2	1:2	2:0.0565	0	1000	1	0.723694	0.623717	0.775552	0.131553	1.3889	0.689582	0.643157	-1.08694	1.15689	0.850871	0.40891	0.719505	0.792464	282.648	414.398	0.0154685	0.0011945402948185802	0.00511899
222	rs1	1:1	2:0.0515	rs2	1:2	2:0.05075	0	1000	1	0.518366	0.773	0.674306	0.627015	1.10861	1.14738	0.643482	0.648097	0.690198	0.998697	0.0721263	1.4125	0.860304	22.3545	40.7498	0.508731	0.44486752152442932	0.22589
223	rs1	1:1	2:0.0595	rs2	1:2	2:0.05775	0	1000	1	0.0349316	1.6358	0.631554	0.975162	0.145681	0.649539	0.577193	0.644792	0.615021	0.384604	-1.47833	1.06938	0.36405	6.5487	4.60659	0.00627772	0.00020645110635086894	0.00177286
224	rs1	1:1	2:0.057	rs2	1:2	2:0.05975	0	1000	1	0.274043	1.03022	0.640277	0.24988	0.991868	0.595575	0.924447	-0.302061	0.762044	0.990319	0.0879658	0.630636	0.392136	6.18379	4.51927	0.00242217	8.7539876403752714e-05	0.00200157
225	rs1	1:1	2:0.0595	rs2	1:2	2:0.05875	0	1000	1	0.32477	1.44532	0.963701	0.291287	1.49513	0.951926	0.993729	0.110755	0.987447	0.979501	0.196513	0.965539	0.960617	9.979	35.2024	2.57601e-05	5.449455784400925e-06	0.0165208
226	rs1	1:1	2:0.06	rs2	1:2	2:0.0675	0	1000	1	0.226855	1.64935	0.957553	0.335692	1.42512	0.964522	0.998843	-0.0517797	1.076	0.999381	0.0351702	0.999406	0.794503	205.501	302.969	3.63826e-06	5.4853825304235215e-07	0.0104407
227	rs1	1:1	2:0.05375	rs2	1:2	2:0.05875	0	1000	1	0.255575	1.31525	0.796245	0.497082	0.849328	0.718327	0.940061	-0.389752	1.10851	0.828627	-0.496996	0.810545	0.846076	51.1688	88.4995	0.00179099	1.8363945855526254e-05	0.00044206
228	rs1	1:1	2:0.05725	rs2	1:2	2:0.057	0	1000	1	0.28756	1.46582	0.928431	0.496011	0.93315	0.788004	0.917478	-0.477437	1.15036	0.999662	-0.021535	0.82781	0.511567	6.72248	5.80614	0.0036776	0.00052961916662752628	0.011294
229	rs1	1:1	2:0.05975	rs2	1:2	2:0.061	0	1000	1	0.173342	1.71329	0.915142	0.269145	1.26099	0.778302	0.998288	0.0579813	0.990587	0.681174	0.753545	0.859932	0.716076	174.069	212.987	2.33546e-06	1.7773010085875285e-07	0.0045527
230	rs1	1:1	2:0.059	rs2	1:2	2:0.06	0	1000	1	0.988935	-0.172008	1.15306	0.0215634	3.38528	1.22207	0.992563	-9.40073	76.9388	0.340294	1.68351	1.14657	0.991545	20.7128	158.948	4.24721e-06	8.7248764657488209e-07	0.0152979
231	rs1	1:1	2:0.06625	rs2	1:2	2:0.06825	0	1000	0	0.998375	0.0569624	0.998722	0.556098	30.2777	27.9485	0.998799	0.0489767	0.998856	0.501576	34.1683	29.086	0.88843	5568.62	11448.3	3.09472e-10	1	1
232	rs1	1:1	2:0.05775	rs2	1:2	2:0.0585	0	1000	1	0.00550147	3.53766	1.09669	0.715721	-0.65308	0.798503	0.926785	0.484076	1.24135	0.387532	-1.38916	1.00889	0.162432	572.31	300.178	5.03439e-05	1.3077088851787266e-06	0.00132552
233	rs1	1:1	2:0.059	rs2	1:2	2:0.05825	0	1000	1	0.144248	2.15803	1.09664	0.0803737	1.13409	0.505058	0.996974	0.107728	1.38376	0.0922508	1.28229	0.587336	0.456125	62.2963	49.7182	1.2319e-05	3.8548373595403973e-06	0.0265337
234	rs1	1:1	2:0.05975	rs2	1:2	2:0.06025	0	1000	1	0.311558	1.31034	0.857999	0.168125	1.5715	0.832183	0.838138	0.535139	0.900512	0.537814	0.934299	0.838862	0.729736	4.9914	6.28785	0.000373289	0.00027500311261974275	0.0927674
235	rs1	1:1	2:0.0515	rs2	1:2	2:0.059	0	1000	0	0.971594	0.237733	0.990266	0.190943	2.01381	1.10663	0.525863	-3.28527	2.89766	0.861531	-0.668524	1.22446	0.82803	9927.14	16159.1	0.00489123	1	1
236	rs1	1:1	2:0.056	rs2	1:2	2:0.057	0	1000	1	0.800533	0.587278	0.880412	0.245894	1.68154	1.00389	0.72383	-0.861649	1.07172	0.911543	-0.504999	1.17336	0.674043	542.44	610.71	0.00657284	0.00020064241834916174	0.00161709
237	rs1	1:1	2:0.052	rs2	1:2	2:0.06325	0	1000	1	0.237426	1.27761	0.753387	0.755796	0.547606	0.731791	0.901427	-0.420855	0.923781	0.468876	-1.36315	1.10755	0.955649	84.677	281.121	0.0286742	0.00031791135552339256	0.000448818
238	rs1	1:1	2:0.05975	rs2	1:2	2:0.0605	0	1000	0	0.328585	1.6018	1.07363	0.66972	0.826349	0.922853	0.940594	-6.87764	19.6513	0.72243	-0.847275	1.0507	0.844239	1429.9	2457.19	0.00118454	1	1
239	rs1	1:1	2:0.059	rs2	1:2	2:0.063	0	1000	1	0.972564	0.157334	0.667006	0.0726459	2.03043	0.886633	0.859121	-0.438022	0.794841	0.997337	0.0713381	0.976831	0.8111	94.2975	145.725	0.00750523	0.00041793935815803707	0.00340043
240	rs1	1:1	2:0.0585	rs2	1:2	2:0.06475	0	1000	1	0.103799	2.37916	1.11775	0.229639	1.46067	0.851521	0.629958	1.21959	1.26862	0.595801	0.888957	0.873504	0.919503	17.0694	41.6645	1.64684e-07	1.8853417316222476e-07	0.12864
241	rs1	1:1	2:0.058	rs2	1:2	2:0.065	0	1000	1	0.0485395	2.10998	0.857775	0.703375	0.55269	0.658837	0.778284	0.657934	0.929226	0.955049	-0.219005	0.722097	0.377819	5.41981	3.88451	7.64143e-05	1.2749084817187395e-05	0.0125935
242	rs1	1:1	2:0.0575	rs2	1:2	2:0.05625	0	1000	1	0.536431	0.742587	0.665353	0.621637	0.718229	0.736578	0.623673	-0.768791	0.791157	0.493697	-3.88632	3.27094	0.952837	15.0732	48.4915	0.12337	0.00011331892892485484	1.97133e-05
243	rs1	1:1	2:0.06475	rs2	1:2	2:0.05225	0	1000	0	0.418114	0.828813	0.6276	0.118167	1.78814	0.865208	0.999979	-0.00429174	0.664325	0.999858	0.0168689	1.00118	0.283777	1547.92	975.262	0.000253451	1	1
244	rs1	1:1	2:0.056	rs2	1:2	2:0.05275	0	1000	1	0.932996	0.219493	0.589346	0.0408918	2.1366	0.844985	0.915041	-0.282084	0.669406	0.995447	-0.0999313	1.04602	0.817241	28.3451	44.6149	0.00109762	4.4357613660395145e-05	0.00229148
245	rs1	1:1	2:0.05875	rs2	1:2	2:0.05475	0	1000	1	0.0256237	1.65729	0.612196	0.867193	0.280605	0.525634	0.768671	0.468318	0.645613	0.644991	-0.583564	0.623131	0.426284	6.08503	4.65975	0.00209854	8.6552689026575536e-05	0.00235213
246	rs1	1:1	2:0.0605	rs2	1:2	2:0.0545	0	1000	1	0.797019	0.462672	0.686851	0.0992729	2.41489	1.12354	0.994868	0.0709585	0.699475	0.948438	0.431286	1.32546	0.869056	7.51496	14.1843	0.00175859	0.00083167501725256443	0.0534987
247	rs1	1:1	2:0.05525	rs2	1:2	2:0.06125	0	1000	1	0.802028	-1.63463	2.46088	0.999648	27.2616	1027.91	0.802025	-1.63464	2.46087	0.999644	27.403	1026.17	0.999997	-6.81641	2811.08	9.38012e-08	3.1732392358208017e-07	1
248	rs1	1:1	2:0.0575	rs2	1:2	2:0.0595	0	1000	0	0.943173	0.222554	0.650613	0.0364155	3.00855	1.16882	0.920851	-0.272537	0.671112	0.999953	0.013634	1.4037	0.326407	724.039	483.853	2.23493e-05	1	1
249	rs1	1:1	2:0.06225	rs2	1:2	2:0.06275	0	1000	1	0.0426595	2.55502	1.01722	0.801865	0.435941	0.655993	0.408819	1.4678	1.0974	0.995872	-0.0664785	0.730864	0.781123	29.9452	42.6034	0.00106127	0.00072992831701412797	0.0883438
250	rs1	1:1	2:0.06325	rs2	1:2	2:0.05675	0	1000	1	0.167368	0.968468	0.5122	0.315953	0.986159	0.649644	0.931051	0.206732	0.546915	0.460361	-1.34149	1.07699	0.184718	6.58101	3.58073	0.0021764	2.8088621547794901e-05	0.000579539
251	rs1	1:1	2:0.0595	rs2	1:2	2:0.06075	0	1000	1	0.0917965	2.39514	1.09593	0.325143	1.71425	1.1436	0.284487	1.69859	1.07126	0.617886	1.12636	1.14785	0.544206	611.572	554.407	1.06742e-06	1.1359204563632375e-06	0.123465
252	rs1	1:1	2:0.06275	rs2	1:2	2:0.059	0	1000	0	0.144491	1.67566	0.851889	0.350727	1.26083	0.870991	0.320298	1.66401	1.10274	0.892174	0.43574	0.912181	0.931425	971.155	2576.46	0.000189025	1	1
253	rs1	1:1	2:0.058	rs2	1:2	2:0.05425	0	1000	0	0.849205	0.516197	0.90282	0.926797	29.4004	75.4	0.81367	0.585446	0.911648	0.669883	3.14068	3.50853	0.472339	8828.53	7208.18	1.40892e-06	1	1
254	rs1	1:1	2:0.05925	rs2	1:2	2:0.05425	0	1000	0	0.319211	1.53846	1.01802	0.631809	0.994566	1.03785	0.999954	0.00959457	1.00114	0.687963	-1.27905	1.47885	0.920941	837.948	2064.64	0.00194523	1	1
255	rs1	1:1	2:0.056	rs2	1:2	2:0.065	0	1000	1	0.213718	1.97248	1.1228	0.0979861	1.65553	0.768077	0.74929	2.94136	3.87136	0.286559	1.25009	0.790686	0.812357	19.1258	29.6665	2.0276e-06	1.8200198610429652e-06	0.0997692
256	rs1	1:1	2:0.05525	rs2	1:2	2:0.05925	0	1000	1	0.393418	1.2696	0.929477	0.320562	1.36402	0.904268	0.999797	0.0201789	1.00116	0.978918	0.201381	0.975531	0.940043	9.06467	25.7773	0.00169772	0.00045421472168527544	0.0248448
257	rs1	1:1	2:0.06725	rs2	1:2	2:0.0645	0	1000	1	0.375313	0.926508	0.661793	0.049282	2.10784	0.859065	0.903163	0.302115	0.66938	0.720317	0.708159	0.874252	0.688821	6.30812	7.30571	5.95449e-07	1.5827775712295988e-07	0.0201379
258	rs1	1:1	2:0.0575	rs2	1:2	2:0.05225	0	1000	1	0.298477	1.01473	0.652544	0.137079	1.44477	0.72471	0.382763	1.10261	0.795598	0.855769	0.457321	0.819379	0.378024	43.9782	31.5291	0.00829479	0.0010997100034728646	0.0102576
259	rs1	1:1	2:0.06	rs2	1:2	2:0.0665	0	1000	1	0.456343	0.966073	0.771251	0.0522584	2.09179	0.860951	0.984491	0.147372	0.833504	0.612287	0.837699	0.845726	0.779848	76.1282	107.952	8.64547e-07	1.8622098707510304e-07	0.0156737
260	rs1	1:1	2:0.0595	rs2	1:2	2:0.04875	0	1000	1	0.526044	31.0097	27.3583	0.267751	0.842711	0.519106	0.6955	24.1963	28.3927	0.414075	0.712212	0.53633	0.677372	345.672	391.63	0.000375664	0.00066935108043253422	0.367382
261	rs1	1:1	2:0.065	rs2	1:2	2:0.05675	0	1000	1	0.981946	0.0995912	0.521728	0.00983443	2.46244	0.80992	0.942451	-0.197444	0.573464	0.878507	0.44467	0.873645	0.160107	416.494	217.591	7.14726e-05	5.4293940365823801e-07	0.000316197
262	rs1	1:1	2:0.0575	rs2	1:2	2:0.0555	0	1000	1	0.722592	0.542439	0.672905	0.177922	1.57848	0.849478	0.989766	-0.106656	0.743576	0.986995	-0.167955	1.03802	0.677652	7.14637	8.1008	0.0210941	0.0028317642863839865	0.0104867
263	rs1	1:1	2:0.05525	rs2	1:2	2:0.06075	0	1000	1	0.0659017	2.02733	0.869275	0.922156	0.289503	0.719095	0.529306	1.24104	1.10022	0.484854	-1.28602	1.06879	0.610013	148.822	149.681	0.00347976	7.0003094151616096e-05	0.000981156
264	rs1	1:1	2:0.0575	rs2	1:2	2:0.05625	0	1000	1	0.922958	0.563344	1.40685	0.123749	2.55405	1.24938	0.773659	-2.16559	3.02282	0.231849	3.84212	2.24715	0.337324	346.532	235.056	0.000528939	3.5650529753183946e-05	0.00425277
265	rs1	1:1	2:0.06425	rs2	1:2	2:0.0565	0	1000	1	0.813138	29.8397	46.3925	0.619912	0.838958	0.857888	0.862071	25.5828	46.956	0.782287	0.634636	0.905637	0.876869	636.804	1242.22	1.25914e-05	3.0671017157146707e-05	0.526888
266	rs1	1:1	2:0.05475	rs2	1:2	2:0.056	0	1000	1	0.888288	0.494212	1.01535	0.103136	2.65219	1.24427	0.816973	-1.27711	2.00853	0.581802	1.20043	1.15338	0.842007	46.2103	78.7953	0.000214047	0.00011154557432746515	0.0562949
267	rs1	1:1	2:0.058	rs2	1:2	2:0.05925	0	1000	1	0.933691	0.304465	0.821918	0.135244	2.04811	1.02388	0.528567	-1.15088	1.01917	0.590546	-2.54175	2.47647	0.869511	13.1194	24.8089	0.0015082	8.2635706348810345e-06	0.000211966
268	rs1	1:1	2:0.0605	rs2	1:2	2:0.05475	0	1000	1	0.912185	0.265433	0.619088	0.0265361	2.89793	1.07563	0.999978	-0.00422097	0.640406	0.653093	1.11782	1.21097	0.657689	5.49393	6.00135	4.66187e-05	2.8742506401613355e-05	0.0668135
269	rs1	1:1	2:0.05325	rs2	1:2	2:0.05975	0	1000	1	0.0147556	2.79329	0.961932	0.973056	0.146172	0.6254	0.383622	1.55507	1.12339	0.959867	-0.189981	0.663759	0.907612	6.92839	15.7352	0.00023955	0.00017061606922652572	0.0867673
270	rs1	1:1	2:0.0585	rs2	1:2	2:0.06025	0	1000	0	0.744408	-0.66461	0.865005	0.998077	24.4594	394.246	0.740503	-0.671384	0.866138	0.998669	-21.2327	411.398	0.930087	42900.4	112680	9.61241e-06	1	1
271	rs1	1:1	2:0.057	rs2	1:2	2:0.0595	0	1000	0	0.76447	0.65212	0.889777	0.961816	28.5919	102.464	0.755466	0.671369	0.896482	0.978051	22.3957	106.302	0.976491	1349.89	6188.61	4.93267e-06	1	1
272	rs1	1:1	2:0.06025	rs2	1:2	2:0.0605	0	1000	0	0.88351	0.697606	1.40166	0.656852	31.1807	34.0089	0.391651	2.74942	2.00801	0.827485	21.3969	34.7686	0.429868	897.233	690.474	1.52599e-05	1	1
273	rs1	1:1	2:0.05525	rs2	1:2	2:0.06075	0	1000	1	0.758511	0.443226	0.596133	0.043587	1.78016	0.711155	0.851009	-0.388256	0.683505	0.63514	0.690053	0.72424	0.413367	5.42763	4.08331	0.00099135	0.0001157101069111377	0.00846955
274	rs1	1:1	2:0.05575	rs2	1:2	2:0.061	0	1000	1	0.560239	0.933962	0.867617	0.115916	2.26574	1.0914	0.798562	0.601793	0.897214	0.375416	1.56563	1.11847	0.800379	3.76292	5.6387	0.0012867	0.0018001169664785266	0.264393
275	rs1	1:1	2:0.053	rs2	1:2	2:0.05875	0	1000	1	0.455523	1.05299	0.839676	0.0559589	2.52143	1.05002	0.862613	0.491491	0.904023	0.292506	1.68307	1.0734	0.719009	46.0221	56.6595	2.73598e-05	2.8638265575864352e-05	0.136322
276	rs1	1:1	2:0.05475	rs2	1:2	2:0.0625	0	1000	1	0.524298	0.838173	0.737573	0.0585234	1.87634	0.787527	0.927624	-0.345688	0.8918	0.634474	0.782689	0.820518	0.444451	125.385	98.4561	0.000285252	3.0566567147616297e-05	0.00745915
277	rs1	1:1	2:0.062	rs2	1:2	2:0.05925	0	1000	1	0.759742	0.593819	0.801031	0.108507	2.53405	1.20235	0.973995	-0.189697	0.82635	0.740833	-2.03124	2.6224	0.123741	462.659	226.318	0.000177536	3.442619345150888e-06	0.000945981
278	rs1	1:1	2:0.06325	rs2	1:2	2:0.05525	0	1000	1	0.951191	29.5181	93.3061	0.730402	0.964206	1.21641	0.948048	30.6039	93.6903	0.730534	0.963896	1.21637	0.989327	-19.3838	132.32	1.65143e-07	5.4934281479290803e-07	0.948633
279	rs1	1:1	2:0.05675	rs2	1:2	2:0.05525	0	1000	1	0.90867	0.62613	1.43063	0.104244	2.76984	1.30253	0.771417	-2.68751	3.7303	0.289473	1.69395	1.07579	0.7154	581.941	711.046	2.94899e-05	1.3075115020910744e-05	0.0425355
280	rs1	1:1	2:0.05225	rs2	1:2	2:0.05425	0	1000	1	0.321521	0.701945	0.46596	0.236162	0.970756	0.571382	0.8625	0.278925	0.512811	0.776591	0.45004	0.632865	0.391578	3.42586	2.5018	0.0580557	0.021886738017201424	0.0444457
281	rs1	1:1	2:0.06125	rs2	1:2	2:0.0575	0	1000	1	0.242885	1.9888	1.18215	0.224298	2.03296	1.17578	0.746634	0.929798	1.21632	0.591912	1.21854	1.18986	0.873604	70.3481	135.321	8.74466e-07	1.027000848807802e-06	0.1408
282	rs1	1:1	2:0.06675	rs2	1:2	2:0.065	0	1000	1	0.890876	0.521587	1.08499	0.0642336	3.19404	1.36313	0.880497	-0.608289	1.20568	0.616794	1.1359	1.15546	0.993263	12.3691	106.383	5.48768e-09	2.1100841074428445e-09	0.0287835
283	rs1	1:1	2:0.05675	rs2	1:2	2:0.06075	0	1000	1	0.11457	1.60616	0.771594	0.961356	0.189489	0.674933	0.975983	-0.188942	0.856883	0.410828	-1.21937	0.914173	0.750921	9.10641	12.0311	0.022963	0.00034526980016380548	0.000657668
284	rs1	1:1	2:0.05575	rs2	1:2	2:0.0555	0	1000	0	0.86196	30.733	56.3842	0.590883	-2.31764	2.25934	0.910191	25.5475	58.8893	0.601079	-2.23183	2.21195	0.956983	1876.57	6328.1	2.40447e-08	1	1
285	rs1	1:1	2:0.0545	rs2	1:2	2:0.05575	0	1000	1	0.337669	1.01076	0.685929	0.278018	1.18609	0.741286	0.799132	0.489914	0.731574	0.951111	0.279443	0.882582	0.539543	4.39475	3.95607	0.0211798	0.010219345800578594	0.0613598
286	rs1	1:1	2:0.06025	rs2	1:2	2:0.06175	0	1000	0	0.37926	1.13312	0.813725	0.186956	30.1432	16.4598	0.508927	0.964692	0.829997	0.188375	31.2552	17.1055	0.936788	864.025	2390.89	9.09716e-07	1	1
287	rs1	1:1	2:0.0575	rs2	1:2	2:0.0595	0	1000	0	0.963928	0.177642	0.655338	0.0439589	2.23308	0.893303	0.888218	-0.377065	0.774412	0.896791	0.426583	0.913924	0.856822	2075.64	3733.68	0.000962931	1	1
288	rs1	1:1	2:0.05575	rs2	1:2	2:0.063	0	1000	1	0.786244	29.6937	42.8156	0.815783	0.568582	0.89101	0.776525	32.2579	45.3549	0.806578	0.593351	0.904948	0.985367	264.588	1540.98	2.24347e-06	6.8399963311094325e-06	0.863536
289	rs1	1:1	2:0.05975	rs2	1:2	2:0.0595	0	1000	1	0.998136	35.6716	583.999	0.52793	0.94572	0.836697	0.994357	62.1987	584.625	0.529139	0.94415	0.836807	0.996389	-50.6545	595.558	4.68359e-07	1.5127749293242232e-06	0.940267
290	rs1	1:1	2:0.05575	rs2	1:2	2:0.06075	0	1000	1	0.325735	1.20245	0.802826	0.600905	0.737337	0.730561	0.709526	-0.876641	1.05818	0.912792	-0.389151	0.91095	0.892007	94.9631	198.633	0.0161687	0.00017514664796181023	0.000448056
291	rs1	1:1	2:0.06475	rs2	1:2	2:0.059	0	1000	0	0.76906	0.552955	0.763025	0.00961039	3.08885	1.01343	0.9985	0.0448006	0.817657	0.27735	1.96232	1.22526	0.951769	865.791	2753.53	1.04281e-07	1	1
292	rs1	1:1	2:0.059	rs2	1:2	2:0.06275	0	1000	1	0.0584265	1.63504	0.68605	0.637082	0.512138	0.539327	0.994447	0.0832246	0.788616	0.93646	0.239128	0.65994	0.49622	42.9437	36.275	0.00224924	5.8305009588366374e-05	0.00133733
293	rs1	1:1	2:0.05925	rs2	1:2	2:0.05775	0	1000	1	0.976089	-0.162849	0.740194	0.111689	2.00738	0.958719	0.37692	-1.37394	0.983538	0.878269	-0.605481	1.18835	0.994395	46.8712	442.054	0.0561223	0.0016063973307609558	0.00139647
294	rs1	1:1	2:0.055	rs2	1:2	2:0.0635	0	1000	1	0.380311	0.807295	0.580572	0.126866	1.18439	0.582855	0.933834	-0.273502	0.739155	0.998955	0.0287382	0.628527	0.856581	48.085	86.4172	0.00129976	1.4170996109896805e-05	0.000477033
295	rs1	1:1	2:0.061	rs2	1:2	2:0.05475	0	1000	1	0.843858	0.338898	0.581599	0.0681727	1.9638	0.847331	0.999117	-0.0277712	0.66066	0.882929	0.453834	0.90945	0.794128	76.6798	112.933	0.00417228	0.00057457847287878394	0.0106828
296	rs1	1:1	2:0.0575	rs2	1:2	2:0.059	0	1000	1	0.993243	0.0846041	0.726553	0.0179301	2.93462	1.0348	0.894792	-0.38135	0.808772	0.705727	1.03874	1.24416	0.815794	7.35832	11.5314	9.64874e-05	4.2030893382616341e-05	0.0431416
297	rs1	1:1	2:0.061	rs2	1:2	2:0.061	0	1000	1	0.0712026	1.25314	0.545129	0.372411	0.705585	0.502006	0.822875	0.384759	0.616185	0.968803	0.138527	0.550213	0.33528	4.57215	3.0927	0.00277641	0.00033338370849378407	0.00891466
298	rs1	1:1	2:0.06375	rs2	1:2	2:0.05825	0	1000	1	0.674136	0.571978	0.644077	0.0182826	1.54071	0.544602	0.925637	-0.318133	0.809246	0.29283	0.927721	0.591935	0.316021	4.02953	2.65475	0.000933979	0.00023908803996164352	0.0230621
299	rs1	1:1	2:0.05975	rs2	1:2	2:0.05525	0	1000	1	0.504602	1.06112	0.907253	0.134454	2.33276	1.16448	0.887248	0.445471	0.910717	0.786691	0.897604	1.2958	0.980861	9.42459	47.9395	3.42377e-05	2.6946230718749575e-05	0.092121
300	rs1	1:1	2:0.05625	rs2	1:2	2:0.057	0	1000	1	0.165783	2.05271	1.08276	0.162237	2.03292	1.06592	0.278178	1.79937	1.12483	0.271931	1.85917	1.15203	0.543064	235.189	212.839	1.18738e-05	1.4222848221834283e-05	0.159959
301	rs1	1:1	2:0.05575	rs2	1:2	2:0.055	0	1000	1	0.7949	28.9345	42.7044	0.93513	34.3757	93.8581	0.794797	28.9378	42.6972	0.934929	34.417	93.8211	0.992344	-48.5825	391.854	6.88278e-07	2.2035335405234946e-06	0.978409
302	rs1	1:1	2:0.05875	rs2	1:2	2:0.062	0	1000	1	0.130852	2.30595	1.14338	0.480976	1.07893	0.891743	0.688074	1.02769	1.18849	0.863931	0.487405	0.901174	0.76381	156.13	212.688	7.49977e-05	5.5996752053033561e-05	0.088317
303	rs1	1:1	2:0.05325	rs2	1:2	2:0.06125	0	1000	1	0.792651	30.0083	44.0184	0.925303	-0.35844	0.909649	0.790409	30.2522	44.1081	0.925384	-0.358235	0.909643	0.985867	-17.9521	106.399	1.85219e-05	5.3199084504740313e-05	0.951745
304	rs1	1:1	2:0.05425	rs2	1:2	2:0.0635	0	1000	1	0.0328275	2.72455	1.04229	0.810614	0.371552	0.573367	0.342877	1.68516	1.15175	0.979243	0.122587	0.598513	0.607244	3.18913	3.19288	0.000230104	0.00028123418451286852	0.190232
305	rs1	1:1	2:0.055	rs2	1:2	2:0.059	0	1000	1	0.0936268	1.80124	0.827611	0.44443	0.779585	0.612136	0.862801	0.515591	0.949051	0.85232	0.369439	0.653505	0.324653	94.4293	62.9529	0.000301141	2.0940355170750991e-05	0.00438889
306	rs1	1:1	2:0.0565	rs2	1:2	2:0.06225	0	1000	1	0.00789159	2.61602	0.840651	0.863593	0.317357	0.585986	0.205307	1.80542	1.01458	0.999462	0.0206187	0.62825	0.77648	4.51764	6.35111	0.000357312	0.00036565025220625103	0.148946
307	rs1	1:1	2:0.05225	rs2	1:2	2:0.056	0	1000	1	0.435447	30.1769	23.4024	0.866774	0.313451	0.586169	0.386404	32.6418	23.67	0.853997	0.329552	0.586567	0.689137	-24.7404	28.6706	7.03848e-05	0.00017757166642695665	0.671432
308	rs1	1:1	2:0.0615	rs2	1:2	2:0.05825	0	1000	1	0.0941615	1.60122	0.736593	0.762401	0.473471	0.642788	0.978745	-0.178912	0.863111	0.630547	-0.757552	0.788802	0.581641	7.94277	7.62951	0.00283123	5.0578822992974892e-05	0.000852392
309	rs1	1:1	2:0.05675	rs2	1:2	2:0.058	0	1000	1	0.218128	1.14892	0.658374	0.0768251	1.65195	0.729182	0.962296	0.206118	0.743444	0.436654	1.14319	0.888031	0.413636	32.6608	24.5803	0.000112106	1.8934522813651711e-05	0.012894
310	rs1	1:1	2:0.0565	rs2	1:2	2:0.0605	0	1000	1	0.141243	2.2484	1.1364	0.407078	0.990012	0.738424	0.970599	0.319997	1.30985	0.48263	1.01666	0.842254	0.654583	275.048	298.768	7.54897e-05	1.2150632755947299e-05	0.0120403
311	rs1	1:1	2:0.067	rs2	1:2	2:0.0565	0	1000	1	0.253948	1.0963	0.662147	0.206183	0.98129	0.552195	0.771456	-0.613929	0.852226	0.997654	0.0407236	0.594176	0.629437	7.88128	8.19076	0.000646682	9.0052872110391036e-06	0.000639956
312	rs1	1:1	2:0.057	rs2	1:2	2:0.063	0	1000	0	0.816737	30.8975	48.5581	0.676434	0.763595	0.863582	0.701404	43.0251	51.0851	0.732907	0.678211	0.860307	0.747921	1646.13	2159.77	1.95083e-06	1	1
313	rs1	1:1	2:0.05625	rs2	1:2	2:0.06375	0	1000	1	0.0065778	3.42413	1.08021	0.663736	-0.549433	0.606843	0.154612	2.06498	1.06868	0.431166	-0.841009	0.648365	0.8072	5.80036	8.86232	8.30032e-05	6.2952880398370326e-05	0.0906225
314	rs1	1:1	2:0.06075	rs2	1:2	2:0.06825	0	1000	1	0.417483	1.70588	1.29062	0.14052	2.39185	1.20732	0.923394	0.588931	1.4751	0.278185	1.75622	1.09786	0.798704	5.0759	7.57066	3.2674e-08	5.1832625302949964e-08	0.194383
315	rs1	1:1	2:0.05475	rs2	1:2	2:0.05675	0	1000	1	0.51148	1.3179	1.13811	0.997204	45.609	609.525	0.511398	1.31817	1.13821	0.996715	49.1805	606.298	0.998587	-36.2748	682.154	4.33779e-05	0.00012080078886356205	0.978409
316	rs1	1:1	2:0.059	rs2	1:2	2:0.06275	0	1000	0	0.999624	80.5458	2937.58	0.473376	0.996095	0.814468	0.983608	560.087	3080.57	0.513997	0.938542	0.81349	0.877275	60633.6	118487	1.59322e-06	1	1
317	rs1	1:1	2:0.06475	rs2	1:2	2:0.05975	0	1000	1	0.982741	0.146545	0.785336	0.884076	30.0395	60.5132	0.983074	0.145113	0.785348	0.855841	33.4425	59.9349	0.941224	-23.5604	67.6901	1.07673e-07	3.5604338677330816e-07	0.838568
318	rs1	1:1	2:0.0535	rs2	1:2	2:0.0535	0	1000	1	0.643333	0.635927	0.67706	0.0993865	1.86524	0.868025	0.999942	0.00779727	0.720987	0.903146	0.410601	0.90966	0.5493	658.403	601.483	0.0011276	0.00012635998427867889	0.00806363
319	rs1	1:1	2:0.0595	rs2	1:2	2:0.05625	0	1000	1	0.0282635	2.05851	0.770792	0.191359	1.4596	0.802611	0.11497	1.63277	0.785009	0.49226	1.00428	0.843515	0.947062	6.57336	19.9301	1.52633e-06	2.229340225312626e-06	0.197089
320	rs1	1:1	2:0.06075	rs2	1:2	2:0.05775	0	1000	1	0.101713	1.91159	0.894086	0.61763	0.610952	0.622342	0.894798	-0.559534	1.18671	0.918998	-0.2793	0.679516	0.712041	130.914	158.846	0.000341365	1.0041081623057835e-05	0.00155547
321	rs1	1:1	2:0.0585	rs2	1:2	2:0.06325	0	1000	1	0.813267	0.437461	0.680392	0.0282175	3.0035	1.12438	0.986128	-0.125314	0.749718	0.324735	1.64186	1.0947	0.784293	182.802	262.233	3.02857e-06	1.8392947822576389e-06	0.0599129
322	rs1	1:1	2:0.05825	rs2	1:2	2:0.06125	0	1000	1	0.129777	1.86436	0.922556	0.625873	0.930596	0.961261	0.620287	0.846728	0.866381	0.865825	-0.650071	1.21103	0.848345	471.579	822.239	0.000166496	3.4619428333826363e-05	0.0168971
323	rs1	1:1	2:0.06225	rs2	1:2	2:0.06425	0	1000	1	0.145232	2.11592	1.07714	0.10743	2.23726	1.05916	0.244863	1.88569	1.12409	0.239941	1.89258	1.12014	0.895114	3.02783	6.43189	9.72909e-07	2.4056450911302818e-06	0.461407
324	rs1	1:1	2:0.05375	rs2	1:2	2:0.05725	0	1000	1	0.116326	1.17671	0.567283	0.119391	1.56736	0.760217	0.34748	0.868634	0.597413	0.405256	1.40074	1.04218	0.733176	6.56276	8.32975	0.000665779	0.00047780110617168248	0.0917996
325	rs1	1:1	2:0.062	rs2	1:2	2:0.06325	0	1000	1	0.833778	0.335629	0.556624	0.04904	1.83335	0.746582	0.749547	-0.465731	0.61335	0.929217	-0.346919	0.905372	0.530473	7.77023	6.90047	0.00070887	8.5416677393368445e-06	0.000539233
326	rs1	1:1	2:0.0625	rs2	1:2	2:0.0585	0	1000	1	0.714056	0.683394	0.832671	0.144856	1.84828	0.940257	0.8707	-0.495878	0.942324	0.998678	-0.0535919	1.04193	0.694496	8.01038	9.38099	0.000610233	6.4443600422237068e-05	0.00741663
327	rs1	1:1	2:0.06625	rs2	1:2	2:0.059	0	1000	1	0.718996	0.560083	0.689518	0.0148224	2.37839	0.819489	0.99944	0.0275459	0.823348	0.651094	0.798397	0.861835	0.676111	36.3549	41.0902	8.45337e-07	8.4777560971360799e-08	0.00622114
328	rs1	1:1	2:0.05875	rs2	1:2	2:0.0595	0	1000	0	0.761433	0.581177	0.787168	0.0718867	1.94622	0.848162	0.931493	-0.341655	0.906872	0.991897	0.11865	0.930124	0.169637	1214.59	644.802	0.000911197	1	1
329	rs1	1:1	2:0.0585	rs2	1:2	2:0.05275	0	1000	1	0.421758	30.3771	23.1177	0.941074	0.331962	0.952486	0.407722	32.1783	24.0221	0.95024	0.305365	0.955759	0.962288	385.276	1389.5	1.33275e-08	4.5649048985296758e-08	0.781876
330	rs1	1:1	2:0.052	rs2	1:2	2:0.06025	0	1000	1	0.942468	0.227284	0.660236	0.0392778	2.89007	1.13584	0.98573	-0.116517	0.68724	0.452332	1.40929	1.11881	0.977669	9.07015	42.6777	0.000146092	0.00010114813630934805	0.0817242
331	rs1	1:1	2:0.0525	rs2	1:2	2:0.05975	0	1000	1	0.0612249	1.71385	0.725116	0.68733	0.623962	0.720545	0.409235	1.03328	0.772974	0.99527	-0.0797869	0.819385	0.741555	5.41319	7.00002	0.00505768	0.0025775975082069635	0.0621246
332	rs1	1:1	2:0.055	rs2	1:2	2:0.05325	0	1000	1	0.925878	0.402223	1.02487	0.14837	2.34845	1.20219	0.871551	-0.630289	1.202	0.86317	0.690545	1.27293	0.899672	8.2918	18.032	0.00505551	0.0022440608590841293	0.051154
333	rs1	1:1	2:0.05625	rs2	1:2	2:0.0585	0	1000	1	0.0398629	3.20406	1.26212	0.981509	-0.158468	0.820207	0.999662	0.0365596	1.40494	0.672705	-0.802588	0.901332	0.900784	314.089	687.069	0.000147823	2.2415584680857137e-05	0.0113376
334	rs1	1:1	2:0.06425	rs2	1:2	2:0.05825	0	1000	1	0.601895	29.0258	28.8057	0.509465	-1.14735	0.987929	0.598486	29.2434	28.8606	0.60547	-1.0842	1.08231	0.990879	70.0661	517.567	2.35769e-09	8.6251850106577876e-09	0.890243
335	rs1	1:1	2:0.0555	rs2	1:2	2:0.05775	0	1000	0	0.88574	-0.593263	1.20433	0.705857	29.6379	35.5083	0.999767	0.0301705	1.39901	0.718513	28.9024	35.5456	0.837605	701.47	1178.29	0.000110816	1	1
336	rs1	1:1	2:0.0625	rs2	1:2	2:0.06275	0	1000	1	0.687984	0.588723	0.680716	0.0260221	2.10954	0.780903	0.994087	-0.0837832	0.769285	0.739587	0.698454	0.899211	0.444795	5.52606	4.34131	2.63305e-05	5.0176649892819114e-06	0.0145133
337	rs1	1:1	2:0.06775	rs2	1:2	2:0.0655	0	1000	1	0.190845	2.07428	1.13968	0.201322	2.04469	1.142	0.407348	1.57263	1.17342	0.419712	1.52546	1.15766	0.821585	3.09308	4.93371	7.57838e-07	1.6845522168296156e-06	0.374162
338	rs1	1:1	2:0.05125	rs2	1:2	2:0.0615	0	1000	0	0.130411	2.44357	1.21062	0.756453	0.712512	0.953642	0.596647	1.18598	1.16696	0.854786	-0.683745	1.22057	0.585597	2734.71	2643.44	0.000369569	1	1
339	rs1	1:1	2:0.057	rs2	1:2	2:0.05325	0	1000	1	0.0664627	0.958312	0.411546	0.4423	0.811924	0.635648	0.2329	0.732014	0.428798	0.966653	-0.212049	0.814184	0.55998	4.91455	4.56362	0.0227283	0.0064795669168233871	0.0290706
340	rs1	1:1	2:0.05725	rs2	1:2	2:0.0625	0	1000	1	0.715207	0.57563	0.703052	0.141617	1.36125	0.688478	0.368409	-1.57451	1.11415	0.89247	0.361374	0.757603	0.775093	53.0196	74.2755	0.00525109	2.4310758817591704e-05	0.000169135
341	rs1	1:1	2:0.0525	rs2	1:2	2:0.0535	0	1000	1	0.172789	1.22285	0.652582	0.452469	1.06614	0.846549	0.591531	0.683934	0.667425	0.986634	0.207149	1.26271	0.818433	14.6488	23.1407	0.00940421	0.0025357953272759914	0.0263283
342	rs1	1:1	2:0.065	rs2	1:2	2:0.05725	0	1000	1	0.0879947	1.44425	0.655059	0.154653	1.64895	0.853434	0.441601	0.864008	0.675771	0.895832	0.428933	0.914479	0.935737	8.2611	22.6658	4.53929e-07	1.7010603414746583e-07	0.0306822
343	rs1	1:1	2:0.06375	rs2	1:2	2:0.062	0	1000	1	0.0490858	1.72407	0.702189	0.583757	0.541957	0.522335	0.743408	0.579812	0.752926	0.995635	-0.0526162	0.5625	0.24118	4.38162	2.59799	0.000519981	6.9121320848353207e-05	0.00985923
344	rs1	1:1	2:0.0615	rs2	1:2	2:0.058	0	1000	1	0.266885	1.54847	0.952679	0.598775	1.00096	0.988319	0.961418	0.26522	0.945455	0.742494	-4.00113	5.185	0.666483	138.63	153.892	0.00223751	8.8037646492011845e-05	0.00222055
345	rs1	1:1	2:0.06075	rs2	1:2	2:0.0575	0	1000	1	0.392868	0.911177	0.666575	0.183169	1.40295	0.761449	0.969195	-0.183764	0.734592	0.951829	-0.280005	0.891082	0.56424	7.35331	6.8733	0.000552437	2.1743342585978098e-05	0.00221228
346	rs1	1:1	2:0.05925	rs2	1:2	2:0.05725	0	1000	1	0.0376609	2.00988	0.784829	0.99442	-0.0695285	0.657256	0.99459	0.083916	0.805631	0.275658	-1.56429	0.974413	0.990336	50.6703	363.581	0.00372887	2.7946696718572639e-05	0.000301306
347	rs1	1:1	2:0.06275	rs2	1:2	2:0.0635	0	1000	1	0.92213	0.248227	0.616464	0.0151883	1.89824	0.655952	0.543516	-0.901625	0.816496	0.398273	0.924207	0.681106	0.339004	5.53366	3.76214	0.00068718	5.4675871069775894e-05	0.00523084
348	rs1	1:1	2:0.0565	rs2	1:2	2:0.061	0	1000	1	0.629449	0.743356	0.772561	0.0519818	2.09134	0.859991	0.98673	-0.140648	0.860465	0.386645	1.13721	0.824911	0.542346	5.12839	4.636	3.15801e-05	1.2176238669781014e-05	0.0355573
349	rs1	1:1	2:0.0575	rs2	1:2	2:0.0635	0	1000	1	0.955247	30.1993	99.7972	0.999821	0.0267352	1.41291	0.954418	30.5036	99.8604	0.999821	0.026737	1.41291	0.996644	-17.1899	209.645	3.30773e-06	1.0091334843309596e-05	0.97507
350	rs1	1:1	2:0.05825	rs2	1:2	2:0.05175	0	1000	1	0.77068	0.663269	0.918938	0.14784	2.32543	1.18929	0.994552	-0.103526	0.990391	0.593919	1.19545	1.17109	0.562632	393.619	367.01	0.00218687	0.0010246937163174152	0.053288
351	rs1	1:1	2:0.0565	rs2	1:2	2:0.06125	0	1000	1	0.047554	2.46546	0.998911	0.490198	1.37977	1.15548	0.152326	2.02791	1.04533	0.833791	0.739478	1.22644	0.969859	6.70297	27.093	1.48605e-05	2.5685270884423517e-05	0.283774
352	rs1	1:1	2:0.05825	rs2	1:2	2:0.06125	0	1000	1	0.222672	1.63308	0.942215	0.586985	0.751574	0.728102	0.560543	-2.2865	2.12507	0.976705	0.17414	0.802043	0.566045	309.668	290.265	0.00156304	1.1292348972347099e-05	0.000293019
353	rs1	1:1	2:0.061	rs2	1:2	2:0.06	0	1000	1	0.0148874	1.60292	0.552584	0.898654	0.244277	0.528403	0.337863	0.993195	0.674189	0.752845	-0.47264	0.627243	0.693329	11.9819	13.9998	0.00359811	0.00022238188830669969	0.00387589
354	rs1	1:1	2:0.0555	rs2	1:2	2:0.058	0	1000	1	0.0367505	2.73534	1.06415	0.716266	0.748972	0.916791	0.327494	1.6461	1.10168	0.926813	-0.447818	1.1486	0.825102	65.3887	105.452	8.03e-06	4.1875755414366722e-06	0.0505316
355	rs1	1:1	2:0.04775	rs2	1:2	2:0.06225	0	1000	1	0.144092	2.23521	1.13554	0.640541	0.549382	0.582055	0.783153	-1.79676	2.56981	0.901156	0.267208	0.585676	0.870417	10.211	19.3814	0.00311093	0.00059618742670863867	0.0162973
356	rs1	1:1	2:0.05225	rs2	1:2	2:0.0585	0	1000	1	0.0283657	3.67313	1.37607	0.62871	-1.02006	1.0588	0.973719	0.315094	1.36528	0.414631	-3.27026	2.46454	0.889181	333.629	688.356	0.00154907	9.5017690910026431e-05	0.00382467
357	rs1	1:1	2:0.069	rs2	1:2	2:0.06025	0	1000	1	0.0829194	1.63669	0.733433	0.3014	1.03529	0.66847	0.880479	0.381454	0.756017	0.987787	0.10999	0.701612	0.634206	6.73752	7.05988	4.71789e-06	4.2308894876441627e-07	0.00560199
358	rs1	1:1	2:0.06	rs2	1:2	2:0.06575	0	1000	1	0.00767279	3.22189	1.03235	0.722754	0.606942	0.753182	0.118377	2.26918	1.09842	0.975834	0.176757	0.799118	0.803777	5.03806	7.62236	6.3147e-09	8.4183930937342666e-09	0.144567
359	rs1	1:1	2:0.0605	rs2	1:2	2:0.05875	0	1000	1	0.0822922	2.56254	1.14658	0.922487	0.279002	0.694551	0.797411	0.821264	1.22052	0.991177	-0.0958398	0.719895	0.728651	5.91471	7.43344	0.00246232	0.0013964136596769094	0.0699194
360	rs1	1:1	2:0.05675	rs2	1:2	2:0.0545	0	1000	1	0.342301	1.22108	0.833907	0.139125	2.21541	1.11543	0.627909	0.830024	0.860362	0.441705	1.43141	1.11972	0.991406	52.2326	397.552	0.000166291	0.0002170425868825987	0.206791
361	rs1	1:1	2:0.05175	rs2	1:2	2:0.05875	0	1000	1	0.21516	30.49	17.3938	0.49365	-1.22117	1.02773	0.192627	31.4984	17.3551	0.520014	-1.17615	1.02847	0.664647	-22.0318	24.3748	7.21935e-05	0.0001847476523835212	0.702866
362	rs1	1:1	2:0.06675	rs2	1:2	2:0.06025	0	1000	1	0.0534101	2.61354	1.07969	0.542392	0.700956	0.633698	0.377923	1.57558	1.12941	0.80292	0.428911	0.647344	0.797212	4.72272	7.01478	6.37256e-05	7.4533054430503398e-05	0.16654
363	rs1	1:1	2:0.05025	rs2	1:2	2:0.05275	0	1000	1	0.421685	0.818372	0.622738	0.187419	1.3935	0.761484	0.999652	0.0186337	0.706002	0.733139	0.73157	0.928466	0.435433	28.7662	22.3079	0.0196887	0.0037607797421514988	0.0167707
364	rs1	1:1	2:0.05975	rs2	1:2	2:0.053	0	1000	1	0.99964	-0.0201228	0.749726	0.0230927	3.25723	1.18649	0.809675	-0.524418	0.80704	0.37777	1.55816	1.1167	0.653889	5.73694	6.22392	1.31455e-05	7.4423001024115365e-06	0.0571519
365	rs1	1:1	2:0.06775	rs2	1:2	2:0.058	0	1000	1	0.191008	1.76554	0.970298	0.45891	1.0476	0.839342	0.930566	-0.432818	1.14088	0.990087	-0.121142	0.858204	0.861525	9.56329	17.5156	1.25685e-05	7.5842825708605233e-07	0.00354242
366	rs1	1:1	2:0.05675	rs2	1:2	2:0.0555	0	1000	1	0.0270259	2.65668	0.988582	0.558653	0.659122	0.610808	0.378733	1.61506	1.15899	0.832158	0.385337	0.635671	0.762565	4.51981	6.13856	3.89606e-05	4.5083674194756895e-05	0.160192
367	rs1	1:1	2:0.06125	rs2	1:2	2:0.0565	0	1000	0	0.327004	1.24001	0.829338	0.460778	1.252	1.00574	0.954823	0.240592	0.791236	0.741875	-3.83496	4.96271	0.411847	8760.67	6577.12	0.000559029	1	1
368	rs1	1:1	2:0.0595	rs2	1:2	2:0.05725	0	1000	1	0.528041	0.773521	0.684461	0.20284	1.34663	0.75389	0.947512	-0.249556	0.75997	0.996575	-0.0735091	0.887408	0.962613	10.8296	39.2292	0.00603366	0.00043395775719545782	0.00468973
369	rs1	1:1	2:0.05225	rs2	1:2	2:0.06125	0	1000	1	0.558334	0.906563	0.8397	0.195085	1.75233	0.969241	0.933715	-0.3334	0.9002	0.940562	-0.39577	1.13052	0.945337	127.341	379.782	0.000149692	9.0002895376528613e-06	0.00364661
370	rs1	1:1	2:0.0525	rs2	1:2	2:0.05975	0	1000	1	0.970598	0.182082	0.745294	0.016967	2.40685	0.842927	0.512357	-1.2099	1.04619	0.673262	0.802579	0.902262	0.984194	25.9426	145.334	5.32825e-05	3.4902343486464815e-06	0.00398899
371	rs1	1:1	2:0.05775	rs2	1:2	2:0.0625	0	1000	0	0.425726	-1.3688	1.04739	0.765997	30.1879	41.3434	0.631664	-1.0547	1.10032	0.854263	23.8131	42.4266	0.843241	911.494	1560.89	2.81756e-05	1	1
372	rs1	1:1	2:0.05775	rs2	1:2	2:0.0575	0	1000	1	0.0486471	1.67956	0.683047	0.330298	1.08405	0.728299	0.205521	1.89153	1.06333	0.931797	-0.339201	0.902431	0.342958	90.3146	61.7336	1.03864e-05	4.306042171720037e-07	0.00226386
373	rs1	1:1	2:0.06375	rs2	1:2	2:0.059	0	1000	1	0.16592	1.59251	0.8402	0.297245	1.3192	0.846894	0.650461	0.785161	0.846588	0.911801	0.391578	0.911222	0.585709	127.033	122.815	0.000381477	0.00015083471953403205	0.0397216
374	rs1	1:1	2:0.067	rs2	1:2	2:0.05725	0	1000	1	0.320519	0.875156	0.580143	0.293355	0.967085	0.617502	0.886852	0.370221	0.755468	0.548792	-0.922418	0.842023	0.374198	38.2133	27.2539	0.0087483	1.5446617908310145e-05	5.3667e-05
375	rs1	1:1	2:0.06	rs2	1:2	2:0.06425	0	1000	1	0.0903496	2.39031	1.0901	0.439591	0.938496	0.73199	0.756306	0.959531	1.28381	0.715186	0.597996	0.730337	0.693573	4.94169	5.77671	2.88319e-05	2.6642217562766746e-05	0.11443
376	rs1	1:1	2:0.0605	rs2	1:2	2:0.05375	0	1000	1	0.210962	1.5592	0.883836	0.350569	1.30018	0.897978	0.974074	0.217809	0.950276	0.954943	-0.331916	1.09306	0.689191	110.98	128.624	0.000240461	2.7631485863821581e-05	0.00810884
377	rs1	1:1	2:0.063	rs2	1:2	2:0.05975	0	1000	1	0.719781	0.53613	0.661125	0.0675422	2.61544	1.12655	0.961127	0.19061	0.676889	0.711652	1.01177	1.22665	0.943055	8.71719	25.4564	0.000194934	0.0001380091707687825	0.0852985
378	rs1	1:1	2:0.0555	rs2	1:2	2:0.06475	0	1000	1	0.1019	1.95057	0.912684	0.80717	0.475288	0.726124	1	0.000796781	0.98954	0.901537	-0.363926	0.799292	0.496495	401.261	339.084	0.00134475	5.9804304328281432e-05	0.00257651
379	rs1	1:1	2:0.058	rs2	1:2	2:0.06025	0	1000	1	0.643932	0.577827	0.615852	0.132347	1.50477	0.748219	0.755112	-0.528953	0.705724	0.800229	-0.653084	0.97823	0.780474	41.3347	58.7086	0.00336088	3.9939117414178327e-05	0.000522065
380	rs1	1:1	2:0.07325	rs2	1:2	2:0.06325	0	1000	1	0.95371	0.24176	0.785241	0.0345343	2.42385	0.934213	0.550482	-1.09228	0.999641	0.944533	0.319832	0.946722	0.933803	10.7666	29.0906	2.03174e-05	7.7386459906847449e-07	0.00206431
381	rs1	1:1	2:0.06175	rs2	1:2	2:0.0615	0	1000	1	0.150248	1.71497	0.880811	0.3406	1.10538	0.753149	0.869574	0.480846	0.909519	0.893081	0.362219	0.76167	0.762428	6.62652	8.99679	6.07545e-05	1.7960634068003856e-05	0.0257511
382	rs1	1:1	2:0.058	rs2	1:2	2:0.0635	0	1000	1	0.778713	0.485819	0.686896	0.0997901	2.53851	1.18238	0.994787	0.0705492	0.690006	0.987591	-7.77598	49.205	0.975588	160.587	722.295	0.000405589	3.8323458284139633e-05	0.00642087
383	rs1	1:1	2:0.05675	rs2	1:2	2:0.054	0	1000	0	0.983114	23.793	128.92	0.190467	1.43943	0.790398	0.993747	11.6428	103.946	0.1859	1.46764	0.800057	0.937957	2339.55	6536.6	9.56905e-07	1	1
384	rs1	1:1	2:0.057	rs2	1:2	2:0.05075	0	1000	1	0.433395	1.09877	0.84969	0.484034	1.0347	0.858915	0.739542	-0.810085	1.04282	0.871993	-0.634349	1.21198	0.866942	593.046	1109.77	0.00494575	3.9860253309598193e-05	0.000326293
385	rs1	1:1	2:0.05975	rs2	1:2	2:0.059	0	1000	1	0.194959	2.15732	1.19301	0.649598	0.863515	0.929639	0.863169	0.694715	1.28062	0.958457	0.28232	0.969141	0.943942	8.45776	24.8992	0.00170125	0.0012096399441361427	0.0948375
386	rs1	1:1	2:0.0575	rs2	1:2	2:0.05575	0	1000	1	0.520253	0.884768	0.773948	0.258359	1.47191	0.894647	0.998991	0.0365378	0.813115	0.992818	0.11765	0.979866	0.957663	268.802	913.852	0.00707551	0.0014816541224718094	0.0186329
387	rs1	1:1	2:0.06125	rs2	1:2	2:0.0545	0	1000	1	0.8199	0.51936	0.824125	0.0319927	2.2981	0.875855	0.667604	-1.00241	1.11509	0.316343	1.67568	1.10447	0.434893	147.562	114.347	9.50879e-06	3.3592019121897465e-07	0.00187284
388	rs1	1:1	2:0.0675	rs2	1:2	2:0.0615	0	1000	1	0.0806723	2.60936	1.16291	0.492412	1.06291	0.892958	0.398204	1.55333	1.14464	0.867448	0.479177	0.898527	0.774711	371.022	519.264	8.02706e-07	6.834115424680931e-07	0.0901562
389	rs1	1:1	2:0.05925	rs2	1:2	2:0.06	0	1000	1	0.0568021	1.98524	0.828886	0.971229	0.129062	0.534125	0.959863	-0.310277	1.084	0.846048	-0.333344	0.576482	0.903139	9.95443	22.0526	0.0109814	0.0006585314404219389	0.0037228
390	rs1	1:1	2:0.05075	rs2	1:2	2:0.0515	0	1000	0	0.566758	1.03706	0.973159	0.337341	1.40274	0.951514	0.541681	-2.60936	2.35647	0.999953	-0.00939413	0.970827	0.132406	907.546	451.311	0.0072083	1	1
391	rs1	1:1	2:0.06325	rs2	1:2	2:0.057	0	1000	1	0.25163	1.1621	0.699557	0.0917338	1.78296	0.815702	0.874808	0.379078	0.732935	0.754184	0.644216	0.857632	0.223682	143.106	82.6904	3.97491e-05	3.9334963730652817e-06	0.00654136
392	rs1	1:1	2:0.065	rs2	1:2	2:0.05775	0	1000	1	0.0473264	1.78816	0.723924	0.490054	0.808259	0.676734	0.694914	0.614075	0.71974	0.980337	-0.152938	0.767406	0.740365	7.36104	9.49339	1.24871e-05	1.0762787496787496e-06	0.0054282
393	rs1	1:1	2:0.0565	rs2	1:2	2:0.05475	0	1000	1	0.234522	30.39	17.8443	0.855077	-0.43297	0.773744	0.222545	30.7145	17.7175	0.853882	-0.434943	0.773822	0.793212	-21.218	31.1716	3.96772e-05	0.00010793984984047711	0.804867
394	rs1	1:1	2:0.05675	rs2	1:2	2:0.0565	0	1000	1	0.992846	0.152309	1.27108	0.162297	2.96357	1.55404	0.614059	-1.88055	1.90419	0.791476	-1.84865	2.70313	0.946908	192.906	584.011	7.55067e-05	3.6561784781952156e-06	0.00278778
395	rs1	1:1	2:0.0615	rs2	1:2	2:0.059	0	1000	1	0.794747	0.699781	1.03237	0.206909	1.7464	0.983836	0.600476	-1.83481	1.81667	0.877299	0.464554	0.907903	0.903134	10.3439	22.9148	0.00378247	0.00041432649595662951	0.00796204
396	rs1	1:1	2:0.05725	rs2	1:2	2:0.05875	0	1000	1	0.0310195	1.8553	0.703943	0.302255	1.26532	0.817959	0.147948	1.53724	0.786334	0.833597	0.536632	0.889445	0.829182	35.3205	57.7066	3.6237e-05	2.9330662073334679e-05	0.0959718
397	rs1	1:1	2:0.05225	rs2	1:2	2:0.0565	0	1000	0	0.179121	2.42511	1.30765	0.878293	0.535708	1.05152	0.99852	0.0735463	1.35148	0.859532	-0.657445	1.19489	0.202081	1193.5	667.375	0.00119671	1	1
398	rs1	1:1	2:0.06025	rs2	1:2	2:0.067	0	1000	1	0.179577	2.07535	1.11988	0.0380417	1.88848	0.738558	0.53847	1.4157	1.27233	0.11956	1.54237	0.748348	0.852056	34.2692	60.5605	1.19518e-07	1.8429059878144471e-07	0.194577
399	rs1	1:1	2:0.05575	rs2	1:2	2:0.05575	0	1000	1	0.198943	1.32726	0.738565	0.406432	1.19989	0.89418	0.999656	0.0207946	0.793028	0.853659	-0.651516	1.15817	0.10223	487.109	228.083	0.00135974	1.0860147085622884e-05	0.000330318
400	rs1	1:1	2:0.05925	rs2	1:2	2:0.06175	0	1000	1	0.0371818	2.89901	1.12982	0.70454	0.778471	0.930172	0.348497	1.69248	1.16563	0.996554	0.0823421	0.991021	0.947437	7.87867	23.9753	2.4848e-07	2.3523713821305137e-07	0.100413
401	rs1	1:1	2:0.05325	rs2	1:2	2:0.05825	0	1000	0	0.992626	26.9348	221.377	0.611506	1.14636	1.15584	0.996766	18.7119	232.487	0.609943	1.15204	1.15856	0.993527	4415.08	38740.5	0.000695592	1	1
402	rs1	1:1	2:0.06025	rs2	1:2	2:0.058	0	1000	1	0.516482	31.2345	27.1715	0.25366	-1.7733	1.0706	0.514886	31.3412	27.2006	0.25365	-1.77328	1.07057	0.982917	-17.7626	95.6844	5.93733e-07	1.9062325691265869e-06	0.950165
403	rs1	1:1	2:0.06025	rs2	1:2	2:0.05775	0	1000	1	0.393979	0.976676	0.715572	0.0747669	2.5849	1.135	0.602246	0.74402	0.738801	0.559426	1.27213	1.18029	0.462317	226.935	182.691	6.99803e-07	2.9199375717325893e-07	0.0355013
404	rs1	1:1	2:0.06075	rs2	1:2	2:0.056	0	1000	1	0.0006299	3.20778	0.835521	0.987729	-0.131132	0.834466	0.0304123	2.4458	0.925365	0.66831	-1.03282	1.15042	0.983838	74.1469	410.738	2.20719e-06	1.7842694433056749e-06	0.0867935
405	rs1	1:1	2:0.0605	rs2	1:2	2:0.0615	0	1000	1	0.359224	1.13075	0.790206	0.637466	0.687332	0.724307	0.737974	-0.802535	1.02949	0.914587	-0.385634	0.912592	0.984443	175.904	993.333	0.040758	0.00058105314383283257	0.000598225
406	rs1	1:1	2:0.059	rs2	1:2	2:0.06025	0	1000	1	0.408452	29.8141	22.2794	0.868067	0.403812	0.759114	0.47661	28.0014	23.0006	0.846348	0.446456	0.772918	0.951842	201.5	641.34	3.33939e-07	1.0428204859636026e-06	0.752299
407	rs1	1:1	2:0.05825	rs2	1:2	2:0.0595	0	1000	1	0.0805804	2.84105	1.26588	0.999982	0.00481462	0.798423	0.788098	-2.95067	4.2756	0.761688	-0.630224	0.854124	0.915025	13.3178	31.6011	0.00159871	0.00012081392196705565	0.00495243
408	rs1	1:1	2:0.054	rs2	1:2	2:0.057	0	1000	1	0.179655	1.16582	0.629167	0.478972	1.08738	0.896179	0.742177	0.495258	0.641337	0.594253	-1.84536	1.80875	0.853714	10.1343	18.019	0.00382937	0.00029159575933590531	0.00503127
409	rs1	1:1	2:0.06575	rs2	1:2	2:0.06225	0	1000	0	0.374111	1.22677	0.874834	0.14534	2.26803	1.15479	0.678775	0.762991	0.866738	0.570951	1.23711	1.16849	0.676614	997.267	1128.24	1.43698e-05	1	1
410	rs1	1:1	2:0.05525	rs2	1:2	2:0.05325	0	1000	1	0.0418227	2.78481	1.10524	0.988347	0.0995204	0.649991	0.932904	0.490158	1.31516	0.818489	-0.466447	0.736974	0.810035	27.8442	42.8954	0.00107196	0.0003161383792757988	0.0278685
411	rs1	1:1	2:0.0665	rs2	1:2	2:0.0605	0	1000	0	0.455545	-1.38908	1.10772	0.580099	32.5228	31.1639	0.591531	-3.58139	3.49494	0.615246	30.7542	31.2026	0.658061	694.93	759.627	1.57521e-08	1	1
412	rs1	1:1	2:0.05675	rs2	1:2	2:0.06425	0	1000	1	0.917681	0.33518	0.808635	0.0168114	2.33798	0.817886	0.661116	-1.04261	1.14603	0.253892	1.32509	0.800269	0.875397	8.24115	15.9742	5.44571e-05	1.1654767149593681e-05	0.0170601
413	rs1	1:1	2:0.06425	rs2	1:2	2:0.05375	0	1000	1	0.217569	1.26984	0.727049	0.169155	1.36853	0.725942	0.970574	0.194943	0.797615	0.913244	0.328744	0.771638	0.698652	6.72476	7.94063	6.54529e-05	1.0544475117058028e-05	0.0120171
414	rs1	1:1	2:0.065	rs2	1:2	2:0.0615	0	1000	1	0.0986089	1.30556	0.606535	0.58021	0.597851	0.572971	0.932806	-0.25667	0.688155	0.605544	-0.698322	0.697188	0.105252	6.05663	2.85424	0.00120476	6.9311222432588693e-06	0.000225176
415	rs1	1:1	2:0.059	rs2	1:2	2:0.05175	0	1000	1	0.807375	-0.478419	0.73134	0.9188	28.5647	69.4074	0.799513	-0.48895	0.730913	0.90224	31.6602	69.7984	0.966937	-20.9686	80.8623	3.55782e-05	9.8871911177411675e-05	0.880227
416	rs1	1:1	2:0.05525	rs2	1:2	2:0.0525	0	1000	1	0.759714	-0.847291	1.14288	0.0314365	3.67413	1.39674	0.596393	-3.88136	3.81754	0.329102	1.63397	1.09596	0.972072	12.9572	54.4391	0.000205346	4.3285457650199533e-05	0.0172799
417	rs1	1:1	2:0.063	rs2	1:2	2:0.058	0	1000	1	0.795899	0.430367	0.636924	0.0928222	1.6558	0.759405	0.56208	-0.87547	0.815592	0.904438	0.407247	0.908627	0.74048	56.1396	72.4207	0.00326151	4.983054896001704e-05	0.000705349
418	rs1	1:1	2:0.05725	rs2	1:2	2:0.0575	0	1000	1	0.239187	1.97936	1.17021	0.153843	1.62089	0.837734	0.999429	0.0475549	1.40747	0.368683	1.20191	0.850807	0.904904	185.043	413.923	1.7519e-06	1.0253860409648041e-06	0.0561795
419	rs1	1:1	2:0.055	rs2	1:2	2:0.056	0	1000	1	0.174659	1.34577	0.720389	0.452296	0.924573	0.733965	0.793081	0.504856	0.741424	0.985898	-0.142427	0.845067	0.633107	6.07946	6.35823	0.00404193	0.00081645080354064703	0.0175563
420	rs1	1:1	2:0.06225	rs2	1:2	2:0.05225	0	1000	1	0.287906	1.47643	0.935605	0.37761	1.31883	0.944968	0.967475	0.247307	0.961685	0.999444	0.0333095	0.998691	0.972359	143.17	604.68	0.000275032	6.646881956839934e-05	0.0207211
421	rs1	1:1	2:0.06925	rs2	1:2	2:0.05675	0	1000	1	0.0329875	1.59872	0.612035	0.557365	0.840034	0.776921	0.451761	0.766229	0.607811	0.870113	-15.3699	29.1367	0.930414	72.8999	191.941	1.49556e-05	9.1814499114661885e-08	0.000246869
422	rs1	1:1	2:0.063	rs2	1:2	2:0.05575	0	1000	1	0.0380348	2.23533	0.874184	0.730532	0.53396	0.673816	0.668878	0.777108	0.866503	0.914853	-0.341102	0.808527	0.929473	26.4563	69.174	2.14514e-05	3.3876949601108208e-06	0.0114535
423	rs1	1:1	2:0.05425	rs2	1:2	2:0.05575	0	1000	0	0.296366	1.36427	0.874762	0.168631	1.3042	0.691218	0.999834	0.0182627	1.00111	0.733843	0.542613	0.68972	0.402987	2299.45	1705.54	0.000287008	1	1
424	rs1	1:1	2:0.056	rs2	1:2	2:0.05825	0	1000	1	0.0192955	3.28083	1.16758	0.887734	-0.417879	0.856269	0.851452	0.747507	1.31808	0.478005	-1.34135	1.10398	0.940856	283.085	810.697	0.000260917	4.8207963118329644e-05	0.0147075
425	rs1	1:1	2:0.05525	rs2	1:2	2:0.0625	0	1000	0	0.887322	0.446646	0.913435	0.904963	30.8153	68.9531	0.899394	0.419607	0.911183	0.984622	8.29112	47.0949	0.55184	17713.6	16244.9	2.02667e-05	1	1
426	rs1	1:1	2:0.05575	rs2	1:2	2:0.06225	0	1000	1	0.061241	2.59246	1.0969	0.273243	1.06892	0.663581	0.396404	1.53707	1.12988	0.513356	0.784846	0.679636	0.828705	5.07388	8.27698	4.38016e-07	5.7552233556634746e-07	0.161283
427	rs1	1:1	2:0.05725	rs2	1:2	2:0.054	0	1000	1	0.770682	0.602912	0.835319	0.204414	1.66771	0.93591	0.782275	-0.697942	0.995946	0.941908	-0.41339	1.19487	0.839761	9.51594	16.1015	0.0079554	0.00067428767215460539	0.00577442
428	rs1	1:1	2:0.05725	rs2	1:2	2:0.056	0	1000	1	0.235882	0.985617	0.57989	0.92365	0.215066	0.539618	0.83318	-0.417038	0.690275	0.644313	-0.706891	0.753916	0.751262	32.8981	43.4983	0.226353	0.0012218289775773883	0.000148098
429	rs1	1:1	2:0.06225	rs2	1:2	2:0.06525	0	1000	1	0.0353815	1.99308	0.770964	0.186039	0.587363	0.320262	0.884736	-0.581268	1.1745	0.265452	0.552443	0.339194	0.421814	46.0262	35.0297	6.04467e-05	1.9568697098293342e-06	0.00172206
430	rs1	1:1	2:0.05225	rs2	1:2	2:0.06275	0	1000	0	0.0894948	2.68688	1.22294	0.947	0.279572	0.847139	0.838808	0.721546	1.21695	0.91589	-0.381974	0.911223	0.817704	960.845	1514.49	0.000827167	1	1
431	rs1	1:1	2:0.056	rs2	1:2	2:0.063	0	1000	1	0.246066	1.1964	0.714435	0.371742	1.08448	0.77088	0.948501	-0.25974	0.79875	0.977252	-0.190245	0.886811	0.088685	315.376	143.274	0.00164397	9.2638501882902347e-06	0.00021874
432	rs1	1:1	2:0.0575	rs2	1:2	2:0.05575	0	1000	1	0.987124	0.0999	0.620517	0.0285298	2.18943	0.820893	0.969465	-0.197825	0.794342	0.825687	0.538073	0.869354	0.612718	34.7439	35.102	0.00204609	0.00014293308777268976	0.00450085
433	rs1	1:1	2:0.06	rs2	1:2	2:0.05875	0	1000	1	0.346239	1.33704	0.918013	0.198412	1.38073	0.767685	0.900335	-0.53629	1.17034	0.736767	0.571245	0.730825	0.967824	150.188	587.237	9.32001e-05	1.3320633115654346e-05	0.010435
434	rs1	1:1	2:0.05925	rs2	1:2	2:0.059	0	1000	1	0.119129	1.93035	0.935797	0.680463	0.737028	0.839942	0.986018	-0.174093	1.03744	0.732949	-0.804118	1.02011	0.315544	189.152	124.536	0.000123106	2.8260842555027921e-06	0.00115268
435	rs1	1:1	2:0.06225	rs2	1:2	2:0.0605	0	1000	1	0.999532	-0.024201	0.790698	0.0821705	2.11041	0.944002	0.469992	-1.37488	1.11883	0.901422	0.416326	0.913815	0.975614	11.411	51.353	0.0140164	0.0011445271084085107	0.00550136
436	rs1	1:1	2:0.057	rs2	1:2	2:0.05875	0	1000	1	0.0210133	2.04383	0.735344	0.983597	0.12433	0.683596	0.728013	0.579319	0.727067	0.350122	-1.57069	1.08415	0.995562	48.1661	510.656	0.000277158	4.1499069993733428e-06	0.000698068
437	rs1	1:1	2:0.058	rs2	1:2	2:0.065	0	1000	0	0.0945451	2.61202	1.20262	0.786801	0.555943	0.802803	0.896998	0.691182	1.48238	0.914761	-0.385881	0.914154	0.998589	1296.39	24398.3	0.000118439	1	1
438	rs1	1:1	2:0.05475	rs2	1:2	2:0.065	0	1000	1	0.00119159	4.06747	1.10846	0.409348	-1.01036	0.755943	0.477705	1.37656	1.13247	0.204448	-1.73522	0.973845	0.675047	272.126	306.954	1.39649e-06	1.8128851309029415e-07	0.00855321
439	rs1	1:1	2:0.05525	rs2	1:2	2:0.05825	0	1000	0	0.996936	27.4552	350.473	0.91631	-0.382146	0.914025	0.997339	10.0316	137.406	0.998406	-0.0565771	1.00175	0.858222	3654.43	6608.62	6.12726e-06	1	1
440	rs1	1:1	2:0.0615	rs2	1:2	2:0.057	0	1000	1	0.336165	0.909948	0.616251	0.427123	0.787128	0.603457	0.819552	-0.456523	0.723642	0.712144	-0.604898	0.734114	0.841139	9.51403	16.1744	0.0207134	0.00015884086315054446	0.000292256
441	rs1	1:1	2:0.057	rs2	1:2	2:0.0575	0	1000	1	0.890813	0.243439	0.506241	0.0192435	1.7107	0.608596	0.881617	-0.28413	0.566006	0.751078	0.536363	0.708884	0.297257	4.74762	3.04791	0.00325163	0.00038896646583452821	0.00889033
442	rs1	1:1	2:0.05875	rs2	1:2	2:0.06175	0	1000	1	0.571759	0.691727	0.654182	0.0565109	2.74595	1.14548	0.885976	0.324876	0.660228	0.826294	0.758633	1.22807	0.842717	7.16929	12.2548	2.15485e-06	1.1842619187518721e-06	0.0520649
443	rs1	1:1	2:0.05225	rs2	1:2	2:0.0595	0	1000	1	0.093714	1.99784	0.918122	0.76818	0.607131	0.835963	0.918408	0.38728	0.938668	0.755244	-0.773865	1.0328	0.92245	9.80428	24.4009	0.000273471	2.6812987925950438e-05	0.00667956
444	rs1	1:1	2:0.05675	rs2	1:2	2:0.0555	0	1000	1	0.6911	0.784765	0.912925	0.15609	1.31402	0.681778	0.595595	-1.89739	1.86378	0.418044	0.993422	0.752174	0.545211	67.7395	61.501	0.0151027	0.00089522864436730742	0.00365691
445	rs1	1:1	2:0.06225	rs2	1:2	2:0.05475	0	1000	1	0.391876	1.01246	0.739666	0.143533	1.67625	0.850724	0.932855	0.288338	0.773353	0.771123	0.644476	0.893887	0.612974	5.17987	5.23549	0.000498901	0.0002250149700557813	0.0478003
446	rs1	1:1	2:0.0595	rs2	1:2	2:0.0595	0	1000	1	0.836099	0.450942	0.753649	0.0886554	2.0472	0.929968	0.897772	-0.425682	0.916605	0.96055	-0.310065	1.09284	0.863905	46.9086	86.7215	0.000370022	1.1526305570441764e-05	0.00166653
447	rs1	1:1	2:0.06175	rs2	1:2	2:0.06075	0	1000	1	0.68136	1.07049	1.22206	0.993439	31.7184	276.441	0.681306	1.07066	1.22212	0.993319	32.177	277.899	0.999451	-17.8228	538.011	3.11309e-07	1.0196392850048142e-06	0.987534
448	rs1	1:1	2:0.05875	rs2	1:2	2:0.06225	0	1000	1	0.079991	2.09097	0.930313	0.928611	0.287027	0.745764	0.977791	0.207367	0.978424	0.69113	-0.761815	0.886278	0.52136	7.19254	6.30191	0.00149947	0.00010043471411336213	0.00426252
449	rs1	1:1	2:0.05825	rs2	1:2	2:0.06425	0	1000	1	0.999965	0.00625242	0.750334	0.025979	3.19342	1.18186	0.829634	-0.49487	0.809695	0.447526	1.41829	1.11845	0.98791	10.522	67.4597	2.43471e-05	1.2715239790850319e-05	0.0524004
450	rs1	1:1	2:0.05525	rs2	1:2	2:0.05275	0	1000	1	0.269876	1.83451	1.13346	0.250298	1.87775	1.12819	0.957124	0.391678	1.32302	0.482464	1.40044	1.15993	0.788854	100.428	145.817	0.000124609	0.00010136866330867633	0.101651
