Outcome	Var1_ID	Var1_Pos	Var1_MAF	Var2_ID	Var2_Pos	Var2_MAF	Num_Missing	Num_Cases	Converged	Red_Var1_Pval	Red_Var1_beta	Red_Var1_SE	Red_Var2_Pval	Red_Var2_beta	Red_Var2_SE	Full_Var1_Pval	Full_Var1_beta	Full_Var1_SE	Full_Var2_Pval	Full_Var2_beta	Full_Var2_SE	Full_Var1_Var2_Pval	Full_Var1_Var2_beta	Full_Var1_Var2_SE	Red_Model_Pval	Full_Model_Pval	Overall_Pval_(LRT)
1	rs1	1:1	2:0.28325	rs2	1:2	2:0.52425	0	1000	0	0.999974	2.50779	76178.4	0.99934	54.122	65429.1	0.999839	-53.0936	263636	0.999994	1.14878	160195	0.99979	55.5188	210562	1	0	1
2	rs1	1:1	2:0.27875	rs2	1:2	2:0.52425	0	1000	0	0.999264	52.2423	56616.9	0.999041	52.8191	43938.9	0.999845	-53.5721	275268	0.999996	0.868565	155463	0.999788	56.0391	211186	1	0	1
3	rs1	1:1	2:0.28175	rs2	1:2	2:0.527	0	1000	0	0.999305	52.3162	60063	0.999064	52.9062	45106.6	0.999842	-53.8075	271961	0.999995	0.951729	145701	0.999779	56.0661	202757	1	0	1
4	rs1	1:1	2:0.28725	rs2	1:2	2:0.52775	0	1000	0	0.999212	51.6801	52357.2	0.999008	52.7728	42437.1	0.999823	-52.3507	235474	0.999996	0.827968	158102	0.999779	55.4546	200191	1	0	1
5	rs1	1:1	2:0.28525	rs2	1:2	2:0.5275	0	1000	0	0.999971	2.81461	76370.6	0.999337	53.988	65000.8	0.999838	-52.777	260394	0.999994	1.16234	152695	0.999783	55.3444	203609	1	0	1
6	rs1	1:1	2:0.2845	rs2	1:2	2:0.52425	0	1000	0	0.00468976	3.46411	1.2251	4.48597e-12	7.21178	1.04202	0.999755	-75.961	247615	0.118878	1.98392	1.27215	0.999679	54.2779	134904	0	0	1
7	rs1	1:1	2:0.2885	rs2	1:2	2:0.528	0	1000	0	0.998661	49.2429	29336.7	0.99884	99.4514	68399.4	0.999807	-54.5781	225935	0.999992	1.25511	127818	0.999766	56.1292	191446	1	0	1
8	rs1	1:1	2:0.285	rs2	1:2	2:0.52725	0	1000	0	0.999229	52.4443	54251.2	0.999027	53.1602	43613.3	0.999831	-53.6157	253903	0.999995	0.916279	143791	0.999771	55.9986	195229	1	0	1
9	rs1	1:1	2:0.286	rs2	1:2	2:0.5225	0	1000	0	0.999254	51.7913	55404.7	0.999014	52.678	42648.7	0.999831	-52.8358	248759	0.999994	1.05926	151583	0.999778	55.4639	199391	1	0	1
10	rs1	1:1	2:0.28175	rs2	1:2	2:0.52175	0	1000	0	0.999222	51.7003	53023.3	0.999033	52.1389	43011.2	0.999837	-51.5619	251638	0.999996	0.845544	165913	0.999792	55.0487	211572	1	0	1
11	rs1	1:1	2:0.2855	rs2	1:2	2:0.52775	0	1000	0	0.999168	52.2114	50039.8	0.99902	52.4165	42671.7	0.999838	-51.511	253345	0.999994	0.956722	137605	0.99977	54.8995	190335	1	0	1
12	rs1	1:1	2:0.28375	rs2	1:2	2:0.526	0	1000	0	0.999362	51.5614	64438.4	0.998998	52.5659	41872.2	0.999836	-52.9981	257620	0.999995	1.01434	155240	0.999784	55.6002	204920	1	0	1
13	rs1	1:1	2:0.28325	rs2	1:2	2:0.523	0	1000	0	0.999329	51.4341	61124.8	0.998998	52.3813	41711	0.999837	-52.5615	257477	0.999995	1.05034	158047	0.999787	55.3454	207097	1	0	1
14	rs1	1:1	2:0.28675	rs2	1:2	2:0.52875	0	1000	0	0.999196	52.758	52370.1	0.999019	53.2653	43302.3	0.999829	-53.5267	250195	0.999995	0.901733	134820	0.999762	55.9608	187356	1	0	1
15	rs1	1:1	2:0.28025	rs2	1:2	2:0.52625	0	1000	0	0.999261	52.2278	56372.2	0.999043	52.8235	44047.7	0.999843	-53.4777	271082	0.999995	0.885254	150808	0.999783	55.9718	206254	1	0	1
16	rs1	1:1	2:0.2805	rs2	1:2	2:0.524	0	1000	0	0.999262	51.8262	56016.7	0.999014	52.7626	42695.9	0.999837	-53.3074	260337	0.999996	0.832569	165181	0.999791	55.9418	213712	1	0	1
17	rs1	1:1	2:0.2835	rs2	1:2	2:0.5265	0	1000	0	0.999171	52.4716	50485.9	0.999012	52.8956	42710.8	0.999836	-52.5276	255265	0.999995	0.871928	141581	0.999772	55.4988	194100	1	0	1
18	rs1	1:1	2:0.28475	rs2	1:2	2:0.525	0	1000	0	0.999139	51.7399	47936.9	0.998989	52.4737	41402.5	0.999836	-50.3548	245616	0.999995	0.918723	148493	0.999779	54.3672	195962	1	0	1
19	rs1	1:1	2:0.281	rs2	1:2	2:0.5235	0	1000	0	0.999282	51.777	57522.3	0.999072	52.0978	44793.9	0.999851	-52.3852	280860	0.999994	1.11398	143604	0.999784	55.1921	204261	1	0	1
20	rs1	1:1	2:0.28225	rs2	1:2	2:0.5255	0	1000	0	2.07347e-07	6.62258	1.27538	7.05434e-16	7.99	0.990139	0.999748	-76.7491	242947	0.999874	-22.5043	142943	0.999676	79.2109	195230	0	0	1
21	rs1	1:1	2:0.284	rs2	1:2	2:0.52275	0	1000	0	0.999284	51.8888	57861.4	0.999002	52.8416	42245.1	0.999835	-53.5725	259249	0.999994	1.06821	151715	0.999781	55.8292	202949	1	0	1
22	rs1	1:1	2:0.2845	rs2	1:2	2:0.5225	0	1000	0	0.998553	49.3932	27229.2	0.999255	100.809	108021	0.999812	-54.4223	230986	0.999991	1.30299	122254	0.999767	56.001	192092	1	0	1
23	rs1	1:1	2:0.27675	rs2	1:2	2:0.52275	0	1000	0	0.999673	19.086	46525.8	0.999312	30.787	35701.1	0.999917	-29.8424	287724	0.999995	1.07041	166812	0.999881	32.4268	216764	1	0	1
24	rs1	1:1	2:0.28425	rs2	1:2	2:0.5265	0	1000	0	0.999239	52.4602	55014.6	0.999034	53.1084	43865.8	0.999836	-53.7502	261157	0.999995	0.964166	141070	0.999772	56.0178	195703	1	0	1
25	rs1	1:1	2:0.28525	rs2	1:2	2:0.52175	0	1000	0	0.00799868	4.56323	1.72059	2.03413e-14	7.72443	1.00993	0.99975	-76.3061	243178	0.999869	-22.2703	135200	0.999669	78.7446	189546	0	0	1
26	rs1	1:1	2:0.2875	rs2	1:2	2:0.52025	0	1000	0	0.999671	19.4697	47211.6	0.999308	30.9021	35613.1	0.999905	-29.3624	245757	0.999993	1.38694	158997	0.999871	31.8789	196883	1	0	1
27	rs1	1:1	2:0.2825	rs2	1:2	2:0.52275	0	1000	0	0.999284	51.8626	57773.8	0.999024	52.7013	43086.2	0.999838	-53.3026	261881	0.999995	1.0098	154678	0.999784	55.7551	206079	1	0	1
28	rs1	1:1	2:0.2835	rs2	1:2	2:0.5255	0	1000	0	0.998671	49.2741	29583.6	0.999073	100.153	86180.6	0.99982	-54.2927	240863	0.999991	1.34122	123146	0.999774	55.9025	197774	1	0	1
29	rs1	1:1	2:0.28125	rs2	1:2	2:0.52075	0	1000	0	0.999364	51.5404	64691.4	0.999011	52.3489	42248.8	0.999838	-52.6323	258939	0.999995	0.973766	168621	0.999795	55.4607	215925	1	0	1
30	rs1	1:1	2:0.28	rs2	1:2	2:0.52225	0	1000	0	0.999282	51.9103	57661.8	0.998986	52.9106	41615.8	0.99984	-53.9321	268317	0.999995	0.935791	163224	0.999791	56.1536	214768	1	0	1
31	rs1	1:1	2:0.2885	rs2	1:2	2:0.525	0	1000	0	0.999179	52.4993	51038.2	0.999014	52.8106	42720.1	0.99983	-52.2913	245296	0.999994	1.01132	133286	0.999761	55.2247	184514	1	0	1
32	rs1	1:1	2:0.27975	rs2	1:2	2:0.52525	0	1000	0	0.998561	49.4301	27413.3	0.999117	100.446	90767.8	0.999821	-54.864	244218	0.999993	1.10615	132035	0.99978	56.4397	204803	1	0	1
33	rs1	1:1	2:0.2835	rs2	1:2	2:0.52325	0	1000	0	0.999326	51.3493	60796	0.999017	52.2301	42403.9	0.999841	-52.3782	263249	0.999994	1.13157	151804	0.999784	55.1707	204166	1	0	1
34	rs1	1:1	2:0.278	rs2	1:2	2:0.5255	0	1000	0	0.999234	52.1692	54337.3	0.999028	52.8119	43362.8	0.999844	-53.343	272506	0.999996	0.780321	159536	0.99979	56.0162	213323	1	0	1
35	rs1	1:1	2:0.28025	rs2	1:2	2:0.523	0	1000	0	0.999045	49.3634	41234.3	0.998596	97.8398	55602.8	0.999823	-54.5242	245662	0.999992	1.31852	136388	0.999788	56.0598	210553	1	0	1
36	rs1	1:1	2:0.28275	rs2	1:2	2:0.5215	0	1000	0	0.99924	52.1793	54747.8	0.999022	52.778	43054.7	0.999839	-53.1464	264156	0.999994	1.05117	146338	0.999779	55.6308	200661	1	0	1
37	rs1	1:1	2:0.282	rs2	1:2	2:0.5245	0	1000	0	0.999983	1.27316	58317.8	0.999316	55.039	64242	0.999821	-54.8498	244456	0.999993	1.25159	149600	0.999794	56.2945	218015	1	0	1
38	rs1	1:1	2:0.28825	rs2	1:2	2:0.52525	0	1000	0	0.998659	49.23	29283.8	0.99893	99.6866	74325.3	0.999808	-54.3705	225929	0.999991	1.35232	124543	0.999765	55.9237	190080	1	0	1
39	rs1	1:1	2:0.28375	rs2	1:2	2:0.5205	0	1000	0	0.999297	51.3389	58268.7	0.998984	52.297	41062.2	0.999837	-52.2683	256372	0.999994	1.13922	157581	0.999787	55.1082	206413	1	0	1
40	rs1	1:1	2:0.2835	rs2	1:2	2:0.5285	0	1000	0	0.999285	51.8698	57881.4	0.999033	52.8138	43565.2	0.999834	-53.3531	255986	0.999995	0.882653	153480	0.99978	55.9079	203118	1	0	1
41	rs1	1:1	2:0.2875	rs2	1:2	2:0.52625	0	1000	0	0.998659	49.2366	29286	0.998946	99.7457	75481.3	0.999807	-54.3179	224082	0.999992	1.31864	125084	0.999766	55.935	190912	1	0	1
42	rs1	1:1	2:0.2765	rs2	1:2	2:0.52525	0	1000	0	0.999575	29.826	56059.1	0.999217	31.0086	31610.6	0.999915	-30.5799	288566	0.999995	0.950246	160915	0.999876	32.9126	212570	1	0	1
43	rs1	1:1	2:0.28175	rs2	1:2	2:0.525	0	1000	0	2.14867e-07	6.66127	1.28447	4.16517e-15	7.82553	0.996901	0.999763	-76.7992	258709	0.999865	-22.3255	132359	0.999673	79.0567	192786	0	0	1
44	rs1	1:1	2:0.2865	rs2	1:2	2:0.52975	0	1000	0	0.998672	49.2728	29599.6	0.99891	99.6846	72980.3	0.999812	-54.4597	231004	0.999992	1.25929	125168	0.999768	56.0681	192499	1	0	1
45	rs1	1:1	2:0.287	rs2	1:2	2:0.52525	0	1000	0	0.998568	49.445	27541.5	0.998976	100.064	77954.5	0.999803	-54.5845	221384	0.999993	1.19068	127565	0.999766	56.1984	191458	1	0	1
46	rs1	1:1	2:0.28975	rs2	1:2	2:0.52275	0	1000	0	0.999252	52.2051	55687.9	0.999038	52.634	43651.5	0.999827	-52.4559	241929	0.999994	1.11548	139746	0.999766	55.2031	188113	1	0	1
47	rs1	1:1	2:0.289	rs2	1:2	2:0.528	0	1000	0	0.999326	52.3837	61980.8	0.999056	53.1436	44899.7	0.999831	-53.9691	255120	0.999993	1.11492	135519	0.999764	55.9664	189361	1	0	1
48	rs1	1:1	2:0.28175	rs2	1:2	2:0.52475	0	1000	0	0.999249	52.5126	55763.8	0.999034	53.1791	43911.9	0.999833	-53.8767	257177	0.999996	0.785894	158137	0.999783	56.2685	207343	1	0	1
49	rs1	1:1	2:0.28225	rs2	1:2	2:0.52675	0	1000	0	0.999276	52.27	57621	0.999042	52.9543	44093.4	0.999841	-53.7662	270007	0.999995	0.971287	144880	0.999778	56.0252	201477	1	0	1
50	rs1	1:1	2:0.2835	rs2	1:2	2:0.527	0	1000	0	0.999342	51.5126	62433.2	0.998989	52.5858	41495.7	0.999837	-53.0248	259510	0.999995	1.01296	153592	0.999783	55.6168	204244	1	0	1
51	rs1	1:1	2:0.28375	rs2	1:2	2:0.51925	0	1000	0	0.999209	51.6265	52048.9	0.999012	52.3084	42259.3	0.999841	-52.0391	260510	0.999994	1.16742	147908	0.999781	54.9586	200530	1	0	1
52	rs1	1:1	2:0.28475	rs2	1:2	2:0.5215	0	1000	0	0.999977	1.46959	51061.3	0.999294	54.6565	61746.1	0.999816	-54.0715	234232	0.999991	1.5445	140086	0.999789	55.6032	210324	1	0	1
53	rs1	1:1	2:0.28375	rs2	1:2	2:0.52975	0	1000	0	0.999446	51.8335	74632.9	0.999004	52.8215	42317.7	0.999838	-53.7879	264749	0.999995	1.00623	150812	0.999781	56.0054	203825	1	0	1
54	rs1	1:1	2:0.2845	rs2	1:2	2:0.53025	0	1000	0	0.999235	51.7162	53921.7	0.999029	52.6445	43249.6	0.999836	-52.741	256098	0.999995	0.937332	146653	0.999776	55.5449	197853	1	0	1
55	rs1	1:1	2:0.27925	rs2	1:2	2:0.52925	0	1000	0	0.999242	52.4588	55242	0.99905	52.9505	44457	0.999846	-53.7692	277851	0.999996	0.824347	146295	0.999782	56.1805	205267	1	0	1
56	rs1	1:1	2:0.28	rs2	1:2	2:0.52625	0	1000	0	0.999244	51.7422	54586.4	0.999018	52.6892	42828.9	0.999844	-53.301	272590	0.999995	0.927348	153233	0.999786	55.8447	208482	1	0	1
57	rs1	1:1	2:0.28725	rs2	1:2	2:0.52375	0	1000	0	0.0152676	2.70154	1.11359	3.25638e-14	8.38631	1.10525	0.999709	-77.5694	212887	0.999838	-22.0452	108607	0.99966	79.133	185955	0	0	1
58	rs1	1:1	2:0.2825	rs2	1:2	2:0.5245	0	1000	0	0.999307	51.8854	59744.7	0.999056	52.5883	44441.7	0.999839	-53.1245	263005	0.999995	0.985416	152390	0.999783	55.6899	204667	1	0	1
59	rs1	1:1	2:0.27825	rs2	1:2	2:0.5265	0	1000	0	0.999362	51.4886	64397.4	0.999013	52.4423	42384.8	0.99985	-53.267	282989	0.999995	0.94854	157049	0.999793	55.8123	214736	1	0	1
60	rs1	1:1	2:0.2825	rs2	1:2	2:0.528	0	1000	0	0.999234	52.1506	54312.7	0.999044	52.5767	43886.1	0.999837	-52.5858	257992	0.999995	0.851313	149576	0.999779	55.5538	200871	1	0	1
61	rs1	1:1	2:0.28125	rs2	1:2	2:0.526	0	1000	0	0.999283	52.7691	58696.1	0.99907	52.5388	45085.5	0.999843	-53.0475	269817	0.999995	0.886317	140709	0.999776	55.7462	198518	1	0	1
62	rs1	1:1	2:0.2835	rs2	1:2	2:0.5215	0	1000	0	0.999235	52.209	54465	0.999002	53.0342	42381.7	0.999832	-53.3105	252589	0.999995	0.960472	155030	0.999781	55.8067	203437	1	0	1
63	rs1	1:1	2:0.2855	rs2	1:2	2:0.52775	0	1000	0	0.998577	49.4661	27745.3	0.999028	100.233	82256.5	0.999812	-54.6405	232069	0.999992	1.20379	124399	0.999766	56.2146	191811	1	0	1
64	rs1	1:1	2:0.28375	rs2	1:2	2:0.52575	0	1000	0	0.999187	52.2912	51338	0.999013	52.8886	42740.6	0.999839	-52.8758	262640	0.999994	0.999224	138119	0.999772	55.5453	194039	1	0	1
65	rs1	1:1	2:0.2905	rs2	1:2	2:0.527	0	1000	0	3.85053e-05	6.16609	1.49798	5.74376e-16	8.19068	1.01187	0.999727	-77.1574	225247	0.999864	-22.3983	131134	0.99965	79.2656	180797	0	0	1
66	rs1	1:1	2:0.2785	rs2	1:2	2:0.52825	0	1000	0	0.999219	52.1017	53207.1	0.99903	52.7316	43361.4	0.999847	-53.1872	277589	0.999996	0.837063	150286	0.999786	55.8799	208041	1	0	1
67	rs1	1:1	2:0.2865	rs2	1:2	2:0.52425	0	1000	0	0.999181	51.9609	50614.8	0.999001	52.7022	42086.1	0.999833	-52.1003	249149	0.999994	1.05048	141721	0.999771	55.1022	191992	1	0	1
68	rs1	1:1	2:0.2795	rs2	1:2	2:0.52625	0	1000	0	0.999256	51.1403	54867.6	0.998998	52.2322	41577	0.999844	-52.1823	266936	0.999996	0.877405	160913	0.999792	55.3382	212349	1	0	1
69	rs1	1:1	2:0.27975	rs2	1:2	2:0.5215	0	1000	0	0.99921	52.0509	52558.4	0.999029	52.3058	42994.2	0.999851	-52.4273	281607	0.999994	1.05873	143689	0.999785	55.2683	204751	1	0	1
70	rs1	1:1	2:0.28175	rs2	1:2	2:0.5245	0	1000	0	0.999222	52.1077	53471.8	0.999024	52.7043	43096	0.999844	-53.0514	271527	0.999994	1.02099	143285	0.999779	55.617	200866	1	0	1
71	rs1	1:1	2:0.2825	rs2	1:2	2:0.53	0	1000	0	0.999223	52.8496	54241.6	0.999037	53.2472	44099.3	0.999834	-53.876	258475	0.999996	0.747351	144786	0.999773	56.3028	197612	1	0	1
72	rs1	1:1	2:0.281	rs2	1:2	2:0.5255	0	1000	0	0.999476	52.0189	79243.9	0.998991	52.7886	41753.3	0.999841	-53.9468	271053	0.999995	0.991245	159284	0.999789	56.105	212472	1	0	1
73	rs1	1:1	2:0.28075	rs2	1:2	2:0.52275	0	1000	0	0.999238	51.7084	54126.4	0.999034	52.359	43231.2	0.999846	-52.5724	272165	0.999995	1.0369	150611	0.999786	55.3652	206425	1	0	1
74	rs1	1:1	2:0.2825	rs2	1:2	2:0.52375	0	1000	0	1.11833e-05	6.41147	1.4595	5.39605e-11	6.81569	1.03904	0.99976	-75.2766	250071	0.999868	-22.4033	135295	0.999674	78.3661	191932	0	0	1
75	rs1	1:1	2:0.284	rs2	1:2	2:0.52825	0	1000	0	0.99944	30.0303	42802.2	0.999202	30.9407	30931.8	0.999906	-29.1693	247547	0.999995	0.909847	151248	0.999865	32.2518	191278	1	0	1
76	rs1	1:1	2:0.28125	rs2	1:2	2:0.52375	0	1000	0	0.118196	1.66877	1.06809	7.815e-12	9.44648	1.38068	0.999736	-77.8731	235685	0.999845	-22.125	113618	0.999681	79.3916	198547	0	0	1
77	rs1	1:1	2:0.286	rs2	1:2	2:0.52225	0	1000	0	0.999222	51.7083	53051.9	0.999011	52.5962	42440.7	0.999826	-52.24	240225	0.999995	0.927128	160922	0.999784	55.2989	204042	1	0	1
78	rs1	1:1	2:0.28025	rs2	1:2	2:0.52875	0	1000	0	0.00920971	4.71865	1.81196	1.94274e-14	7.91689	1.0343	0.999761	-77.0037	256623	0.999871	-22.6471	139547	0.999678	79.4799	197221	0	0	1
79	rs1	1:1	2:0.281	rs2	1:2	2:0.5285	0	1000	0	0.999237	52.1599	54579.7	0.99903	52.8718	43505.5	0.999844	-53.4888	273436	0.999995	0.926471	144805	0.99978	55.9353	202562	1	0	1
80	rs1	1:1	2:0.2835	rs2	1:2	2:0.5265	0	1000	0	0.00364297	4.80869	1.65388	8.07222e-14	7.61192	1.01912	0.99975	-76.1054	242541	0.999869	-22.5555	137149	0.99967	78.9249	190818	0	0	1
81	rs1	1:1	2:0.27775	rs2	1:2	2:0.525	0	1000	0	0.999371	51.6834	65598.7	0.998975	52.6306	40987.2	0.999847	-53.6442	280409	0.999996	0.920401	163309	0.999795	56.0325	218629	1	0	1
82	rs1	1:1	2:0.281	rs2	1:2	2:0.52675	0	1000	0	0.999265	51.7937	56215.4	0.999034	52.653	43488.7	0.999842	-53.2327	269048	0.999995	0.932862	151975	0.999784	55.8019	206332	1	0	1
83	rs1	1:1	2:0.28125	rs2	1:2	2:0.52475	0	1000	0	0.999975	2.42804	76396.4	0.999339	54.2305	65474.5	0.999838	-53.3012	261859	0.999995	0.961802	169681	0.999795	55.8132	217507	1	0	1
84	rs1	1:1	2:0.28375	rs2	1:2	2:0.528	0	1000	0	0.998659	49.2385	29304.5	0.998888	99.5826	71442.9	0.999818	-54.7369	239802	0.999993	1.21044	129758	0.999774	56.2654	198855	1	0	1
85	rs1	1:1	2:0.27825	rs2	1:2	2:0.525	0	1000	0	0.998939	49.1279	36957.2	0.998523	97.633	52749.2	0.999831	-55.1116	260466	0.999994	1.16705	143673	0.999793	56.516	217959	1	0	1
86	rs1	1:1	2:0.2835	rs2	1:2	2:0.52375	0	1000	0	0.999249	52.2227	55457.2	0.999027	52.8752	43370.9	0.999833	-53.1679	254472	0.999995	0.927149	152420	0.99978	55.7668	201985	1	0	1
87	rs1	1:1	2:0.28175	rs2	1:2	2:0.52925	0	1000	0	4.13657e-07	6.84098	1.35129	4.0828e-15	7.98061	1.01633	0.999749	-77.1544	245209	0.999873	-22.6566	142272	0.999675	79.5598	195506	0	0	1
88	rs1	1:1	2:0.2855	rs2	1:2	2:0.52825	0	1000	0	0.999174	51.5072	49781.9	0.998999	52.607	41948.5	0.999831	-51.7023	244550	0.999995	0.90948	150864	0.999777	55.0535	197298	1	0	1
89	rs1	1:1	2:0.28625	rs2	1:2	2:0.52525	0	1000	0	0.999976	2.29519	76484.9	0.999335	54.3845	65297.1	0.999827	-53.2906	246286	0.999995	1.06079	164976	0.999787	55.7007	208863	1	0	1
90	rs1	1:1	2:0.28175	rs2	1:2	2:0.52425	0	1000	0	1.70912e-05	6.1067	1.42021	2.69245e-14	7.64086	1.00375	0.999752	-76.3954	245587	0.999876	-22.521	145063	0.999681	79.053	197630	0	0	1
91	rs1	1:1	2:0.28775	rs2	1:2	2:0.5245	0	1000	0	0.999202	52.0694	52049	0.999012	52.765	42591.3	0.999825	-52.1557	237384	0.999995	0.923867	150767	0.999774	55.2548	195104	1	0	1
92	rs1	1:1	2:0.28275	rs2	1:2	2:0.52475	0	1000	0	0.999249	51.7465	54962.5	0.999036	52.4743	43439.4	0.99984	-52.6552	262531	0.999995	1.00443	149929	0.999782	55.4356	202622	1	0	1
93	rs1	1:1	2:0.27625	rs2	1:2	2:0.5255	0	1000	0	0.999178	51.9652	50437.1	0.99902	52.3556	42635.4	0.999849	-52.0054	274715	0.999997	0.709579	162456	0.999795	55.4205	216251	1	0	1
94	rs1	1:1	2:0.28425	rs2	1:2	2:0.52425	0	1000	0	0.999241	51.7503	54413.2	0.99902	52.6234	42863.3	0.999833	-52.6911	251457	0.999995	0.958872	154694	0.999781	55.497	202646	1	0	1
95	rs1	1:1	2:0.27975	rs2	1:2	2:0.524	0	1000	0	0.99997	2.84799	76473.5	0.999331	53.8481	64233.9	0.999838	-52.6482	259552	0.999996	0.840069	177127	0.999801	55.6105	222786	1	0	1
96	rs1	1:1	2:0.28275	rs2	1:2	2:0.52675	0	1000	0	0.999282	51.7951	57581.8	0.99908	51.9409	45024.7	0.999845	-51.7581	266171	0.999994	1.01282	145019	0.999781	54.9771	200107	1	0	1
97	rs1	1:1	2:0.2815	rs2	1:2	2:0.5285	0	1000	0	0.999247	52.1699	55297.5	0.999045	52.7404	44053.2	0.999844	-53.2853	273136	0.999995	0.948186	142966	0.999779	55.8091	201105	1	0	1
98	rs1	1:1	2:0.29225	rs2	1:2	2:0.525	0	1000	0	0.999283	51.9426	57785.3	0.998981	53.0711	41563.7	0.999817	-53.3922	232544	0.999994	1.10301	147828	0.999768	55.6897	191130	1	0	1
99	rs1	1:1	2:0.28575	rs2	1:2	2:0.52425	0	1000	0	0.999623	29.9748	63488.2	0.999237	31.1219	32524.4	0.999907	-30.4728	262334	0.999993	1.26886	145151	0.999864	32.5453	191539	1	0	1
100	rs1	1:1	2:0.286	rs2	1:2	2:0.5255	0	1000	0	0.99908	49.4365	42851.2	0.998624	97.905	56787.1	0.999815	-54.133	233826	0.999991	1.43962	126954	0.999775	55.7264	197592	1	0	1
101	rs1	1:1	2:0.28475	rs2	1:2	2:0.523	0	1000	0	0.999219	52.1154	53240.1	0.999023	52.6324	42979.7	0.999834	-52.4594	251785	0.999995	0.987847	147932	0.999777	55.3467	197658	1	0	1
102	rs1	1:1	2:0.28275	rs2	1:2	2:0.52825	0	1000	0	0.999188	52.7285	51830.3	0.999034	52.5803	43413.1	0.999838	-52.329	258329	0.999995	0.811099	139520	0.999771	55.4585	193641	1	0	1
103	rs1	1:1	2:0.286	rs2	1:2	2:0.5235	0	1000	0	0.999374	51.542	65665.3	0.999011	52.4296	42300.1	0.999836	-52.7318	256229	0.999994	1.181	149593	0.99978	55.2932	200129	1	0	1
104	rs1	1:1	2:0.29025	rs2	1:2	2:0.5215	0	1000	0	0.999076	49.4278	42664.9	0.998621	97.8894	56628.5	0.999806	-53.889	221061	0.99999	1.57832	124833	0.999768	55.4512	191024	1	0	1
105	rs1	1:1	2:0.288	rs2	1:2	2:0.52725	0	1000	0	0.9992	52.3185	52162.8	0.999021	52.8894	43097.3	0.999837	-52.9601	258966	0.999993	1.12383	128705	0.999762	55.4502	185857	1	0	1
106	rs1	1:1	2:0.2795	rs2	1:2	2:0.52825	0	1000	0	0.999262	51.7848	56008	0.999036	52.6617	43584.5	0.999845	-53.3401	274707	0.999995	0.878336	152916	0.999786	55.9143	208927	1	0	1
107	rs1	1:1	2:0.28325	rs2	1:2	2:0.52375	0	1000	0	0.998941	49.1348	37020.1	0.998525	97.6446	52836.4	0.999817	-54.7226	238578	0.999993	1.27003	139490	0.999784	56.2032	207595	1	0	1
108	rs1	1:1	2:0.282	rs2	1:2	2:0.5215	0	1000	0	0.999975	2.39756	75898.6	0.999349	54.055	66212.1	0.999844	-53.0379	271644	0.999994	1.23181	161810	0.999794	55.4084	214443	1	0	1
109	rs1	1:1	2:0.28275	rs2	1:2	2:0.52525	0	1000	0	0.0598907	2.7564	1.46493	2.70083e-09	8.68118	1.45931	0.99975	-75.8345	242087	0.999874	-22.6139	142939	0.999677	78.8541	194925	0	0	1
110	rs1	1:1	2:0.282	rs2	1:2	2:0.52825	0	1000	0	0.999256	52.198	55999.3	0.999044	52.8164	44093.5	0.999843	-53.4626	272552	0.999995	0.968303	142336	0.999778	55.8766	200452	1	0	1
111	rs1	1:1	2:0.28425	rs2	1:2	2:0.5255	0	1000	0	0.999321	51.3438	60363.1	0.999027	52.2766	42867.2	0.999834	-52.1544	250141	0.999995	0.943467	159031	0.999785	55.2456	205483	1	0	1
112	rs1	1:1	2:0.285	rs2	1:2	2:0.52675	0	1000	0	0.999213	51.6466	52362	0.999015	52.5883	42592.2	0.999836	-52.4814	254921	0.999994	1.0173	146452	0.999776	55.333	197370	1	0	1
113	rs1	1:1	2:0.2785	rs2	1:2	2:0.52225	0	1000	0	0.999248	52.1967	55387.9	0.999038	52.6489	43671.5	0.999845	-53.1473	273468	0.999996	0.876918	157774	0.99979	55.8176	212353	1	0	1
114	rs1	1:1	2:0.28475	rs2	1:2	2:0.52525	0	1000	0	0.999242	51.7402	54457.2	0.999039	52.3876	43504.8	0.999834	-52.1659	250960	0.999995	0.962428	151678	0.99978	55.2282	200108	1	0	1
115	rs1	1:1	2:0.286	rs2	1:2	2:0.525	0	1000	0	0.999309	51.8931	59903.4	0.999058	52.5921	44523.2	0.999832	-52.8838	251755	0.999994	1.03628	148442	0.999776	55.5102	197890	1	0	1
116	rs1	1:1	2:0.28375	rs2	1:2	2:0.52675	0	1000	0	0.999246	51.0969	54046.2	0.998992	52.2645	41359.7	0.999838	-51.9244	255797	0.999995	1.00283	153041	0.999783	55.0752	202584	1	0	1
117	rs1	1:1	2:0.28675	rs2	1:2	2:0.52925	0	1000	1	8.11397e-07	6.49211	1.31616	5.64507e-13	8.35379	1.15883	0.236388	-3.03566	2.56376	0.134726	2.81877	1.88455	0.0051646	6.09334	2.17885	0	0	0.00652817
118	rs1	1:1	2:0.28425	rs2	1:2	2:0.52775	0	1000	0	0.999448	52.2497	75548.1	0.998959	53.0522	40655.5	0.999831	-54.1517	256067	0.999995	0.974872	158647	0.999783	56.2221	207068	1	0	1
119	rs1	1:1	2:0.27875	rs2	1:2	2:0.526	0	1000	0	0.99934	51.4676	62255.6	0.998996	52.4662	41678.3	0.999848	-53.2005	279198	0.999995	0.959916	157519	0.999792	55.7673	213818	1	0	1
120	rs1	1:1	2:0.2825	rs2	1:2	2:0.526	0	1000	0	0.999248	51.7667	54905.5	0.99902	52.7006	42917.7	0.999836	-53.0442	258611	0.999995	0.916406	154685	0.999783	55.7212	204945	1	0	1
121	rs1	1:1	2:0.2795	rs2	1:2	2:0.52475	0	1000	0	0.999015	49.2885	39933.5	0.998572	97.764	54636.5	0.999826	-54.7128	250326	0.999993	1.23122	138427	0.999789	56.2429	213163	1	0	1
122	rs1	1:1	2:0.283	rs2	1:2	2:0.52225	0	1000	0	0.999243	52.4939	55338.7	0.999039	52.7785	43800.7	0.999832	-52.9571	252043	0.999996	0.853445	154733	0.999781	55.7332	203082	1	0	1
123	rs1	1:1	2:0.28675	rs2	1:2	2:0.5235	0	1000	0	0.999176	52.506	50850.9	0.999012	52.7558	42591.3	0.999827	-51.9562	239504	0.999995	0.864954	145938	0.999771	55.2102	192196	1	0	1
124	rs1	1:1	2:0.28475	rs2	1:2	2:0.52525	0	1000	0	0.999216	51.6454	52536	0.999022	52.4378	42791.4	0.999839	-52.2913	259167	0.999994	1.07762	144325	0.999777	55.1759	197224	1	0	1
125	rs1	1:1	2:0.28425	rs2	1:2	2:0.5255	0	1000	0	1.5659e-05	5.99516	1.38802	6.85306e-15	7.71093	0.99021	0.999752	-76.3668	245523	0.999864	-22.3857	131632	0.999665	78.8856	187804	0	0	1
126	rs1	1:1	2:0.2885	rs2	1:2	2:0.52175	0	1000	0	0.999199	50.887	50690.2	0.999004	51.8512	41554.5	0.999828	-50.0691	231893	0.999995	0.98726	162925	0.999787	54.1481	202968	1	0	1
127	rs1	1:1	2:0.2815	rs2	1:2	2:0.5245	0	1000	0	0.999967	3.16801	76221.6	0.999335	53.5438	64208.1	0.999844	-52.1507	267485	0.999995	1.08541	160372	0.999793	55.1126	211956	1	0	1
128	rs1	1:1	2:0.28425	rs2	1:2	2:0.52325	0	1000	0	0.999208	52.7778	53156.5	0.999029	52.7123	43292.4	0.99984	-52.9158	263748	0.999994	0.993453	131576	0.999767	55.5597	189932	1	0	1
129	rs1	1:1	2:0.28725	rs2	1:2	2:0.52025	0	1000	0	0.999314	52.3746	60898.4	0.999068	52.1073	44605.9	0.999823	-51.5163	231841	0.999996	0.827301	165356	0.999786	55.0279	205180	1	0	1
130	rs1	1:1	2:0.28375	rs2	1:2	2:0.52675	0	1000	0	0.999203	51.6135	51660.9	0.999007	52.6272	42298.7	0.999837	-52.5454	257797	0.999995	0.990932	148103	0.999779	55.3952	199597	1	0	1
131	rs1	1:1	2:0.28275	rs2	1:2	2:0.52375	0	1000	0	0.999298	51.359	58407.2	0.998979	52.4307	40978.3	0.999838	-52.5825	258908	0.999995	1.0381	157431	0.999787	55.3713	207071	1	0	1
132	rs1	1:1	2:0.286	rs2	1:2	2:0.52725	0	1000	0	0.999272	51.8746	56828.9	0.998992	53.0201	41957.8	0.999829	-53.6633	250186	0.999995	0.981527	150954	0.999776	55.9614	199282	1	0	1
133	rs1	1:1	2:0.28975	rs2	1:2	2:0.5255	0	1000	0	0.998843	48.9155	33731.5	0.998473	97.4539	50935.2	0.999808	-54.7555	227670	0.999992	1.34924	136186	0.999772	56.1314	196420	1	0	1
134	rs1	1:1	2:0.27925	rs2	1:2	2:0.52375	0	1000	0	0.999288	52.5605	58886.4	0.999069	52.7573	45222.4	0.999843	-53.5369	272833	0.999996	0.848058	152440	0.999785	56.0377	208189	1	0	1
135	rs1	1:1	2:0.288	rs2	1:2	2:0.525	0	1000	0	0.999265	52.3057	56759.7	0.999023	53.1154	43363.1	0.999821	-53.2974	237702	0.999995	0.90559	153744	0.999774	55.8452	197582	1	0	1
136	rs1	1:1	2:0.28175	rs2	1:2	2:0.525	0	1000	0	0.999304	51.3409	58850.3	0.998985	52.3883	41186.9	0.999845	-52.7984	271992	0.999994	1.1023	150800	0.999786	55.4169	206324	1	0	1
137	rs1	1:1	2:0.2855	rs2	1:2	2:0.52575	0	1000	0	0.999383	51.6562	66792.8	0.998995	52.6358	41795.3	0.999833	-53.1	253811	0.999994	1.07087	152986	0.99978	55.591	201923	1	0	1
138	rs1	1:1	2:0.28075	rs2	1:2	2:0.52325	0	1000	0	0.998705	49.3548	30399.3	0.999009	100.04	80581.2	0.999835	-54.3996	262956	0.999991	1.3906	122277	0.999783	55.9077	205892	1	0	1
139	rs1	1:1	2:0.285	rs2	1:2	2:0.531	0	1000	0	0.999143	52.3391	48745	0.999016	52.523	42569.8	0.999836	-50.9816	248497	0.999995	0.82381	139053	0.99977	54.77	189741	1	0	1
140	rs1	1:1	2:0.28125	rs2	1:2	2:0.52475	0	1000	0	0.999221	52.0989	53370.9	0.999024	52.7014	43089.6	0.999846	-53.123	275815	0.999994	1.02988	142251	0.99978	55.645	201608	1	0	1
141	rs1	1:1	2:0.2875	rs2	1:2	2:0.5265	0	1000	0	0.998661	49.2437	29338.1	0.998919	99.6783	73554.4	0.999807	-54.4018	225061	0.999992	1.29324	126284	0.999767	56.0021	191785	1	0	1
142	rs1	1:1	2:0.28275	rs2	1:2	2:0.5245	0	1000	0	0.99921	52.0673	52596.6	0.999006	52.8508	42411.3	0.999845	-53.2774	273977	0.999994	1.10459	138148	0.999776	55.6446	198005	1	0	1
143	rs1	1:1	2:0.2815	rs2	1:2	2:0.523	0	1000	0	0.999978	1.45067	52277.7	0.999304	54.7241	62740	0.99982	-54.3217	240984	0.999992	1.37211	143509	0.999794	55.9046	216851	1	0	1
144	rs1	1:1	2:0.2785	rs2	1:2	2:0.5225	0	1000	0	0.999313	51.1895	59444.8	0.999075	51.6893	44562	0.999849	-51.4791	271978	0.999995	0.931356	163980	0.999797	54.9308	216405	1	0	1
145	rs1	1:1	2:0.2805	rs2	1:2	2:0.52375	0	1000	0	0.999326	51.4276	60915.5	0.998999	52.3908	41765.9	0.99984	-52.7021	263394	0.999995	0.929695	163994	0.999793	55.543	213648	1	0	1
146	rs1	1:1	2:0.282	rs2	1:2	2:0.52525	0	1000	0	0.999973	2.57487	76393.7	0.999338	54.1198	65253.3	0.999838	-53.0809	261231	0.999995	1.00223	165527	0.999792	55.6609	214003	1	0	1
147	rs1	1:1	2:0.2825	rs2	1:2	2:0.5275	0	1000	0	0.999237	52.4292	54809.7	0.999046	52.8522	44186.5	0.999844	-53.4808	273792	0.999994	0.98753	137000	0.999774	55.8615	197142	1	0	1
148	rs1	1:1	2:0.28375	rs2	1:2	2:0.523	0	1000	0	0.999298	52.6013	59764.4	0.999067	52.263	44710.1	0.999833	-52.19	249982	0.999995	0.861583	151275	0.999779	55.3375	199705	1	0	1
149	rs1	1:1	2:0.28125	rs2	1:2	2:0.52625	0	1000	0	0.999256	51.7657	55511.5	0.999036	52.5706	43511.8	0.999842	-53.004	268292	0.999995	0.952441	151124	0.999784	55.6667	205443	1	0	1
150	rs1	1:1	2:0.28225	rs2	1:2	2:0.52525	0	1000	0	0.0136572	2.74457	1.1129	4.14136e-14	8.38958	1.11025	0.999734	-77.893	233602	0.99984	-22.1024	110293	0.999672	79.3715	193358	0	0	1
151	rs1	1:1	2:0.286	rs2	1:2	2:0.5215	0	1000	0	0.999206	52.4001	52673	0.999009	53.0748	42740.7	0.999823	-52.8663	238745	0.999996	0.859927	156956	0.999779	55.6776	200598	1	0	1
152	rs1	1:1	2:0.286	rs2	1:2	2:0.5205	0	1000	0	0.999364	51.6111	64723.3	0.998989	52.4518	41414.1	0.999832	-52.6447	250334	0.999994	1.18243	155997	0.999783	55.2478	203238	1	0	1
153	rs1	1:1	2:0.2875	rs2	1:2	2:0.5225	0	1000	0	0.999419	51.8736	71282	0.998989	52.7041	41578	0.999825	-53.0669	242380	0.999995	1.08489	159696	0.999782	55.5549	203616	1	0	1
154	rs1	1:1	2:0.282	rs2	1:2	2:0.52775	0	1000	0	0.999196	52.3269	51956.6	0.999028	52.7071	43285.7	0.999842	-52.7157	265715	0.999995	0.901909	141840	0.999776	55.5671	197792	1	0	1
155	rs1	1:1	2:0.2905	rs2	1:2	2:0.52175	0	1000	0	0.999204	51.626	51734.9	0.998997	52.6473	41873.2	0.999823	-52.0706	235311	0.999994	1.1442	146931	0.999771	54.9868	191371	1	0	1
156	rs1	1:1	2:0.285	rs2	1:2	2:0.5225	0	1000	0	0.00069383	4.75417	1.40158	2.89261e-14	7.284	0.958038	0.999741	-74.9459	231233	0.999875	-22.4967	143620	0.999675	78.2871	191994	0	0	1
157	rs1	1:1	2:0.28175	rs2	1:2	2:0.52325	0	1000	0	0.998557	49.4182	27332.1	0.999324	101.079	119328	0.999815	-54.5099	235221	0.999992	1.21275	126313	0.999775	56.1425	198700	1	0	1
158	rs1	1:1	2:0.286	rs2	1:2	2:0.5215	0	1000	0	0.998545	49.3781	27082	0.999362	101.151	126569	0.999806	-54.2488	223461	0.999991	1.32764	120885	0.999765	55.8825	189474	1	0	1
159	rs1	1:1	2:0.281	rs2	1:2	2:0.52275	0	1000	0	0.999981	1.79331	75967.3	0.999345	54.6653	66607.6	0.999839	-54.191	269409	0.999995	1.08266	172040	0.999798	56.1408	221744	1	0	1
160	rs1	1:1	2:0.285	rs2	1:2	2:0.51775	0	1000	0	0.999308	51.404	59285.6	0.998975	52.2645	40686.9	0.999838	-52.2697	257279	0.999993	1.31086	152851	0.999784	54.9324	203105	1	0	1
161	rs1	1:1	2:0.281	rs2	1:2	2:0.5275	0	1000	0	0.999282	52.5386	58367.3	0.999075	52.4373	45232	0.999842	-52.7575	266742	0.999995	0.847115	145700	0.999779	55.6442	201008	1	0	1
162	rs1	1:1	2:0.281	rs2	1:2	2:0.5275	0	1000	0	0.999233	52.145	54238.8	0.999043	52.5739	43850.7	0.999841	-52.7048	263857	0.999996	0.84267	150766	0.999782	55.6255	203753	1	0	1
163	rs1	1:1	2:0.287	rs2	1:2	2:0.52275	0	1000	0	0.999177	52.2612	50637.8	0.999004	52.8145	42307.4	0.999828	-51.9608	240591	0.999995	0.947945	145746	0.999771	55.1315	192351	1	0	1
164	rs1	1:1	2:0.2875	rs2	1:2	2:0.5245	0	1000	0	0.999388	51.6969	67345.6	0.998999	52.6622	41992.3	0.999825	-52.8496	240330	0.999995	1.00122	160061	0.999782	55.5302	203236	1	0	1
165	rs1	1:1	2:0.28025	rs2	1:2	2:0.523	0	1000	0	0.0157514	5.62556	2.32979	1.36298e-11	8.14388	1.2044	0.730041	2.66255	7.71595	0.999908	-17.8912	155845	0.999868	25.7593	155845	0	0	1
166	rs1	1:1	2:0.28025	rs2	1:2	2:0.52475	0	1000	0	0.999203	52.3768	52428.5	0.999027	52.7225	43212.8	0.999837	-52.6252	257351	0.999996	0.728762	159474	0.999787	55.7009	208414	1	0	1
167	rs1	1:1	2:0.286	rs2	1:2	2:0.52575	0	1000	0	0.999249	52.2065	55466.4	0.999043	52.665	43914.2	0.999829	-52.5756	245914	0.999995	0.916857	149099	0.999775	55.4741	196554	1	0	1
168	rs1	1:1	2:0.28275	rs2	1:2	2:0.52875	0	1000	0	0.999306	51.375	59034.6	0.998989	52.5495	41455.2	0.999836	-52.7851	257481	0.999995	0.917987	155731	0.999784	55.5944	205216	1	0	1
169	rs1	1:1	2:0.28325	rs2	1:2	2:0.52025	0	1000	0	0.999393	51.6572	67912.9	0.999003	52.4147	41933	0.999838	-52.8605	260584	0.999994	1.15402	158104	0.999788	55.3897	208199	1	0	1
170	rs1	1:1	2:0.2805	rs2	1:2	2:0.5275	0	1000	0	0.999178	52.2791	50750.5	0.999011	52.9101	42704.7	0.999836	-52.5836	256231	0.999996	0.718422	155962	0.999784	55.693	205276	1	0	1
171	rs1	1:1	2:0.2855	rs2	1:2	2:0.52475	0	1000	0	0.998563	49.4165	27436.9	0.999297	100.974	114584	0.999813	-54.364	232601	0.999991	1.3241	119126	0.999764	55.9472	189432	1	0	1
172	rs1	1:1	2:0.28075	rs2	1:2	2:0.52325	0	1000	0	0.999379	51.7397	66447	0.998976	52.6386	41032	0.999839	-53.3439	263563	0.999995	0.956607	165384	0.999793	55.8384	214800	1	0	1
173	rs1	1:1	2:0.282	rs2	1:2	2:0.5275	0	1000	0	0.99953	30.6883	52151.2	0.999261	31.3665	33886	0.99991	-31.0084	274013	0.999994	1.02028	141353	0.999863	33.0545	192895	1	0	1
174	rs1	1:1	2:0.2855	rs2	1:2	2:0.528	0	1000	0	0.998658	49.2523	29285.2	0.998843	99.4884	68634.9	0.999807	-54.6761	225612	0.999993	1.12921	133871	0.999774	56.3141	198564	1	0	1
175	rs1	1:1	2:0.28625	rs2	1:2	2:0.52725	0	1000	0	0.999218	52.4112	53471.5	0.999026	53.0494	43464.8	0.99983	-53.2073	249492	0.999995	0.936634	141791	0.999768	55.7699	192216	1	0	1
176	rs1	1:1	2:0.28575	rs2	1:2	2:0.5255	0	1000	0	0.999314	51.4193	59811.6	0.998981	52.5187	41132.1	0.999834	-52.6661	252953	0.999994	1.10044	151083	0.999779	55.3449	200154	1	0	1
177	rs1	1:1	2:0.28225	rs2	1:2	2:0.523	0	1000	0	0.999974	2.44992	76141.4	0.999339	54.1214	65350.6	0.999839	-53.1157	263540	0.999995	1.11198	165250	0.999793	55.5682	214517	1	0	1
178	rs1	1:1	2:0.28025	rs2	1:2	2:0.52375	0	1000	0	0.999291	52.5685	59151.4	0.999068	52.0981	44594.7	0.999843	-52.1784	265338	0.999996	0.846902	150480	0.999784	55.3548	204174	1	0	1
179	rs1	1:1	2:0.28075	rs2	1:2	2:0.5215	0	1000	0	0.99947	30.1352	45400.8	0.999226	30.6822	31627.2	0.999909	-29.0267	254398	0.999996	0.899677	163999	0.999874	32.1822	203863	1	0	1
180	rs1	1:1	2:0.28625	rs2	1:2	2:0.5235	0	1000	0	0.999301	51.4397	58753	0.998969	52.6014	40727.8	0.999825	-52.4219	238721	0.999995	0.951536	165078	0.999786	55.3721	206796	1	0	1
181	rs1	1:1	2:0.2855	rs2	1:2	2:0.524	0	1000	0	0.999293	51.9815	58702.8	0.998981	53.0461	41519.1	0.999826	-53.7577	246603	0.999995	0.948952	159931	0.999782	56.0419	205240	1	0	1
182	rs1	1:1	2:0.2775	rs2	1:2	2:0.52125	0	1000	0	0.999058	49.3718	41815.8	0.998602	97.8182	55839.1	0.999833	-54.6444	260418	0.999992	1.34242	137845	0.999794	56.1016	217350	1	0	1
183	rs1	1:1	2:0.284	rs2	1:2	2:0.5295	0	1000	0	0.99928	52.7628	58436.4	0.999073	52.7661	45424.6	0.999837	-53.2657	261230	0.999995	0.88786	137439	0.999769	55.849	193045	1	0	1
184	rs1	1:1	2:0.28225	rs2	1:2	2:0.52225	0	1000	0	0.999975	2.40438	76228.3	0.99934	54.1306	65421.3	0.999835	-53.0221	256897	0.999995	1.01478	172978	0.999797	55.6168	218624	1	0	1
185	rs1	1:1	2:0.2885	rs2	1:2	2:0.52675	0	1000	0	0.998909	49.0707	35901	0.998512	97.6066	52348.3	0.999809	-54.5701	227841	0.999992	1.34333	133286	0.999772	56.047	195955	1	0	1
186	rs1	1:1	2:0.28475	rs2	1:2	2:0.522	0	1000	0	0.999242	52.1828	54919.3	0.999036	52.5476	43486.8	0.999833	-52.4555	251087	0.999995	0.988916	149435	0.999778	55.3424	198603	1	0	1
187	rs1	1:1	2:0.283	rs2	1:2	2:0.524	0	1000	0	0.998667	49.2586	29489.9	0.999061	100.097	85066.4	0.999819	-54.326	239617	0.999991	1.34788	124488	0.999775	55.9135	198313	1	0	1
188	rs1	1:1	2:0.28675	rs2	1:2	2:0.526	0	1000	0	0.998687	49.3135	29958.7	0.999015	100.027	81013.9	0.999816	-54.151	234801	0.999991	1.40085	119709	0.999768	55.7604	191798	1	0	1
189	rs1	1:1	2:0.28325	rs2	1:2	2:0.5225	0	1000	0	0.999973	2.59173	76264.1	0.999335	53.9884	64787.8	0.999834	-52.7354	253791	0.999995	1.04433	169963	0.999794	55.4422	215233	1	0	1
190	rs1	1:1	2:0.282	rs2	1:2	2:0.5255	0	1000	0	0.99932	51.931	60897.1	0.999047	52.7477	44159.8	0.999839	-53.5257	264532	0.999995	0.944693	154239	0.999784	55.9338	206571	1	0	1
191	rs1	1:1	2:0.27925	rs2	1:2	2:0.52025	0	1000	0	0.999299	51.3583	58416.6	0.998982	52.2996	40973.2	0.999843	-52.5178	267176	0.999995	0.983487	168731	0.999798	55.3996	218591	1	0	1
192	rs1	1:1	2:0.281	rs2	1:2	2:0.52675	0	1000	0	0.999159	51.8575	49224.2	0.999027	51.8938	42540.7	0.999853	-50.914	276232	0.999994	1.0012	139479	0.999782	54.5675	199668	1	0	1
193	rs1	1:1	2:0.284	rs2	1:2	2:0.52175	0	1000	0	0.999333	51.4534	61546.5	0.998993	52.3596	41487.3	0.999838	-52.585	259667	0.999994	1.15939	153859	0.999785	55.2458	204587	1	0	1
194	rs1	1:1	2:0.2825	rs2	1:2	2:0.52875	0	1000	0	0.999311	51.3306	59405.5	0.999009	52.4083	42183	0.99984	-52.636	262486	0.999995	0.956575	152787	0.999784	55.4799	204583	1	0	1
195	rs1	1:1	2:0.284	rs2	1:2	2:0.52375	0	1000	0	0.998665	49.2566	29433.2	0.999074	100.137	86293.3	0.999816	-54.2626	235096	0.999991	1.3539	124183	0.999773	55.8731	196702	1	0	1
196	rs1	1:1	2:0.28325	rs2	1:2	2:0.52125	0	1000	0	0.999172	51.4969	49638.2	0.999012	51.9558	41966.8	0.99984	-50.5142	252253	0.999995	0.988497	155418	0.999787	54.3776	203503	1	0	1
197	rs1	1:1	2:0.28425	rs2	1:2	2:0.52425	0	1000	0	0.99997	2.87853	76136.4	0.999344	53.7612	65407.8	0.999838	-52.276	258144	0.999994	1.12704	159433	0.999789	55.1264	208188	1	0	1
198	rs1	1:1	2:0.2875	rs2	1:2	2:0.5215	0	1000	0	0.999213	52.3903	53122.7	0.999021	52.755	42999	0.999831	-52.601	247896	0.999994	1.07444	138060	0.999766	55.3188	189009	1	0	1
199	rs1	1:1	2:0.28725	rs2	1:2	2:0.5285	0	1000	0	0.99925	52.468	55816.7	0.999048	52.9927	44398.8	0.999834	-53.4862	257446	0.999994	1.03885	133493	0.999764	55.802	188764	1	0	1
200	rs1	1:1	2:0.2855	rs2	1:2	2:0.53025	0	1000	0	4.0847e-09	5.92478	1.00749	3.53051e-13	7.96997	1.09591	0.999789	-54.9969	207801	0.99984	-22.2264	110782	0.999742	56.4977	174418	0	0	1
201	rs1	1:1	2:0.28225	rs2	1:2	2:0.52525	0	1000	0	0.999214	52.1091	52925.2	0.999018	52.7862	42898.1	0.999836	-52.803	256330	0.999995	0.866549	153492	0.999782	55.6491	203376	1	0	1
202	rs1	1:1	2:0.28275	rs2	1:2	2:0.52425	0	1000	0	0.0302416	2.28017	1.05227	1.69553e-13	7.69151	1.0435	0.999763	-77.7226	261413	0.99986	-23.062	131897	0.99967	79.901	193353	0	0	1
203	rs1	1:1	2:0.286	rs2	1:2	2:0.52675	0	1000	0	0.999517	52.2316	86198.9	0.998995	52.9994	42067.6	0.999825	-53.8572	245774	0.999996	0.912143	163894	0.999785	56.1289	208001	1	0	1
204	rs1	1:1	2:0.28125	rs2	1:2	2:0.525	0	1000	0	0.999368	51.5248	65055.3	0.999014	52.4507	42443.6	0.999841	-52.9631	265783	0.999995	0.977695	158579	0.999789	55.6237	210193	1	0	1
205	rs1	1:1	2:0.2885	rs2	1:2	2:0.524	0	1000	0	0.999274	51.8327	57003.3	0.999032	52.6416	43384.8	0.999828	-52.7199	244453	0.999994	1.09975	146269	0.999772	55.3591	193814	1	0	1
206	rs1	1:1	2:0.2865	rs2	1:2	2:0.53	0	1000	0	0.999288	51.8588	58135.2	0.99903	52.8604	43484.7	0.999834	-53.4681	256741	0.999994	1.03315	142720	0.999772	55.8084	195094	1	0	1
207	rs1	1:1	2:0.2845	rs2	1:2	2:0.5255	0	1000	0	0.999978	1.47756	53177.2	0.999309	54.8169	63337.5	0.999818	-54.2719	237657	0.999992	1.42943	138289	0.999786	55.819	208180	1	0	1
208	rs1	1:1	2:0.283	rs2	1:2	2:0.5255	0	1000	0	0.999215	52.097	52927.5	0.999036	52.3476	43328.5	0.999837	-51.9306	253441	0.999995	0.864611	151759	0.999781	55.21	201074	1	0	1
209	rs1	1:1	2:0.28375	rs2	1:2	2:0.5195	0	1000	0	0.999248	51.784	54968.1	0.999011	52.596	42439.2	0.999833	-52.7102	251143	0.999995	1.02159	160286	0.999786	55.4431	207019	1	0	1
210	rs1	1:1	2:0.281	rs2	1:2	2:0.53075	0	1000	0	0.999179	52.5045	51034.1	0.99902	53.0357	43174.8	0.999841	-53.179	266122	0.999995	0.802618	142040	0.999775	55.9031	198094	1	0	1
211	rs1	1:1	2:0.28075	rs2	1:2	2:0.52325	0	1000	0	5.92185e-08	5.7339	1.05769	1.47034e-17	7.00553	0.821334	0.99975	-76.9708	245770	0.109085	1.74684	1.0902	0.999674	54.9999	134417	0	0	1
212	rs1	1:1	2:0.28225	rs2	1:2	2:0.52175	0	1000	0	0.999512	51.9986	84962.2	0.999019	52.6194	42778.9	0.99984	-53.5622	267032	0.999994	1.1147	158662	0.999789	55.7833	210719	1	0	1
213	rs1	1:1	2:0.282	rs2	1:2	2:0.52375	0	1000	0	0.999285	51.267	57226.9	0.998989	52.3062	41262.6	0.999842	-52.4204	264807	0.999995	1.06296	155126	0.999787	55.2658	207221	1	0	1
214	rs1	1:1	2:0.27775	rs2	1:2	2:0.52125	0	1000	0	0.999174	51.4991	49755.5	0.998999	52.3496	41722.8	0.999851	-52.0215	277764	0.999995	0.966979	157814	0.999794	55.1687	213727	1	0	1
215	rs1	1:1	2:0.27975	rs2	1:2	2:0.52175	0	1000	0	0.999221	52.1477	53440.3	0.999032	52.3572	43175.8	0.999835	-51.9651	251286	0.999997	0.635214	178178	0.9998	55.4655	221398	1	0	1
216	rs1	1:1	2:0.285	rs2	1:2	2:0.5275	0	1000	0	0.998925	49.0973	36453.1	0.998518	97.6126	52540.5	0.999817	-54.7704	238914	0.999993	1.25538	135685	0.999778	56.2392	202415	1	0	1
217	rs1	1:1	2:0.282	rs2	1:2	2:0.52175	0	1000	0	2.11438e-07	6.38595	1.23067	6.64276e-15	7.62279	0.978397	0.999753	-75.5341	244261	0.999875	-22.3583	142539	0.999679	78.4624	195305	0	0	1
218	rs1	1:1	2:0.27875	rs2	1:2	2:0.5245	0	1000	0	0.999284	52.2334	58220.9	0.999073	52.4234	45107.9	0.999849	-53.0091	280811	0.999995	0.928995	148982	0.999787	55.6943	208261	1	0	1
219	rs1	1:1	2:0.281	rs2	1:2	2:0.52225	0	1000	0	0.999975	1.52155	49492.1	0.999295	54.5834	61733.6	0.999827	-54.2072	250603	0.999991	1.51202	139566	0.999795	55.711	216412	1	0	1
220	rs1	1:1	2:0.2805	rs2	1:2	2:0.5225	0	1000	0	0.999253	52.5141	56113.7	0.999042	52.9323	44070.3	0.999837	-53.5347	262463	0.999996	0.823406	157630	0.999786	56.0597	208702	1	0	1
221	rs1	1:1	2:0.2815	rs2	1:2	2:0.525	0	1000	0	0.999386	51.4634	66902	0.999046	52.3009	43762.7	0.999845	-52.8197	272270	0.999994	1.06635	152516	0.999787	55.4615	207717	1	0	1
222	rs1	1:1	2:0.28575	rs2	1:2	2:0.52775	0	1000	0	0.998566	49.4283	27493.9	0.99924	100.808	105864	0.999811	-54.4182	229360	0.999992	1.25171	121107	0.999764	56.0515	189535	1	0	1
223	rs1	1:1	2:0.28175	rs2	1:2	2:0.529	0	1000	0	0.999237	52.4561	54841.3	0.999037	53.1253	44034.7	0.999839	-53.8856	267665	0.999995	0.863513	144853	0.999777	56.1947	200689	1	0	1
224	rs1	1:1	2:0.2875	rs2	1:2	2:0.52525	0	1000	0	0.999315	51.4177	59850.1	0.998981	52.5135	41117.1	0.999832	-52.5851	249881	0.999994	1.16312	148113	0.999776	55.2378	196829	1	0	1
225	rs1	1:1	2:0.277	rs2	1:2	2:0.528	0	1000	0	0.999973	2.63332	76593.4	0.999345	54.1639	65955	0.999848	-53.4684	280985	0.999996	0.831316	167992	0.999799	56.0362	222281	1	0	1
226	rs1	1:1	2:0.27775	rs2	1:2	2:0.529	0	1000	0	0.99925	52.493	55813.6	0.999051	53.0308	44568.7	0.999844	-53.9304	275827	0.999996	0.706361	155670	0.999787	56.3847	211526	1	0	1
227	rs1	1:1	2:0.2815	rs2	1:2	2:0.52675	0	1000	0	0.999978	1.4893	53795.5	0.99931	54.8788	63440.6	0.999824	-54.5589	247277	0.999992	1.32243	140973	0.99979	56.0786	213253	1	0	1
228	rs1	1:1	2:0.283	rs2	1:2	2:0.52475	0	1000	0	0.999218	51.665	52687.4	0.999023	52.45	42817.2	0.999838	-52.3073	258052	0.999995	0.972484	151807	0.999782	55.2936	202557	1	0	1
229	rs1	1:1	2:0.281	rs2	1:2	2:0.523	0	1000	0	0.99997	2.86184	76063.2	0.999339	53.7376	64913.9	0.999845	-52.5149	269841	0.999995	1.10851	163160	0.999795	55.2722	214903	1	0	1
230	rs1	1:1	2:0.27775	rs2	1:2	2:0.5255	0	1000	0	0.999964	3.41251	76421.8	0.999336	53.3659	64084	0.999847	-51.9171	271293	0.999996	0.835215	170821	0.999801	55.2518	221379	1	0	1
231	rs1	1:1	2:0.287	rs2	1:2	2:0.52125	0	1000	0	0.0164697	2.54187	1.05985	1.73131e-12	7.33548	1.03982	0.999736	-76.5709	231704	0.999868	-23.0813	139435	0.999665	79.3297	188967	0	0	1
232	rs1	1:1	2:0.28575	rs2	1:2	2:0.5255	0	1000	0	0.999223	52.0988	53505.9	0.999037	52.4376	43448.5	0.999838	-52.2534	257174	0.999994	1.06005	138876	0.999771	55.1677	192581	1	0	1
233	rs1	1:1	2:0.2915	rs2	1:2	2:0.5245	0	1000	0	0.999447	30.8037	44475.7	0.999196	31.3663	31115.6	0.999894	-29.6142	223079	0.999995	0.953006	145137	0.999855	32.4245	178649	1	0	1
234	rs1	1:1	2:0.285	rs2	1:2	2:0.5255	0	1000	0	0.999001	49.2652	39361.9	0.998566	97.7582	54411.1	0.999815	-54.441	234664	0.999992	1.34429	132415	0.999778	55.9816	200817	1	0	1
235	rs1	1:1	2:0.283	rs2	1:2	2:0.52025	0	1000	0	0.999208	51.6403	52021.4	0.999006	52.4834	42117.4	0.999837	-52.2715	255116	0.999995	1.02991	156726	0.999786	55.2173	205481	1	0	1
236	rs1	1:1	2:0.28475	rs2	1:2	2:0.52925	0	1000	0	0.999211	52.7992	53376.8	0.999032	53.1182	43797.3	0.999834	-53.5415	258059	0.999995	0.878122	135386	0.999766	55.9951	190511	1	0	1
237	rs1	1:1	2:0.28225	rs2	1:2	2:0.52625	0	1000	0	0.999401	52.0028	69323.9	0.998955	52.905	40407.6	0.999836	-53.9184	262821	0.999995	0.991571	159043	0.999786	56.0925	209574	1	0	1
238	rs1	1:1	2:0.2805	rs2	1:2	2:0.52375	0	1000	0	0.999228	51.6928	53428.9	0.999036	52.2624	43265.1	0.999844	-52.1749	266315	0.999995	0.936357	155280	0.999788	55.2681	207966	1	0	1
239	rs1	1:1	2:0.283	rs2	1:2	2:0.52775	0	1000	0	0.999267	51.8099	56392.9	0.999037	52.6691	43650.3	0.999836	-53.025	258036	0.999995	0.902314	152547	0.999781	55.7243	203075	1	0	1
240	rs1	1:1	2:0.283	rs2	1:2	2:0.527	0	1000	0	0.00959206	3.11205	1.20147	7.55783e-14	7.6452	1.02239	0.999756	-76.7331	250495	0.135224	1.92035	1.28553	0.99968	54.7363	136338	0	0	1
241	rs1	1:1	2:0.282	rs2	1:2	2:0.5255	0	1000	0	0.999312	51.9062	60209.3	0.999052	52.6776	44349.2	0.999839	-53.3366	263783	0.999995	0.940589	154060	0.999784	55.8429	206186	1	0	1
242	rs1	1:1	2:0.28425	rs2	1:2	2:0.52375	0	1000	0	0.999262	51.8138	55991.2	0.999013	52.7481	42649.2	0.999833	-53.15	254580	0.999995	1.00819	153119	0.999781	55.6774	202460	1	0	1
243	rs1	1:1	2:0.2805	rs2	1:2	2:0.5225	0	1000	0	0.999967	3.1307	76338.6	0.999329	53.5203	63619	0.99984	-52.0542	259551	0.999996	0.948014	173383	0.9998	55.2032	219757	1	0	1
244	rs1	1:1	2:0.279	rs2	1:2	2:0.52275	0	1000	0	0.999285	51.7987	57787.2	0.999072	52.107	44800.4	0.999851	-52.4233	280881	0.999995	1.01501	151373	0.99979	55.3157	209965	1	0	1
245	rs1	1:1	2:0.28675	rs2	1:2	2:0.52275	0	1000	0	0.999977	1.46171	51792.7	0.999303	54.6987	62579.9	0.999817	-54.0132	234981	0.999991	1.61463	135987	0.999784	55.5004	205099	1	0	1
246	rs1	1:1	2:0.28575	rs2	1:2	2:0.52475	0	1000	0	0.999294	52.2811	59085.4	0.999073	52.2827	45011.3	0.999832	-52.1147	248149	0.999995	0.951917	147208	0.999775	55.2068	195846	1	0	1
247	rs1	1:1	2:0.282	rs2	1:2	2:0.51875	0	1000	0	0.999375	51.6973	65987.2	0.998982	52.4384	41105.9	0.999838	-52.8756	260039	0.999995	1.10991	165437	0.999793	55.4448	213778	1	0	1
248	rs1	1:1	2:0.2855	rs2	1:2	2:0.52425	0	1000	0	0.999215	51.6637	52529.7	0.999003	52.6877	42153.9	0.999832	-52.647	250627	0.999994	1.03913	149567	0.999777	55.393	198391	1	0	1
249	rs1	1:1	2:0.28925	rs2	1:2	2:0.525	0	1000	0	0.999499	30.2371	48151.3	0.999208	31.1965	31413.2	0.999897	-29.7729	231649	0.999995	1.02403	151166	0.999861	32.4371	186173	1	0	1
250	rs1	1:1	2:0.2835	rs2	1:2	2:0.52525	0	1000	0	0.999468	29.4134	44105.9	0.999198	30.582	30411.6	0.99991	-28.5749	252454	0.999995	1.03183	154277	0.99987	31.8346	195284	1	0	1
251	rs1	1:1	2:0.28725	rs2	1:2	2:0.524	0	1000	0	0.999309	51.3785	59360.9	0.998992	52.4199	41494.8	0.99983	-52.2952	245875	0.999994	1.1107	152818	0.999779	55.1439	199222	1	0	1
252	rs1	1:1	2:0.28175	rs2	1:2	2:0.52625	0	1000	0	0.999229	51.6962	53506	0.999008	52.716	42413	0.999842	-53.2153	269267	0.999995	1.00444	148436	0.999782	55.721	203754	1	0	1
253	rs1	1:1	2:0.284	rs2	1:2	2:0.52575	0	1000	0	0.999363	51.5694	64551.7	0.998999	52.5694	41893.5	0.999835	-52.9595	255392	0.999995	1.00335	156422	0.999784	55.5912	205121	1	0	1
254	rs1	1:1	2:0.28425	rs2	1:2	2:0.5265	0	1000	0	0.999537	30.3566	52257	0.999219	31.3573	32017.7	0.999902	-30.5856	248136	0.999995	0.929299	155680	0.999865	32.9355	195084	1	0	1
255	rs1	1:1	2:0.28	rs2	1:2	2:0.52725	0	1000	0	0.999236	51.7153	54036.5	0.999041	52.3952	43605.6	0.999844	-52.518	268453	0.999996	0.867277	154110	0.999787	55.5117	207733	1	0	1
256	rs1	1:1	2:0.28025	rs2	1:2	2:0.522	0	1000	0	0.113056	2.30414	1.45408	6.57769e-10	8.96323	1.45132	0.99976	-76.5276	253989	0.99988	-22.5106	150061	0.999691	79.1218	203979	0	0	1
257	rs1	1:1	2:0.2855	rs2	1:2	2:0.53175	0	1000	0	0.999212	52.1064	52787.3	0.999028	52.8214	43362.8	0.999828	-52.5237	243855	0.999996	0.783132	149934	0.999774	55.5875	196400	1	0	1
258	rs1	1:1	2:0.282	rs2	1:2	2:0.52125	0	1000	0	0.999232	51.7085	53693.1	0.999032	52.2495	43079.8	0.99984	-52.0585	259991	0.999995	1.00013	155865	0.999787	55.1414	206377	1	0	1
259	rs1	1:1	2:0.27975	rs2	1:2	2:0.52775	0	1000	0	0.999334	51.4353	61664.6	0.999001	52.4841	41927	0.999845	-53.0934	273430	0.999995	0.929188	156190	0.999789	55.7424	210860	1	0	1
260	rs1	1:1	2:0.28375	rs2	1:2	2:0.5195	0	1000	0	0.99937	51.6603	65415.8	0.998987	52.4522	41306.2	0.999834	-52.7377	253386	0.999995	1.10767	163571	0.99979	55.3741	210199	1	0	1
261	rs1	1:1	2:0.27975	rs2	1:2	2:0.52775	0	1000	0	0.999254	51.7577	55327.7	0.999038	52.5793	43608.4	0.999845	-53.1102	273863	0.999995	0.897853	152077	0.999786	55.7786	208020	1	0	1
262	rs1	1:1	2:0.283	rs2	1:2	2:0.51975	0	1000	0	0.999191	52.0234	51298.8	0.999006	52.5199	42177.5	0.999834	-51.8724	249201	0.999995	0.912915	159227	0.999786	55.1322	205636	1	0	1
263	rs1	1:1	2:0.281	rs2	1:2	2:0.529	0	1000	0	0.999122	52.4048	47601.4	0.999006	52.5797	42200.5	0.999849	-50.7822	267679	0.999995	0.847988	135284	0.999775	54.6526	193798	1	0	1
264	rs1	1:1	2:0.28475	rs2	1:2	2:0.525	0	1000	0	0.999217	51.6753	52649.9	0.999014	52.5967	42559.3	0.999832	-52.3923	248676	0.999995	0.943793	154085	0.999781	55.3622	201250	1	0	1
