Outcome	Var1_ID	Var1_Pos	Var1_MAF	Var2_ID	Var2_Pos	Var2_MAF	Num_Missing	Num_Cases	Converged	Red_Var1_Het_Pval	Red_Var1_Het_beta	Red_Var1_Het_SE	Red_Var1_Hom_Pval	Red_Var1_Hom_beta	Red_Var1_Hom_SE	Red_Var2_Het_Pval	Red_Var2_Het_beta	Red_Var2_Het_SE	Red_Var2_Hom_Pval	Red_Var2_Hom_beta	Red_Var2_Hom_SE	Full_Var1_Het_Pval	Full_Var1_Het_beta	Full_Var1_Het_SE	Full_Var1_Hom_Pval	Full_Var1_Hom_beta	Full_Var1_Hom_SE	Full_Var2_Het_Pval	Full_Var2_Het_beta	Full_Var2_Het_SE	Full_Var2_Hom_Pval	Full_Var2_Hom_beta	Full_Var2_Hom_SE	Full_Var1_Het_Var2_Het_Pval	Full_Var1_Het_Var2_Het_beta	Full_Var1_Het_Var2_Het_SE	Full_Var1_Het_Var2_Hom_Pval	Full_Var1_Het_Var2_Hom_beta	Full_Var1_Het_Var2_Hom_SE	Full_Var1_Hom_Var2_Het_Pval	Full_Var1_Hom_Var2_Het_beta	Full_Var1_Hom_Var2_Het_SE	Full_Var1_Hom_Var2_Hom_Pval	Full_Var1_Hom_Var2_Hom_beta	Full_Var1_Hom_Var2_Hom_SE	Red_Model_Pval	Full_Model_Pval	Overall_Pval_(LRT)
1	rs1	1:1	2:0.28325	rs2	1:2	2:0.52425	0	1000	0	1	2.01794e-12	239074	1	2.55795e-12	420520	1	-1.33387e-11	234493	0.999799	60.4058	239305	1	3.43675e-12	255588	1	1.11626e-11	1.55361e+06	1	1.13833e-12	247437	0.99997	60.4058	1.59204e+06	1	1.34265e-11	776044	1	2.83862e-12	1.61216e+06	nan	nan	nan	nan	nan	nan	1	0	1
2	rs1	1:1	2:0.27875	rs2	1:2	2:0.52425	0	1000	0	0.999462	53.4823	79354.6	0.999815	53.8211	232181	0.999998	-0.490486	163892	0.999282	55.9662	62154.6	1	-8.97826e-12	266217	1	1.59756e-11	2.19578e+06	1	7.69786e-12	256887	1	2.33555e-11	1.26926e+06	1	-7.23177e-12	754225	0.999963	60.4058	1.29655e+06	nan	nan	nan	0.999981	60.4058	2.56879e+06	1	0	1
3	rs1	1:1	2:0.28175	rs2	1:2	2:0.527	0	1000	0	0.999466	53.4825	79884.9	0.999883	54.573	372155	0.999997	-0.501626	155652	0.999285	55.9903	62447.5	1	6.7637e-12	260065	0.999963	60.4058	1.31872e+06	1	5.63488e-12	244955	1	7.73426e-12	1.2693e+06	1	6.95388e-12	701554	0.999963	60.4058	1.29532e+06	nan	nan	nan	nan	nan	nan	1	0	1
4	rs1	1:1	2:0.28725	rs2	1:2	2:0.52775	0	1000	0	0.999493	53.2368	83749.9	0.999769	53.0467	182964	0.999997	0.482512	136976	0.999281	56.3554	62572.7	1	3.87257e-12	230009	1	3.75186e-12	984522	1	5.12441e-12	235138	1	-2.34088e-11	1.5537e+06	1	-4.63507e-12	798196	0.999969	60.4058	1.57025e+06	nan	nan	nan	0.999974	60.4058	1.88561e+06	1	0	1
5	rs1	1:1	2:0.28525	rs2	1:2	2:0.5275	0	1000	0	1	-9.04521e-12	238048	1	-5.71987e-12	396173	1	-8.58569e-12	221813	0.999797	60.4058	237725	1	-4.06297e-12	254381	1	-4.448e-12	1.26933e+06	1	7.44498e-13	231651	0.999963	60.4058	1.30946e+06	1	-4.68092e-12	804651	1	-3.54916e-12	1.33359e+06	nan	nan	nan	nan	nan	nan	1	0	1
6	rs1	1:1	2:0.2845	rs2	1:2	2:0.52425	0	1000	0	0.0917025	2.39725	1.42145	0.999939	25.7281	334688	0.0954907	2.39561	1.43698	1.12098e-14	11.9675	1.54924	0.999919	-23.5046	231317	0.999978	60.4058	2.21984e+06	0.123067	2.18741	1.41853	0.999991	-23.5046	2.19446e+06	0.999998	-2.18741	861080	0.99997	83.9104	2.20776e+06	nan	nan	nan	nan	nan	nan	1	0	1
7	rs1	1:1	2:0.2885	rs2	1:2	2:0.528	0	1000	0	0.999492	53.213	83560.4	0.999792	53.5863	205684	0.999998	-0.339099	148654	0.999279	56.2325	62245.9	1	-1.85901e-12	236064	1	-3.19759e-11	2.19585e+06	1	5.34527e-12	240545	1	8.5123e-12	1.55368e+06	1	4.01223e-12	671925	0.999969	60.4058	1.57117e+06	1	5.68448e-12	3.11275e+06	0.999982	60.4058	2.71166e+06	1	0	1
8	rs1	1:1	2:0.285	rs2	1:2	2:0.52725	0	1000	0	0.999477	53.8947	82243.3	0.999769	53.948	186401	0.999998	-0.44294	159417	0.999297	56.2307	63824.9	1	-9.28557e-12	250244	1	-3.66046e-12	1.26933e+06	1	8.77512e-12	247628	1	3.60245e-12	1.09995e+06	1	-3.86513e-12	679669	0.999957	60.4058	1.12762e+06	nan	nan	nan	0.999972	60.4058	1.71835e+06	1	0	1
9	rs1	1:1	2:0.286	rs2	1:2	2:0.5225	0	1000	0	0.99949	53.2045	83191	0.999787	53.4752	200606	0.999999	-0.127156	160951	0.999276	56.1996	61895	1	-1.14412e-11	239023	1	2.19957e-12	1.55362e+06	1	1.54347e-11	263183	1	3.54206e-12	1.55362e+06	1	-9.91479e-12	775927	0.999969	60.4058	1.57161e+06	nan	nan	nan	0.999978	60.4058	2.22606e+06	1	0	1
10	rs1	1:1	2:0.28175	rs2	1:2	2:0.52175	0	1000	0	0.999486	53.1858	82510.7	0.999833	53.5702	255908	0.999996	0.741878	150095	0.999278	56.2222	62118.3	1	3.52013e-12	236749	1	1.52701e-12	2.1958e+06	1	3.60871e-12	260051	1	-5.29354e-12	1.55361e+06	1	4.57456e-12	1.03967e+06	0.999969	60.4058	1.57125e+06	nan	nan	nan	0.999982	60.4058	2.72582e+06	1	0	1
11	rs1	1:1	2:0.2855	rs2	1:2	2:0.52775	0	1000	0	0.999472	53.8582	81380.9	0.999783	54.174	198856	0.999994	0.982767	140263	0.999303	56.3284	64467.3	1	-6.86096e-12	241601	1	-2.32652e-11	1.55366e+06	1	-4.90274e-13	234876	1	7.21556e-12	1.09997e+06	1	-3.50131e-12	1.03472e+06	0.999957	60.4058	1.12575e+06	nan	nan	nan	0.999975	60.4058	1.93268e+06	1	0	1
12	rs1	1:1	2:0.28375	rs2	1:2	2:0.526	0	1000	0	0.99949	52.3891	82033.8	0.999776	52.6321	187421	1	0.00777968	135133	0.999229	55.84	57760.8	1	-5.99562e-12	248895	1	-2.06024e-11	1.55364e+06	1	-9.10842e-12	241447	1	-3.05818e-11	2.19582e+06	1	-8.60978e-14	771919	0.999978	60.4058	2.20966e+06	nan	nan	nan	0.999982	60.4058	2.71423e+06	1	0	1
13	rs1	1:1	2:0.28325	rs2	1:2	2:0.523	0	1000	0	0.99949	52.3864	81915.7	0.999777	52.617	188666	0.999999	0.149946	140258	0.999227	55.8437	57637.4	1	-1.23618e-11	247437	1	-1.22873e-11	1.55361e+06	1	-1.27152e-12	254166	1	5.08287e-11	2.1958e+06	1	-5.57659e-12	849653	0.999978	60.4058	2.2095e+06	nan	nan	nan	0.999982	60.4058	2.71496e+06	1	0	1
14	rs1	1:1	2:0.28675	rs2	1:2	2:0.52875	0	1000	0	0.999445	54.1678	77826.6	0.999751	54.1554	173761	0.999998	-0.373403	160389	0.999312	56.3424	65328.5	1	7.95231e-12	249014	1	-2.76215e-11	1.09997e+06	1	-1.07818e-11	245195	1	-1.18554e-11	899234	1	-3.33666e-12	678301	0.999948	60.4058	932540	nan	nan	nan	0.999967	60.4058	1.46152e+06	1	0	1
15	rs1	1:1	2:0.28025	rs2	1:2	2:0.52625	0	1000	0	0.999465	53.4918	79743	0.999812	53.8884	228924	0.999998	-0.318208	154974	0.999282	56.0107	62284.5	1	-1.55875e-13	261560	1	1.46574e-11	2.1958e+06	1	1.08338e-11	246163	1	-8.11795e-12	1.26929e+06	1	-1.47045e-11	748949	0.999963	60.4058	1.29561e+06	nan	nan	nan	0.999981	60.4058	2.56557e+06	1	0	1
16	rs1	1:1	2:0.2805	rs2	1:2	2:0.524	0	1000	0	0.999485	53.1871	82389.1	0.999801	53.2358	213911	0.999998	-0.320011	159152	0.999278	56.0843	61968.6	1	4.11066e-12	252756	1	2.36555e-11	1.55361e+06	1	1.7689e-12	255574	1	-1.54259e-11	1.55361e+06	1	2.98545e-12	749083	0.999969	60.4058	1.57374e+06	nan	nan	nan	0.999978	60.4058	2.24103e+06	1	0	1
17	rs1	1:1	2:0.2835	rs2	1:2	2:0.5265	0	1000	0	0.999454	54.0234	78928.7	0.999758	53.9422	177974	0.999999	0.195583	157115	0.999309	56.3009	65030.7	1	1.89002e-11	251530	1	1.77783e-11	1.09993e+06	1	1.33493e-11	246295	1	-5.35039e-12	984414	1	8.30402e-12	848498	0.999953	60.4058	1.01557e+06	nan	nan	nan	0.999968	60.4058	1.5214e+06	1	0	1
18	rs1	1:1	2:0.28475	rs2	1:2	2:0.525	0	1000	0	0.999472	53.5542	81006.8	0.999734	53.2414	159498	0.999991	1.53134	133219	0.999285	56.2403	62748.8	1	-5.01321e-12	245104	1	8.85315e-12	833018	1	1.42875e-11	242666	1	4.71054e-11	1.26933e+06	1	-9.15668e-12	1.31081e+06	0.999963	60.4058	1.29239e+06	nan	nan	nan	0.999969	60.4058	1.56368e+06	1	0	1
19	rs1	1:1	2:0.281	rs2	1:2	2:0.5235	0	1000	0	0.999476	53.1098	80922.2	0.999874	54.1996	341866	0.999999	0.273879	152541	0.999286	55.9491	62507.1	1	-1.93306e-12	264556	0.99997	60.4058	1.5874e+06	1	-5.21598e-12	251218	1	3.39995e-12	1.55358e+06	1	6.74433e-12	964329	0.999969	60.4058	1.57571e+06	nan	nan	nan	nan	nan	nan	1	0	1
20	rs1	1:1	2:0.28225	rs2	1:2	2:0.5255	0	1000	0	1.43364e-06	7.62388	1.58163	0.0537589	7.2531	3.76047	0.999886	-22.9632	161032	1.12391e-15	11.3408	1.41538	0.999924	-23.5009	245348	0.999981	-23.5009	981393	0.99992	-23.5009	235271	0.999985	-23.5009	1.26697e+06	0.999975	23.5009	743865	0.999948	83.9067	1.29243e+06	nan	nan	nan	0.99996	83.9067	1.65362e+06	1	0	1
21	rs1	1:1	2:0.284	rs2	1:2	2:0.52275	0	1000	0	0.999485	53.1812	82418.6	0.999782	53.3989	195055	0.999997	-0.621971	168611	0.999276	56.0708	61755.3	1	-3.0998e-12	252686	1	-2.46486e-11	1.5536e+06	1	-2.8158e-12	266283	1	-4.02167e-12	1.5536e+06	1	5.10364e-12	706656	0.999969	60.4058	1.57375e+06	nan	nan	nan	0.999978	60.4058	2.22605e+06	1	0	1
22	rs1	1:1	2:0.2845	rs2	1:2	2:0.5225	0	1000	0	0.999472	53.5391	80976.8	0.999753	53.4997	172504	0.999999	-0.280375	166116	0.999276	56.1074	61811.4	1	3.48388e-12	249984	1	4.70346e-12	1.26927e+06	1	1.5075e-12	266296	1	-4.12115e-13	1.26927e+06	1	2.98994e-12	814028	0.999963	60.4058	1.29333e+06	1	1.3709e-12	2.5479e+06	0.999974	60.4058	1.83032e+06	1	0	1
23	rs1	1:1	2:0.27675	rs2	1:2	2:0.52275	0	1000	0	0.999954	-17.2365	295766	0.999983	4.69706	223935	1	0.110923	242629	0.999848	54.3249	285855	1	3.19232e-09	282476	1	4.26708e-09	2.19576e+06	1	1.19258e-09	253837	0.999978	60.4058	2.22849e+06	1	-5.31711e-09	909105	0.999992	-23.3277	2.24505e+06	nan	nan	nan	nan	nan	nan	1	0	1
24	rs1	1:1	2:0.28425	rs2	1:2	2:0.5265	0	1000	0	0.999472	53.8616	81408.3	0.99978	54.089	195830	0.999997	-0.554139	163282	0.999297	56.1672	63761.2	1	-1.15269e-11	255659	1	3.02186e-12	1.55362e+06	1	1.70373e-11	251472	1	3.58114e-12	1.09992e+06	1	-4.43234e-12	683130	0.999957	60.4058	1.12884e+06	nan	nan	nan	0.999975	60.4058	1.93505e+06	1	0	1
25	rs1	1:1	2:0.28525	rs2	1:2	2:0.52175	0	1000	0	0.0730196	4.63037	2.58289	0.287909	4.58331	4.31282	0.999907	-23.1391	199143	4.54505e-16	11.5403	1.42068	0.999922	-23.4875	240873	0.999983	-23.4875	1.09723e+06	0.999925	-23.4875	248474	0.999991	-23.4875	2.19446e+06	0.999977	23.4875	809218	0.99997	83.8933	2.20878e+06	nan	nan	nan	0.999973	83.8933	2.47674e+06	1	0	1
26	rs1	1:1	2:0.2875	rs2	1:2	2:0.52025	0	1000	0	0.999944	-18.0586	256049	0.999984	3.91285	195852	1	0.143189	255695	0.99982	55.1352	244270	1	1.76694e-08	243578	1	-3.02674e-09	1.26927e+06	1	3.71104e-10	271384	0.999963	60.4058	1.30853e+06	1	-1.69278e-08	853882	0.999986	-23.3412	1.32882e+06	nan	nan	nan	nan	nan	nan	1	0	1
27	rs1	1:1	2:0.2825	rs2	1:2	2:0.52275	0	1000	0	0.999485	53.1736	82308.1	0.999814	53.6252	229677	0.999998	-0.396518	164687	0.999277	56.0724	61855.8	1	1.29448e-11	251315	1	-6.00653e-11	2.19579e+06	1	2.54589e-12	263048	1	-5.75895e-12	1.5536e+06	1	-4.99439e-12	751206	0.999969	60.4058	1.57352e+06	nan	nan	nan	0.999982	60.4058	2.71575e+06	1	0	1
28	rs1	1:1	2:0.2835	rs2	1:2	2:0.5255	0	1000	0	0.999485	53.191	82362.1	0.999753	53.0124	171446	0.999996	0.688409	141854	0.999282	56.1912	62465.7	1	2.63783e-12	245089	1	1.05955e-11	1.26932e+06	1	-4.9382e-12	241462	1	2.04921e-11	1.55364e+06	1	1.71392e-11	1.03708e+06	0.999969	60.4058	1.57254e+06	1	2.66316e-12	2.54542e+06	0.999976	60.4058	2.04194e+06	1	0	1
29	rs1	1:1	2:0.28125	rs2	1:2	2:0.52075	0	1000	0	0.999489	52.3842	81870	0.999816	52.8008	228830	1	-0.0214748	150527	0.999224	55.827	57405.1	1	-7.36566e-12	246033	1	-4.31646e-11	2.19578e+06	1	-1.25792e-12	267912	1	-1.07718e-11	2.19578e+06	1	-2.18917e-12	853498	0.999978	60.4058	2.20933e+06	nan	nan	nan	0.999985	60.4058	3.13297e+06	1	0	1
30	rs1	1:1	2:0.28	rs2	1:2	2:0.52225	0	1000	0	0.99948	53.1661	81597	0.999773	53.0263	186085	0.999996	-0.904528	175067	0.999276	55.9556	61691.2	1	-1.10892e-11	267809	1	-3.05551e-11	1.26924e+06	1	2.30149e-12	271256	1	-3.84048e-12	1.55357e+06	1	-4.91357e-12	695359	0.999969	60.4058	1.57623e+06	nan	nan	nan	0.999976	60.4058	2.04871e+06	1	0	1
31	rs1	1:1	2:0.2885	rs2	1:2	2:0.525	0	1000	0	0.99946	54.0446	79804.9	0.999763	54.2408	182791	0.999999	0.266404	160553	0.999306	56.4122	64902.1	1	6.36791e-12	236934	1	1.31915e-11	1.26933e+06	1	-2.28917e-12	254367	1	-3.43832e-11	984432	1	5.976e-12	846654	0.999952	60.4058	1.01208e+06	nan	nan	nan	0.999971	60.4058	1.63823e+06	1	0	1
32	rs1	1:1	2:0.27975	rs2	1:2	2:0.52525	0	1000	0	0.999464	53.5076	79641.3	0.999753	53.162	171854	0.999997	-0.522189	161164	0.999282	55.9784	62179.5	1	3.67251e-12	269656	1	-2.29935e-11	1.09988e+06	1	-7.29111e-12	252686	1	1.03739e-12	1.26927e+06	1	-9.82936e-12	754004	0.999963	60.4058	1.29726e+06	1	1.2287e-11	2.46646e+06	0.999972	60.4058	1.73212e+06	1	0	1
33	rs1	1:1	2:0.2835	rs2	1:2	2:0.52325	0	1000	0	0.999487	52.364	81455.6	0.999797	52.9282	208369	0.999998	0.315333	136998	0.99923	55.8153	57840.7	1	-4.11352e-12	250027	1	5.08303e-11	2.1958e+06	1	1.0644e-11	251372	1	-3.2756e-12	2.1958e+06	1	-8.23022e-12	898774	0.999978	60.4058	2.20979e+06	nan	nan	nan	0.999985	60.4058	3.12372e+06	1	0	1
34	rs1	1:1	2:0.278	rs2	1:2	2:0.5255	0	1000	0	0.999463	53.4917	79429.9	0.999795	53.4933	208432	0.999999	-0.276291	156531	0.999283	55.9902	62306.1	1	-1.66508e-11	266296	1	-2.98863e-11	1.5536e+06	1	-7.68996e-13	248663	1	2.78817e-11	1.26927e+06	1	-4.2355e-12	780049	0.999963	60.4058	1.29656e+06	nan	nan	nan	0.999977	60.4058	2.05416e+06	1	0	1
35	rs1	1:1	2:0.28025	rs2	1:2	2:0.523	0	1000	0	0.999483	52.3691	80848.5	0.999749	52.1806	165574	0.999999	-0.207378	147953	0.99923	55.7191	57721.2	1	1.56231e-11	264582	1	8.19037e-12	1.26926e+06	1	4.2824e-12	255436	1	-8.91731e-13	2.19578e+06	1	3.39376e-12	855228	0.999978	60.4058	2.21148e+06	1	-1.67037e-12	2.54679e+06	0.999981	60.4058	2.56656e+06	1	0	1
36	rs1	1:1	2:0.28275	rs2	1:2	2:0.5215	0	1000	0	0.999467	53.5062	80148.2	0.999776	53.7159	191440	0.999998	-0.438274	172852	0.999277	56.0371	61823.6	1	1.26689e-11	256833	1	6.39627e-12	1.55358e+06	1	8.66772e-12	273061	1	1.79625e-11	1.26925e+06	1	-1.00363e-11	785063	0.999963	60.4058	1.29468e+06	nan	nan	nan	0.999976	60.4058	2.03691e+06	1	0	1
37	rs1	1:1	2:0.282	rs2	1:2	2:0.5245	0	1000	0	1	-9.08251e-12	231745	1	-1.17346e-11	476558	1	5.829e-12	233839	0.999793	60.4058	232945	1	7.55737e-12	250098	1	1.17666e-11	2.20764e+06	1	2.67275e-12	252813	0.999979	60.4058	2.24899e+06	1	8.81961e-12	681575	1	2.96652e-12	2.26265e+06	nan	nan	nan	nan	nan	nan	1	0	1
38	rs1	1:1	2:0.28825	rs2	1:2	2:0.52525	0	1000	0	0.999491	53.2049	83362.7	0.999786	53.5811	199688	0.999999	-0.218437	154269	0.999278	56.2138	62126.5	1	-4.97685e-12	236966	1	1.66251e-11	2.19583e+06	1	-4.84755e-12	250289	1	-8.19611e-12	1.55365e+06	1	2.11853e-12	742021	0.999969	60.4058	1.57131e+06	1	-4.9809e-12	3.11351e+06	0.999982	60.4058	2.71001e+06	1	0	1
39	rs1	1:1	2:0.28375	rs2	1:2	2:0.5205	0	1000	0	0.999489	52.3877	81827.5	0.999756	52.4581	171508	0.999999	0.153202	147843	0.999225	55.8349	57474.1	1	3.21629e-12	248592	1	-1.72099e-11	1.26926e+06	1	-3.78765e-12	267899	1	-2.70184e-11	2.19578e+06	1	-2.61685e-12	903171	0.999978	60.4058	2.20963e+06	nan	nan	nan	0.999981	60.4058	2.56134e+06	1	0	1
40	rs1	1:1	2:0.2835	rs2	1:2	2:0.5285	0	1000	0	0.999488	53.1914	82838.5	0.99982	53.6515	237661	0.999999	-0.0919397	143654	0.999282	56.1599	62386.8	1	9.9481e-12	245241	1	2.67708e-11	2.19584e+06	1	-1.52122e-11	234892	1	-1.88933e-11	1.55366e+06	1	1.15294e-11	714554	0.999969	60.4058	1.57256e+06	nan	nan	nan	0.999982	60.4058	2.71752e+06	1	0	1
41	rs1	1:1	2:0.2875	rs2	1:2	2:0.52625	0	1000	0	0.999491	53.2224	83423.7	0.999747	53.1204	167305	1	-0.00449447	147833	0.999279	56.231	62227.5	1	-5.84283e-12	240418	1	1.52683e-11	1.09997e+06	1	7.9195e-13	243981	1	1.96678e-11	1.55366e+06	1	-4.24999e-12	769983	0.999969	60.4058	1.57182e+06	1	-1.88253e-11	2.46558e+06	0.999975	60.4058	1.93596e+06	1	0	1
42	rs1	1:1	2:0.2765	rs2	1:2	2:0.52525	0	1000	0	0.999661	30.2207	71090.1	0.999518	48.8621	80852.2	0.999931	13.6518	157442	0.999302	47.6378	54486.9	1	-2.59344e-09	286692	1	-8.6132e-09	2.19577e+06	1	-3.93286e-09	247196	1	-3.29088e-09	2.19577e+06	1	6.67796e-09	786836	0.999987	37.0802	2.21311e+06	nan	nan	nan	0.999985	60.4058	3.13012e+06	1	0	1
43	rs1	1:1	2:0.28175	rs2	1:2	2:0.525	0	1000	0	1.45833e-06	7.61269	1.58043	0.0485124	7.60689	3.85578	0.999888	-22.9925	163441	2.07211e-15	11.2342	1.41543	0.999927	-23.4875	256842	0.999985	-23.4875	1.26697e+06	0.999921	-23.4875	236635	0.999985	-23.4875	1.26697e+06	0.999976	23.4875	776872	0.999948	83.8933	1.29468e+06	nan	nan	nan	0.999963	83.8933	1.82591e+06	1	0	1
44	rs1	1:1	2:0.2865	rs2	1:2	2:0.52975	0	1000	0	0.999489	53.1951	82992.7	0.99978	53.4989	194188	1	0.0863725	139218	0.999284	56.1914	62653.8	1	-7.00801e-12	242914	1	2.3532e-11	2.19585e+06	1	9.71426e-12	228894	1	-1.89857e-11	1.55368e+06	1	-1.16168e-12	766080	0.999969	60.4058	1.57222e+06	1	-1.6498e-11	3.11187e+06	0.999982	60.4058	2.71055e+06	1	0	1
45	rs1	1:1	2:0.287	rs2	1:2	2:0.52525	0	1000	0	0.999483	53.606	82772.7	0.999742	53.2531	164744	0.999997	-0.525975	160745	0.999273	56.1912	61695.9	1	2.49734e-12	242696	1	1.33239e-11	899218	1	3.73564e-12	257251	1	9.81615e-12	1.26933e+06	1	3.83715e-12	680495	0.999963	60.4058	1.29193e+06	1	-2.31741e-11	2.38421e+06	0.99997	60.4058	1.60621e+06	1	0	1
46	rs1	1:1	2:0.28975	rs2	1:2	2:0.52275	0	1000	0	0.999485	53.5837	83080.3	0.999806	54.2022	222586	0.999999	0.123177	157314	0.999273	56.2667	61759.2	1	-6.03062e-12	228630	1	-2.86871e-11	2.19582e+06	1	-1.04359e-11	263308	1	-9.78417e-12	1.26933e+06	1	7.41562e-12	806666	0.999963	60.4058	1.28939e+06	nan	nan	nan	0.999981	60.4058	2.55662e+06	1	0	1
47	rs1	1:1	2:0.289	rs2	1:2	2:0.528	0	1000	0	0.999478	53.5343	81870.7	0.999864	54.6394	321443	0.999997	-0.627501	154840	0.999281	56.1077	62236.4	1	-6.6307e-12	243966	0.999963	60.4058	1.30519e+06	1	-5.82927e-12	245195	1	-1.4424e-12	1.26934e+06	1	8.10785e-12	630002	0.999963	60.4058	1.29221e+06	nan	nan	nan	nan	nan	nan	1	0	1
48	rs1	1:1	2:0.28175	rs2	1:2	2:0.52475	0	1000	0	0.999475	53.8843	81822.1	0.999803	53.9326	218541	0.999997	-0.712232	171483	0.999295	56.1937	63562.3	1	1.13323e-11	251414	1	2.03768e-11	1.55361e+06	1	-9.91349e-12	263142	1	-1.21609e-11	1.09991e+06	1	-4.58356e-12	669042	0.999957	60.4058	1.12786e+06	nan	nan	nan	0.999975	60.4058	1.95405e+06	1	0	1
49	rs1	1:1	2:0.28225	rs2	1:2	2:0.52675	0	1000	0	0.999466	53.4942	79939.1	0.999804	53.955	219235	0.999997	-0.509553	156489	0.999282	56.0047	62219	1	1.42697e-11	261588	1	2.34529e-12	2.1958e+06	1	4.31e-12	246192	1	1.55431e-11	1.26929e+06	1	-1.172e-11	702558	0.999963	60.4058	1.29563e+06	nan	nan	nan	0.999981	60.4058	2.56065e+06	1	0	1
50	rs1	1:1	2:0.2835	rs2	1:2	2:0.527	0	1000	0	0.999488	52.3847	81713.5	0.999755	52.446	170835	1	0.0156848	132870	0.999231	55.8158	57904.7	1	-8.62663e-12	254338	1	-1.25822e-11	1.26932e+06	1	4.02662e-12	236903	1	2.00622e-11	2.19582e+06	1	-2.95794e-12	772280	0.999978	60.4058	2.21028e+06	nan	nan	nan	0.999981	60.4058	2.56137e+06	1	0	1
51	rs1	1:1	2:0.28375	rs2	1:2	2:0.51925	0	1000	0	0.999484	53.1716	82225	0.999777	53.4412	191452	0.999999	0.183091	168360	0.999276	56.0959	61807.9	1	1.22627e-11	249803	1	-8.82108e-12	1.55357e+06	1	-1.46944e-11	278608	1	4.19931e-12	1.55357e+06	1	-8.80074e-13	967930	0.999969	60.4058	1.57329e+06	nan	nan	nan	0.999978	60.4058	2.22302e+06	1	0	1
52	rs1	1:1	2:0.28475	rs2	1:2	2:0.5215	0	1000	0	1	1.44631e-11	228069	1	7.13385e-12	424951	1	4.59066e-12	247550	0.999788	60.4058	226996	1	1.72591e-11	241312	1	1.09885e-11	1.09991e+06	1	-8.44255e-12	260051	0.999959	60.4058	1.16811e+06	1	7.41007e-12	898845	1	2.30926e-13	1.19238e+06	1	1.07327e-11	2.46723e+06	nan	nan	nan	1	0	1
53	rs1	1:1	2:0.28375	rs2	1:2	2:0.52975	0	1000	0	0.999489	52.375	81785.6	0.999798	52.9078	209105	0.999998	-0.363491	133455	0.999231	55.7708	57877	1	-1.6957e-12	255875	1	-9.75396e-12	2.19583e+06	1	9.52306e-12	229725	1	-5.85487e-12	2.19583e+06	1	2.18603e-13	675427	0.999978	60.4058	2.21046e+06	nan	nan	nan	0.999985	60.4058	3.12476e+06	1	0	1
54	rs1	1:1	2:0.2845	rs2	1:2	2:0.53025	0	1000	0	0.999486	53.1844	82582.6	0.999785	53.4573	198500	0.999998	0.379414	133945	0.999286	56.1841	62760.1	1	6.40166e-12	246600	1	-1.29551e-11	1.55368e+06	1	9.28105e-13	225117	1	-1.80833e-12	1.55368e+06	1	-5.10847e-12	800297	0.999969	60.4058	1.57278e+06	nan	nan	nan	0.999978	60.4058	2.22529e+06	1	0	1
55	rs1	1:1	2:0.27925	rs2	1:2	2:0.52925	0	1000	0	0.999462	53.8061	79782.1	0.999813	54.1728	230966	0.999998	-0.361151	152966	0.999303	56.0578	64148.9	1	-2.68587e-11	269815	1	5.20928e-12	2.19581e+06	1	4.85223e-13	235716	1	2.59028e-11	1.09992e+06	1	-1.88711e-11	723707	0.999957	60.4058	1.13212e+06	nan	nan	nan	0.999981	60.4058	2.48614e+06	1	0	1
56	rs1	1:1	2:0.28	rs2	1:2	2:0.52625	0	1000	0	0.99948	53.1585	81628	0.999784	53.2887	196471	0.999999	-0.199147	150957	0.999283	55.9888	62263.4	1	-1.82848e-12	266350	1	-3.33437e-11	1.55361e+06	1	-1.38121e-12	242456	1	1.98952e-13	1.55361e+06	1	4.29756e-12	778092	0.999969	60.4058	1.57599e+06	nan	nan	nan	0.999978	60.4058	2.22981e+06	1	0	1
57	rs1	1:1	2:0.28725	rs2	1:2	2:0.52375	0	1000	0	0.0963776	4.50596	2.71007	0.363787	4.24441	4.67358	0.999905	-22.7536	191897	1.3621e-16	11.7366	1.41952	0.999913	-23.5233	216227	0.999981	-23.5233	981393	0.99992	-23.5233	235271	0.999991	-23.5233	2.19446e+06	0.999979	23.5233	888852	0.99997	83.9291	2.20621e+06	0.999992	23.5233	2.4154e+06	0.999973	83.9291	2.43943e+06	1	0	1
58	rs1	1:1	2:0.2825	rs2	1:2	2:0.5245	0	1000	0	0.999484	53.1592	82214.6	0.999887	54.2433	383067	0.999999	-0.147526	154978	0.999281	56.0804	62258.6	1	-4.17888e-13	248763	0.99997	60.4058	1.59671e+06	1	-3.56652e-12	251429	1	1.26725e-11	1.55361e+06	1	1.55265e-12	775099	0.999969	60.4058	1.57312e+06	nan	nan	nan	nan	nan	nan	1	0	1
59	rs1	1:1	2:0.27825	rs2	1:2	2:0.5265	0	1000	0	0.999479	52.3334	80088	0.999801	52.7359	211448	0.999999	-0.117162	137334	0.999237	55.6535	58213.3	1	-5.30515e-12	273202	1	-4.41343e-12	2.19579e+06	1	5.35627e-13	237772	1	3.46425e-11	2.19579e+06	1	-3.30563e-12	812653	0.999978	60.4058	2.21253e+06	nan	nan	nan	0.999985	60.4058	3.12853e+06	1	0	1
60	rs1	1:1	2:0.2825	rs2	1:2	2:0.528	0	1000	0	0.999472	53.5252	80842.4	0.999818	53.9813	236940	0.999998	0.394898	139715	0.999284	56.1668	62554.9	1	-6.84619e-12	245195	1	-4.41112e-11	2.19583e+06	1	-1.12288e-12	234844	1	1.45626e-11	1.26934e+06	1	2.25198e-12	843337	0.999963	60.4058	1.29241e+06	nan	nan	nan	0.999981	60.4058	2.56559e+06	1	0	1
61	rs1	1:1	2:0.28125	rs2	1:2	2:0.526	0	1000	0	0.99945	53.9757	78248.1	0.999884	55.0022	376768	1	-0.0777149	162210	0.999312	56.1913	65122.3	1	-7.73759e-12	255588	0.999954	60.4058	1.04917e+06	1	-9.6694e-12	250055	1	1.28004e-11	984381	1	2.14917e-12	810589	0.999953	60.4058	1.01659e+06	nan	nan	nan	nan	nan	nan	1	0	1
62	rs1	1:1	2:0.2835	rs2	1:2	2:0.5215	0	1000	0	0.999472	53.5482	80996.2	0.999747	53.2829	168235	0.999997	-0.629217	176049	0.999274	56.0821	61643	1	-3.9867e-12	254027	1	1.91995e-11	984345	1	1.19998e-11	276804	1	-3.06599e-12	1.26926e+06	1	-8.15747e-12	732566	0.999963	60.4058	1.29411e+06	nan	nan	nan	0.999971	60.4058	1.6537e+06	1	0	1
63	rs1	1:1	2:0.2855	rs2	1:2	2:0.52775	0	1000	0	0.999474	53.5458	81230.5	0.99975	53.5381	171099	0.999998	-0.320637	150485	0.999279	56.1143	62139.2	1	-4.13192e-12	251618	1	-8.06388e-12	1.26933e+06	1	-9.28013e-12	241508	1	3.72324e-11	1.26933e+06	1	6.19726e-13	719000	0.999963	60.4058	1.29365e+06	1	-7.16172e-12	2.54543e+06	0.999974	60.4058	1.82844e+06	1	0	1
64	rs1	1:1	2:0.28375	rs2	1:2	2:0.52575	0	1000	0	0.999468	53.8445	80712	0.999743	53.8063	166979	1	-0.0683647	158547	0.999299	56.1526	63923.9	1	2.01095e-12	261560	1	-7.31218e-12	1.0999e+06	1	3.95692e-12	248734	1	-3.919e-11	1.0999e+06	1	-3.36953e-13	812086	0.999957	60.4058	1.1302e+06	nan	nan	nan	0.99997	60.4058	1.59097e+06	1	0	1
65	rs1	1:1	2:0.2905	rs2	1:2	2:0.527	0	1000	0	5.8006e-05	6.91481	1.71977	0.10651	7.30751	4.52736	0.999885	-23.0912	159889	2.9308e-16	11.5513	1.41281	0.999914	-23.5334	217284	0.999988	-23.5334	1.55172e+06	0.999919	-23.5334	231317	0.999988	-23.5334	1.55172e+06	0.99997	23.5334	633797	0.999957	83.9392	1.56846e+06	nan	nan	nan	0.99997	83.9392	2.22107e+06	1	0	1
66	rs1	1:1	2:0.2785	rs2	1:2	2:0.52825	0	1000	0	0.99946	53.4751	79012.3	0.999784	53.5632	197474	1	-0.0300547	146035	0.999288	55.9737	62723	1	1.12901e-11	271515	1	-2.74979e-11	1.55362e+06	1	4.37379e-12	234593	1	2.35758e-11	1.2693e+06	1	-8.42659e-12	811131	0.999963	60.4058	1.29765e+06	nan	nan	nan	0.999976	60.4058	2.04438e+06	1	0	1
67	rs1	1:1	2:0.2865	rs2	1:2	2:0.52425	0	1000	0	0.999474	53.5488	81265.1	0.999735	53.4729	161257	0.999998	0.382055	149228	0.999279	56.1822	62175.4	1	7.33347e-12	246266	1	2.73266e-11	984406	1	3.14536e-12	251501	1	3.08376e-12	1.26931e+06	1	3.51275e-13	897735	0.999963	60.4058	1.29263e+06	nan	nan	nan	0.999971	60.4058	1.64066e+06	1	0	1
68	rs1	1:1	2:0.2795	rs2	1:2	2:0.52625	0	1000	0	0.999483	52.3672	80865.8	0.999767	52.2944	178788	0.999996	0.635867	125148	0.999237	55.7974	58380.8	1	8.58971e-12	260092	1	-1.4922e-11	1.2693e+06	1	-8.50775e-12	235701	1	-7.44649e-12	2.19581e+06	1	-2.60081e-12	959116	0.999978	60.4058	2.21094e+06	nan	nan	nan	0.999981	60.4058	2.56882e+06	1	0	1
69	rs1	1:1	2:0.27975	rs2	1:2	2:0.5215	0	1000	0	0.999458	53.4521	78652.7	0.999798	53.9029	213312	1	0.0842597	165032	0.999284	55.9459	62336.8	1	-1.19005e-12	269425	1	-1.33327e-11	2.19576e+06	1	-2.51237e-12	266049	1	-1.47864e-11	1.26922e+06	1	-3.20777e-12	969679	0.999963	60.4058	1.29724e+06	nan	nan	nan	0.999981	60.4058	2.55932e+06	1	0	1
70	rs1	1:1	2:0.28175	rs2	1:2	2:0.5245	0	1000	0	0.999463	53.4842	79483.2	0.999772	53.697	187514	0.999999	-0.176506	158166	0.999282	55.9999	62267.3	1	1.11321e-11	264622	1	-7.21756e-12	1.55359e+06	1	-2.23654e-13	252658	1	-2.67733e-11	1.26927e+06	1	5.92892e-12	814321	0.999963	60.4058	1.29625e+06	nan	nan	nan	0.999976	60.4058	2.03528e+06	1	0	1
71	rs1	1:1	2:0.2825	rs2	1:2	2:0.53	0	1000	0	0.999442	54.1552	77485.6	0.999797	54.2714	213699	0.999998	-0.459765	158111	0.999313	56.2901	65419.8	1	5.38014e-12	253046	1	-2.36596e-11	1.55365e+06	1	1.07162e-12	240403	1	-4.11404e-12	899234	1	4.29079e-12	660952	0.999948	60.4058	933594	nan	nan	nan	0.999974	60.4058	1.84078e+06	1	0	1
72	rs1	1:1	2:0.281	rs2	1:2	2:0.5255	0	1000	0	0.999485	52.3645	81193.3	0.999803	52.7931	213721	0.999996	-0.70638	149734	0.999228	55.6934	57579.7	1	4.4105e-12	263102	1	-1.06305e-10	2.1958e+06	1	-5.10254e-12	248706	1	-3.15836e-12	2.1958e+06	1	-5.43041e-12	684978	0.999978	60.4058	2.2113e+06	nan	nan	nan	0.999985	60.4058	3.12853e+06	1	0	1
73	rs1	1:1	2:0.28075	rs2	1:2	2:0.52275	0	1000	0	0.99948	53.1479	81576.6	0.999807	53.6068	221885	0.999999	0.103835	156985	0.999281	56.0133	62118.4	1	5.98599e-12	259860	1	-3.85212e-11	2.19578e+06	1	-2.85942e-12	256873	1	-5.45697e-12	1.55358e+06	1	-6.6e-12	903147	0.999969	60.4058	1.57491e+06	nan	nan	nan	0.999982	60.4058	2.7135e+06	1	0	1
74	rs1	1:1	2:0.2825	rs2	1:2	2:0.52375	0	1000	0	5.59842e-05	6.89595	1.71152	0.999933	30.2215	360806	0.99989	-22.1151	160715	8.46005e-16	11.3641	1.41216	0.999919	-23.4985	232612	0.99997	60.4058	1.59311e+06	0.99992	-23.4985	233930	0.999988	-23.4985	1.55172e+06	0.999982	23.4985	1.03536e+06	0.999957	83.9043	1.57065e+06	nan	nan	nan	nan	nan	nan	1	0	1
75	rs1	1:1	2:0.284	rs2	1:2	2:0.52825	0	1000	0	0.999647	30.8721	69729.2	0.99951	49.74	80920.8	0.999913	15.694	143821	0.999326	49.0886	58100.8	1	1.81896e-08	245241	1	-5.2504e-09	1.26935e+06	1	-5.87533e-10	232790	1	3.40048e-09	1.55366e+06	1	-1.84314e-08	892329	0.999981	37.0771	1.57098e+06	nan	nan	nan	0.999976	60.4058	2.04084e+06	1	0	1
76	rs1	1:1	2:0.28125	rs2	1:2	2:0.52375	0	1000	0	0.999919	-23.3834	231035	0.999957	-23.3495	434030	0.999915	-23.3933	220275	0.999801	60.2968	241339	0.999924	-23.4912	245348	0.999991	-23.4912	2.19446e+06	0.999919	-23.4912	231317	0.999978	60.4058	2.22474e+06	0.99998	23.4912	957243	1	6.2087e-08	2.23934e+06	0.999994	23.4912	3.11205e+06	nan	nan	nan	1	0	1
77	rs1	1:1	2:0.286	rs2	1:2	2:0.52225	0	1000	0	0.999492	53.2269	83630.4	0.999787	53.2592	199121	0.999999	0.270318	154944	0.999276	56.2982	62008.4	1	-1.27812e-11	230591	1	7.5273e-12	1.26932e+06	1	2.32327e-12	261727	1	3.62732e-12	1.55364e+06	1	4.40148e-13	847155	0.999969	60.4058	1.57034e+06	nan	nan	nan	0.999976	60.4058	2.0472e+06	1	0	1
78	rs1	1:1	2:0.28025	rs2	1:2	2:0.52875	0	1000	0	0.0681802	4.65012	2.54967	0.385378	5.10069	5.87617	0.999893	-23.1386	173168	7.51783e-16	11.457	1.42114	0.999924	-23.5133	246896	0.999991	-23.5133	2.19446e+06	0.999913	-23.5133	215185	0.999991	-23.5133	2.19446e+06	0.999975	23.5133	738275	0.99997	83.9191	2.20943e+06	nan	nan	nan	0.999979	83.9191	3.1292e+06	1	0	1
79	rs1	1:1	2:0.281	rs2	1:2	2:0.5285	0	1000	0	0.999463	53.4858	79468.4	0.999775	53.661	190491	0.999999	-0.241465	148078	0.999286	55.9898	62546.5	1	-7.55729e-13	268112	1	2.35478e-11	1.55362e+06	1	2.52838e-12	235716	1	-1.02638e-11	1.26931e+06	1	4.91007e-12	747875	0.999963	60.4058	1.29696e+06	nan	nan	nan	0.999976	60.4058	2.03783e+06	1	0	1
80	rs1	1:1	2:0.2835	rs2	1:2	2:0.5265	0	1000	0	0.0798291	4.58379	2.6168	0.348867	4.81001	5.13458	0.9999	-22.8186	181152	3.58761e-16	11.5786	1.42038	0.999919	-23.5158	232612	0.999988	-23.5158	1.55172e+06	0.999915	-23.5158	221674	0.999991	-23.5158	2.19446e+06	0.999978	23.5158	839765	0.99997	83.9216	2.20789e+06	nan	nan	nan	0.999975	83.9216	2.71388e+06	1	0	1
81	rs1	1:1	2:0.27775	rs2	1:2	2:0.525	0	1000	0	0.999479	52.3497	80137.1	0.999758	52.1845	171756	0.999997	-0.551292	148417	0.999234	55.609	57924.5	1	9.08829e-12	280629	1	2.37672e-11	1.26926e+06	1	9.84723e-12	247266	1	-1.4051e-11	2.19578e+06	1	1.52667e-12	756236	0.999978	60.4058	2.21345e+06	nan	nan	nan	0.999981	60.4058	2.56879e+06	1	0	1
82	rs1	1:1	2:0.281	rs2	1:2	2:0.52675	0	1000	0	0.999482	53.1608	81913.5	0.999812	53.5982	227872	0.999999	-0.101674	148250	0.999282	56.0382	62316	1	4.09039e-12	258586	1	-2.19057e-11	2.19581e+06	1	-1.07924e-11	240188	1	4.65761e-12	1.55362e+06	1	9.43462e-12	774735	0.999969	60.4058	1.5747e+06	nan	nan	nan	0.999982	60.4058	2.71576e+06	1	0	1
83	rs1	1:1	2:0.28125	rs2	1:2	2:0.52475	0	1000	0	1	1.52269e-11	236864	1	9.18376e-12	462861	1	8.6553e-13	232394	0.999797	60.4058	237148	1	-8.9917e-13	254208	1	-1.74118e-11	1.55362e+06	1	-3.45875e-12	246207	0.99997	60.4058	1.60619e+06	1	9.36157e-12	746413	1	-1.62252e-11	1.6259e+06	nan	nan	nan	nan	nan	nan	1	0	1
84	rs1	1:1	2:0.28375	rs2	1:2	2:0.528	0	1000	0	0.999485	53.1814	82347.8	0.999767	53.278	182358	0.999998	-0.358748	148715	0.999282	56.0634	62260.7	1	1.54099e-13	257208	1	1.01352e-11	1.55364e+06	1	-5.48203e-12	238015	1	1.90212e-11	1.55364e+06	1	-7.32792e-12	719828	0.999969	60.4058	1.57448e+06	1	-1.28621e-11	2.69817e+06	0.999978	60.4058	2.22526e+06	1	0	1
85	rs1	1:1	2:0.27825	rs2	1:2	2:0.525	0	1000	0	0.999479	52.3497	80187.3	0.999765	52.2896	177154	0.999995	-0.921823	155248	0.999233	55.5726	57775.6	1	-1.03134e-11	282597	1	-5.11606e-12	1.55358e+06	1	-1.16413e-12	251204	1	-1.05409e-11	2.19578e+06	1	8.04512e-12	712479	0.999978	60.4058	2.2137e+06	1	7.91064e-12	2.69937e+06	0.999982	60.4058	2.71944e+06	1	0	1
86	rs1	1:1	2:0.2835	rs2	1:2	2:0.52375	0	1000	0	0.999474	53.5444	81295.1	0.999789	53.7239	203526	0.999999	-0.293109	161711	0.999276	56.1304	61836.4	1	1.3809e-12	246192	1	-1.4369e-11	1.55361e+06	1	1.0808e-12	260051	1	3.52074e-12	1.26929e+06	1	4.94782e-12	748423	0.999963	60.4058	1.2926e+06	nan	nan	nan	0.999976	60.4058	2.04311e+06	1	0	1
87	rs1	1:1	2:0.28175	rs2	1:2	2:0.52925	0	1000	0	1.45521e-06	7.6012	1.5779	0.152549	8.02615	5.6104	0.999878	-22.923	149547	9.10145e-16	11.3777	1.41542	0.99992	-23.5233	235271	0.999991	-23.5233	2.19446e+06	0.999914	-23.5233	219446	0.999985	-23.5233	1.26697e+06	0.999973	23.5233	688436	0.999948	83.9291	1.29055e+06	nan	nan	nan	0.999974	83.9291	2.57024e+06	1	0	1
88	rs1	1:1	2:0.2855	rs2	1:2	2:0.52825	0	1000	0	0.999485	53.1978	82416.1	0.999737	52.8876	160323	0.999995	0.854164	132192	0.999285	56.2428	62773.8	1	1.04527e-12	245319	1	7.18517e-12	833081	1	-1.02419e-11	229841	1	-2.46381e-11	1.55367e+06	1	3.23008e-12	953701	0.999969	60.4058	1.57258e+06	nan	nan	nan	0.999973	60.4058	1.80217e+06	1	0	1
89	rs1	1:1	2:0.28625	rs2	1:2	2:0.52525	0	1000	0	1	7.74847e-12	224052	1	3.69837e-12	418188	1	5.03619e-12	230362	0.999785	60.4058	224004	1	3.36342e-12	242712	1	4.79616e-13	1.09996e+06	1	4.36297e-12	246400	0.999959	60.4058	1.16184e+06	1	-9.15956e-12	695750	1	-2.9452e-12	1.1865e+06	nan	nan	nan	nan	nan	nan	1	0	1
90	rs1	1:1	2:0.28175	rs2	1:2	2:0.52425	0	1000	0	5.38314e-05	6.92955	1.71594	0.134347	7.05596	4.71284	0.99989	-22.7528	164758	7.36633e-16	11.3896	1.41235	0.999921	-23.4997	236635	0.999988	-23.4997	1.55172e+06	0.999921	-23.4997	236635	0.999988	-23.4997	1.55172e+06	0.999977	23.4997	804404	0.999957	83.9055	1.57124e+06	nan	nan	nan	0.99997	83.9055	2.23198e+06	1	0	1
91	rs1	1:1	2:0.28775	rs2	1:2	2:0.5245	0	1000	0	0.999487	53.6112	83305.5	0.999766	53.589	182818	0.999998	0.422279	146624	0.999275	56.3108	61975.6	1	-1.43277e-11	229758	1	7.97029e-13	1.09998e+06	1	4.53555e-12	251722	1	-1.28608e-12	1.26935e+06	1	-7.46792e-12	843846	0.999963	60.4058	1.28957e+06	nan	nan	nan	0.999972	60.4058	1.72212e+06	1	0	1
92	rs1	1:1	2:0.28275	rs2	1:2	2:0.52475	0	1000	0	0.999484	53.1681	82218.6	0.999811	53.6607	226364	0.999999	0.167972	149709	0.999281	56.1045	62242.8	1	-1.91962e-11	250098	1	-2.48372e-11	2.1958e+06	1	-1.83231e-11	247481	1	3.60849e-11	1.55362e+06	1	1.51386e-11	848445	0.999969	60.4058	1.57333e+06	nan	nan	nan	0.999982	60.4058	2.71352e+06	1	0	1
93	rs1	1:1	2:0.27625	rs2	1:2	2:0.5255	0	1000	0	0.999459	53.478	78929	0.999803	53.4334	216438	0.999996	0.634904	144378	0.999288	56.0302	62775.6	1	-1.90459e-12	264675	1	5.43077e-12	1.5536e+06	1	-6.10956e-13	242412	1	-3.05889e-12	1.26928e+06	1	-9.50806e-12	1.04216e+06	0.999963	60.4058	1.29622e+06	nan	nan	nan	0.999977	60.4058	2.06113e+06	1	0	1
94	rs1	1:1	2:0.28425	rs2	1:2	2:0.52425	0	1000	0	0.999488	53.2003	82978.2	0.999793	53.4182	205541	0.999999	0.0991349	151808	0.999278	56.1928	62124	1	-2.10076e-12	241417	1	-1.79199e-11	1.55363e+06	1	1.94798e-12	251530	1	-1.53975e-11	1.55363e+06	1	5.2508e-12	806650	0.999969	60.4058	1.57197e+06	nan	nan	nan	0.999978	60.4058	2.22983e+06	1	0	1
95	rs1	1:1	2:0.27975	rs2	1:2	2:0.524	0	1000	0	1	-5.27223e-12	238231	1	-6.15685e-12	491346	1	2.59825e-12	235584	0.999797	60.4058	237633	1	-6.63691e-13	252799	1	-9.05231e-12	1.26929e+06	1	-7.79999e-13	246192	0.999964	60.4058	1.35062e+06	1	-2.01145e-12	848875	1	1.67688e-12	1.37372e+06	nan	nan	nan	nan	nan	nan	1	0	1
96	rs1	1:1	2:0.28275	rs2	1:2	2:0.52675	0	1000	0	0.999479	53.1254	81315.4	0.999878	54.213	354032	0.999995	0.871558	136105	0.999288	56.1085	62857.7	1	3.5526e-12	248895	0.99997	60.4058	1.59005e+06	1	7.17114e-12	234717	1	3.89377e-11	1.55364e+06	1	-4.62047e-12	1.03645e+06	0.999969	60.4058	1.57315e+06	nan	nan	nan	nan	nan	nan	1	0	1
97	rs1	1:1	2:0.2815	rs2	1:2	2:0.5285	0	1000	0	0.999464	53.4804	79542.3	0.999803	53.9517	218051	1	-0.0799078	145868	0.999286	56.0136	62612.3	1	6.58096e-12	263239	1	-1.5748e-11	2.19581e+06	1	1.29492e-11	234670	1	-4.86367e-12	1.26931e+06	1	-1.14293e-11	774597	0.999963	60.4058	1.29596e+06	nan	nan	nan	0.999981	60.4058	2.55999e+06	1	0	1
98	rs1	1:1	2:0.29225	rs2	1:2	2:0.525	0	1000	0	0.999496	53.2471	84255.1	0.999747	53.2219	167968	0.999998	-0.458148	158816	0.999274	56.3206	61907.7	1	3.0429e-12	229824	1	-1.17139e-11	984478	1	-2.78536e-12	257412	1	-3.27809e-11	1.55367e+06	1	2.95697e-12	643424	0.999969	60.4058	1.57024e+06	nan	nan	nan	0.999974	60.4058	1.87015e+06	1	0	1
99	rs1	1:1	2:0.28575	rs2	1:2	2:0.52425	0	1000	0	0.999673	30.2756	73793.6	0.999867	53.6209	322095	0.999997	-0.506831	157150	0.999403	33.68	44982.4	1	1.79082e-09	255533	0.999978	60.4058	2.21675e+06	1	2.23171e-09	255533	1	6.55071e-10	2.19579e+06	1	-2.32254e-09	725296	0.999987	37.0604	2.20929e+06	nan	nan	nan	nan	nan	nan	1	0	1
100	rs1	1:1	2:0.286	rs2	1:2	2:0.5255	0	1000	0	0.999495	52.4196	82763.5	0.999738	52.3362	159602	0.999996	0.64485	125787	0.99923	55.9408	57979.4	1	7.07556e-12	240371	1	4.66392e-12	1.26934e+06	1	-1.13499e-11	240371	1	-3.91118e-11	2.19583e+06	1	1.30596e-11	955076	0.999978	60.4058	2.20872e+06	1	1.48352e-11	2.54532e+06	0.999981	60.4058	2.56068e+06	1	0	1
101	rs1	1:1	2:0.28475	rs2	1:2	2:0.523	0	1000	0	0.999475	53.5462	81453.4	0.999785	53.7955	200096	0.999999	0.145887	156701	0.999276	56.1781	61932	1	-1.78113e-12	241326	1	3.89799e-13	1.55362e+06	1	-7.79957e-12	260065	1	-2.81517e-11	1.2693e+06	1	9.722e-12	849668	0.999963	60.4058	1.29169e+06	nan	nan	nan	0.999976	60.4058	2.03877e+06	1	0	1
102	rs1	1:1	2:0.28275	rs2	1:2	2:0.52825	0	1000	0	0.999441	54.139	77288.1	0.999819	54.5933	240804	0.999998	0.461687	152143	0.999315	56.3531	65647.4	1	-4.52749e-13	245165	1	6.00958e-11	2.19583e+06	1	-4.22343e-12	239223	1	1.03171e-11	899226	1	4.59677e-12	894029	0.999948	60.4058	931503	nan	nan	nan	0.99998	60.4058	2.40213e+06	1	0	1
103	rs1	1:1	2:0.286	rs2	1:2	2:0.5235	0	1000	0	0.999492	52.3839	82275.5	0.999796	52.9963	206842	1	0.0469811	140748	0.999226	55.8526	57582.1	1	1.82582e-11	243739	1	2.62496e-12	2.19581e+06	1	1.16764e-11	252827	1	-2.50893e-11	2.19581e+06	1	-3.93352e-13	807776	0.999978	60.4058	2.2091e+06	nan	nan	nan	0.999985	60.4058	3.12238e+06	1	0	1
104	rs1	1:1	2:0.29025	rs2	1:2	2:0.5215	0	1000	0	0.999508	52.4719	85098.8	0.999776	52.7897	187749	0.999998	0.341442	140866	0.99922	56.0408	57311.3	1	-4.00083e-12	222219	1	-2.089e-11	2.19583e+06	1	7.60097e-12	263365	1	7.83018e-12	2.19583e+06	1	-1.30486e-11	894817	0.999978	60.4058	2.20682e+06	1	1.64501e-11	3.11459e+06	0.999985	60.4058	3.12423e+06	1	0	1
105	rs1	1:1	2:0.288	rs2	1:2	2:0.52725	0	1000	0	0.999472	53.8551	81417.1	0.999744	54.0789	168649	1	-0.0444754	153979	0.9993	56.2042	64019.8	1	-1.58595e-12	254309	1	-2.09893e-11	1.26932e+06	1	-1.05566e-12	242620	1	2.70006e-12	1.09994e+06	1	-7.85449e-12	774053	0.999957	60.4058	1.12857e+06	nan	nan	nan	0.999972	60.4058	1.70419e+06	1	0	1
106	rs1	1:1	2:0.2795	rs2	1:2	2:0.52825	0	1000	0	0.99948	53.1517	81577.6	0.999814	53.5493	229171	1	-0.085672	144453	0.999285	55.9969	62469.3	1	-1.50097e-12	264825	1	-2.60481e-12	2.19581e+06	1	-5.78368e-12	233594	1	1.77636e-12	1.55363e+06	1	1.1543e-12	774817	0.999969	60.4058	1.57573e+06	nan	nan	nan	0.999982	60.4058	2.7175e+06	1	0	1
107	rs1	1:1	2:0.28325	rs2	1:2	2:0.52375	0	1000	0	0.999492	52.4007	82372.3	0.999794	52.6767	204361	0.999996	-0.685734	154468	0.999223	55.7938	57262.5	1	2.37754e-11	248749	1	2.61016e-11	2.1958e+06	1	4.33189e-12	258530	1	1.53619e-11	2.1958e+06	1	-3.31415e-12	702331	0.999978	60.4058	2.20964e+06	1	-1.68351e-11	3.11419e+06	0.999985	60.4058	3.13014e+06	1	0	1
108	rs1	1:1	2:0.282	rs2	1:2	2:0.5215	0	1000	0	1	1.36033e-11	243745	1	9.82681e-12	433507	1	9.63896e-13	247553	0.999803	60.4058	244433	1	3.56692e-12	256846	1	1.86873e-12	441007	1	-6.68798e-12	261372	0.999811	60.4058	255358	1	1.59872e-11	814607	nan	nan	nan	nan	nan	nan	nan	nan	nan	1	0	1
109	rs1	1:1	2:0.28275	rs2	1:2	2:0.52525	0	1000	0	0.999914	-23.4161	218246	0.999957	-23.4223	435913	0.999913	-23.4201	213906	0.99979	60.31	228902	0.999919	-23.5121	231317	0.999988	-23.5121	1.55172e+06	0.999916	-23.5121	223971	0.99997	60.4058	1.601e+06	0.999979	23.5121	889732	1	9.15204e-09	1.61916e+06	nan	nan	nan	nan	nan	nan	1	0	1
110	rs1	1:1	2:0.282	rs2	1:2	2:0.52825	0	1000	0	0.999464	53.4832	79650.5	0.999801	53.9626	216453	0.999999	-0.218889	148348	0.999285	56.0074	62511.6	1	-1.39456e-11	263225	1	-5.4296e-12	2.19581e+06	1	8.00829e-12	236826	1	1.85665e-11	1.26931e+06	1	-3.17746e-12	746484	0.999963	60.4058	1.29596e+06	nan	nan	nan	0.999981	60.4058	2.55936e+06	1	0	1
111	rs1	1:1	2:0.28425	rs2	1:2	2:0.5255	0	1000	0	0.999496	52.4115	82935	0.999815	52.9343	228106	0.999996	0.676542	124271	0.99923	55.9546	57955.3	1	7.92941e-12	235920	1	-3.7627e-11	2.19583e+06	1	4.08701e-15	240403	1	-3.8046e-11	2.19583e+06	1	-4.93147e-12	891847	0.999978	60.4058	2.20823e+06	nan	nan	nan	0.999985	60.4058	3.12933e+06	1	0	1
112	rs1	1:1	2:0.285	rs2	1:2	2:0.52675	0	1000	0	0.999486	53.188	82589.2	0.999764	53.3075	180243	0.999998	0.343211	141949	0.999282	56.1683	62445.6	1	7.10043e-12	247658	1	1.38062e-12	1.26933e+06	1	-1.81902e-12	238062	1	-4.30944e-12	1.55365e+06	1	6.59656e-12	844976	0.999969	60.4058	1.57295e+06	nan	nan	nan	0.999976	60.4058	2.03532e+06	1	0	1
113	rs1	1:1	2:0.2785	rs2	1:2	2:0.52225	0	1000	0	0.999462	53.4835	79391.4	0.999817	53.8165	235245	0.999998	-0.325526	168191	0.99928	55.9869	62060.3	1	3.02713e-12	262902	1	-1.61029e-11	2.19577e+06	1	-3.19855e-13	266139	1	-5.79803e-12	1.26924e+06	1	-2.82874e-12	818088	0.999963	60.4058	1.29587e+06	nan	nan	nan	0.999981	60.4058	2.57003e+06	1	0	1
114	rs1	1:1	2:0.28475	rs2	1:2	2:0.52525	0	1000	0	0.999487	53.1873	82780.7	0.999818	53.7033	235817	0.999997	0.533268	142883	0.999281	56.2323	62372	1	5.67268e-13	236966	1	-1.75526e-13	2.19583e+06	1	7.20035e-13	243920	1	-2.67733e-11	1.55365e+06	1	1.75304e-12	893091	0.999969	60.4058	1.5713e+06	nan	nan	nan	0.999982	60.4058	2.71499e+06	1	0	1
115	rs1	1:1	2:0.286	rs2	1:2	2:0.525	0	1000	0	0.999488	53.1795	82939.8	0.999881	54.2661	363242	1	0.0287111	150693	0.999281	56.1918	62349.9	1	8.61722e-12	236934	0.99997	60.4058	1.59204e+06	1	6.86036e-12	248939	1	8.09308e-12	1.55364e+06	1	-2.40424e-12	770520	0.999969	60.4058	1.5713e+06	nan	nan	nan	nan	nan	nan	1	0	1
116	rs1	1:1	2:0.28375	rs2	1:2	2:0.52675	0	1000	0	0.999489	52.3929	81827.7	0.999745	52.3497	163862	0.999995	0.818485	120513	0.999236	55.8876	58331	1	3.09811e-12	250274	1	1.43158e-11	1.09995e+06	1	1.33805e-12	233720	1	-4.54214e-11	2.19582e+06	1	-3.17152e-12	955976	0.999978	60.4058	2.20982e+06	nan	nan	nan	0.999981	60.4058	2.48181e+06	1	0	1
117	rs1	1:1	2:0.28675	rs2	1:2	2:0.52925	0	1000	0	0.999638	31.266	68898.7	0.99963	31.9656	68898.7	0.999876	-23.1653	148939	1.53689e-15	11.314	1.41887	0.999734	25.7962	77489.1	1	1.67203e-10	2.19583e+06	1	3.85867e-09	236997	1	6.04356e-09	1.26934e+06	0.999967	-25.7962	632569	0.999993	11.2663	1.26934e+06	1	-1.24279e-08	3.11247e+06	0.999981	60.4058	2.5557e+06	1	0	1
118	rs1	1:1	2:0.28425	rs2	1:2	2:0.52775	0	1000	0	0.999492	52.4147	82304	0.999734	52.1467	156631	0.999995	-0.875715	146634	0.999226	55.7458	57433.5	1	1.80733e-11	261727	1	2.63301e-11	984425	1	5.94658e-12	242651	1	2.00409e-11	2.19582e+06	1	-4.95456e-12	623664	0.999978	60.4058	2.21114e+06	nan	nan	nan	0.99998	60.4058	2.43624e+06	1	0	1
119	rs1	1:1	2:0.27875	rs2	1:2	2:0.526	0	1000	0	0.999479	52.3432	80216	0.999772	52.4553	183521	0.999999	-0.132003	138635	0.999236	55.6658	58131.1	1	-4.658e-12	273189	1	1.90761e-11	1.5536e+06	1	9.72963e-12	240039	1	7.5886e-12	2.19579e+06	1	8.43936e-13	813319	0.999978	60.4058	2.21253e+06	nan	nan	nan	0.999982	60.4058	2.71659e+06	1	0	1
120	rs1	1:1	2:0.2825	rs2	1:2	2:0.526	0	1000	0	0.999486	53.1874	82540.8	0.999791	53.3621	203786	1	-0.0375055	149098	0.99928	56.1219	62231.3	1	-6.2631e-12	250186	1	-1.76113e-11	1.55363e+06	1	2.37464e-12	243814	1	4.70379e-12	1.55363e+06	1	-1.04355e-11	773089	0.999969	60.4058	1.57334e+06	nan	nan	nan	0.999978	60.4058	2.23091e+06	1	0	1
121	rs1	1:1	2:0.2795	rs2	1:2	2:0.52475	0	1000	0	0.999484	52.3547	80889.2	0.999825	52.8594	240751	0.999998	-0.317875	147749	0.999233	55.7125	57938.4	1	-3.05295e-12	259968	0.999978	60.4058	2.23198e+06	1	-2.89316e-12	247380	1	-1.83817e-11	2.19579e+06	1	1.15679e-11	811178	0.999978	60.4058	2.21093e+06	0.999985	-60.4058	3.13891e+06	nan	nan	nan	1	0	1
122	rs1	1:1	2:0.283	rs2	1:2	2:0.52225	0	1000	0	0.999479	53.8995	82531.3	0.999827	54.2963	251060	0.999999	-0.23339	172876	0.999293	56.2761	63523.5	1	7.00062e-12	240098	1	3.04733e-11	2.1958e+06	1	-1.81355e-13	271462	1	7.81597e-14	1.0999e+06	1	-4.85856e-12	779127	0.999957	60.4058	1.12539e+06	nan	nan	nan	0.999981	60.4058	2.49075e+06	1	0	1
123	rs1	1:1	2:0.28675	rs2	1:2	2:0.5235	0	1000	0	0.999462	54.0661	80184.4	0.999784	54.1441	200458	0.999998	0.4216	163227	0.999305	56.478	64826.8	1	7.68274e-13	229644	1	-1.71473e-11	1.26933e+06	1	4.81351e-12	261769	1	-2.07088e-11	984436	1	-1.13096e-11	896230	0.999952	60.4058	1.01037e+06	nan	nan	nan	0.999971	60.4058	1.65218e+06	1	0	1
124	rs1	1:1	2:0.28475	rs2	1:2	2:0.52525	0	1000	0	0.999484	53.172	82291.6	0.999777	53.4779	191063	0.999998	0.402575	145108	0.999282	56.1379	62356	1	7.80481e-12	248836	1	-5.82639e-12	1.55363e+06	1	-4.62064e-12	243784	1	-1.21076e-11	1.55363e+06	1	-4.75625e-12	896314	0.999969	60.4058	1.57314e+06	nan	nan	nan	0.999978	60.4058	2.22177e+06	1	0	1
125	rs1	1:1	2:0.28425	rs2	1:2	2:0.5255	0	1000	0	5.39616e-05	6.93741	1.71813	0.0681298	6.85246	3.75653	0.999887	-22.7415	160413	8.96725e-16	11.3552	1.4123	0.999923	-23.5022	243829	0.999983	-23.5022	1.09723e+06	0.999918	-23.5022	230042	0.999988	-23.5022	1.55172e+06	0.999977	23.5022	804640	0.999957	83.908	1.57236e+06	nan	nan	nan	0.999965	83.908	1.93188e+06	1	0	1
126	rs1	1:1	2:0.2885	rs2	1:2	2:0.52175	0	1000	0	0.999515	52.5211	86360.7	0.99978	52.648	191348	0.999985	2.00575	108923	0.999225	56.1378	57827.5	1	-6.93895e-12	218918	1	-7.54548e-12	1.26936e+06	1	6.01052e-12	254514	1	2.52491e-11	2.19584e+06	1	8.10607e-12	1.30839e+06	0.999978	60.4058	2.20648e+06	nan	nan	nan	0.999981	60.4058	2.56661e+06	1	0	1
127	rs1	1:1	2:0.2815	rs2	1:2	2:0.5245	0	1000	0	1	-6.25278e-13	245213	1	-1.63425e-13	430770	1	7.56339e-12	233520	0.999803	60.4058	244574	1	1.7234e-12	257038	1	6.18527e-12	1.55361e+06	1	1.3595e-12	241282	0.99997	60.4058	1.59425e+06	1	2.20046e-13	959700	1	5.8904e-12	1.61457e+06	nan	nan	nan	nan	nan	nan	1	0	1
128	rs1	1:1	2:0.28425	rs2	1:2	2:0.52325	0	1000	0	0.99944	54.1256	77120.8	0.999802	54.6352	220355	0.999999	-0.225288	176973	0.99931	56.2486	65054.3	1	1.04801e-11	252644	1	1.21576e-11	2.19578e+06	1	-2.42312e-12	269617	1	-1.01323e-11	899122	1	2.03479e-11	815958	0.999948	60.4058	933527	nan	nan	nan	0.99998	60.4058	2.39502e+06	1	0	1
129	rs1	1:1	2:0.28725	rs2	1:2	2:0.52025	0	1000	0	0.999495	53.6445	84832.9	0.999906	54.7376	463644	0.999996	0.680557	155026	0.999271	56.3907	61742.6	1	2.30249e-12	214791	0.999964	60.4058	1.34709e+06	1	-6.03852e-12	275312	1	-1.26441e-11	1.26934e+06	1	-6.71407e-12	958404	0.999963	60.4058	1.28697e+06	nan	nan	nan	nan	nan	nan	1	0	1
130	rs1	1:1	2:0.28375	rs2	1:2	2:0.52675	0	1000	0	0.999485	53.1853	82330.1	0.999751	53.1332	170495	0.999998	0.275574	142954	0.999283	56.1223	62445.7	1	2.11575e-12	254323	1	1.04257e-11	1.09994e+06	1	-2.58854e-12	238000	1	-4.46576e-12	1.55364e+06	1	2.86543e-12	846953	0.999969	60.4058	1.57401e+06	nan	nan	nan	0.999975	60.4058	1.93594e+06	1	0	1
131	rs1	1:1	2:0.28275	rs2	1:2	2:0.52375	0	1000	0	0.999487	52.3844	81504.1	0.999744	52.2787	162977	0.999999	0.122303	138941	0.999229	55.8069	57774.5	1	9.08049e-12	255574	1	3.18126e-11	1.0999e+06	1	2.91211e-13	250041	1	6.63292e-12	2.1958e+06	1	8.21071e-12	850841	0.999978	60.4058	2.21042e+06	nan	nan	nan	0.999981	60.4058	2.48337e+06	1	0	1
132	rs1	1:1	2:0.286	rs2	1:2	2:0.52725	0	1000	0	0.999489	53.2096	83047.9	0.999756	53.1467	173655	0.999998	-0.471768	152270	0.999278	56.148	62092	1	-1.52481e-11	248984	1	-7.21723e-12	1.09996e+06	1	5.6985e-13	243935	1	1.2907e-11	1.55365e+06	1	6.55276e-12	660715	0.999969	60.4058	1.57315e+06	nan	nan	nan	0.999975	60.4058	1.93788e+06	1	0	1
133	rs1	1:1	2:0.28975	rs2	1:2	2:0.5255	0	1000	0	0.999503	52.4579	84288	0.999748	52.5478	166274	0.999995	-0.966338	154830	0.999218	55.8671	56977	1	4.08157e-12	241524	1	-9.56377e-12	1.26933e+06	1	-1.18804e-11	257265	1	-4.26219e-11	2.19583e+06	1	4.3055e-12	609906	0.999978	60.4058	2.20885e+06	1	2.82357e-11	2.54697e+06	0.999981	60.4058	2.55877e+06	1	0	1
134	rs1	1:1	2:0.27925	rs2	1:2	2:0.52375	0	1000	0	0.999464	53.8112	80156.7	0.999896	54.8563	420365	0.999998	-0.49214	171347	0.999299	56.0837	63818.2	1	1.06523e-11	259874	0.999959	60.4058	1.173e+06	1	-6.39114e-12	262981	1	-2.79066e-11	1.09987e+06	1	-2.51732e-12	754113	0.999957	60.4058	1.12978e+06	nan	nan	nan	nan	nan	nan	1	0	1
135	rs1	1:1	2:0.288	rs2	1:2	2:0.525	0	1000	0	0.99949	53.6272	83897.8	0.99978	53.6882	195162	0.999998	-0.342797	158142	0.999271	56.2713	61612.8	1	-5.0403e-12	230753	1	-1.47758e-11	1.26935e+06	1	1.76031e-12	257353	1	-1.57812e-11	1.26935e+06	1	-1.13753e-12	676327	0.999963	60.4058	1.28974e+06	nan	nan	nan	0.999974	60.4058	1.83767e+06	1	0	1
136	rs1	1:1	2:0.28175	rs2	1:2	2:0.525	0	1000	0	0.999481	52.3523	80560.1	0.999744	52.4069	163404	1	0.0497485	137812	0.999234	55.7151	58061.7	1	2.60189e-12	267965	1	7.43906e-12	1.26927e+06	1	3.93638e-12	243607	1	-2.76188e-11	2.19579e+06	1	-3.1381e-12	852801	0.999978	60.4058	2.2119e+06	nan	nan	nan	0.999981	60.4058	2.55874e+06	1	0	1
137	rs1	1:1	2:0.2855	rs2	1:2	2:0.52575	0	1000	0	0.999493	52.4007	82529.3	0.999773	52.6928	185239	0.999999	-0.0999404	137468	0.999226	55.8624	57603.2	1	1.06833e-11	245104	1	-3.04186e-12	1.55364e+06	1	-3.80446e-12	243874	1	-1.9174e-11	2.19582e+06	1	1.51048e-11	742544	0.999978	60.4058	2.20924e+06	nan	nan	nan	0.999982	60.4058	2.71223e+06	1	0	1
138	rs1	1:1	2:0.28075	rs2	1:2	2:0.52325	0	1000	0	0.999478	53.144	81273	0.999787	53.3285	199642	0.999996	0.826037	155182	0.999286	56.0653	62628.7	1	-9.44811e-12	254068	0.99997	60.4058	1.59425e+06	1	2.51729e-12	249956	1	1.69216e-11	1.55359e+06	1	-2.97135e-12	1.31394e+06	0.999969	60.4058	1.57397e+06	0.999982	-60.4058	2.72286e+06	nan	nan	nan	1	0	1
139	rs1	1:1	2:0.285	rs2	1:2	2:0.531	0	1000	0	0.999452	54.0074	78591	0.999777	54.1207	193227	0.999992	1.38447	135253	0.999315	56.4477	65749.5	1	1.01907e-11	238414	1	-2.54254e-11	1.2694e+06	1	4.93369e-12	223448	1	-1.79838e-11	984522	1	-1.60956e-11	1.14216e+06	0.999952	60.4058	1.01241e+06	nan	nan	nan	0.999971	60.4058	1.64685e+06	1	0	1
140	rs1	1:1	2:0.28125	rs2	1:2	2:0.52475	0	1000	0	0.999461	53.4733	79145.5	0.999768	53.6804	185013	0.999999	-0.211578	158118	0.999284	55.9654	62355	1	-3.27338e-12	269604	1	-6.47174e-12	1.55359e+06	1	-1.57332e-12	251259	1	-6.00409e-13	1.26926e+06	1	5.19007e-12	815530	0.999963	60.4058	1.29728e+06	nan	nan	nan	0.999976	60.4058	2.03452e+06	1	0	1
141	rs1	1:1	2:0.2875	rs2	1:2	2:0.5265	0	1000	0	0.999492	53.2175	83501.9	0.999772	53.3606	186953	0.999999	-0.107855	148876	0.999279	56.238	62215.2	1	-3.892e-12	237061	1	-3.10859e-11	1.55366e+06	1	2.9611e-12	244012	1	-1.94191e-11	1.55366e+06	1	-1.02133e-11	739928	0.999969	60.4058	1.57132e+06	1	3.41652e-11	2.69871e+06	0.999978	60.4058	2.22528e+06	1	0	1
142	rs1	1:1	2:0.28275	rs2	1:2	2:0.5245	0	1000	0	0.999461	53.4794	79098.5	0.999728	53.4245	156445	0.999998	-0.40847	161881	0.999284	55.9359	62302.2	1	-1.03221e-11	276766	1	-2.13252e-12	1.09986e+06	1	-1.74635e-12	253986	1	-7.91545e-12	1.26925e+06	1	-1.34448e-12	785426	0.999963	60.4058	1.29879e+06	nan	nan	nan	0.999972	60.4058	1.70937e+06	1	0	1
143	rs1	1:1	2:0.2815	rs2	1:2	2:0.523	0	1000	0	1	-1.17346e-11	230492	1	-5.92948e-12	492419	1	-1.3406e-11	240168	0.99979	60.4058	229916	1	5.1249e-12	241356	1	1.18376e-11	2.19581e+06	1	-5.05474e-12	251472	0.999978	60.4058	2.24167e+06	1	1.47149e-11	896401	1	1.17666e-11	2.25441e+06	1	-1.84741e-13	3.11361e+06	nan	nan	nan	1	0	1
144	rs1	1:1	2:0.2785	rs2	1:2	2:0.5225	0	1000	0	0.999483	52.3467	80812	0.999898	53.5417	420779	0.999994	0.987613	128300	0.999237	55.783	58362.1	1	-4.4986e-12	254041	0.999978	60.4058	2.23331e+06	1	2.47789e-12	251273	1	1.11982e-11	2.19578e+06	1	-2.56542e-12	1.15143e+06	0.999978	60.4058	2.21024e+06	nan	nan	nan	nan	nan	nan	1	0	1
145	rs1	1:1	2:0.2805	rs2	1:2	2:0.52375	0	1000	0	0.999486	52.3744	81332.2	0.999785	52.4938	194525	0.999999	0.113491	139219	0.99923	55.797	57788.7	1	1.00759e-11	254138	1	7.78551e-12	1.55361e+06	1	4.00503e-12	250027	1	2.28191e-11	2.1958e+06	1	-4.52582e-13	850411	0.999978	60.4058	2.21025e+06	nan	nan	nan	0.999982	60.4058	2.72055e+06	1	0	1
146	rs1	1:1	2:0.282	rs2	1:2	2:0.52525	0	1000	0	1	8.86757e-12	236813	1	5.3042e-12	447521	1	3.7057e-12	230301	0.999797	60.4058	236875	1	-1.63625e-12	252856	1	-2.23679e-11	1.55362e+06	1	1.82525e-12	242560	0.99997	60.4058	1.601e+06	1	-2.90323e-13	773577	1	-1.06404e-11	1.62056e+06	nan	nan	nan	nan	nan	nan	1	0	1
147	rs1	1:1	2:0.2825	rs2	1:2	2:0.5275	0	1000	0	0.999464	53.8083	80085.3	0.999799	54.2935	215864	0.999999	-0.29306	156736	0.999301	56.0868	64033.8	1	-2.53564e-12	264756	1	-3.08434e-11	2.1958e+06	1	-7.0258e-12	242500	1	1.66303e-11	1.09991e+06	1	2.97062e-12	748868	0.999957	60.4058	1.13095e+06	nan	nan	nan	0.999981	60.4058	2.47793e+06	1	0	1
148	rs1	1:1	2:0.28375	rs2	1:2	2:0.523	0	1000	0	0.99948	53.8935	82645.2	0.999894	54.9392	413739	0.999998	0.340821	161081	0.999297	56.3284	63948.5	1	-2.19347e-12	233594	0.999959	60.4058	1.17047e+06	1	8.79016e-12	261657	1	-2.18883e-11	1.09993e+06	1	-1.11831e-11	897251	0.999957	60.4058	1.12403e+06	nan	nan	nan	nan	nan	nan	1	0	1
149	rs1	1:1	2:0.28125	rs2	1:2	2:0.52625	0	1000	0	0.999482	53.1601	81918.6	0.999811	53.6127	226871	1	0.0239325	147808	0.999283	56.051	62331.5	1	5.60918e-12	257094	1	2.81813e-11	2.19581e+06	1	-3.84678e-13	241341	1	6.05027e-12	1.55362e+06	1	-5.30243e-13	808403	0.999969	60.4058	1.57446e+06	nan	nan	nan	0.999982	60.4058	2.71497e+06	1	0	1
150	rs1	1:1	2:0.28225	rs2	1:2	2:0.52525	0	1000	0	0.0644767	4.68181	2.53226	0.292084	4.70288	4.46379	0.999901	-22.9973	184700	8.41477e-16	11.4388	1.42132	0.999926	-23.4936	253395	0.999985	-23.4936	1.26697e+06	0.999918	-23.4936	227555	0.999991	-23.4936	2.19446e+06	0.999979	23.4936	896628	0.99997	83.8994	2.21018e+06	0.999993	23.4936	2.54414e+06	0.999974	83.8994	2.5576e+06	1	0	1
151	rs1	1:1	2:0.286	rs2	1:2	2:0.5215	0	1000	0	0.999487	53.9601	83957.1	0.999767	53.7102	184233	0.999999	-0.324805	177408	0.999291	56.353	63428.3	1	-3.42748e-12	235685	1	-1.4842e-12	984395	1	7.90643e-12	278885	1	9.14824e-12	1.09992e+06	1	3.43037e-12	751805	0.999957	60.4058	1.12446e+06	nan	nan	nan	0.999969	60.4058	1.53565e+06	1	0	1
152	rs1	1:1	2:0.286	rs2	1:2	2:0.5205	0	1000	0	0.999495	52.4076	82782.7	0.999774	52.7084	185976	0.999999	-0.119249	153083	0.999221	55.8795	57199.6	1	1.98624e-11	240053	1	3.62124e-12	1.5536e+06	1	-5.21997e-12	271423	1	-7.63478e-12	2.19579e+06	1	-2.29289e-12	812727	0.999978	60.4058	2.20869e+06	nan	nan	nan	0.999982	60.4058	2.71221e+06	1	0	1
153	rs1	1:1	2:0.2875	rs2	1:2	2:0.5225	0	1000	0	0.999503	52.448	84151.7	0.999783	52.7329	193496	0.999998	-0.294442	149799	0.999218	55.9424	57075.2	1	-7.16505e-12	232614	1	1.22096e-11	1.55364e+06	1	4.08425e-12	263280	1	3.18039e-11	2.19582e+06	1	7.58021e-12	720263	0.999978	60.4058	2.20789e+06	nan	nan	nan	0.999982	60.4058	2.71498e+06	1	0	1
154	rs1	1:1	2:0.282	rs2	1:2	2:0.52775	0	1000	0	0.999467	53.8349	80599.7	0.999783	54.0436	198351	0.999999	0.217216	149402	0.999302	56.1791	64203	1	-5.08604e-12	257165	1	-8.50797e-12	1.55363e+06	1	-5.58376e-12	237969	1	-1.37774e-11	1.09993e+06	1	2.9563e-12	847811	0.999957	60.4058	1.12918e+06	nan	nan	nan	0.999975	60.4058	1.93687e+06	1	0	1
155	rs1	1:1	2:0.2905	rs2	1:2	2:0.52175	0	1000	0	0.999494	53.2344	83898.3	0.999746	53.2206	167065	0.999999	0.272734	156513	0.999275	56.324	61970.5	1	-2.61302e-12	229611	1	8.80948e-12	984429	1	5.94674e-12	264908	1	1.03242e-11	1.55364e+06	1	-4.03794e-12	847873	0.999969	60.4058	1.57022e+06	nan	nan	nan	0.999974	60.4058	1.86933e+06	1	0	1
156	rs1	1:1	2:0.285	rs2	1:2	2:0.5225	0	1000	0	0.0874716	4.54921	2.66209	0.341926	4.43344	4.66499	0.999909	-22.4915	197946	2.08101e-16	11.6678	1.41991	0.999916	-23.5071	223971	0.999983	-23.5071	1.09723e+06	0.999921	-23.5071	238023	0.999991	-23.5071	2.19446e+06	0.999982	23.5071	1.03438e+06	0.99997	83.9129	2.20699e+06	nan	nan	nan	0.999973	83.9129	2.48397e+06	1	0	1
157	rs1	1:1	2:0.28175	rs2	1:2	2:0.52325	0	1000	0	0.999471	53.5355	80812.2	0.99978	53.484	193720	1	-0.0853799	160642	0.999277	56.1157	61961.5	1	1.74576e-11	248706	1	-6.66772e-13	1.55361e+06	1	3.97817e-12	259996	1	-1.28502e-11	1.26928e+06	1	-3.65719e-12	851793	0.999963	60.4058	1.29307e+06	1	-1.54246e-11	2.7002e+06	0.999976	60.4058	2.04873e+06	1	0	1
158	rs1	1:1	2:0.286	rs2	1:2	2:0.5215	0	1000	0	0.999482	53.5913	82605.5	0.999766	53.5071	182608	1	-0.0218595	164806	0.999272	56.2328	61613.1	1	1.52057e-11	234608	1	2.45299e-11	1.2693e+06	1	-3.38073e-12	271529	1	-1.2367e-11	1.2693e+06	1	1.45183e-11	851367	0.999963	60.4058	1.29044e+06	1	-9.52496e-12	2.54845e+06	0.999974	60.4058	1.83763e+06	1	0	1
159	rs1	1:1	2:0.281	rs2	1:2	2:0.52275	0	1000	0	1	-1.1724e-13	241274	1	5.05196e-12	454367	1	-3.94262e-12	242310	0.999801	60.4058	242787	1	6.08319e-12	266191	1	1.45661e-11	1.55358e+06	1	-3.29081e-12	264556	0.99997	60.4058	1.60262e+06	1	7.15983e-12	660337	1	4.46931e-12	1.62432e+06	nan	nan	nan	nan	nan	nan	1	0	1
160	rs1	1:1	2:0.285	rs2	1:2	2:0.51775	0	1000	0	0.999489	52.3818	81730.6	0.999747	52.5101	165279	1	-0.0977101	163914	0.999222	55.8068	57212.1	1	-7.12688e-12	249748	1	-2.59383e-11	1.26923e+06	1	1.64427e-11	288776	1	2.95337e-11	2.19576e+06	1	-9.70946e-12	909944	0.999978	60.4058	2.20977e+06	nan	nan	nan	0.999981	60.4058	2.55759e+06	1	0	1
161	rs1	1:1	2:0.281	rs2	1:2	2:0.5275	0	1000	0	0.999468	53.8249	80663.8	0.999889	54.8734	394062	0.999999	0.228624	149836	0.999304	56.184	64368.1	1	-7.46958e-13	251544	0.999959	60.4058	1.1638e+06	1	1.3329e-11	239114	1	1.09814e-11	1.09994e+06	1	-1.78705e-11	846441	0.999957	60.4058	1.1279e+06	nan	nan	nan	nan	nan	nan	1	0	1
162	rs1	1:1	2:0.281	rs2	1:2	2:0.5275	0	1000	0	0.999468	53.507	80231.4	0.999818	53.929	235813	0.999998	0.287694	142742	0.999284	56.111	62555.6	1	-7.15017e-12	251574	1	-1.24472e-11	2.19582e+06	1	-3.69214e-12	236903	1	4.1414e-11	1.26932e+06	1	-5.06795e-12	845819	0.999963	60.4058	1.29363e+06	nan	nan	nan	0.999981	60.4058	2.56659e+06	1	0	1
163	rs1	1:1	2:0.287	rs2	1:2	2:0.52275	0	1000	0	0.999484	53.9375	83387.7	0.999754	53.8164	174767	0.999998	0.358361	161443	0.999295	56.3731	63757	1	1.2465e-11	235762	1	7.60383e-12	984414	1	9.05023e-12	263253	1	2.68265e-11	1.09993e+06	1	-1.34563e-11	898276	0.999957	60.4058	1.12449e+06	nan	nan	nan	0.999968	60.4058	1.5214e+06	1	0	1
164	rs1	1:1	2:0.2875	rs2	1:2	2:0.5245	0	1000	0	0.999504	52.4569	84446.4	0.999788	52.735	197992	1	0.0293429	137439	0.999221	55.9879	57337.9	1	-3.04576e-12	229758	1	2.05837e-11	1.55366e+06	1	5.88894e-12	250379	1	8.53362e-12	2.19584e+06	1	6.22216e-12	739751	0.999978	60.4058	2.20758e+06	nan	nan	nan	0.999982	60.4058	2.71662e+06	1	0	1
165	rs1	1:1	2:0.28025	rs2	1:2	2:0.523	0	1000	0	0.999715	25.6673	71853.3	0.999951	5.71848	92948.4	0.9999	-22.7652	182226	0.999516	50.499	83302.6	0.999731	25.7962	76633.9	1	-5.23407e-10	1.0999e+06	1	2.80011e-08	247437	0.999959	60.4058	1.18516e+06	0.999976	-25.7962	865550	0.999983	-25.7962	1.18725e+06	nan	nan	nan	nan	nan	nan	1	0	1
166	rs1	1:1	2:0.28025	rs2	1:2	2:0.52475	0	1000	0	0.999473	53.8756	81572.7	0.999809	53.9084	225251	0.999999	0.144121	158383	0.999297	56.2442	63868	1	1.05097e-11	247495	1	2.0376e-11	1.55362e+06	1	-5.30873e-12	252827	1	-2.062e-11	1.09992e+06	1	2.10687e-12	849254	0.999957	60.4058	1.12698e+06	nan	nan	nan	0.999975	60.4058	1.95872e+06	1	0	1
167	rs1	1:1	2:0.286	rs2	1:2	2:0.52575	0	1000	0	0.999482	53.5737	82485.2	0.999819	54.0885	238155	0.999999	0.266421	146164	0.999277	56.2537	62102.5	1	1.28842e-11	232774	1	1.49447e-12	2.19583e+06	1	5.28397e-13	246476	1	-3.43192e-12	1.26935e+06	1	2.95253e-12	802484	0.999963	60.4058	1.29011e+06	nan	nan	nan	0.999981	60.4058	2.56376e+06	1	0	1
168	rs1	1:1	2:0.28275	rs2	1:2	2:0.52875	0	1000	0	0.999489	52.3912	81728.3	0.999749	52.2756	166306	0.999998	0.286673	124868	0.999234	55.8445	58208.1	1	-6.27182e-12	254455	1	-1.06738e-11	1.09997e+06	1	-3.25942e-12	228744	1	1.63389e-11	2.19583e+06	1	6.16449e-12	803819	0.999978	60.4058	2.21029e+06	nan	nan	nan	0.999981	60.4058	2.48518e+06	1	0	1
169	rs1	1:1	2:0.28325	rs2	1:2	2:0.52025	0	1000	0	0.999489	52.3758	81779.1	0.999802	52.8957	212714	0.999999	-0.267067	157599	0.999223	55.7946	57307	1	7.62471e-12	248550	1	6.0833e-11	2.19578e+06	1	2.05198e-12	273087	1	9.73444e-12	2.19578e+06	1	5.84297e-12	815871	0.999978	60.4058	2.20962e+06	nan	nan	nan	0.999985	60.4058	3.12584e+06	1	0	1
170	rs1	1:1	2:0.2805	rs2	1:2	2:0.5275	0	1000	0	0.99947	53.8693	81116.5	0.999766	53.5002	182703	0.999999	0.239872	149450	0.999301	56.219	64198	1	-5.35205e-12	255759	1	8.25506e-13	984425	1	-9.26065e-13	239145	1	-1.07825e-11	1.09994e+06	1	2.72327e-12	847703	0.999957	60.4058	1.12883e+06	nan	nan	nan	0.999969	60.4058	1.54351e+06	1	0	1
171	rs1	1:1	2:0.2855	rs2	1:2	2:0.52475	0	1000	0	0.999471	53.5243	80744.1	0.999755	53.665	174516	1	-0.0209983	154792	0.99928	56.1116	62146.9	1	1.88216e-12	250098	1	2.38184e-11	1.55362e+06	1	3.05117e-12	251443	1	2.06484e-11	1.2693e+06	1	4.45199e-13	849610	0.999963	60.4058	1.29337e+06	1	-3.77049e-11	2.69939e+06	0.999976	60.4058	2.03248e+06	1	0	1
172	rs1	1:1	2:0.28075	rs2	1:2	2:0.52325	0	1000	0	0.999486	52.3807	81359.1	0.999764	52.2893	177027	0.999998	-0.447786	151152	0.999227	55.7426	57507.9	1	-1.99849e-11	259928	1	-1.77236e-11	1.26927e+06	1	-5.90566e-12	256941	1	-1.61187e-11	2.19579e+06	1	3.46637e-12	752028	0.999978	60.4058	2.21092e+06	nan	nan	nan	0.999981	60.4058	2.5688e+06	1	0	1
173	rs1	1:1	2:0.282	rs2	1:2	2:0.5275	0	1000	0	0.999634	31.2199	68029.9	0.999875	54.5569	349440	0.999997	-0.678686	161297	0.999443	33.7142	48330.5	1	3.52391e-09	269708	0.999963	60.4058	1.31252e+06	1	-2.14987e-09	246134	1	9.6179e-07	1.26928e+06	1	-3.46323e-09	686616	0.999977	37.0688	1.29536e+06	nan	nan	nan	nan	nan	nan	1	0	1
174	rs1	1:1	2:0.2855	rs2	1:2	2:0.528	0	1000	0	0.999492	53.2315	83534.7	0.999769	52.9742	183032	0.999998	-0.322504	148151	0.999279	56.2276	62194.9	1	4.57956e-12	240529	1	-6.26595e-12	1.09999e+06	1	-4.37585e-12	240529	1	-1.71241e-11	1.55367e+06	1	1.96992e-12	673507	0.999969	60.4058	1.57182e+06	1	6.37182e-12	2.46524e+06	0.999975	60.4058	1.95205e+06	1	0	1
175	rs1	1:1	2:0.28625	rs2	1:2	2:0.52725	0	1000	0	0.999481	53.9115	82820.6	0.999769	54.0141	186686	0.999999	-0.170465	155472	0.999297	56.2908	63917.8	1	-2.04259e-12	243951	1	1.59202e-11	1.26934e+06	1	7.5373e-13	245180	1	1.0079e-11	1.09996e+06	1	-4.54459e-12	717583	0.999957	60.4058	1.12625e+06	nan	nan	nan	0.999972	60.4058	1.71619e+06	1	0	1
176	rs1	1:1	2:0.28575	rs2	1:2	2:0.5255	0	1000	0	0.999491	52.4	82214.1	0.999739	52.402	160015	0.999999	0.158904	133539	0.999229	55.8649	57784	1	8.45241e-12	248895	1	1.90536e-11	1.09994e+06	1	1.37863e-12	242635	1	-3.606e-11	2.19582e+06	1	3.95425e-12	806190	0.999978	60.4058	2.20967e+06	nan	nan	nan	0.999981	60.4058	2.4791e+06	1	0	1
177	rs1	1:1	2:0.28225	rs2	1:2	2:0.523	0	1000	0	1	1.66196e-11	239107	1	1.7053e-11	435447	1	8.76188e-13	240137	0.999799	60.4058	239344	1	9.11021e-12	255519	1	1.32907e-11	1.5536e+06	1	2.17335e-12	254096	0.99997	60.4058	1.59671e+06	1	4.74948e-12	778193	1	-1.37845e-12	1.61677e+06	nan	nan	nan	nan	nan	nan	1	0	1
178	rs1	1:1	2:0.28025	rs2	1:2	2:0.52375	0	1000	0	0.999467	53.826	80624.6	0.999894	54.8723	413341	0.999998	0.399027	158470	0.9993	56.1952	64090.7	1	5.0282e-13	248691	0.999959	60.4058	1.17047e+06	1	-7.23091e-12	255546	1	5.8904e-12	1.09989e+06	1	1.01124e-11	961203	0.999957	60.4058	1.12726e+06	nan	nan	nan	nan	nan	nan	1	0	1
179	rs1	1:1	2:0.28075	rs2	1:2	2:0.5215	0	1000	0	0.999646	30.8746	69566.7	0.999509	49.4566	80367.4	0.999932	14.0825	166029	0.999332	47.6704	56933.9	1	-1.46526e-10	246048	1	-2.98449e-10	2.19579e+06	1	1.09433e-09	266257	1	4.80878e-10	1.55359e+06	1	2.03828e-09	963445	0.999981	37.0843	1.5711e+06	nan	nan	nan	0.999982	60.4058	2.72297e+06	1	0	1
180	rs1	1:1	2:0.28625	rs2	1:2	2:0.5235	0	1000	0	0.9995	52.4535	83633.6	0.999736	52.0646	157462	0.999999	0.169486	137457	0.999223	55.9499	57470.9	1	-3.27696e-12	239176	1	-6.53973e-12	833023	1	5.57469e-12	252972	1	-4.80149e-11	2.19582e+06	1	-9.62075e-12	806411	0.999978	60.4058	2.20858e+06	nan	nan	nan	0.99998	60.4058	2.38361e+06	1	0	1
181	rs1	1:1	2:0.2855	rs2	1:2	2:0.524	0	1000	0	0.999489	53.216	83137.8	0.999766	53.0732	180979	0.999997	-0.720468	166189	0.999274	56.1607	61750.7	1	-8.74839e-12	245014	1	-1.59306e-11	1.09993e+06	1	7.44389e-12	263225	1	-1.23173e-11	1.55363e+06	1	-3.44325e-12	651441	0.999969	60.4058	1.57252e+06	nan	nan	nan	0.999975	60.4058	1.94519e+06	1	0	1
182	rs1	1:1	2:0.2775	rs2	1:2	2:0.52125	0	1000	0	0.999476	52.3342	79683.4	0.999755	52.2654	170161	0.999998	-0.381604	157970	0.999234	55.5817	57919.1	1	-7.98644e-12	282417	1	3.82333e-15	1.55355e+06	1	1.02401e-12	264350	1	2.13021e-11	2.19575e+06	1	-4.73399e-12	912096	0.999978	60.4058	2.21368e+06	1	-2.12316e-13	2.70062e+06	0.999982	60.4058	2.71656e+06	1	0	1
183	rs1	1:1	2:0.284	rs2	1:2	2:0.5295	0	1000	0	0.999454	53.9976	78909.4	0.999879	55.0251	362202	1	-0.0469887	152002	0.999314	56.2757	65412.3	1	-1.43352e-12	247734	0.999954	60.4058	1.04398e+06	1	-4.16431e-12	235936	1	-2.0961e-12	984455	1	1.01945e-11	740814	0.999952	60.4058	1.01465e+06	nan	nan	nan	nan	nan	nan	1	0	1
184	rs1	1:1	2:0.28225	rs2	1:2	2:0.52225	0	1000	0	1	-1.94227e-11	231373	1	-2.03499e-11	469979	1	-5.61928e-12	243731	0.999792	60.4058	231564	1	-2.1174e-11	244896	1	-1.30669e-11	2.1958e+06	1	-2.52932e-12	258502	0.999978	60.4058	2.23331e+06	1	-2.48845e-12	776208	1	-4.29523e-12	2.2465e+06	nan	nan	nan	nan	nan	nan	1	0	1
185	rs1	1:1	2:0.2885	rs2	1:2	2:0.52675	0	1000	0	0.999498	52.4398	83388.4	0.999723	52.2872	150818	0.999997	-0.589453	143785	0.999222	55.8555	57307.7	1	-4.12367e-12	247703	1	-1.8593e-11	984448	1	2.49187e-12	245180	1	3.48024e-11	2.19583e+06	1	-1.11067e-12	660689	0.999978	60.4058	2.20953e+06	1	-8.61547e-13	2.41638e+06	0.99998	60.4058	2.43007e+06	1	0	1
186	rs1	1:1	2:0.28475	rs2	1:2	2:0.522	0	1000	0	0.999477	53.548	81663.1	0.999815	54.049	232952	0.999999	0.104977	160723	0.999275	56.1875	61820	1	-2.57316e-12	237847	1	1.893e-11	2.1958e+06	1	6.66701e-12	266377	1	1.12941e-11	1.26929e+06	1	-1.07889e-11	850650	0.999963	60.4058	1.29104e+06	nan	nan	nan	0.999981	60.4058	2.5629e+06	1	0	1
187	rs1	1:1	2:0.283	rs2	1:2	2:0.524	0	1000	0	0.999484	53.1772	82282.7	0.99978	53.3559	193586	0.999999	0.277953	152256	0.999281	56.1184	62295.9	1	-2.79976e-12	248749	1	1.01452e-10	2.1958e+06	1	-5.0063e-12	250070	1	-2.16716e-13	1.55361e+06	1	1.24802e-11	959761	0.999969	60.4058	1.57312e+06	1	-1.01666e-10	3.1135e+06	0.999982	60.4058	2.71352e+06	1	0	1
188	rs1	1:1	2:0.28675	rs2	1:2	2:0.526	0	1000	0	0.999488	53.1904	82830.5	0.999792	53.5298	205555	0.999996	0.756263	143613	0.999285	56.2777	62767	1	4.37622e-12	231780	0.99997	60.4058	1.59102e+06	1	5.91982e-12	239317	1	6.78568e-13	1.55366e+06	1	1.16945e-11	1.03348e+06	0.999969	60.4058	1.57053e+06	0.999982	-60.4058	2.71997e+06	nan	nan	nan	1	0	1
189	rs1	1:1	2:0.28325	rs2	1:2	2:0.5225	0	1000	0	1	-3.15943e-11	230429	1	-2.41549e-11	449479	1	-7.55984e-12	242487	0.999791	60.4058	230172	1	-2.95786e-12	243710	1	-5.68434e-14	1.55361e+06	1	-2.86082e-12	255616	0.99997	60.4058	1.60262e+06	1	1.2656e-12	808654	1	-1.5401e-11	1.62076e+06	nan	nan	nan	nan	nan	nan	1	0	1
190	rs1	1:1	2:0.282	rs2	1:2	2:0.5255	0	1000	0	0.999484	53.1591	82155.8	0.99989	54.2414	394443	0.999998	-0.359401	155307	0.999281	56.0573	62233.4	1	1.80356e-13	251457	0.99997	60.4058	1.59949e+06	1	-7.71734e-12	248792	1	9.64206e-12	1.55362e+06	1	8.14698e-12	721479	0.999969	60.4058	1.57354e+06	nan	nan	nan	nan	nan	nan	1	0	1
191	rs1	1:1	2:0.27925	rs2	1:2	2:0.52025	0	1000	0	0.999483	52.3661	80821.4	0.999766	52.2508	177891	1	-0.0320055	153076	0.999228	55.7369	57609.6	1	-1.55764e-13	261293	1	3.31235e-12	1.26923e+06	1	3.44688e-12	269476	1	-1.166e-11	2.19577e+06	1	2.5559e-12	907254	0.999978	60.4058	2.21108e+06	nan	nan	nan	0.999981	60.4058	2.57002e+06	1	0	1
192	rs1	1:1	2:0.281	rs2	1:2	2:0.52675	0	1000	0	0.999459	53.4566	78783.4	0.999799	53.9657	214366	0.999992	1.35362	134312	0.999292	56.059	63197.8	1	-4.12681e-12	261588	1	2.44383e-11	2.1958e+06	1	1.13594e-11	234577	1	1.05835e-11	1.26929e+06	1	-4.65517e-12	1.31255e+06	0.999963	60.4058	1.29564e+06	nan	nan	nan	0.999981	60.4058	2.55763e+06	1	0	1
193	rs1	1:1	2:0.284	rs2	1:2	2:0.52175	0	1000	0	0.999488	52.3774	81696.6	0.999769	52.6549	182029	1	0.0245774	146535	0.999226	55.814	57536.7	1	-2.45221e-12	249956	1	-1.08275e-12	1.55359e+06	1	-2.30419e-12	261465	1	7.95097e-12	2.19579e+06	1	1.43854e-11	852629	0.999978	60.4058	2.20979e+06	nan	nan	nan	0.999982	60.4058	2.71161e+06	1	0	1
194	rs1	1:1	2:0.2825	rs2	1:2	2:0.52875	0	1000	0	0.999487	52.3744	81482.5	0.999776	52.6121	187245	0.999997	0.454712	122546	0.999236	55.842	58343.9	1	6.38692e-12	253046	1	-4.9151e-13	1.55365e+06	1	-1.06337e-11	227762	1	-1.94689e-12	2.19583e+06	1	-5.18624e-12	843714	0.999978	60.4058	2.21013e+06	nan	nan	nan	0.999982	60.4058	2.71424e+06	1	0	1
195	rs1	1:1	2:0.284	rs2	1:2	2:0.52375	0	1000	0	0.999487	53.1999	82789.8	0.99977	53.1857	184876	0.999998	0.393374	150285	0.999279	56.1981	62228.8	1	-1.48473e-11	241387	1	-4.8081e-11	1.55363e+06	1	-3.67505e-12	251501	1	1.3447e-11	1.55363e+06	1	6.48381e-12	958231	0.999969	60.4058	1.57197e+06	1	2.71032e-11	2.6994e+06	0.999978	60.4058	2.22982e+06	1	0	1
196	rs1	1:1	2:0.28325	rs2	1:2	2:0.52125	0	1000	0	0.999481	53.1583	81678.8	0.999793	53.3821	205941	0.999993	1.32312	144953	0.999278	56.2156	62155.1	1	1.15269e-12	238948	1	1.43595e-11	1.55361e+06	1	6.44787e-12	260009	1	2.24176e-12	1.55361e+06	1	-7.79432e-13	1.31303e+06	0.999969	60.4058	1.57159e+06	nan	nan	nan	0.999978	60.4058	2.22981e+06	1	0	1
197	rs1	1:1	2:0.28425	rs2	1:2	2:0.52425	0	1000	0	1	-2.87415e-12	232454	1	-5.57776e-13	431041	1	7.55035e-13	234578	0.999792	60.4058	232218	1	1.69464e-12	241417	1	1.07754e-11	435940	1	1.16418e-12	243814	0.999799	60.4058	239481	1	-2.58282e-12	894283	nan	nan	nan	nan	nan	nan	nan	nan	nan	1	0	1
198	rs1	1:1	2:0.2875	rs2	1:2	2:0.5215	0	1000	0	0.999481	53.9074	82934	0.999781	54.2287	197538	1	-0.106704	173818	0.999292	56.3062	63500.2	1	-6.08424e-12	237817	1	-2.60627e-11	1.55361e+06	1	9.04468e-12	275060	1	1.27898e-12	1.0999e+06	1	-1.07316e-11	813279	0.999957	60.4058	1.12494e+06	nan	nan	nan	0.999975	60.4058	1.93192e+06	1	0	1
199	rs1	1:1	2:0.28725	rs2	1:2	2:0.5285	0	1000	0	0.999476	53.8692	82034.7	0.999799	54.439	216600	0.999999	-0.269852	153683	0.999299	56.2292	64033.4	1	8.95561e-12	247703	1	-6.66589e-12	2.19583e+06	1	-6.30385e-12	240387	1	-2.00053e-11	1.09996e+06	1	-8.34322e-12	695395	0.999957	60.4058	1.12709e+06	nan	nan	nan	0.999981	60.4058	2.47549e+06	1	0	1
200	rs1	1:1	2:0.2855	rs2	1:2	2:0.53025	0	1000	0	9.18098e-09	7.59805	1.3225	0.031284	7.92034	3.67799	0.999879	-22.8746	150766	1.92551e-18	10.7764	1.22997	0.999918	-23.5347	227555	0.999985	-23.5347	1.26697e+06	0.999915	-23.5347	221674	0.999981	-23.5347	981395	0.999973	23.5347	708679	0.999952	60.6149	1.00743e+06	0.999993	23.5347	2.54362e+06	0.999959	83.9405	1.65362e+06	1	0	1
201	rs1	1:1	2:0.28225	rs2	1:2	2:0.52525	0	1000	0	0.999471	53.5349	80821.1	0.999775	53.508	189516	1	0.0382953	151797	0.99928	56.127	62158.3	1	-6.64935e-12	250142	1	3.33941e-12	1.26931e+06	1	3.44524e-12	248821	1	2.68585e-12	1.26931e+06	1	4.47609e-12	808480	0.999963	60.4058	1.29335e+06	nan	nan	nan	0.999974	60.4058	1.83914e+06	1	0	1
202	rs1	1:1	2:0.28275	rs2	1:2	2:0.52425	0	1000	0	0.999916	-24.0138	228025	0.999953	-24.0138	408062	0.999911	-24.0353	214579	0.999799	60.234	238840	0.999922	-24.1855	248474	0.999954	-24.1855	419831	0.999917	-24.1855	231317	0.999813	60.4058	258434	0.999974	24.1855	743663	nan	nan	nan	nan	nan	nan	nan	nan	nan	1	0	1
203	rs1	1:1	2:0.286	rs2	1:2	2:0.52675	0	1000	0	0.999503	52.4507	84256.5	0.999818	52.926	231802	0.999997	-0.587987	143871	0.99922	55.9074	57192.4	1	-2.05905e-12	236000	1	-2.51221e-11	2.19584e+06	1	1.18017e-11	246522	1	4.66827e-12	2.19584e+06	1	4.19947e-12	627450	0.999978	60.4058	2.20824e+06	nan	nan	nan	0.999985	60.4058	3.132e+06	1	0	1
204	rs1	1:1	2:0.28125	rs2	1:2	2:0.525	0	1000	0	0.999486	52.3657	81314.5	0.999807	52.8303	217844	1	0.0118266	137901	0.99923	55.7835	57837.8	1	-2.06488e-12	254194	1	8.16871e-12	2.1958e+06	1	-2.03031e-12	244940	1	-1.58984e-11	2.1958e+06	1	1.44381e-11	808577	0.999978	60.4058	2.21026e+06	nan	nan	nan	0.999985	60.4058	3.12854e+06	1	0	1
205	rs1	1:1	2:0.2885	rs2	1:2	2:0.524	0	1000	0	0.999492	53.2047	83494.2	0.999811	53.7974	226919	1	0.0545634	153160	0.999277	56.2622	62086.6	1	-3.35065e-12	231667	1	1.36939e-11	2.19583e+06	1	1.0677e-11	254396	1	8.03269e-12	1.55365e+06	1	-1.10315e-11	770690	0.999969	60.4058	1.57052e+06	nan	nan	nan	0.999982	60.4058	2.71053e+06	1	0	1
206	rs1	1:1	2:0.2865	rs2	1:2	2:0.53	0	1000	0	0.999488	53.1819	82813.4	0.999804	53.7543	219075	0.999999	-0.131846	140962	0.999283	56.1492	62493.7	1	-4.54631e-12	246569	1	-3.30323e-11	2.19584e+06	1	-1.14951e-11	229841	1	-4.29878e-13	1.55367e+06	1	1.15216e-11	691365	0.999969	60.4058	1.57279e+06	nan	nan	nan	0.999982	60.4058	2.70954e+06	1	0	1
207	rs1	1:1	2:0.2845	rs2	1:2	2:0.5255	0	1000	0	1	6.99885e-13	231452	1	3.22586e-12	423888	1	4.48896e-12	229335	0.999792	60.4058	231163	1	9.66163e-12	243874	1	1.98099e-11	2.19582e+06	1	6.47991e-12	240310	0.999978	60.4058	2.22474e+06	1	-1.33166e-12	844520	1	8.5798e-12	2.23785e+06	1	-1.49321e-11	3.11273e+06	nan	nan	nan	1	0	1
208	rs1	1:1	2:0.283	rs2	1:2	2:0.5255	0	1000	0	0.999474	53.5371	81188.3	0.999821	53.9974	241292	0.999996	0.703685	141236	0.999282	56.2137	62425.6	1	-6.40243e-12	239176	1	4.54525e-12	2.19582e+06	1	-5.96503e-12	243890	1	-1.27969e-11	1.26933e+06	1	5.81835e-12	955679	0.999963	60.4058	1.29128e+06	nan	nan	nan	0.999981	60.4058	2.5666e+06	1	0	1
209	rs1	1:1	2:0.28375	rs2	1:2	2:0.5195	0	1000	0	0.999488	53.2011	82956	0.999795	53.3814	207302	0.999999	-0.234683	174418	0.999273	56.1657	61645.1	1	2.50558e-11	241135	1	5.33462e-12	1.55359e+06	1	-1.05229e-11	282647	1	-4.92264e-11	1.55359e+06	1	4.14785e-12	816889	0.999969	60.4058	1.57192e+06	nan	nan	nan	0.999978	60.4058	2.23204e+06	1	0	1
210	rs1	1:1	2:0.281	rs2	1:2	2:0.53075	0	1000	0	0.999449	54.0016	78266.2	0.999756	53.8467	176200	1	-0.00830509	148716	0.999314	56.196	65362.5	1	-4.30145e-12	266582	1	-1.71982e-11	1.09996e+06	1	1.3232e-11	229660	1	2.14726e-11	984440	1	-6.57252e-12	774200	0.999953	60.4058	1.0194e+06	nan	nan	nan	0.999968	60.4058	1.52432e+06	1	0	1
211	rs1	1:1	2:0.28075	rs2	1:2	2:0.52325	0	1000	0	1.97349e-07	6.25144	1.20178	0.101266	6.65458	4.06077	0.137518	2.16493	1.45777	2.34265e-18	10.7026	1.22464	0.999921	-23.4924	238023	0.999988	-23.4924	1.55172e+06	0.0953931	2.36672	1.41923	0.999983	-23.4924	1.09723e+06	0.999997	-2.36672	703166	0.999941	83.8982	1.12495e+06	nan	nan	nan	0.999966	83.8982	1.95049e+06	0	0	1
212	rs1	1:1	2:0.28225	rs2	1:2	2:0.52175	0	1000	0	0.999488	52.361	81581.1	0.999887	53.5675	377865	0.999997	-0.662196	160581	0.999226	55.7194	57471.5	1	-7.41288e-12	253999	0.999978	60.4058	2.2256e+06	1	-1.10505e-11	267873	1	2.54765e-11	2.19578e+06	1	2.21429e-11	729239	0.999978	60.4058	2.21024e+06	nan	nan	nan	nan	nan	nan	1	0	1
213	rs1	1:1	2:0.282	rs2	1:2	2:0.52375	0	1000	0	0.999485	52.3674	81062.4	0.999753	52.408	169395	0.999998	0.271087	136698	0.999232	55.7829	57941	1	4.43551e-12	258461	1	-1.87125e-11	1.26928e+06	1	-6.7768e-13	248677	1	2.31779e-11	2.19579e+06	1	5.50671e-13	900416	0.999978	60.4058	2.21076e+06	nan	nan	nan	0.999981	60.4058	2.56135e+06	1	0	1
214	rs1	1:1	2:0.27775	rs2	1:2	2:0.52125	0	1000	0	0.999475	53.143	80824.9	0.999752	52.9	170371	0.999999	0.292936	159714	0.999282	55.9251	62157.2	1	7.27285e-12	276618	1	-1.02418e-11	1.09982e+06	1	-7.22115e-12	262798	1	9.50706e-12	1.55355e+06	1	1.82709e-12	1.05024e+06	0.999969	60.4058	1.57776e+06	nan	nan	nan	0.999975	60.4058	1.94371e+06	1	0	1
215	rs1	1:1	2:0.27975	rs2	1:2	2:0.52175	0	1000	0	0.999476	53.5551	81471.4	0.99985	53.7509	285212	0.999997	0.48316	155136	0.999276	56.2116	61940.4	1	-3.27904e-12	236734	1	2.09396e-12	2.1958e+06	1	9.61439e-13	264743	1	-3.7307e-11	1.26929e+06	1	-1.3534e-11	960657	0.999963	60.4058	1.2908e+06	nan	nan	nan	0.999981	60.4058	2.59767e+06	1	0	1
216	rs1	1:1	2:0.285	rs2	1:2	2:0.5275	0	1000	0	0.999493	52.393	82529.6	0.999825	53.1082	242595	0.999997	-0.58761	143689	0.999228	55.7955	57681.6	1	1.12738e-12	247673	0.999978	60.4058	2.22393e+06	1	-1.69322e-12	240356	1	3.12745e-11	2.19583e+06	1	6.65676e-12	676091	0.999978	60.4058	2.20953e+06	0.999985	-60.4058	3.13262e+06	nan	nan	nan	1	0	1
217	rs1	1:1	2:0.282	rs2	1:2	2:0.52175	0	1000	0	1.4377e-06	7.62765	1.5826	0.0416866	7.20996	3.54013	0.999894	-22.4649	169249	1.13591e-15	11.3384	1.41532	0.999924	-23.4827	246896	0.999979	-23.4827	895885	0.999925	-23.4827	250082	0.999985	-23.4827	1.26697e+06	0.999981	23.4827	962346	0.999948	83.8885	1.29273e+06	nan	nan	nan	0.999958	83.8885	1.59949e+06	1	0	1
218	rs1	1:1	2:0.27875	rs2	1:2	2:0.5245	0	1000	0	0.99946	53.4536	78911.1	0.999888	54.5387	387949	1	-0.0796999	157031	0.999287	55.9508	62615.5	1	1.59828e-12	266217	0.999964	60.4058	1.32332e+06	1	-2.90311e-12	251246	1	8.68283e-12	1.26926e+06	1	-9.7522e-13	854493	0.999963	60.4058	1.29656e+06	nan	nan	nan	nan	nan	nan	1	0	1
219	rs1	1:1	2:0.281	rs2	1:2	2:0.52225	0	1000	0	1	-1.06901e-11	246867	1	-1.29319e-11	428172	1	6.12366e-12	243790	0.999804	60.4058	245911	1	-4.30778e-12	259887	1	2.74269e-12	1.26926e+06	1	3.35221e-12	252630	0.999964	60.4058	1.32332e+06	1	-7.24132e-12	1.0434e+06	1	6.27765e-12	1.3483e+06	1	-8.34177e-12	2.54651e+06	nan	nan	nan	1	0	1
220	rs1	1:1	2:0.2805	rs2	1:2	2:0.5225	0	1000	0	0.999471	53.8575	81189.6	0.999827	54.1842	249263	0.999997	-0.593619	177869	0.999294	56.1624	63471.9	1	-1.87089e-11	252630	1	-6.31578e-12	2.19578e+06	1	-4.5432e-12	273125	1	1.77423e-11	1.09987e+06	1	-1.19826e-12	730700	0.999957	60.4058	1.12813e+06	nan	nan	nan	0.999981	60.4058	2.4936e+06	1	0	1
221	rs1	1:1	2:0.2815	rs2	1:2	2:0.525	0	1000	0	0.999484	52.3399	80942.1	0.999882	53.5462	363054	0.999999	0.122249	136320	0.999236	55.7367	58179.3	1	-8.70021e-12	257024	0.999978	60.4058	2.22315e+06	1	2.35505e-12	243666	1	2.60236e-11	2.1958e+06	1	8.7291e-12	849427	0.999978	60.4058	2.2106e+06	nan	nan	nan	nan	nan	nan	1	0	1
222	rs1	1:1	2:0.28575	rs2	1:2	2:0.52775	0	1000	0	0.999474	53.547	81153.6	0.999736	53.4268	161334	1	0.069178	144800	0.999281	56.1479	62332.4	1	-7.69584e-12	250304	1	-5.67385e-12	1.09996e+06	1	-1.37684e-11	238093	1	3.37792e-11	1.26934e+06	1	1.64329e-11	805243	0.999963	60.4058	1.2934e+06	1	-1.18195e-11	2.46501e+06	0.999972	60.4058	1.71425e+06	1	0	1
223	rs1	1:1	2:0.28175	rs2	1:2	2:0.529	0	1000	0	0.999468	53.8424	80736.6	0.999784	53.9924	199870	0.999997	-0.492571	155280	0.9993	56.1193	64006	1	-2.81419e-12	263266	1	2.61884e-11	1.55363e+06	1	-8.5798e-13	239114	1	1.63709e-11	1.09994e+06	1	8.97071e-12	681554	0.999957	60.4058	1.13058e+06	nan	nan	nan	0.999975	60.4058	1.94001e+06	1	0	1
224	rs1	1:1	2:0.2875	rs2	1:2	2:0.52525	0	1000	0	0.999494	52.4078	82595.6	0.999735	52.4695	158134	0.999999	0.195386	133311	0.999227	55.8937	57724.9	1	1.25427e-12	245104	1	-4.86058e-12	1.09995e+06	1	-8.6775e-12	243874	1	-4.31584e-11	2.19582e+06	1	1.00753e-13	805392	0.999978	60.4058	2.20925e+06	nan	nan	nan	0.999981	60.4058	2.4769e+06	1	0	1
225	rs1	1:1	2:0.277	rs2	1:2	2:0.528	0	1000	0	1	1.68363e-11	252997	1	1.23705e-11	499281	1	2.16493e-12	220056	0.99981	60.4058	253564	1	-4.44883e-12	271529	1	-8.20322e-12	2.19581e+06	1	6.58064e-12	230465	0.999978	60.4058	2.23793e+06	1	-5.52336e-12	776213	1	9.62785e-13	2.25413e+06	nan	nan	nan	nan	nan	nan	1	0	1
226	rs1	1:1	2:0.27775	rs2	1:2	2:0.529	0	1000	0	0.999463	53.8188	79994.2	0.999827	54.0773	248881	0.999998	-0.461705	154823	0.999302	56.0692	64065.2	1	-2.7216e-12	268112	1	-2.16745e-11	2.19581e+06	1	-7.20538e-12	237923	1	-2.13376e-11	1.09992e+06	1	-5.79981e-13	702147	0.999957	60.4058	1.13169e+06	nan	nan	nan	0.999981	60.4058	2.49698e+06	1	0	1
227	rs1	1:1	2:0.2815	rs2	1:2	2:0.52675	0	1000	0	1	8.52651e-12	244027	1	6.21014e-12	430405	1	-4.4984e-12	224515	0.999803	60.4058	244053	1	-6.67133e-12	261643	1	-9.12692e-12	1.55362e+06	1	5.67895e-13	235716	0.99997	60.4058	1.59671e+06	1	-4.74937e-12	808194	1	-2.13163e-12	1.61772e+06	1	-3.81206e-12	2.69797e+06	nan	nan	nan	1	0	1
228	rs1	1:1	2:0.283	rs2	1:2	2:0.52475	0	1000	0	0.999485	53.1798	82371.9	0.999788	53.4027	200643	0.999998	0.385677	146552	0.999281	56.1479	62302.2	1	9.38366e-12	247525	1	-1.40497e-11	1.55362e+06	1	5.53185e-12	246251	1	-1.38343e-11	1.55362e+06	1	-5.13756e-13	896629	0.999969	60.4058	1.57292e+06	nan	nan	nan	0.999978	60.4058	2.22783e+06	1	0	1
229	rs1	1:1	2:0.281	rs2	1:2	2:0.523	0	1000	0	1	-5.65592e-12	245015	1	-7.14095e-13	442088	1	1.07281e-12	240121	0.999803	60.4058	244912	1	-2.62262e-12	256941	1	3.36087e-12	2.19579e+06	1	-1.21168e-12	249956	0.999978	60.4058	2.2256e+06	1	3.90743e-13	900347	1	-1.53477e-12	2.24019e+06	nan	nan	nan	nan	nan	nan	1	0	1
230	rs1	1:1	2:0.27775	rs2	1:2	2:0.5255	0	1000	0	1	1.91562e-11	247816	1	1.3447e-11	504123	1	-2.5801e-12	229520	0.999805	60.4058	247024	1	1.73269e-11	257080	1	1.75007e-11	2.1958e+06	1	2.35736e-12	235670	0.999978	60.4058	2.23972e+06	1	1.08846e-11	1.03869e+06	1	-1.44951e-12	2.25422e+06	nan	nan	nan	nan	nan	nan	1	0	1
231	rs1	1:1	2:0.287	rs2	1:2	2:0.52125	0	1000	0	0.999907	-24.0993	207864	0.999952	-24.1046	399239	0.999916	-24.076	229289	0.99978	60.3063	219162	0.999912	-24.199	220552	0.999988	-24.199	1.55172e+06	0.999921	-24.199	243829	0.99997	60.4058	1.59102e+06	0.999977	24.199	842647	1	1.94525e-08	1.60779e+06	nan	nan	nan	nan	nan	nan	1	0	1
232	rs1	1:1	2:0.28575	rs2	1:2	2:0.5255	0	1000	0	0.999472	53.5163	80849.3	0.999801	54.0931	217196	0.999998	0.442009	145295	0.999282	56.162	62381.8	1	1.41722e-11	243829	1	3.14934e-11	2.19582e+06	1	-4.21915e-12	245059	1	-3.62022e-12	1.26932e+06	1	-8.19333e-12	895273	0.999963	60.4058	1.29217e+06	nan	nan	nan	0.999981	60.4058	2.55662e+06	1	0	1
233	rs1	1:1	2:0.2915	rs2	1:2	2:0.5245	0	1000	0	0.999658	31.6792	73894.4	0.999523	50.6307	84764.4	0.999929	14.993	167817	0.999332	49.1934	58772.7	1	-7.85743e-10	220691	1	1.94003e-09	1.26937e+06	1	-1.18046e-09	261972	1	-6.96133e-10	1.1e+06	1	2.08576e-09	740968	0.999974	37.075	1.11921e+06	nan	nan	nan	0.999972	60.4058	1.71838e+06	1	0	1
234	rs1	1:1	2:0.285	rs2	1:2	2:0.5255	0	1000	0	0.999493	52.3972	82407	0.999779	52.7026	189933	0.999999	-0.170412	139977	0.999227	55.8467	57629	1	-2.68082e-11	245074	1	-3.35749e-11	2.19582e+06	1	1.6395e-11	245074	1	4.583e-12	2.19582e+06	1	-7.48343e-12	771839	0.999978	60.4058	2.20924e+06	1	8.63896e-12	3.1131e+06	0.999985	60.4058	3.12529e+06	1	0	1
235	rs1	1:1	2:0.283	rs2	1:2	2:0.52025	0	1000	0	0.999486	53.1919	82573.3	0.999772	53.2101	186621	1	0.095807	165475	0.999276	56.1338	61835.7	1	8.74828e-12	247280	1	1.82553e-11	1.26926e+06	1	3.39745e-12	273112	1	5.87974e-12	1.55358e+06	1	-5.41606e-12	904375	0.999969	60.4058	1.57288e+06	nan	nan	nan	0.999976	60.4058	2.0419e+06	1	0	1
236	rs1	1:1	2:0.28475	rs2	1:2	2:0.52925	0	1000	0	0.999442	54.1484	77489.7	0.999783	54.3913	199556	0.999999	-0.301136	158163	0.999313	56.3006	65431.5	1	-8.75522e-12	251647	1	2.49297e-11	1.55365e+06	1	8.36453e-12	241539	1	-1.79057e-12	899226	1	1.25677e-12	697213	0.999948	60.4058	933244	nan	nan	nan	0.999974	60.4058	1.82844e+06	1	0	1
237	rs1	1:1	2:0.28225	rs2	1:2	2:0.52625	0	1000	0	0.999486	52.3915	81302.7	0.999721	51.9932	148938	0.999996	-0.812901	149306	0.999229	55.6756	57611.9	1	-4.82392e-14	273254	1	-1.64394e-11	899157	1	-7.68989e-12	246163	1	-6.96332e-13	2.1958e+06	1	1.12483e-11	671145	0.999978	60.4058	2.21253e+06	nan	nan	nan	0.99998	60.4058	2.40305e+06	1	0	1
238	rs1	1:1	2:0.2805	rs2	1:2	2:0.52375	0	1000	0	0.999481	53.1583	81798.3	0.999817	53.5873	233484	0.999998	0.445215	148888	0.999281	56.0852	62276.6	1	-9.8207e-12	252728	1	-3.54662e-12	2.19579e+06	1	-1.10416e-11	250012	1	-1.04912e-11	1.5536e+06	1	1.25668e-11	960800	0.999969	60.4058	1.57374e+06	nan	nan	nan	0.999982	60.4058	2.71748e+06	1	0	1
239	rs1	1:1	2:0.283	rs2	1:2	2:0.52775	0	1000	0	0.999486	53.1835	82616.5	0.999818	53.6508	235290	0.999999	0.0941618	142887	0.999282	56.1507	62427.6	1	-2.31407e-11	246431	1	-5.24902e-12	2.19583e+06	1	-1.04228e-11	235904	1	-7.11964e-12	1.55365e+06	1	-1.27298e-12	769377	0.999969	60.4058	1.57275e+06	nan	nan	nan	0.999982	60.4058	2.71662e+06	1	0	1
240	rs1	1:1	2:0.283	rs2	1:2	2:0.527	0	1000	0	0.105623	2.29268	1.41682	0.553862	2.67988	4.52696	0.136403	2.12971	1.42998	2.53589e-14	12.0053	1.57549	0.999924	-23.5083	246896	0.999985	-23.5083	1.26697e+06	0.138783	2.09944	1.41822	0.999991	-23.5083	2.19446e+06	0.999998	-2.09944	736562	0.99997	83.9141	2.20944e+06	nan	nan	nan	0.999974	83.9141	2.5582e+06	0	0	1
241	rs1	1:1	2:0.282	rs2	1:2	2:0.5255	0	1000	0	0.999484	53.1605	82200.2	0.99989	54.243	394453	0.999999	-0.228183	153298	0.999282	56.0723	62287.6	1	1.53367e-11	250127	0.99997	60.4058	1.59949e+06	1	7.99577e-12	247510	1	-1.96785e-11	1.55362e+06	1	-7.74286e-12	745455	0.999969	60.4058	1.57333e+06	nan	nan	nan	nan	nan	nan	1	0	1
242	rs1	1:1	2:0.28425	rs2	1:2	2:0.52375	0	1000	0	0.999487	53.194	82806.1	0.999787	53.416	200494	0.999999	-0.257785	159019	0.999277	56.1391	61950.2	1	1.09968e-13	246207	1	1.57571e-12	1.55362e+06	1	5.02447e-12	257080	1	3.27702e-11	1.55362e+06	1	-8.98304e-12	747396	0.999969	60.4058	1.57272e+06	nan	nan	nan	0.999978	60.4058	2.22783e+06	1	0	1
243	rs1	1:1	2:0.2805	rs2	1:2	2:0.5225	0	1000	0	1	-2.01723e-11	239404	1	-1.05125e-11	465797	1	-1.26456e-11	242586	0.999798	60.4058	238432	1	1.00563e-11	251358	1	1.49107e-11	1.26928e+06	1	-1.10176e-12	251358	0.999964	60.4058	1.33809e+06	1	-2.86093e-12	960792	1	3.89377e-12	1.36116e+06	nan	nan	nan	nan	nan	nan	1	0	1
244	rs1	1:1	2:0.279	rs2	1:2	2:0.52275	0	1000	0	0.999476	53.1174	80950.8	0.999885	54.2014	377471	0.999999	0.226639	155467	0.999284	55.95	62386.9	1	-9.75853e-12	264517	0.99997	60.4058	1.59545e+06	1	1.35236e-11	255368	1	5.97211e-12	1.55357e+06	1	-4.43251e-12	965418	0.999969	60.4058	1.57569e+06	nan	nan	nan	nan	nan	nan	1	0	1
245	rs1	1:1	2:0.28675	rs2	1:2	2:0.52275	0	1000	0	1	-1.20188e-11	230529	1	-1.81544e-12	394911	1	1.89371e-12	241324	0.99979	60.4058	229964	1	-7.55185e-12	242530	1	-1.00115e-11	1.55362e+06	1	9.39349e-12	252827	0.99997	60.4058	1.5874e+06	1	-7.23421e-12	897102	1	-6.35936e-12	1.60555e+06	1	-2.15081e-11	2.69952e+06	nan	nan	nan	1	0	1
246	rs1	1:1	2:0.28575	rs2	1:2	2:0.52475	0	1000	0	0.99948	53.5522	82103.3	0.999885	54.6491	377749	0.999997	0.534837	144990	0.999281	56.2438	62372.5	1	-9.47586e-12	231683	0.999963	60.4058	1.32017e+06	1	7.17745e-13	248984	1	8.98837e-12	1.26934e+06	1	8.32567e-12	893098	0.999963	60.4058	1.28992e+06	nan	nan	nan	nan	nan	nan	1	0	1
247	rs1	1:1	2:0.282	rs2	1:2	2:0.51875	0	1000	0	0.999488	52.3826	81676.3	0.999779	52.5438	189820	0.999998	-0.412484	166707	0.999222	55.7811	57170.7	1	-1.60665e-11	251122	1	7.35536e-12	1.55356e+06	1	-2.12978e-12	284566	1	1.29283e-11	2.19577e+06	1	3.91931e-12	820598	0.999978	60.4058	2.20991e+06	nan	nan	nan	0.999982	60.4058	2.71746e+06	1	0	1
248	rs1	1:1	2:0.2855	rs2	1:2	2:0.52425	0	1000	0	0.999488	53.2035	82916.4	0.999754	53.1753	172433	1	0.0640483	152343	0.999279	56.1719	62123.4	1	8.32723e-13	246266	1	-8.09006e-13	1.09993e+06	1	-8.81864e-13	251501	1	-1.87974e-11	1.55363e+06	1	6.8453e-12	808115	0.999969	60.4058	1.57273e+06	nan	nan	nan	0.999975	60.4058	1.93594e+06	1	0	1
249	rs1	1:1	2:0.28925	rs2	1:2	2:0.525	0	1000	0	0.999653	30.9064	71047.2	0.999513	49.8285	81694.8	0.999926	14.624	158301	0.999319	48.6983	57066.4	1	-1.97203e-09	227845	1	-3.23926e-09	1.55367e+06	1	-2.28949e-09	253120	1	-1.58785e-09	1.55367e+06	1	1.12434e-09	740082	0.999981	37.074	1.56836e+06	nan	nan	nan	0.999978	60.4058	2.2261e+06	1	0	1
250	rs1	1:1	2:0.2835	rs2	1:2	2:0.52525	0	1000	0	0.999674	30.2969	74081.6	0.999531	49.138	83594.3	0.999905	16.0261	134352	0.999287	48.9412	54794.1	1	-2.03124e-09	248851	1	-2.86589e-09	1.26931e+06	1	-3.3083e-09	241402	1	-1.09001e-09	2.19581e+06	1	1.45659e-09	1.03798e+06	0.999987	37.074	2.20853e+06	nan	nan	nan	0.999981	60.4058	2.56137e+06	1	0	1
251	rs1	1:1	2:0.28725	rs2	1:2	2:0.524	0	1000	0	0.999497	52.4234	83216.3	0.999758	52.5883	173284	0.999998	0.38707	132510	0.999225	55.9497	57634.9	1	3.80276e-12	236934	1	1.3606e-12	1.26933e+06	1	-8.97537e-12	248939	1	-7.53175e-12	2.19582e+06	1	2.90773e-12	845040	0.999978	60.4058	2.20835e+06	nan	nan	nan	0.999981	60.4058	2.55937e+06	1	0	1
252	rs1	1:1	2:0.28175	rs2	1:2	2:0.52625	0	1000	0	0.999481	53.1646	81767.4	0.999759	53.1877	175923	0.999999	-0.185088	150732	0.999282	56.002	62261.5	1	-6.66245e-12	266363	1	1.06632e-11	1.26929e+06	1	8.24632e-13	242471	1	-7.68097e-12	1.55361e+06	1	-6.89115e-13	778097	0.999969	60.4058	1.576e+06	nan	nan	nan	0.999976	60.4058	2.03694e+06	1	0	1
253	rs1	1:1	2:0.284	rs2	1:2	2:0.52575	0	1000	0	0.999492	52.3961	82273	0.999778	52.6359	189421	1	0.0247396	135294	0.999228	55.859	57711.1	1	2.28617e-12	246340	1	-1.72914e-11	1.55364e+06	1	2.80642e-12	242651	1	-1.32125e-11	2.19582e+06	1	-1.3118e-11	771472	0.999978	60.4058	2.20937e+06	nan	nan	nan	0.999982	60.4058	2.71498e+06	1	0	1
254	rs1	1:1	2:0.28425	rs2	1:2	2:0.5265	0	1000	0	0.999649	30.8853	70117.1	0.99951	49.6502	80863.4	0.999933	13.4907	161008	0.99933	47.8505	56994.4	1	1.54285e-09	245104	1	6.24923e-09	2.19582e+06	1	3.94247e-09	248925	1	9.82343e-10	1.55364e+06	1	-8.53146e-09	678268	0.999981	37.0792	1.57096e+06	nan	nan	nan	0.999982	60.4058	2.71751e+06	1	0	1
255	rs1	1:1	2:0.28	rs2	1:2	2:0.52725	0	1000	0	0.999481	53.1563	81712.4	0.999818	53.5703	234990	0.999998	0.419528	140250	0.999285	56.0784	62570.1	1	-1.80467e-12	255716	1	1.07827e-11	2.19581e+06	1	-1.24212e-12	234686	1	-9.06653e-12	1.55363e+06	1	2.62013e-14	895814	0.999969	60.4058	1.57423e+06	nan	nan	nan	0.999982	60.4058	2.71845e+06	1	0	1
256	rs1	1:1	2:0.28025	rs2	1:2	2:0.522	0	1000	0	0.999919	-23.342	229321	0.999957	-23.3556	434394	0.999918	-23.3441	227649	0.999799	60.2667	239191	0.999925	-23.4815	250082	0.999985	-23.4815	1.26697e+06	0.999923	-23.4815	243829	0.999964	60.4058	1.32883e+06	0.999977	23.4815	810597	1	6.89518e-09	1.35399e+06	nan	nan	nan	nan	nan	nan	1	0	1
257	rs1	1:1	2:0.2855	rs2	1:2	2:0.53175	0	1000	0	0.999482	53.5856	82488.2	0.999783	53.6378	197190	0.999996	0.598071	128580	0.999285	56.3	62804	1	5.16998e-12	235273	1	-5.85096e-12	1.26942e+06	1	4.32612e-13	221835	1	-2.93099e-12	1.26942e+06	1	1.02391e-11	795879	0.999963	60.4058	1.29056e+06	nan	nan	nan	0.999974	60.4058	1.83922e+06	1	0	1
258	rs1	1:1	2:0.282	rs2	1:2	2:0.52125	0	1000	0	0.999484	53.1718	82246.7	0.999817	53.6292	233943	0.999998	0.358817	157773	0.999278	56.1273	62014.3	1	9.13553e-12	246048	1	4.44955e-11	2.19579e+06	1	1.09757e-12	264622	1	-6.00409e-13	1.55359e+06	1	-4.52188e-12	962995	0.999969	60.4058	1.57269e+06	nan	nan	nan	0.999982	60.4058	2.71658e+06	1	0	1
259	rs1	1:1	2:0.27975	rs2	1:2	2:0.52775	0	1000	0	0.999482	52.353	80607.3	0.999775	52.495	185964	1	0.053062	131367	0.999237	55.7254	58235.9	1	-8.86771e-12	266444	1	-5.00031e-12	1.55362e+06	1	-5.41623e-12	232535	1	-4.88782e-11	2.19581e+06	1	7.18375e-12	808840	0.999978	60.4058	2.2117e+06	nan	nan	nan	0.999982	60.4058	2.7166e+06	1	0	1
260	rs1	1:1	2:0.28375	rs2	1:2	2:0.5195	0	1000	0	0.999493	52.401	82389.9	0.999781	52.6091	191381	0.999999	-0.251715	159774	0.99922	55.8455	57139.7	1	1.85785e-12	243521	1	-1.85488e-11	1.55358e+06	1	-6.36455e-12	278694	1	-5.62039e-12	2.19578e+06	1	3.27355e-12	816242	0.999978	60.4058	2.20906e+06	nan	nan	nan	0.999982	60.4058	2.71658e+06	1	0	1
261	rs1	1:1	2:0.27975	rs2	1:2	2:0.52775	0	1000	0	0.99948	53.151	81580.4	0.999813	53.5651	228099	1	0.0413442	143986	0.999285	56.0105	62486.4	1	-2.02137e-11	263211	1	2.34003e-11	2.19581e+06	1	6.50266e-12	234639	1	1.81153e-11	1.55362e+06	1	-3.51646e-12	808389	0.999969	60.4058	1.57546e+06	nan	nan	nan	0.999982	60.4058	2.7166e+06	1	0	1
262	rs1	1:1	2:0.283	rs2	1:2	2:0.51975	0	1000	0	0.999475	53.5549	81447.1	0.999781	53.5261	195205	0.999999	0.314419	165603	0.999274	56.1893	61726.4	1	4.97513e-12	239994	1	-2.88131e-12	1.26927e+06	1	-2.26916e-12	278732	1	-9.59588e-12	1.26927e+06	1	7.06091e-12	965445	0.999963	60.4058	1.29142e+06	nan	nan	nan	0.999974	60.4058	1.84246e+06	1	0	1
263	rs1	1:1	2:0.281	rs2	1:2	2:0.529	0	1000	0	0.999434	54.1115	76255.9	0.999749	54.0331	172019	0.999993	1.30962	145077	0.99932	56.2578	65985.4	1	3.33977e-12	263266	1	-3.64314e-12	1.09994e+06	1	-1.34339e-11	231571	1	8.39862e-12	899197	1	1.13365e-11	1.31233e+06	0.999949	60.4058	936441	nan	nan	nan	0.999967	60.4058	1.46378e+06	1	0	1
264	rs1	1:1	2:0.28475	rs2	1:2	2:0.525	0	1000	0	0.999489	53.2055	83019.5	0.999777	53.263	190276	0.999998	0.325961	146314	0.99928	56.2233	62272.3	1	-1.25988e-12	240325	1	4.47491e-12	1.26933e+06	1	7.30935e-12	246370	1	-2.04636e-11	1.55364e+06	1	2.22544e-13	845244	0.999969	60.4058	1.5718e+06	nan	nan	nan	0.999976	60.4058	2.04195e+06	1	0	1
