Outcome	Var1_ID	Var1_Pos	Var1_MAF	Var2_ID	Var2_Pos	Var2_MAF	Num_Missing	Num_Cases	Converged	Red_Var1_Pval	Red_Var1_beta	Red_Var1_SE	Red_Var2_Pval	Red_Var2_beta	Red_Var2_SE	Full_Var1_Pval	Full_Var1_beta	Full_Var1_SE	Full_Var2_Pval	Full_Var2_beta	Full_Var2_SE	Full_Var1_Var2_Pval	Full_Var1_Var2_beta	Full_Var1_Var2_SE	Red_Model_Pval	Full_Model_Pval	Overall_Pval_(LRT)
1	rs1	1:1	2:0.28325	rs2	1:2	2:0.52425	0	1000	0	1	1.20348e-12	353466	0.999513	60.4058	98966	1	-1.79341e-11	1.55327e+06	0.999514	60.4058	99157.8	1	2.53237e-11	1.59512e+06	1	0	1
2	rs1	1:1	2:0.27875	rs2	1:2	2:0.52425	0	1000	0	0.999719	20.4948	58202.3	0.999523	49.224	82414.2	1	-2.8863e-08	2.19556e+06	0.999587	35.9836	69534.2	0.999991	24.4222	2.2344e+06	1	0	1
3	rs1	1:1	2:0.28175	rs2	1:2	2:0.527	0	1000	0	0.999947	24.4304	365782	0.999587	35.9754	69499.3	0.999947	24.4304	365782	0.999587	35.9754	69499.3	nan	nan	nan	1	0	1
4	rs1	1:1	2:0.28725	rs2	1:2	2:0.52775	0	1000	0	0.999725	20.055	58290.4	0.999509	50.8025	82526.9	1	-2.54381e-09	983861	0.999583	36.3901	69639.1	0.999982	24.0157	1.07069e+06	1	0	1
5	rs1	1:1	2:0.28525	rs2	1:2	2:0.5275	0	1000	0	1	4.00835e-12	326964	0.999513	60.4058	99055.8	1	-1.67688e-12	1.26888e+06	0.999515	60.4058	99340.5	1	-5.14433e-12	1.31322e+06	1	0	1
6	rs1	1:1	2:0.2845	rs2	1:2	2:0.52425	0	1000	0	0.999944	23.3412	334688	1.4265e-26	13.0753	1.22558	0.999944	23.3412	334688	1.4265e-26	13.0753	1.22558	nan	nan	nan	1	0	1
7	rs1	1:1	2:0.2885	rs2	1:2	2:0.528	0	1000	0	0.999719	20.4263	58033.1	0.999513	50.2396	82232.6	1	1.28577e-06	1.55328e+06	0.999583	36.3777	69534.2	0.999988	24.0281	1.59254e+06	1	0	1
8	rs1	1:1	2:0.285	rs2	1:2	2:0.52725	0	1000	0	0.999712	21.012	58177	0.999511	50.5457	82413.8	1	-1.60843e-08	1.26889e+06	0.999591	35.6887	69639.1	0.999985	24.7171	1.322e+06	1	0	1
9	rs1	1:1	2:0.286	rs2	1:2	2:0.5225	0	1000	0	0.999721	20.3447	58079.5	0.999514	50.1619	82281.1	1	-1.52723e-09	1.55328e+06	0.999583	36.3808	69534.2	0.999988	24.025	1.59576e+06	1	0	1
10	rs1	1:1	2:0.28175	rs2	1:2	2:0.52175	0	1000	0	0.999727	19.9322	58233.5	0.999525	49.071	82438.1	1	-5.73122e-09	2.19556e+06	0.999582	36.3932	69499.3	0.999991	24.0126	2.2408e+06	1	0	1
11	rs1	1:1	2:0.2855	rs2	1:2	2:0.52775	0	1000	0	0.999709	21.1724	58059.4	0.999512	50.292	82282.2	1	-1.35147e-08	1.55328e+06	0.999591	35.6825	69604.1	0.999988	24.7233	1.59065e+06	1	0	1
12	rs1	1:1	2:0.28375	rs2	1:2	2:0.526	0	1000	0	0.99973	19.6219	58066.2	0.999514	50.1326	82256.3	1	5.77651e-09	1.55327e+06	0.999574	37.075	69499.3	0.999988	23.3308	1.59696e+06	1	0	1
13	rs1	1:1	2:0.28325	rs2	1:2	2:0.523	0	1000	0	0.999731	19.5924	58081.4	0.999514	50.1044	82272.3	1	-5.74799e-09	1.55327e+06	0.999574	37.0761	69499.3	0.999988	23.3297	1.59823e+06	1	0	1
14	rs1	1:1	2:0.28675	rs2	1:2	2:0.52875	0	1000	0	0.999705	21.5306	58198.1	0.999507	50.9441	82465.8	1	7.08741e-09	1.09945e+06	0.999596	35.2791	69744.6	0.999983	25.1267	1.15425e+06	1	0	1
15	rs1	1:1	2:0.28025	rs2	1:2	2:0.52625	0	1000	0	0.999717	20.5981	58156.9	0.999522	49.3234	82365.5	1	8.32419e-09	2.19556e+06	0.999587	35.9805	69534.2	0.999991	24.4252	2.23067e+06	1	0	1
16	rs1	1:1	2:0.2805	rs2	1:2	2:0.524	0	1000	0	0.999727	19.9331	58259.9	0.999519	49.7659	82474.4	1	-1.25976e-08	1.55328e+06	0.999582	36.3932	69534.2	0.999988	24.0126	1.61659e+06	1	0	1
17	rs1	1:1	2:0.2835	rs2	1:2	2:0.5265	0	1000	0	0.999709	21.2075	58246.4	0.999509	50.8088	82505.1	1	-1.99107e-08	1.09944e+06	0.999594	35.4666	69709.4	0.999983	24.9392	1.16209e+06	1	0	1
18	rs1	1:1	2:0.28475	rs2	1:2	2:0.525	0	1000	0	0.999717	20.6669	58278.3	0.999504	51.3401	82537	1	-1.23618e-08	832356	0.999588	35.9785	69744.6	0.999979	24.4273	915847	1	0	1
19	rs1	1:1	2:0.281	rs2	1:2	2:0.5235	0	1000	0	0.999943	24.0322	334688	0.999582	36.3736	69464.5	0.999943	24.0322	334688	0.999582	36.3736	69464.5	nan	nan	nan	1	0	1
20	rs1	1:1	2:0.28225	rs2	1:2	2:0.5255	0	1000	0	0.76894	1.44825	4.93003	4.95694e-28	12.7066	1.15762	0.999981	-23.3032	981393	5.24328e-28	12.6784	1.15558	0.999964	47.7274	1.06265e+06	0	0	1
21	rs1	1:1	2:0.284	rs2	1:2	2:0.52275	0	1000	0	0.999721	20.3447	58079.5	0.999514	50.1619	82281.1	1	-5.69645e-09	1.55328e+06	0.999583	36.3808	69534.2	0.999988	24.025	1.59576e+06	1	0	1
22	rs1	1:1	2:0.2845	rs2	1:2	2:0.5225	0	1000	0	0.999715	20.7529	58158.8	0.999507	50.8604	82391.3	1	1.08199e-08	1.09944e+06	0.999588	35.9754	69639.1	0.999983	24.4304	1.15869e+06	1	0	1
23	rs1	1:1	2:0.27675	rs2	1:2	2:0.52275	0	1000	0	0.999732	19.5298	58085.4	0.999521	49.3504	82267.9	1	-1.40443e-08	2.19556e+06	0.999574	37.0781	69464.5	0.999992	23.3277	2.22958e+06	1	0	1
24	rs1	1:1	2:0.28425	rs2	1:2	2:0.5265	0	1000	0	0.99971	21.0949	58105.3	0.999513	50.2184	82330.3	1	2.86718e-09	1.55328e+06	0.999591	35.6856	69604.1	0.999988	24.7202	1.59356e+06	1	0	1
25	rs1	1:1	2:0.28525	rs2	1:2	2:0.52175	0	1000	0	0.847631	1.19664	6.2279	1.8798e-22	13.7929	1.41494	0.999983	-23.3002	1.09723e+06	2.25847e-22	13.7665	1.41494	0.999968	46.6392	1.1483e+06	0	0	1
26	rs1	1:1	2:0.2875	rs2	1:2	2:0.52025	0	1000	0	0.999726	19.8792	57938.9	0.999507	50.7833	82132	1	-7.6944e-09	1.26888e+06	0.999575	37.0646	69534.2	0.999986	23.3412	1.31038e+06	1	0	1
27	rs1	1:1	2:0.2825	rs2	1:2	2:0.52275	0	1000	0	0.999722	20.2552	58098.5	0.999521	49.3824	82292.5	1	-9.92756e-10	2.19556e+06	0.999582	36.3839	69499.3	0.999991	24.0218	2.22855e+06	1	0	1
28	rs1	1:1	2:0.2835	rs2	1:2	2:0.5255	0	1000	0	0.999723	20.2266	58191.1	0.999509	50.7438	82414.5	1	4.28555e-09	1.09944e+06	0.999583	36.385	69604.1	0.999984	24.0208	1.16588e+06	1	0	1
29	rs1	1:1	2:0.28125	rs2	1:2	2:0.52075	0	1000	0	0.999734	19.3574	58160.5	0.999523	49.1844	82348.6	1	1.05785e-08	2.19556e+06	0.999574	37.0833	69464.5	0.999992	23.3225	2.23582e+06	1	0	1
30	rs1	1:1	2:0.28	rs2	1:2	2:0.52225	0	1000	0	0.999725	20.0533	58240.5	0.999513	50.2885	82460.5	1	-1.29089e-09	1.26888e+06	0.999583	36.3901	69569.1	0.999986	24.0157	1.33733e+06	1	0	1
31	rs1	1:1	2:0.2885	rs2	1:2	2:0.525	0	1000	0	0.999705	21.4696	58067.2	0.999508	50.7695	82310.5	1	2.09297e-08	1.26889e+06	0.999594	35.4562	69674.2	0.999985	24.9496	1.31131e+06	1	0	1
32	rs1	1:1	2:0.27975	rs2	1:2	2:0.52525	0	1000	0	0.999721	20.4232	58333.9	0.99951	50.7675	82583.8	1	-1.26769e-08	983863	0.999588	35.9857	69674.2	0.999982	24.4201	1.07389e+06	1	0	1
33	rs1	1:1	2:0.2835	rs2	1:2	2:0.52325	0	1000	0	0.999728	19.7571	57963.5	0.999519	49.5673	82139.3	1	3.8036e-09	2.19556e+06	0.999574	37.0698	69464.5	0.999992	23.336	2.22281e+06	1	0	1
34	rs1	1:1	2:0.278	rs2	1:2	2:0.5255	0	1000	0	0.999722	20.3395	58288.4	0.999519	49.7679	82515.3	1	-2.06161e-08	1.55328e+06	0.999587	35.9877	69569.1	0.999988	24.418	1.61659e+06	1	0	1
35	rs1	1:1	2:0.28025	rs2	1:2	2:0.523	0	1000	0	0.999733	19.4669	58192.2	0.999509	50.6788	82405.2	1	-8.10782e-09	1.09943e+06	0.999575	37.0802	69569.1	0.999984	23.3256	1.17018e+06	1	0	1
36	rs1	1:1	2:0.28275	rs2	1:2	2:0.5215	0	1000	0	0.999715	20.7791	58092.2	0.999513	50.1905	82305.5	1	-2.72188e-09	1.55328e+06	0.999587	35.9743	69569.1	0.999988	24.4315	1.59463e+06	1	0	1
37	rs1	1:1	2:0.282	rs2	1:2	2:0.5245	0	1000	0	1	-7.64722e-12	420271	0.999512	60.4058	98750.9	1	-1.16813e-11	2.19556e+06	0.999512	60.4058	98847.5	1	9.53548e-12	2.23692e+06	1	0	1
38	rs1	1:1	2:0.28825	rs2	1:2	2:0.52525	0	1000	0	0.999718	20.5019	57987.5	0.999512	50.3114	82184.9	1	1.07703e-08	1.55328e+06	0.999583	36.3746	69534.2	0.999988	24.0312	1.58976e+06	1	0	1
39	rs1	1:1	2:0.28375	rs2	1:2	2:0.5205	0	1000	0	0.99973	19.6515	58076.4	0.99951	50.5671	82275.3	1	-5.49891e-09	1.26888e+06	0.999575	37.074	69534.2	0.999986	23.3318	1.32055e+06	1	0	1
40	rs1	1:1	2:0.2835	rs2	1:2	2:0.5285	0	1000	0	0.999723	20.1917	58128.5	0.999522	49.3214	82324.6	1	4.03084e-09	2.19556e+06	0.999582	36.386	69499.3	0.999991	24.0198	2.23067e+06	1	0	1
41	rs1	1:1	2:0.2875	rs2	1:2	2:0.52625	0	1000	0	0.99972	20.3752	58140.6	0.999505	51.1099	82368.3	1	4.84782e-10	983861	0.999583	36.3798	69639.1	0.999982	24.026	1.04793e+06	1	0	1
42	rs1	1:1	2:0.2765	rs2	1:2	2:0.52525	0	1000	0	0.999723	20.1584	58143.6	0.999522	49.2894	82340.9	1	2.00936e-09	2.19556e+06	0.999582	36.387	69499.3	0.999991	24.0187	2.23183e+06	1	0	1
43	rs1	1:1	2:0.28175	rs2	1:2	2:0.525	0	1000	0	0.720201	1.85847	5.1885	5.40373e-28	12.6955	1.15743	0.999985	-23.3012	1.26697e+06	5.68153e-28	12.6701	1.15559	0.999971	47.7357	1.31481e+06	0	0	1
44	rs1	1:1	2:0.2865	rs2	1:2	2:0.52975	0	1000	0	0.999718	20.4773	58002.4	0.999512	50.2881	82200.5	1	6.93831e-10	1.55328e+06	0.999583	36.3756	69534.2	0.999988	24.0302	1.59064e+06	1	0	1
45	rs1	1:1	2:0.287	rs2	1:2	2:0.52525	0	1000	0	0.999719	20.5356	58337.9	0.999505	51.214	82599.9	1	-9.21951e-09	832356	0.999588	35.9826	69744.6	0.999979	24.4232	926773	1	0	1
46	rs1	1:1	2:0.28975	rs2	1:2	2:0.52275	0	1000	0	0.999712	20.955	57958.5	0.999518	49.6634	82156.7	1	-3.77493e-09	2.19556e+06	0.999587	35.967	69534.2	0.999991	24.4387	2.22035e+06	1	0	1
47	rs1	1:1	2:0.289	rs2	1:2	2:0.528	0	1000	0	0.999938	24.444	313528	0.999587	35.9618	69499.3	0.999938	24.444	313528	0.999587	35.9618	69499.3	nan	nan	nan	1	0	1
48	rs1	1:1	2:0.28175	rs2	1:2	2:0.52475	0	1000	0	0.999718	20.6282	58317	0.999519	49.7698	82556.2	1	-4.42179e-09	1.55328e+06	0.999591	35.7001	69604.1	0.999988	24.7057	1.61659e+06	1	0	1
49	rs1	1:1	2:0.28225	rs2	1:2	2:0.52675	0	1000	0	0.999714	20.7781	58065.6	0.99952	49.4956	82268.7	1	-2.12322e-09	2.19556e+06	0.999587	35.9743	69534.2	0.999991	24.4315	2.22501e+06	1	0	1
50	rs1	1:1	2:0.2835	rs2	1:2	2:0.527	0	1000	0	0.99973	19.6515	58076.4	0.99951	50.5671	82275.3	1	-5.78246e-09	1.26888e+06	0.999575	37.074	69534.2	0.999986	23.3318	1.32055e+06	1	0	1
51	rs1	1:1	2:0.28375	rs2	1:2	2:0.51925	0	1000	0	0.999719	20.4521	58018.2	0.999512	50.2642	82216.9	1	-8.84896e-10	1.55328e+06	0.999583	36.3767	69534.2	0.999988	24.0291	1.59157e+06	1	0	1
52	rs1	1:1	2:0.28475	rs2	1:2	2:0.5215	0	1000	0	1	5.28066e-12	375967	0.999511	60.4058	98593.6	1	-6.16041e-12	983856	0.999513	60.4058	99022.8	1	-5.04485e-13	1.06466e+06	1	0	1
53	rs1	1:1	2:0.28375	rs2	1:2	2:0.52975	0	1000	0	0.999729	19.7048	57993.7	0.999519	49.5175	82171	1	6.59983e-09	2.19556e+06	0.999574	37.0719	69464.5	0.999992	23.3339	2.22424e+06	1	0	1
54	rs1	1:1	2:0.2845	rs2	1:2	2:0.53025	0	1000	0	0.99972	20.3726	58064	0.999513	50.1886	82264.9	1	7.85943e-09	1.55328e+06	0.999583	36.3798	69534.2	0.999988	24.026	1.59463e+06	1	0	1
55	rs1	1:1	2:0.27925	rs2	1:2	2:0.52925	0	1000	0	0.999714	20.8868	58185.4	0.999522	49.3254	82406.4	1	-1.06913e-09	2.19556e+06	0.999591	35.6929	69569.1	0.999991	24.7129	2.23067e+06	1	0	1
56	rs1	1:1	2:0.28	rs2	1:2	2:0.52625	0	1000	0	0.999722	20.2249	58140	0.999515	50.0473	82345.3	1	-1.24468e-08	1.55328e+06	0.999582	36.385	69534.2	0.999988	24.0208	1.601e+06	1	0	1
57	rs1	1:1	2:0.28725	rs2	1:2	2:0.52375	0	1000	0	0.900298	0.782277	6.24398	1.72373e-22	13.8053	1.41493	0.999979	-23.3022	895885	2.06974e-22	13.7791	1.41493	0.999962	46.6267	987236	0	0	1
58	rs1	1:1	2:0.2825	rs2	1:2	2:0.5245	0	1000	0	0.999949	24.0229	376387	0.999582	36.3829	69464.5	0.999949	24.0229	376387	0.999582	36.3829	69464.5	nan	nan	nan	1	0	1
59	rs1	1:1	2:0.27825	rs2	1:2	2:0.5265	0	1000	0	0.999732	19.5298	58085.4	0.999521	49.3504	82267.9	1	-8.69134e-09	2.19556e+06	0.999574	37.0781	69464.5	0.999992	23.3277	2.22958e+06	1	0	1
60	rs1	1:1	2:0.2825	rs2	1:2	2:0.528	0	1000	0	0.999717	20.5981	58156.9	0.999522	49.3234	82365.5	1	1.41221e-08	2.19556e+06	0.999587	35.9805	69534.2	0.999991	24.4252	2.23067e+06	1	0	1
61	rs1	1:1	2:0.28125	rs2	1:2	2:0.526	0	1000	0	0.999946	24.9402	370971	0.999593	35.4656	69569.1	0.999946	24.9402	370971	0.999593	35.4656	69569.1	nan	nan	nan	1	0	1
62	rs1	1:1	2:0.2835	rs2	1:2	2:0.5215	0	1000	0	0.999718	20.5683	58274.5	0.999508	50.9075	82520.3	1	1.38082e-08	983863	0.999588	35.9816	69674.2	0.999982	24.4242	1.06233e+06	1	0	1
63	rs1	1:1	2:0.2855	rs2	1:2	2:0.52775	0	1000	0	0.999714	20.808	58128.5	0.999507	50.913	82359.5	1	1.25125e-08	1.09944e+06	0.999588	35.9733	69639.1	0.999983	24.4325	1.15565e+06	1	0	1
64	rs1	1:1	2:0.28375	rs2	1:2	2:0.52575	0	1000	0	0.999709	21.1742	58110.2	0.999506	50.9886	82351.9	1	1.21376e-08	1.09944e+06	0.999591	35.6825	69674.2	0.999983	24.7233	1.15163e+06	1	0	1
65	rs1	1:1	2:0.2905	rs2	1:2	2:0.527	0	1000	0	0.763519	1.88259	6.25731	1.27802e-26	13.095	1.22625	0.999988	-23.2991	1.55172e+06	1.42487e-26	13.0754	1.22558	0.999976	47.3303	1.58912e+06	0	0	1
66	rs1	1:1	2:0.2785	rs2	1:2	2:0.52825	0	1000	0	0.999718	20.5657	58198.8	0.999516	49.9863	82418.4	1	2.41005e-08	1.55328e+06	0.999587	35.9816	69569.1	0.999988	24.4242	1.60413e+06	1	0	1
67	rs1	1:1	2:0.2865	rs2	1:2	2:0.52425	0	1000	0	0.999713	20.8864	58107.5	0.999504	51.2114	82345.3	1	-6.40829e-09	983863	0.999588	35.9702	69674.2	0.999981	24.4356	1.04186e+06	1	0	1
68	rs1	1:1	2:0.2795	rs2	1:2	2:0.52625	0	1000	0	0.999734	19.396	58197.4	0.999513	50.3221	82403.7	1	-7.74712e-10	1.26888e+06	0.999574	37.0822	69534.2	0.999986	23.3235	1.33495e+06	1	0	1
69	rs1	1:1	2:0.27975	rs2	1:2	2:0.5215	0	1000	0	0.999714	20.8318	58034.8	0.999519	49.5467	82236.4	1	1.15098e-08	2.19556e+06	0.999587	35.9723	69534.2	0.999991	24.4335	2.22351e+06	1	0	1
70	rs1	1:1	2:0.28175	rs2	1:2	2:0.5245	0	1000	0	0.999714	20.8327	58062	0.999513	50.2416	82273.7	1	-1.69378e-08	1.55328e+06	0.999587	35.9723	69569.1	0.999988	24.4335	1.59254e+06	1	0	1
71	rs1	1:1	2:0.2825	rs2	1:2	2:0.53	0	1000	0	0.99971	21.1918	58314.3	0.999518	49.9248	82573.4	1	-1.09505e-08	1.55328e+06	0.999596	35.2905	69674.2	0.999988	25.1153	1.6077e+06	1	0	1
72	rs1	1:1	2:0.281	rs2	1:2	2:0.5255	0	1000	0	0.999732	19.5298	58085.4	0.999521	49.3504	82267.9	1	8.89348e-09	2.19556e+06	0.999574	37.0781	69464.5	0.999992	23.3277	2.22958e+06	1	0	1
73	rs1	1:1	2:0.28075	rs2	1:2	2:0.52275	0	1000	0	0.99972	20.3438	58052.9	0.99952	49.467	82244.2	1	5.17821e-09	2.19556e+06	0.999582	36.3808	69499.3	0.999991	24.025	2.22582e+06	1	0	1
74	rs1	1:1	2:0.2825	rs2	1:2	2:0.52375	0	1000	0	0.999947	24.027	360806	1.34937e-26	13.0816	1.22558	0.999947	24.027	360806	1.34937e-26	13.0816	1.22558	nan	nan	nan	1	0	1
75	rs1	1:1	2:0.284	rs2	1:2	2:0.52825	0	1000	0	0.999717	20.6635	58179.2	0.999511	50.4864	82405.2	1	1.86851e-09	1.26888e+06	0.999588	35.9785	69604.1	0.999985	24.4273	1.32515e+06	1	0	1
76	rs1	1:1	2:0.28125	rs2	1:2	2:0.52375	0	1000	0	0.999774	-16.7669	59262.8	0.999521	50.2283	83656.8	0.999988	-23.2971	1.55172e+06	0.999581	37.1086	70723	0.999988	23.2971	1.59582e+06	1	0	1
77	rs1	1:1	2:0.286	rs2	1:2	2:0.52225	0	1000	0	0.999725	20.0902	58225.7	0.999513	50.324	82444.4	1	-3.00361e-08	1.26888e+06	0.999583	36.3891	69569.1	0.999986	24.0167	1.33495e+06	1	0	1
78	rs1	1:1	2:0.28025	rs2	1:2	2:0.52875	0	1000	0	0.857302	1.71802	9.55464	1.87731e-22	13.7931	1.41494	0.999992	-23.2971	2.19446e+06	2.02741e-22	13.782	1.41493	0.999983	46.6238	2.23074e+06	0	0	1
79	rs1	1:1	2:0.281	rs2	1:2	2:0.5285	0	1000	0	0.999715	20.7511	58107.8	0.999514	50.1639	82321.8	1	-2.912e-09	1.55328e+06	0.999587	35.9754	69569.1	0.999988	24.4304	1.59577e+06	1	0	1
80	rs1	1:1	2:0.2835	rs2	1:2	2:0.5265	0	1000	0	0.853931	1.43488	7.79379	1.87078e-22	13.7936	1.41494	0.999988	-23.2981	1.55172e+06	2.10145e-22	13.7769	1.41493	0.999977	46.6289	1.59671e+06	0	0	1
81	rs1	1:1	2:0.27775	rs2	1:2	2:0.525	0	1000	0	0.999734	19.396	58197.4	0.999513	50.3221	82403.7	1	-1.4112e-08	1.26888e+06	0.999574	37.0822	69534.2	0.999986	23.3235	1.33495e+06	1	0	1
82	rs1	1:1	2:0.281	rs2	1:2	2:0.52675	0	1000	0	0.999722	20.2552	58098.5	0.999521	49.3824	82292.5	1	-8.9096e-09	2.19556e+06	0.999582	36.3839	69499.3	0.999991	24.0218	2.22855e+06	1	0	1
83	rs1	1:1	2:0.28125	rs2	1:2	2:0.52475	0	1000	0	1	-2.21245e-12	406060	0.999512	60.4058	98710.7	1	-3.76588e-12	1.55327e+06	0.999513	60.4058	98897.7	1	4.73221e-12	1.60923e+06	1	0	1
84	rs1	1:1	2:0.28375	rs2	1:2	2:0.528	0	1000	0	0.99972	20.3735	58089.8	0.99951	50.5957	82300.2	1	1.86313e-08	1.26888e+06	0.999583	36.3798	69569.1	0.999985	24.026	1.31918e+06	1	0	1
85	rs1	1:1	2:0.27825	rs2	1:2	2:0.525	0	1000	0	0.999734	19.4316	58182.5	0.999512	50.3564	82387.7	1	-2.13261e-09	1.26888e+06	0.999574	37.0812	69534.2	0.999986	23.3246	1.33272e+06	1	0	1
86	rs1	1:1	2:0.2835	rs2	1:2	2:0.52375	0	1000	0	0.999718	20.599	58183.4	0.999516	50.0183	82402.1	1	-3.69587e-09	1.55328e+06	0.999587	35.9805	69569.1	0.999988	24.4252	1.60251e+06	1	0	1
87	rs1	1:1	2:0.28175	rs2	1:2	2:0.52925	0	1000	0	0.770866	2.1973	7.54456	4.78455e-28	12.6974	1.15644	0.999992	-23.2991	2.19446e+06	4.89646e-28	12.6855	1.15558	0.999983	47.7203	2.23627e+06	0	0	1
88	rs1	1:1	2:0.2855	rs2	1:2	2:0.52825	0	1000	0	0.999722	20.2605	58250.1	0.999503	51.3381	82496.3	1	1.31242e-08	832353	0.999584	36.3839	69709.4	0.999979	24.0218	915845	1	0	1
89	rs1	1:1	2:0.28625	rs2	1:2	2:0.52525	0	1000	0	1	-1.112e-12	366313	0.999512	60.4058	98717.8	1	8.10019e-12	1.09943e+06	0.999514	60.4058	99076	1	1.27187e-12	1.16606e+06	1	0	1
90	rs1	1:1	2:0.28175	rs2	1:2	2:0.52425	0	1000	0	0.803199	1.70213	6.83015	1.16523e-26	13.1042	1.22613	0.999988	-23.2991	1.55172e+06	1.27665e-26	13.0879	1.22558	0.999976	47.3179	1.60435e+06	0	0	1
91	rs1	1:1	2:0.28775	rs2	1:2	2:0.5245	0	1000	0	0.999717	20.6331	58219.1	0.999509	50.7458	82455	1	-3.66066e-09	1.09944e+06	0.999588	35.9795	69639.1	0.999983	24.4263	1.16588e+06	1	0	1
92	rs1	1:1	2:0.28275	rs2	1:2	2:0.52475	0	1000	0	0.99972	20.3438	58052.9	0.99952	49.467	82244.2	1	-9.96859e-09	2.19556e+06	0.999582	36.3808	69499.3	0.999991	24.025	2.22582e+06	1	0	1
93	rs1	1:1	2:0.27625	rs2	1:2	2:0.5255	0	1000	0	0.999724	20.2044	58332.9	0.99952	49.6367	82563.9	1	1.7874e-08	1.55328e+06	0.999587	35.9908	69569.1	0.999988	24.415	1.62543e+06	1	0	1
94	rs1	1:1	2:0.28425	rs2	1:2	2:0.52425	0	1000	0	0.999722	20.2249	58140	0.999515	50.0473	82345.3	1	8.02849e-09	1.55328e+06	0.999582	36.385	69534.2	0.999988	24.0208	1.601e+06	1	0	1
95	rs1	1:1	2:0.27975	rs2	1:2	2:0.524	0	1000	0	1	9.33831e-12	443326	0.999511	60.4058	98505.3	1	-1.4353e-12	1.26888e+06	0.999512	60.4058	98768.4	1	4.46931e-12	1.35422e+06	1	0	1
96	rs1	1:1	2:0.28275	rs2	1:2	2:0.52675	0	1000	0	0.999945	24.0291	347012	0.999582	36.3767	69464.5	0.999945	24.0291	347012	0.999582	36.3767	69464.5	nan	nan	nan	1	0	1
97	rs1	1:1	2:0.2815	rs2	1:2	2:0.5285	0	1000	0	0.999714	20.8053	58050.7	0.99952	49.5215	82252.9	1	1.29676e-08	2.19556e+06	0.999587	35.9733	69534.2	0.999991	24.4325	2.22424e+06	1	0	1
98	rs1	1:1	2:0.29225	rs2	1:2	2:0.525	0	1000	0	0.999719	20.4547	58094.7	0.999504	51.1855	82320.6	1	5.12046e-09	983861	0.999583	36.3767	69639.1	0.999982	24.0291	1.04326e+06	1	0	1
99	rs1	1:1	2:0.28575	rs2	1:2	2:0.52425	0	1000	0	0.999939	24.0385	313528	0.999582	36.3673	69464.5	0.999939	24.0385	313528	0.999582	36.3673	69464.5	nan	nan	nan	1	0	1
100	rs1	1:1	2:0.286	rs2	1:2	2:0.5255	0	1000	0	0.99973	19.6803	58086.5	0.999507	50.8831	82293.6	1	-1.54456e-09	1.09943e+06	0.999575	37.0729	69569.1	0.999984	23.3328	1.15712e+06	1	0	1
101	rs1	1:1	2:0.28475	rs2	1:2	2:0.523	0	1000	0	0.999716	20.7225	58122.7	0.999514	50.1365	82337.6	1	3.18759e-09	1.55328e+06	0.999587	35.9764	69569.1	0.999988	24.4294	1.59696e+06	1	0	1
102	rs1	1:1	2:0.28275	rs2	1:2	2:0.52825	0	1000	0	0.999707	21.3578	58212.4	0.999522	49.3903	82456.2	1	-3.29489e-09	2.19557e+06	0.999596	35.2853	69639.1	0.999991	25.1205	2.22856e+06	1	0	1
103	rs1	1:1	2:0.286	rs2	1:2	2:0.5235	0	1000	0	0.999727	19.8309	57917.1	0.999518	49.6372	82091	1	5.83125e-09	2.19556e+06	0.999574	37.0667	69464.5	0.999992	23.3391	2.22092e+06	1	0	1
104	rs1	1:1	2:0.29025	rs2	1:2	2:0.5215	0	1000	0	0.999729	19.7322	58005.2	0.999512	50.2377	82192.1	1	-1.43432e-09	1.55327e+06	0.999574	37.0709	69499.3	0.999988	23.3349	1.59253e+06	1	0	1
105	rs1	1:1	2:0.288	rs2	1:2	2:0.52725	0	1000	0	0.999704	21.4554	57883.3	0.999505	50.9646	82110.6	1	2.56239e-09	1.26889e+06	0.999591	35.6688	69639.1	0.999985	24.7369	1.30356e+06	1	0	1
106	rs1	1:1	2:0.2795	rs2	1:2	2:0.52825	0	1000	0	0.999723	20.1917	58128.5	0.999522	49.3214	82324.6	1	-1.43768e-08	2.19556e+06	0.999582	36.386	69499.3	0.999991	24.0198	2.23067e+06	1	0	1
107	rs1	1:1	2:0.28325	rs2	1:2	2:0.52375	0	1000	0	0.999733	19.4652	58141.7	0.999516	49.9823	82336.6	1	2.20221e-09	1.55327e+06	0.999574	37.0802	69499.3	0.999988	23.3256	1.60413e+06	1	0	1
108	rs1	1:1	2:0.282	rs2	1:2	2:0.5215	0	1000	0	1	-1.90781e-12	358492	0.999514	60.4058	99135.4	1	-1.90781e-12	358492	0.999514	60.4058	99135.4	nan	nan	nan	1	0	1
109	rs1	1:1	2:0.28275	rs2	1:2	2:0.52525	0	1000	0	0.999774	-16.7631	59150.5	0.999522	50.0726	83527.5	0.999988	-23.2971	1.55172e+06	0.99958	37.1086	70540.2	0.999988	23.2971	1.60256e+06	1	0	1
110	rs1	1:1	2:0.282	rs2	1:2	2:0.52825	0	1000	0	0.999714	20.8318	58034.8	0.999519	49.5467	82236.4	1	5.05326e-09	2.19556e+06	0.999587	35.9723	69534.2	0.999991	24.4335	2.22351e+06	1	0	1
111	rs1	1:1	2:0.28425	rs2	1:2	2:0.5255	0	1000	0	0.999732	19.4976	58100	0.999522	49.3194	82283.7	1	-2.19134e-09	2.19556e+06	0.999574	37.0792	69464.5	0.999992	23.3266	2.23066e+06	1	0	1
112	rs1	1:1	2:0.285	rs2	1:2	2:0.52675	0	1000	0	0.999719	20.4272	58059.4	0.999509	50.6468	82268.3	1	5.35992e-09	1.26888e+06	0.999583	36.3777	69569.1	0.999985	24.0281	1.31665e+06	1	0	1
113	rs1	1:1	2:0.2785	rs2	1:2	2:0.52225	0	1000	0	0.99972	20.4579	58217.4	0.999524	49.1884	82430.5	1	-2.8249e-08	2.19556e+06	0.999587	35.9847	69534.2	0.999991	24.4211	2.23582e+06	1	0	1
114	rs1	1:1	2:0.28475	rs2	1:2	2:0.52525	0	1000	0	0.999721	20.2856	58082.8	0.999521	49.4114	82276.1	1	-2.64632e-09	2.19556e+06	0.999582	36.3829	69499.3	0.999991	24.0229	2.22759e+06	1	0	1
115	rs1	1:1	2:0.286	rs2	1:2	2:0.525	0	1000	0	0.999946	24.027	356026	0.999582	36.3788	69464.5	0.999946	24.027	356026	0.999582	36.3788	69464.5	nan	nan	nan	1	0	1
116	rs1	1:1	2:0.28375	rs2	1:2	2:0.52675	0	1000	0	0.99973	19.6523	58102.3	0.999507	50.8565	82309.9	1	4.70628e-10	1.09943e+06	0.999575	37.074	69569.1	0.999984	23.3318	1.15869e+06	1	0	1
117	rs1	1:1	2:0.28675	rs2	1:2	2:0.52925	0	1000	0	0.654387	2.29396	5.12416	2.02975e-28	12.3995	1.12143	0.999988	-23.3012	1.55172e+06	1.97194e-28	12.3751	1.11895	0.999976	48.0307	1.5851e+06	0	0	1
118	rs1	1:1	2:0.28425	rs2	1:2	2:0.52775	0	1000	0	0.999732	19.5333	58187.6	0.999507	50.9666	82406.9	1	7.25682e-09	983858	0.999575	37.0781	69604.1	0.999982	23.3277	1.05759e+06	1	0	1
119	rs1	1:1	2:0.27875	rs2	1:2	2:0.526	0	1000	0	0.999732	19.5307	58111.3	0.999515	50.0453	82304.3	1	-9.24777e-09	1.55327e+06	0.999574	37.0781	69499.3	0.999988	23.3277	1.60099e+06	1	0	1
120	rs1	1:1	2:0.2825	rs2	1:2	2:0.526	0	1000	0	0.999723	20.1926	58154.9	0.999515	50.0163	82361.2	1	1.68069e-08	1.55328e+06	0.999582	36.386	69534.2	0.999988	24.0198	1.60251e+06	1	0	1
121	rs1	1:1	2:0.2795	rs2	1:2	2:0.52475	0	1000	0	0.999733	19.4299	58130.3	0.999523	49.2543	82316.2	1	-5.19044e-09	2.19556e+06	0.999574	37.0812	69464.5	0.999992	23.3246	2.23307e+06	1	0	1
122	rs1	1:1	2:0.283	rs2	1:2	2:0.52225	0	1000	0	0.999716	20.7466	58245.9	0.999524	49.1904	82471.3	1	-5.59215e-09	2.19556e+06	0.999591	35.697	69569.1	0.999991	24.7088	2.23582e+06	1	0	1
123	rs1	1:1	2:0.28675	rs2	1:2	2:0.5235	0	1000	0	0.999711	21.1127	58266.3	0.999512	50.4294	82519.1	1	2.27602e-08	1.26889e+06	0.999594	35.4697	69674.2	0.999985	24.9361	1.3287e+06	1	0	1
124	rs1	1:1	2:0.28475	rs2	1:2	2:0.52525	0	1000	0	0.999718	20.5019	57987.5	0.999512	50.3114	82184.9	1	1.01413e-08	1.55328e+06	0.999583	36.3746	69534.2	0.999988	24.0312	1.58976e+06	1	0	1
125	rs1	1:1	2:0.28425	rs2	1:2	2:0.5255	0	1000	0	0.774286	1.52239	5.3087	1.23386e-26	13.1018	1.22651	0.999983	-23.3012	1.09723e+06	1.43708e-26	13.0745	1.22558	0.999967	47.3313	1.1508e+06	0	0	1
126	rs1	1:1	2:0.2885	rs2	1:2	2:0.52175	0	1000	0	0.999733	19.4661	58167.3	0.999512	50.3895	82371.5	1	1.16557e-10	1.26888e+06	0.999575	37.0802	69534.2	0.999986	23.3256	1.33064e+06	1	0	1
127	rs1	1:1	2:0.2815	rs2	1:2	2:0.5245	0	1000	0	1	-3.67439e-12	362275	0.999513	60.4058	98914.4	1	-9.60654e-12	1.55327e+06	0.999514	60.4058	99105.4	1	5.68434e-12	1.59733e+06	1	0	1
128	rs1	1:1	2:0.28425	rs2	1:2	2:0.52325	0	1000	0	0.999703	21.6276	58057.8	0.999519	49.6471	82294.3	1	-2.5618e-08	2.19557e+06	0.999596	35.2749	69639.1	0.999991	25.1309	2.22093e+06	1	0	1
129	rs1	1:1	2:0.28725	rs2	1:2	2:0.52025	0	1000	0	0.999957	24.417	457625	0.999587	35.9888	69499.3	0.999957	24.417	457625	0.999587	35.9888	69499.3	nan	nan	nan	1	0	1
130	rs1	1:1	2:0.28375	rs2	1:2	2:0.52675	0	1000	0	0.99972	20.3744	58115.6	0.999507	50.8851	82334.8	1	6.57143e-09	1.09944e+06	0.999583	36.3798	69604.1	0.999983	24.026	1.15713e+06	1	0	1
131	rs1	1:1	2:0.28275	rs2	1:2	2:0.52375	0	1000	0	0.999731	19.5942	58132.5	0.999508	50.8009	82341.8	1	-2.08526e-09	1.09943e+06	0.999575	37.0761	69569.1	0.999984	23.3297	1.16208e+06	1	0	1
132	rs1	1:1	2:0.286	rs2	1:2	2:0.52725	0	1000	0	0.999721	20.3178	58145.6	0.999508	50.8311	82366.5	1	-1.37409e-08	1.09944e+06	0.999583	36.3819	69604.1	0.999983	24.0239	1.16034e+06	1	0	1
133	rs1	1:1	2:0.28975	rs2	1:2	2:0.5255	0	1000	0	0.999728	19.7598	58040.8	0.999506	50.9588	82245.9	1	3.29062e-09	1.09943e+06	0.999575	37.0698	69569.1	0.999984	23.336	1.1529e+06	1	0	1
134	rs1	1:1	2:0.27925	rs2	1:2	2:0.52375	0	1000	0	0.999952	24.7098	414758	0.99959	35.696	69534.2	0.999952	24.7098	414758	0.99959	35.696	69534.2	nan	nan	nan	1	0	1
135	rs1	1:1	2:0.288	rs2	1:2	2:0.525	0	1000	0	0.999718	20.5666	58224.5	0.999512	50.3935	82453.4	1	7.40002e-10	1.26888e+06	0.999588	35.9816	69604.1	0.999985	24.4242	1.33065e+06	1	0	1
136	rs1	1:1	2:0.28175	rs2	1:2	2:0.525	0	1000	0	0.999728	19.7589	58015.6	0.999508	50.6694	82211.5	1	4.77166e-09	1.26888e+06	0.999575	37.0698	69534.2	0.999986	23.336	1.31547e+06	1	0	1
137	rs1	1:1	2:0.2855	rs2	1:2	2:0.52575	0	1000	0	0.999729	19.7057	58020.2	0.999513	50.2125	82207.9	1	-1.79138e-09	1.55327e+06	0.999574	37.0719	69499.3	0.999988	23.3339	1.59355e+06	1	0	1
138	rs1	1:1	2:0.28075	rs2	1:2	2:0.52325	0	1000	0	0.99972	20.3438	58052.9	0.99952	49.467	82244.2	1	5.29274e-09	2.19556e+06	0.999582	36.3808	69499.3	0.999991	24.025	2.22582e+06	1	0	1
139	rs1	1:1	2:0.285	rs2	1:2	2:0.531	0	1000	0	0.999709	21.2361	58205.3	0.999511	50.5477	82454.6	1	7.81603e-09	1.26889e+06	0.999594	35.4656	69674.2	0.999985	24.9402	1.322e+06	1	0	1
140	rs1	1:1	2:0.28125	rs2	1:2	2:0.52475	0	1000	0	0.999713	20.8585	58046	0.999512	50.2662	82257.2	1	3.662e-10	1.55328e+06	0.999587	35.9712	69569.1	0.999988	24.4346	1.59157e+06	1	0	1
141	rs1	1:1	2:0.2875	rs2	1:2	2:0.5265	0	1000	0	0.99972	20.3735	58089.8	0.99951	50.5957	82300.2	1	-6.45014e-09	1.26888e+06	0.999583	36.3798	69569.1	0.999985	24.026	1.31918e+06	1	0	1
142	rs1	1:1	2:0.28275	rs2	1:2	2:0.5245	0	1000	0	0.999711	20.9807	58020.8	0.999505	51.0766	82247.8	1	6.90846e-10	1.09944e+06	0.999588	35.966	69639.1	0.999983	24.4398	1.14708e+06	1	0	1
143	rs1	1:1	2:0.2815	rs2	1:2	2:0.523	0	1000	0	1	-3.86002e-12	443690	0.999511	60.4058	98585.8	1	1.60583e-12	1.55327e+06	0.999512	60.4058	98769.4	1	-3.56692e-12	1.6208e+06	1	0	1
144	rs1	1:1	2:0.2785	rs2	1:2	2:0.5225	0	1000	0	0.999955	23.3235	414758	0.999574	37.0822	69429.7	0.999955	23.3235	414758	0.999574	37.0822	69429.7	nan	nan	nan	1	0	1
145	rs1	1:1	2:0.2805	rs2	1:2	2:0.52375	0	1000	0	0.999734	19.3952	58171.6	0.999516	49.9149	82368.8	1	1.79984e-08	1.55327e+06	0.999574	37.0822	69499.3	0.999988	23.3235	1.6077e+06	1	0	1
146	rs1	1:1	2:0.282	rs2	1:2	2:0.52525	0	1000	0	1	-7.8284e-12	387756	0.999512	60.4058	98786.6	1	2.62901e-12	1.55327e+06	0.999513	60.4058	98975.2	1	3.5314e-12	1.60406e+06	1	0	1
147	rs1	1:1	2:0.2825	rs2	1:2	2:0.5275	0	1000	0	0.999708	21.1961	58016.6	0.999519	49.6204	82228.7	1	-2.4468e-09	2.19556e+06	0.999591	35.6814	69569.1	0.999991	24.7243	2.22153e+06	1	0	1
148	rs1	1:1	2:0.28375	rs2	1:2	2:0.523	0	1000	0	0.999952	24.7109	407545	0.99959	35.6949	69534.2	0.999952	24.7109	407545	0.99959	35.6949	69534.2	nan	nan	nan	1	0	1
149	rs1	1:1	2:0.28125	rs2	1:2	2:0.52625	0	1000	0	0.999721	20.2856	58082.8	0.999521	49.4114	82276.1	1	-2.06308e-08	2.19556e+06	0.999582	36.3829	69499.3	0.999991	24.0229	2.22759e+06	1	0	1
150	rs1	1:1	2:0.28225	rs2	1:2	2:0.52525	0	1000	0	0.852648	1.17116	6.30532	1.86104e-22	13.7943	1.41493	0.999983	-23.3002	1.09723e+06	2.22584e-22	13.7686	1.41494	0.999968	46.6372	1.1508e+06	0	0	1
151	rs1	1:1	2:0.286	rs2	1:2	2:0.5215	0	1000	0	0.999717	20.7118	58362.6	0.99951	50.7695	82624.8	1	5.54368e-09	983866	0.999591	35.698	69709.4	0.999982	24.7078	1.07389e+06	1	0	1
152	rs1	1:1	2:0.286	rs2	1:2	2:0.5205	0	1000	0	0.999729	19.7057	58020.2	0.999513	50.2125	82207.9	1	1.38304e-09	1.55327e+06	0.999574	37.0719	69499.3	0.999988	23.3339	1.59355e+06	1	0	1
153	rs1	1:1	2:0.2875	rs2	1:2	2:0.5225	0	1000	0	0.999731	19.5924	58081.4	0.999514	50.1044	82272.3	1	2.15944e-09	1.55327e+06	0.999574	37.0761	69499.3	0.999988	23.3297	1.59823e+06	1	0	1
154	rs1	1:1	2:0.282	rs2	1:2	2:0.52775	0	1000	0	0.999711	21.0398	58136	0.999514	50.1659	82362.5	1	-3.77788e-09	1.55328e+06	0.999591	35.6877	69604.1	0.999988	24.7181	1.59577e+06	1	0	1
155	rs1	1:1	2:0.2905	rs2	1:2	2:0.52175	0	1000	0	0.999719	20.48	58079	0.999504	51.2094	82304.4	1	-1.97525e-09	983861	0.999583	36.3756	69639.1	0.999982	24.0302	1.04186e+06	1	0	1
156	rs1	1:1	2:0.285	rs2	1:2	2:0.5225	0	1000	0	0.874305	1.05524	6.67059	1.79043e-22	13.7999	1.41493	0.999983	-23.3002	1.09723e+06	2.10052e-22	13.7769	1.41493	0.999968	46.6288	1.1638e+06	0	0	1
157	rs1	1:1	2:0.28175	rs2	1:2	2:0.52325	0	1000	0	0.99972	20.4597	58269	0.999514	50.2904	82501.3	1	-1.04256e-08	1.26888e+06	0.999587	35.9847	69604.1	0.999985	24.4211	1.33733e+06	1	0	1
158	rs1	1:1	2:0.286	rs2	1:2	2:0.5215	0	1000	0	0.999718	20.5675	58249.5	0.99951	50.6828	82487.1	1	-7.95492e-09	1.09944e+06	0.999588	35.9816	69639.1	0.999983	24.4242	1.17018e+06	1	0	1
159	rs1	1:1	2:0.281	rs2	1:2	2:0.52275	0	1000	0	1	3.49676e-12	393567	0.999512	60.4058	98761.2	1	-4.95248e-12	1.55327e+06	0.999513	60.4058	98949.3	1	-3.93641e-12	1.60567e+06	1	0	1
160	rs1	1:1	2:0.285	rs2	1:2	2:0.51775	0	1000	0	0.999727	19.8087	57984.8	0.999508	50.7166	82179.5	1	2.00621e-09	1.26888e+06	0.999575	37.0677	69534.2	0.999986	23.338	1.31329e+06	1	0	1
161	rs1	1:1	2:0.281	rs2	1:2	2:0.5275	0	1000	0	0.999949	24.714	387971	0.99959	35.6918	69534.2	0.999949	24.714	387971	0.99959	35.6918	69534.2	nan	nan	nan	1	0	1
162	rs1	1:1	2:0.281	rs2	1:2	2:0.5275	0	1000	0	0.999718	20.5648	58171.9	0.999523	49.2914	82381.6	1	1.23828e-08	2.19556e+06	0.999587	35.9816	69534.2	0.999991	24.4242	2.23183e+06	1	0	1
163	rs1	1:1	2:0.287	rs2	1:2	2:0.52275	0	1000	0	0.999713	20.9842	58242.6	0.999506	51.0316	82497.4	1	-5.24988e-09	983866	0.999591	35.6898	69709.4	0.999981	24.716	1.0534e+06	1	0	1
164	rs1	1:1	2:0.2875	rs2	1:2	2:0.5245	0	1000	0	0.999732	19.5307	58111.3	0.999515	50.0453	82304.3	1	8.72448e-09	1.55327e+06	0.999574	37.0781	69499.3	0.999988	23.3277	1.60099e+06	1	0	1
165	rs1	1:1	2:0.28025	rs2	1:2	2:0.523	0	1000	0	0.999764	-17.4525	58982.7	0.999516	50.5004	83332.1	0.999983	-23.2991	1.09723e+06	0.999579	37.1066	70286.5	0.999984	23.2991	1.18725e+06	1	0	1
166	rs1	1:1	2:0.28025	rs2	1:2	2:0.52475	0	1000	0	0.999719	20.5401	58346.6	0.99952	49.6844	82588.6	1	-1.84345e-08	1.55328e+06	0.999591	35.7021	69604.1	0.999988	24.7037	1.62223e+06	1	0	1
167	rs1	1:1	2:0.286	rs2	1:2	2:0.52575	0	1000	0	0.999716	20.6617	58126.6	0.999521	49.3843	82333.1	1	7.41883e-09	2.19556e+06	0.999587	35.9785	69534.2	0.999991	24.4273	2.22856e+06	1	0	1
168	rs1	1:1	2:0.28275	rs2	1:2	2:0.52875	0	1000	0	0.999732	19.5325	58162.4	0.999509	50.7418	82373.5	1	4.75742e-09	1.09943e+06	0.999575	37.0781	69569.1	0.999984	23.3277	1.16588e+06	1	0	1
169	rs1	1:1	2:0.28325	rs2	1:2	2:0.52025	0	1000	0	0.99973	19.6497	58024.6	0.99952	49.465	82203.5	1	-6.90381e-09	2.19556e+06	0.999574	37.074	69464.5	0.999992	23.3318	2.22582e+06	1	0	1
170	rs1	1:1	2:0.2805	rs2	1:2	2:0.5275	0	1000	0	0.999719	20.5877	58406.8	0.999511	50.6492	82672.5	1	4.38644e-09	983866	0.999591	35.7011	69709.4	0.999982	24.7047	1.08509e+06	1	0	1
171	rs1	1:1	2:0.2855	rs2	1:2	2:0.52475	0	1000	0	0.999712	20.9333	58026.1	0.999508	50.7433	82245	1	1.76359e-09	1.26888e+06	0.999588	35.9681	69604.1	0.999985	24.4377	1.31228e+06	1	0	1
172	rs1	1:1	2:0.28075	rs2	1:2	2:0.52325	0	1000	0	0.999734	19.396	58197.4	0.999513	50.3221	82403.7	1	7.10396e-09	1.26888e+06	0.999574	37.0822	69534.2	0.999986	23.3235	1.33495e+06	1	0	1
173	rs1	1:1	2:0.282	rs2	1:2	2:0.5275	0	1000	0	0.999942	24.7233	342754	0.999591	35.6825	69534.2	0.999942	24.7233	342754	0.999591	35.6825	69534.2	nan	nan	nan	1	0	1
174	rs1	1:1	2:0.2855	rs2	1:2	2:0.528	0	1000	0	0.999727	19.977	58319.7	0.99951	50.7271	82558.4	1	-2.79014e-09	983861	0.999583	36.3922	69639.1	0.999982	24.0136	1.07733e+06	1	0	1
175	rs1	1:1	2:0.28625	rs2	1:2	2:0.52725	0	1000	0	0.999711	21.0686	58146.2	0.99951	50.5997	82381.5	1	1.26358e-08	1.26889e+06	0.999591	35.6867	69639.1	0.999985	24.7191	1.31919e+06	1	0	1
176	rs1	1:1	2:0.28575	rs2	1:2	2:0.5255	0	1000	0	0.999728	19.7598	58040.8	0.999506	50.9588	82245.9	1	2.51723e-09	1.09943e+06	0.999575	37.0698	69569.1	0.999984	23.336	1.1529e+06	1	0	1
177	rs1	1:1	2:0.28225	rs2	1:2	2:0.523	0	1000	0	1	6.21725e-14	371820	0.999512	60.4058	98863.1	1	4.5759e-12	1.55327e+06	0.999513	60.4058	99053.2	1	-5.65592e-12	1.59978e+06	1	0	1
178	rs1	1:1	2:0.28025	rs2	1:2	2:0.52375	0	1000	0	0.999952	24.7109	407545	0.99959	35.6949	69534.2	0.999952	24.7109	407545	0.99959	35.6949	69534.2	nan	nan	nan	1	0	1
179	rs1	1:1	2:0.28075	rs2	1:2	2:0.5215	0	1000	0	0.99972	20.4197	58232.1	0.999524	49.1514	82446.5	1	-2.27365e-08	2.19556e+06	0.999587	35.9857	69534.2	0.999991	24.4201	2.23735e+06	1	0	1
180	rs1	1:1	2:0.28625	rs2	1:2	2:0.5235	0	1000	0	0.999734	19.3994	58295.8	0.999505	51.1757	82533.9	1	-1.0157e-08	832350	0.999575	37.0822	69674.2	0.99998	23.3235	929963	1	0	1
181	rs1	1:1	2:0.2855	rs2	1:2	2:0.524	0	1000	0	0.999724	20.1266	58235.9	0.99951	50.6477	82462.2	1	-1.56361e-08	1.09944e+06	0.999583	36.3881	69604.1	0.999984	24.0177	1.17254e+06	1	0	1
182	rs1	1:1	2:0.2775	rs2	1:2	2:0.52125	0	1000	0	0.999732	19.5316	58137.2	0.999511	50.4525	82339.5	1	1.69619e-09	1.26888e+06	0.999575	37.0781	69534.2	0.999986	23.3277	1.32687e+06	1	0	1
183	rs1	1:1	2:0.284	rs2	1:2	2:0.5295	0	1000	0	0.999944	24.9433	356026	0.999593	35.4625	69569.1	0.999944	24.9433	356026	0.999593	35.4625	69569.1	nan	nan	nan	1	0	1
184	rs1	1:1	2:0.28225	rs2	1:2	2:0.52225	0	1000	0	1	-8.95017e-12	413173	0.999512	60.4058	98776.5	1	-1.86375e-11	2.19556e+06	0.999513	60.4058	98873.2	1	1.75646e-11	2.2355e+06	1	0	1
185	rs1	1:1	2:0.2885	rs2	1:2	2:0.52675	0	1000	0	0.999729	19.7615	58091.2	0.999502	51.3675	82312.9	1	1.2183e-10	898588	0.999575	37.0698	69639.1	0.999981	23.336	963264	1	0	1
186	rs1	1:1	2:0.28475	rs2	1:2	2:0.522	0	1000	0	0.999716	20.692	58111.7	0.999521	49.4134	82317.3	1	-1.05438e-08	2.19556e+06	0.999587	35.9774	69534.2	0.999991	24.4283	2.22759e+06	1	0	1
187	rs1	1:1	2:0.283	rs2	1:2	2:0.524	0	1000	0	0.999721	20.3447	58079.5	0.999514	50.1619	82281.1	1	3.37778e-10	1.55328e+06	0.999583	36.3808	69534.2	0.999988	24.025	1.59576e+06	1	0	1
188	rs1	1:1	2:0.28675	rs2	1:2	2:0.526	0	1000	0	0.999719	20.4254	58006.9	0.999519	49.5447	82195.9	1	-1.61141e-09	2.19556e+06	0.999582	36.3777	69499.3	0.999991	24.0281	2.22351e+06	1	0	1
189	rs1	1:1	2:0.28325	rs2	1:2	2:0.5225	0	1000	0	1	1.5774e-12	393567	0.999512	60.4058	98761.2	1	-6.99174e-12	1.55327e+06	0.999513	60.4058	98949.3	1	2.7498e-12	1.60567e+06	1	0	1
190	rs1	1:1	2:0.282	rs2	1:2	2:0.5255	0	1000	0	0.999951	24.0208	387971	0.999582	36.385	69464.5	0.999951	24.0208	387971	0.999582	36.385	69464.5	nan	nan	nan	1	0	1
191	rs1	1:1	2:0.27925	rs2	1:2	2:0.52025	0	1000	0	0.999735	19.3591	58212.1	0.999513	50.2865	82419.6	1	1.35493e-08	1.26888e+06	0.999574	37.0833	69534.2	0.999986	23.3225	1.33733e+06	1	0	1
192	rs1	1:1	2:0.281	rs2	1:2	2:0.52675	0	1000	0	0.999712	20.9074	57989.3	0.999518	49.6184	82188.7	1	-7.18661e-09	2.19556e+06	0.999587	35.9691	69534.2	0.999991	24.4367	2.22153e+06	1	0	1
193	rs1	1:1	2:0.284	rs2	1:2	2:0.52175	0	1000	0	0.999729	19.7322	58005.2	0.999512	50.2377	82192.1	1	1.50911e-09	1.55327e+06	0.999574	37.0709	69499.3	0.999988	23.3349	1.59253e+06	1	0	1
194	rs1	1:1	2:0.2825	rs2	1:2	2:0.52875	0	1000	0	0.99973	19.6219	58066.2	0.999514	50.1326	82256.3	1	3.87907e-09	1.55327e+06	0.999574	37.075	69499.3	0.999988	23.3308	1.59696e+06	1	0	1
195	rs1	1:1	2:0.284	rs2	1:2	2:0.52375	0	1000	0	0.999723	20.2257	58165.9	0.999511	50.4545	82380.5	1	3.21866e-09	1.26888e+06	0.999583	36.385	69569.1	0.999986	24.0208	1.32687e+06	1	0	1
196	rs1	1:1	2:0.28325	rs2	1:2	2:0.52125	0	1000	0	0.999722	20.2249	58140	0.999515	50.0473	82345.3	1	-1.74016e-08	1.55328e+06	0.999582	36.385	69534.2	0.999988	24.0208	1.601e+06	1	0	1
197	rs1	1:1	2:0.28425	rs2	1:2	2:0.52425	0	1000	0	1	-2.32525e-12	362990	0.999514	60.4058	99109.1	1	-2.32525e-12	362990	0.999514	60.4058	99109.1	nan	nan	nan	1	0	1
198	rs1	1:1	2:0.2875	rs2	1:2	2:0.5215	0	1000	0	0.999709	21.197	58044	0.999512	50.3154	82266.2	1	-4.93883e-09	1.55328e+06	0.999591	35.6814	69604.1	0.999988	24.7243	1.58977e+06	1	0	1
199	rs1	1:1	2:0.28725	rs2	1:2	2:0.5285	0	1000	0	0.999707	21.3111	57939.3	0.999517	49.729	82148.7	1	1.64932e-08	2.19556e+06	0.999591	35.6762	69569.1	0.999991	24.7296	2.21878e+06	1	0	1
200	rs1	1:1	2:0.2855	rs2	1:2	2:0.53025	0	1000	0	0.663654	1.91062	4.39349	1.76415e-28	12.0145	1.08537	0.999983	-23.3052	1.09723e+06	1.48957e-28	11.9832	1.08107	0.999967	48.4225	1.17047e+06	0	0	1
201	rs1	1:1	2:0.28225	rs2	1:2	2:0.52525	0	1000	0	0.999719	20.5322	58239.1	0.999513	50.3603	82469.1	1	6.70283e-09	1.26888e+06	0.999588	35.9826	69604.1	0.999985	24.4232	1.33273e+06	1	0	1
202	rs1	1:1	2:0.28275	rs2	1:2	2:0.52425	0	1000	0	1	-9.42908e-11	338407	0.999591	36.4175	71055.9	1	-9.42908e-11	338407	0.999591	36.4175	71055.9	nan	nan	nan	1	0	1
203	rs1	1:1	2:0.286	rs2	1:2	2:0.52675	0	1000	0	0.999734	19.3943	58145.2	0.999523	49.22	82332.2	1	-1.91887e-08	2.19556e+06	0.999574	37.0822	69464.5	0.999992	23.3235	2.23439e+06	1	0	1
204	rs1	1:1	2:0.28125	rs2	1:2	2:0.525	0	1000	0	0.999732	19.5298	58085.4	0.999521	49.3504	82267.9	1	9.87171e-09	2.19556e+06	0.999574	37.0781	69464.5	0.999992	23.3277	2.22958e+06	1	0	1
205	rs1	1:1	2:0.2885	rs2	1:2	2:0.524	0	1000	0	0.999718	20.4764	57976.6	0.999518	49.5931	82164.1	1	-4.97543e-10	2.19556e+06	0.999582	36.3756	69499.3	0.999991	24.0302	2.22216e+06	1	0	1
206	rs1	1:1	2:0.2865	rs2	1:2	2:0.53	0	1000	0	0.999717	20.5251	57945.1	0.999518	49.6392	82131.5	1	-1.29614e-08	2.19556e+06	0.999582	36.3736	69499.3	0.999991	24.0322	2.22093e+06	1	0	1
207	rs1	1:1	2:0.2845	rs2	1:2	2:0.5255	0	1000	0	1	-4.21529e-12	362275	0.999513	60.4058	98914.4	1	-7.27596e-12	1.55327e+06	0.999514	60.4058	99105.4	1	5.57066e-12	1.59733e+06	1	0	1
208	rs1	1:1	2:0.283	rs2	1:2	2:0.5255	0	1000	0	0.999718	20.5648	58171.9	0.999523	49.2914	82381.6	1	4.11854e-08	2.19556e+06	0.999587	35.9816	69534.2	0.999991	24.4242	2.23183e+06	1	0	1
209	rs1	1:1	2:0.28375	rs2	1:2	2:0.5195	0	1000	0	0.999723	20.1593	58169.9	0.999516	49.9843	82377.3	1	-1.67343e-08	1.55328e+06	0.999582	36.387	69534.2	0.999988	24.0187	1.60413e+06	1	0	1
210	rs1	1:1	2:0.281	rs2	1:2	2:0.53075	0	1000	0	0.999711	21.1458	58276.7	0.999509	50.7497	82537.2	1	-1.68256e-08	1.09944e+06	0.999594	35.4687	69709.4	0.999983	24.9371	1.16589e+06	1	0	1
211	rs1	1:1	2:0.28075	rs2	1:2	2:0.52325	0	1000	0	0.745975	1.62728	5.02325	1.42956e-41	11.7178	0.867563	0.999988	-23.9943	1.55172e+06	1.67797e-41	11.7027	0.867199	0.999976	48.7031	1.61261e+06	0	0	1
212	rs1	1:1	2:0.28225	rs2	1:2	2:0.52175	0	1000	0	0.99995	23.3308	370971	0.999574	37.075	69429.7	0.99995	23.3308	370971	0.999574	37.075	69429.7	nan	nan	nan	1	0	1
213	rs1	1:1	2:0.282	rs2	1:2	2:0.52375	0	1000	0	0.99973	19.6515	58076.4	0.99951	50.5671	82275.3	1	6.38439e-09	1.26888e+06	0.999575	37.074	69534.2	0.999986	23.3318	1.32055e+06	1	0	1
214	rs1	1:1	2:0.27775	rs2	1:2	2:0.52125	0	1000	0	0.999724	20.161	58221.2	0.99951	50.6808	82446.4	1	-4.15912e-09	1.09944e+06	0.999583	36.387	69604.1	0.999984	24.0187	1.17018e+06	1	0	1
215	rs1	1:1	2:0.27975	rs2	1:2	2:0.52175	0	1000	0	0.999729	19.864	58394.3	0.999531	48.6101	82625.9	1	-2.11295e-08	2.19556e+06	0.999587	35.9969	69534.2	0.999991	24.4089	2.26751e+06	1	0	1
216	rs1	1:1	2:0.285	rs2	1:2	2:0.5275	0	1000	0	0.999729	19.6776	58009.2	0.99952	49.4916	82187.3	1	9.49613e-09	2.19556e+06	0.999574	37.0729	69464.5	0.999992	23.3328	2.22501e+06	1	0	1
217	rs1	1:1	2:0.282	rs2	1:2	2:0.52175	0	1000	0	0.759515	1.40834	4.60063	5.11296e-28	12.7068	1.15793	0.999979	-23.3042	895885	5.45445e-28	12.6743	1.15558	0.999961	47.7315	976285	0	0	1
218	rs1	1:1	2:0.27875	rs2	1:2	2:0.5245	0	1000	0	0.999949	24.4273	382047	0.999587	35.9785	69499.3	0.999949	24.4273	382047	0.999587	35.9785	69499.3	nan	nan	nan	1	0	1
219	rs1	1:1	2:0.281	rs2	1:2	2:0.52225	0	1000	0	1	2.31237e-12	366313	0.999512	60.4058	98717.8	1	8.68283e-12	1.09943e+06	0.999514	60.4058	99076	1	-9.31522e-12	1.16606e+06	1	0	1
220	rs1	1:1	2:0.2805	rs2	1:2	2:0.5225	0	1000	0	0.999717	20.6686	58276.2	0.999525	49.115	82504.1	1	-1.0167e-08	2.19556e+06	0.999591	35.699	69569.1	0.999991	24.7068	2.23901e+06	1	0	1
221	rs1	1:1	2:0.2815	rs2	1:2	2:0.525	0	1000	0	0.999948	23.3339	356026	0.999574	37.0719	69429.7	0.999948	23.3339	356026	0.999574	37.0719	69429.7	nan	nan	nan	1	0	1
222	rs1	1:1	2:0.28575	rs2	1:2	2:0.52775	0	1000	0	0.999714	20.8354	58138.4	0.999504	51.1629	82377.2	1	-5.0288e-09	983863	0.999588	35.9723	69674.2	0.999981	24.4335	1.04474e+06	1	0	1
223	rs1	1:1	2:0.28175	rs2	1:2	2:0.529	0	1000	0	0.999713	20.9513	58181.4	0.999515	50.0812	82410.6	1	-6.56509e-09	1.55328e+06	0.999591	35.6908	69604.1	0.999988	24.715	1.59957e+06	1	0	1
224	rs1	1:1	2:0.2875	rs2	1:2	2:0.52525	0	1000	0	0.999727	19.8571	57980.4	0.999504	51.051	82182.9	1	1.85993e-09	1.09943e+06	0.999575	37.0657	69569.1	0.999984	23.3401	1.14814e+06	1	0	1
225	rs1	1:1	2:0.277	rs2	1:2	2:0.528	0	1000	0	1	-1.54809e-12	435690	0.999512	60.4058	98700	1	6.11777e-12	2.19556e+06	0.999512	60.4058	98796.1	1	-1.07718e-11	2.24011e+06	1	0	1
226	rs1	1:1	2:0.27775	rs2	1:2	2:0.529	0	1000	0	0.999718	20.5842	58305.8	0.999526	49.0332	82536.5	1	-6.95389e-09	2.19556e+06	0.999591	35.7011	69569.1	0.999991	24.7047	2.24275e+06	1	0	1
227	rs1	1:1	2:0.2815	rs2	1:2	2:0.52675	0	1000	0	1	5.45963e-12	366620	0.999512	60.4058	98800.4	1	-8.82494e-12	1.26888e+06	0.999514	60.4058	99077.6	1	2.74269e-12	1.32541e+06	1	0	1
228	rs1	1:1	2:0.283	rs2	1:2	2:0.52475	0	1000	0	0.999721	20.2865	58109.5	0.999514	50.1063	82313	1	2.35763e-09	1.55328e+06	0.999583	36.3829	69534.2	0.999988	24.0229	1.59823e+06	1	0	1
229	rs1	1:1	2:0.281	rs2	1:2	2:0.523	0	1000	0	1	-1.71152e-12	372174	0.999513	60.4058	98956.9	1	-2.74554e-11	2.19556e+06	0.999513	60.4058	99054.9	1	2.34763e-11	2.2278e+06	1	0	1
230	rs1	1:1	2:0.27775	rs2	1:2	2:0.5255	0	1000	0	1	5.28821e-12	444092	0.999512	60.4058	98674.6	1	-5.68434e-13	2.19556e+06	0.999512	60.4058	98770.5	1	3.82272e-12	2.2419e+06	1	0	1
231	rs1	1:1	2:0.287	rs2	1:2	2:0.52125	0	1000	0	0.999765	-17.4633	59361.4	0.999521	50.3141	83777.1	0.999988	-23.9903	1.55172e+06	0.99959	36.4155	70870.4	0.999988	23.9903	1.5926e+06	1	0	1
232	rs1	1:1	2:0.28575	rs2	1:2	2:0.5255	0	1000	0	0.999712	20.955	57958.5	0.999518	49.6634	82156.7	1	9.68562e-10	2.19556e+06	0.999587	35.967	69534.2	0.999991	24.4387	2.22035e+06	1	0	1
233	rs1	1:1	2:0.2915	rs2	1:2	2:0.5245	0	1000	0	0.999709	21.2361	58205.3	0.999511	50.5477	82454.6	1	1.56634e-08	1.26889e+06	0.999594	35.4656	69674.2	0.999985	24.9402	1.322e+06	1	0	1
234	rs1	1:1	2:0.285	rs2	1:2	2:0.5255	0	1000	0	0.999729	19.6785	58035.8	0.999513	50.1866	82224.2	1	7.28459e-09	1.55327e+06	0.999574	37.0729	69499.3	0.999988	23.3328	1.59463e+06	1	0	1
235	rs1	1:1	2:0.283	rs2	1:2	2:0.52025	0	1000	0	0.999723	20.2257	58165.9	0.999511	50.4545	82380.5	1	-5.46986e-09	1.26888e+06	0.999583	36.385	69569.1	0.999986	24.0208	1.32687e+06	1	0	1
236	rs1	1:1	2:0.28475	rs2	1:2	2:0.52925	0	1000	0	0.999705	21.5023	58161.7	0.999514	50.2224	82411.7	1	-5.67002e-09	1.55328e+06	0.999596	35.2802	69674.2	0.999987	25.1256	1.59356e+06	1	0	1
237	rs1	1:1	2:0.28225	rs2	1:2	2:0.52625	0	1000	0	0.999732	19.5342	58212.1	0.999505	51.1505	82439.3	1	-1.63744e-09	898588	0.999575	37.0781	69639.1	0.999981	23.3277	978765	1	0	1
238	rs1	1:1	2:0.2805	rs2	1:2	2:0.52375	0	1000	0	0.999723	20.1917	58128.5	0.999522	49.3214	82324.6	1	-9.85722e-09	2.19556e+06	0.999582	36.386	69499.3	0.999991	24.0198	2.23067e+06	1	0	1
239	rs1	1:1	2:0.283	rs2	1:2	2:0.52775	0	1000	0	0.999722	20.224	58113.4	0.999522	49.3524	82308.5	1	1.0243e-08	2.19556e+06	0.999582	36.385	69499.3	0.999991	24.0208	2.22958e+06	1	0	1
240	rs1	1:1	2:0.283	rs2	1:2	2:0.527	0	1000	0	0.867958	0.953307	5.7341	1.2394e-26	13.0998	1.22638	0.999985	-23.9923	1.26697e+06	1.41183e-26	13.0765	1.22558	0.999971	47.3293	1.31481e+06	0	0	1
241	rs1	1:1	2:0.282	rs2	1:2	2:0.5255	0	1000	0	0.999951	24.0208	387971	0.999582	36.385	69464.5	0.999951	24.0208	387971	0.999582	36.385	69464.5	nan	nan	nan	1	0	1
242	rs1	1:1	2:0.28425	rs2	1:2	2:0.52375	0	1000	0	0.999721	20.2865	58109.5	0.999514	50.1063	82313	1	1.97847e-08	1.55328e+06	0.999583	36.3829	69534.2	0.999988	24.0229	1.59823e+06	1	0	1
243	rs1	1:1	2:0.2805	rs2	1:2	2:0.5225	0	1000	0	1	-1.85141e-12	412440	0.999511	60.4058	98601.9	1	-3.83693e-13	1.26888e+06	0.999513	60.4058	98870.7	1	1.26477e-12	1.34174e+06	1	0	1
244	rs1	1:1	2:0.279	rs2	1:2	2:0.52275	0	1000	0	0.999948	24.0239	370971	0.999582	36.3819	69464.5	0.999948	24.0239	370971	0.999582	36.3819	69464.5	nan	nan	nan	1	0	1
245	rs1	1:1	2:0.28675	rs2	1:2	2:0.52275	0	1000	0	1	-3.25784e-12	330328	0.999513	60.4058	99030	1	8.6402e-12	1.26888e+06	0.999515	60.4058	99314	1	-7.36122e-12	1.31419e+06	1	0	1
246	rs1	1:1	2:0.28575	rs2	1:2	2:0.52475	0	1000	0	0.999947	24.4294	370971	0.999587	35.9764	69499.3	0.999947	24.4294	370971	0.999587	35.9764	69499.3	nan	nan	nan	1	0	1
247	rs1	1:1	2:0.282	rs2	1:2	2:0.51875	0	1000	0	0.999732	19.4985	58126.5	0.999515	50.0143	82320.4	1	8.83895e-09	1.55327e+06	0.999574	37.0792	69499.3	0.999988	23.3266	1.60251e+06	1	0	1
248	rs1	1:1	2:0.2855	rs2	1:2	2:0.52425	0	1000	0	0.99972	20.3744	58115.6	0.999507	50.8851	82334.8	1	-5.30883e-09	1.09944e+06	0.999583	36.3798	69604.1	0.999983	24.026	1.15713e+06	1	0	1
249	rs1	1:1	2:0.28925	rs2	1:2	2:0.525	0	1000	0	0.999715	20.7511	58107.8	0.999514	50.1639	82321.8	1	-4.51085e-09	1.55328e+06	0.999587	35.9754	69569.1	0.999988	24.4304	1.59577e+06	1	0	1
250	rs1	1:1	2:0.2835	rs2	1:2	2:0.52525	0	1000	0	0.999721	20.3456	58104.6	0.99951	50.5691	82315.9	1	-7.77535e-09	1.26888e+06	0.999583	36.3808	69569.1	0.999985	24.025	1.32055e+06	1	0	1
251	rs1	1:1	2:0.28725	rs2	1:2	2:0.524	0	1000	0	0.999729	19.7331	58031.4	0.999509	50.6449	82227.9	1	7.09016e-09	1.26888e+06	0.999575	37.0709	69534.2	0.999986	23.3349	1.31665e+06	1	0	1
252	rs1	1:1	2:0.28175	rs2	1:2	2:0.52625	0	1000	0	0.99972	20.3735	58089.8	0.99951	50.5957	82300.2	1	1.94837e-09	1.26888e+06	0.999583	36.3798	69569.1	0.999985	24.026	1.31918e+06	1	0	1
253	rs1	1:1	2:0.284	rs2	1:2	2:0.52575	0	1000	0	0.999731	19.5924	58081.4	0.999514	50.1044	82272.3	1	8.23268e-09	1.55327e+06	0.999574	37.0761	69499.3	0.999988	23.3297	1.59823e+06	1	0	1
254	rs1	1:1	2:0.28425	rs2	1:2	2:0.5265	0	1000	0	0.999717	20.5981	58156.9	0.999522	49.3234	82365.5	1	2.31993e-08	2.19556e+06	0.999587	35.9805	69534.2	0.999991	24.4252	2.23067e+06	1	0	1
255	rs1	1:1	2:0.28	rs2	1:2	2:0.52725	0	1000	0	0.999723	20.1584	58143.6	0.999522	49.2894	82340.9	1	-7.13914e-09	2.19556e+06	0.999582	36.387	69499.3	0.999991	24.0187	2.23183e+06	1	0	1
256	rs1	1:1	2:0.28025	rs2	1:2	2:0.522	0	1000	0	0.999768	-17.1686	59122.6	0.999518	50.4437	83495.5	0.999985	-23.2981	1.26697e+06	0.99958	37.1076	70503.8	0.999986	23.2981	1.33069e+06	1	0	1
257	rs1	1:1	2:0.2855	rs2	1:2	2:0.53175	0	1000	0	0.999719	20.5322	58239.1	0.999513	50.3603	82469.1	1	1.75482e-08	1.26888e+06	0.999588	35.9826	69604.1	0.999985	24.4232	1.33273e+06	1	0	1
258	rs1	1:1	2:0.282	rs2	1:2	2:0.52125	0	1000	0	0.999722	20.224	58113.4	0.999522	49.3524	82308.5	1	-2.38804e-08	2.19556e+06	0.999582	36.385	69499.3	0.999991	24.0208	2.22958e+06	1	0	1
259	rs1	1:1	2:0.27975	rs2	1:2	2:0.52775	0	1000	0	0.999732	19.5307	58111.3	0.999515	50.0453	82304.3	1	1.34182e-08	1.55327e+06	0.999574	37.0781	69499.3	0.999988	23.3277	1.60099e+06	1	0	1
260	rs1	1:1	2:0.28375	rs2	1:2	2:0.5195	0	1000	0	0.999732	19.5307	58111.3	0.999515	50.0453	82304.3	1	7.1723e-09	1.55327e+06	0.999574	37.0781	69499.3	0.999988	23.3277	1.60099e+06	1	0	1
261	rs1	1:1	2:0.27975	rs2	1:2	2:0.52775	0	1000	0	0.999722	20.224	58113.4	0.999522	49.3524	82308.5	1	-9.71527e-09	2.19556e+06	0.999582	36.385	69499.3	0.999991	24.0208	2.22958e+06	1	0	1
262	rs1	1:1	2:0.283	rs2	1:2	2:0.51975	0	1000	0	0.99972	20.4597	58269	0.999514	50.2904	82501.3	1	2.45679e-08	1.26888e+06	0.999587	35.9847	69604.1	0.999985	24.4211	1.33733e+06	1	0	1
263	rs1	1:1	2:0.281	rs2	1:2	2:0.529	0	1000	0	0.999706	21.4769	58228.8	0.999508	50.893	82497.8	1	-4.99747e-09	1.09945e+06	0.999596	35.2812	69744.6	0.999983	25.1246	1.15713e+06	1	0	1
264	rs1	1:1	2:0.28475	rs2	1:2	2:0.525	0	1000	0	0.999723	20.2257	58165.9	0.999511	50.4545	82380.5	1	-3.00076e-10	1.26888e+06	0.999583	36.385	69569.1	0.999986	24.0208	1.32687e+06	1	0	1
