Outcome	Var1_ID	Var1_Pos	Var1_MAF	Var2_ID	Var2_Pos	Var2_MAF	Num_Missing	Num_Cases	Converged	Red_Var1_Pval	Red_Var1_beta	Red_Var1_SE	Red_Var2_Pval	Red_Var2_beta	Red_Var2_SE	Full_Var1_Pval	Full_Var1_beta	Full_Var1_SE	Full_Var2_Pval	Full_Var2_beta	Full_Var2_SE	Full_Var1_Var2_Pval	Full_Var1_Var2_beta	Full_Var1_Var2_SE	Red_Model_Pval	Full_Model_Pval	Overall_Pval_(LRT)
1	rs1	1:1	2:0.28325	rs2	1:2	2:0.52425	0	1000	0	1	6.3558e-12	243127	1	60.4058	237953	1	7.45109e-13	243144	1	60.4058	2.01737e+07	1	4.9738e-14	2.05241e+07	1	0	1
2	rs1	1:1	2:0.27875	rs2	1:2	2:0.52425	0	1000	0	1	54.9326	81357.1	1	56.0326	60663.9	1	2.85237e-10	254262	1	0.192647	1.15361e+06	1	61.8403	1.21183e+06	1	0	1
3	rs1	1:1	2:0.28175	rs2	1:2	2:0.527	0	1000	0	1	99.0385	144679	1	55.9816	59823	1	-2.23739e-10	447655	1	2.50559	369250	1	107.17	816351	1	0	1
4	rs1	1:1	2:0.28725	rs2	1:2	2:0.52775	0	1000	0	1	52.4828	82523	1	56.3185	60400.6	1	7.80864e-11	212890	1	0.232748	1.38664e+06	1	59.3251	1.38373e+06	1	0	1
5	rs1	1:1	2:0.28525	rs2	1:2	2:0.5275	0	1000	0	1	8.29914e-12	240146	1	60.4058	236764	1	7.73475e-12	240152	1	60.4058	3.30295e+07	1	-3.75699e-11	3.33537e+07	1	0	1
6	rs1	1:1	2:0.2845	rs2	1:2	2:0.52425	0	1000	0	0.260522	9.96686	6.07675	3.04318e-14	11.8652	1.50389	1	-1744.21	8.3031e+22	1	-113119	1.48889e+21	1	491360	6.43721e+21	0	1	1
7	rs1	1:1	2:0.2885	rs2	1:2	2:0.528	0	1000	0	1	54.527	85397.4	1	56.2932	60397.6	1	-2.87001e-10	224620	1	0.328915	1.31986e+06	1	61.5508	1.37092e+06	1	0	1
8	rs1	1:1	2:0.285	rs2	1:2	2:0.52725	0	1000	0	1	54.1899	82632.7	1	56.2816	62093.6	1	1.68377e-10	230576	1	0.0133876	1.09248e+06	1	60.7164	1.12205e+06	1	0	1
9	rs1	1:1	2:0.286	rs2	1:2	2:0.5225	0	1000	0	1	54.2737	84614.6	1	56.224	60411.9	1	8.52944e-11	229978	1	0.234623	1.38318e+06	1	61.3751	1.42956e+06	1	0	1
10	rs1	1:1	2:0.28175	rs2	1:2	2:0.52175	0	1000	0	1	54.6706	84937.4	1	56.188	60422	1	-1.0069e-09	235677	1	0.248365	1.37347e+06	1	61.8213	1.43108e+06	1	0	1
11	rs1	1:1	2:0.2855	rs2	1:2	2:0.52775	0	1000	0	1	55.0604	83427	1	56.2665	62104.3	1	-6.14588e-10	237511	1	0.159492	1.01639e+06	1	61.5654	1.06546e+06	1	0	1
12	rs1	1:1	2:0.28375	rs2	1:2	2:0.526	0	1000	0	1	53.2663	83208.4	1	55.8478	56084	1	4.00723e-10	237316	1	0.326679	1.86777e+06	1	61.0798	1.91381e+06	1	0	1
13	rs1	1:1	2:0.28325	rs2	1:2	2:0.523	0	1000	0	1	53.1994	82996.2	1	55.8379	56105.3	1	3.06222e-10	238116	1	0.286539	1.90539e+06	1	61.0472	1.94952e+06	1	0	1
14	rs1	1:1	2:0.28675	rs2	1:2	2:0.52875	0	1000	0	1	54.1913	77626.6	1	56.3853	63460.4	1	-8.14604e-10	227507	1	7.39727e-05	898868	1	60.4316	927265	1	0	1
15	rs1	1:1	2:0.28025	rs2	1:2	2:0.52625	0	1000	0	1	55.1685	82010.6	1	56.0685	60591.6	1	-6.24676e-11	251393	1	0.253734	1.11912e+06	1	62.0324	1.18129e+06	1	0	1
16	rs1	1:1	2:0.2805	rs2	1:2	2:0.524	0	1000	0	1	53.4214	82675.2	1	56.117	60450.1	1	1.45119e-10	236614	1	0.012318	1.54406e+06	1	60.6563	1.56858e+06	1	0	1
17	rs1	1:1	2:0.2835	rs2	1:2	2:0.5265	0	1000	0	1	53.6841	78210.6	1	56.2849	63105.6	1	-3.43517e-10	234160	1	0.0198331	974648	1	60.0099	996260	1	0	1
18	rs1	1:1	2:0.28475	rs2	1:2	2:0.525	0	1000	0	1	52.2973	78881.3	1	56.1707	60387.9	1	1.43252e-10	227058	1	0.582626	955539	1	58.4481	961709	1	0	1
19	rs1	1:1	2:0.281	rs2	1:2	2:0.5235	0	1000	0	1	98.0876	148348	1	55.849	59669.8	1	-1.01874e-10	470290	1	3.00033	353682	1	105.867	803557	1	0	1
20	rs1	1:1	2:0.28225	rs2	1:2	2:0.5255	0	1000	0	8.49791e-06	7.12203	1.47383	1.15236e-14	11.3407	1.41551	1	-21.2674	144555	0.960448	1.39726	4.91824	1	54.5936	157751	0	0	1
21	rs1	1:1	2:0.284	rs2	1:2	2:0.52275	0	1000	0	1	54.1236	83838.7	1	56.1449	60437.6	1	-1.45862e-10	237534	1	0.195002	1.41066e+06	1	61.2663	1.45497e+06	1	0	1
22	rs1	1:1	2:0.2845	rs2	1:2	2:0.5225	0	1000	0	1	53.3316	80464.7	1	56.133	60401.5	1	-3.65043e-10	232545	1	0.0124938	1.26135e+06	1	60.1606	1.27764e+06	1	0	1
23	rs1	1:1	2:0.27675	rs2	1:2	2:0.52275	0	1000	0	0.999997	571.943	226544	0.999999	43.3764	29398.7	1	6.35096e-08	273840	1	-831.131	1.44397e+07	1	891.537	1.483e+07	1	0	1
24	rs1	1:1	2:0.28425	rs2	1:2	2:0.5265	0	1000	0	1	54.8901	82917.2	1	56.2423	62112	1	7.78832e-10	238969	1	0.120192	1.03636e+06	1	61.4242	1.08259e+06	1	0	1
25	rs1	1:1	2:0.28525	rs2	1:2	2:0.52175	0	1000	0	0.199589	4.6328	2.58056	4.69242e-15	11.5404	1.42068	1	-22.7523	162201	0.968347	1.81085	7.13967	1	57.8569	175815	0	0	1
26	rs1	1:1	2:0.2875	rs2	1:2	2:0.52025	0	1000	0	0.999827	700.295	37647.4	0.999953	33.6397	3469.91	1	1.36419e-06	233346	1	-1679.57	2.40616e+07	1	1739.97	2.43898e+07	1	0	1
27	rs1	1:1	2:0.2825	rs2	1:2	2:0.52275	0	1000	0	1	55.0725	84986.6	1	56.1425	60447.2	1	-1.4503e-10	244015	1	0.439513	1.24882e+06	1	62.102	1.31638e+06	1	0	1
28	rs1	1:1	2:0.2835	rs2	1:2	2:0.5255	0	1000	0	1	52.7975	81841.6	1	56.1386	60438.5	1	4.38736e-10	231693	1	0.0677235	1.50283e+06	1	59.8883	1.50944e+06	1	0	1
29	rs1	1:1	2:0.28125	rs2	1:2	2:0.52075	0	1000	0	1	53.9438	84087.1	1	55.8467	56102.9	1	3.03556e-10	241477	1	0.534004	1.68398e+06	1	61.6506	1.75102e+06	1	0	1
30	rs1	1:1	2:0.28	rs2	1:2	2:0.52225	0	1000	0	1	52.831	81294.3	1	56.0555	60484.5	1	-1.18625e-08	240948	1	0.0416333	1.52211e+06	1	59.9751	1.53128e+06	1	0	1
31	rs1	1:1	2:0.2885	rs2	1:2	2:0.525	0	1000	0	1	54.8058	80670.8	1	56.3989	63094.9	1	3.55364e-10	227708	1	0.0707723	950480	1	61.1775	990116	1	0	1
32	rs1	1:1	2:0.27975	rs2	1:2	2:0.52525	0	1000	0	1	52.2264	77538.4	1	56.0624	60618.5	1	-9.30772e-10	239222	1	0.507503	991394	1	58.4859	997942	1	0	1
33	rs1	1:1	2:0.2835	rs2	1:2	2:0.52325	0	1000	0	1	54.4909	84300.1	1	55.8329	56189.8	1	2.92543e-10	248701	1	0.959275	1.36206e+06	1	61.8587	1.43951e+06	1	0	1
34	rs1	1:1	2:0.278	rs2	1:2	2:0.5255	0	1000	0	1	53.5437	79383	1	56.0184	60661.4	1	-1.17304e-09	247791	1	0.000447778	1.26878e+06	1	60.4636	1.29377e+06	1	0	1
35	rs1	1:1	2:0.28025	rs2	1:2	2:0.523	0	1000	0	1	51.6797	79584.6	1	55.7458	56339.7	1	3.7968e-10	243044	1	0.390498	1.81346e+06	1	59.2359	1.80666e+06	1	0	1
36	rs1	1:1	2:0.28275	rs2	1:2	2:0.5215	0	1000	0	1	54.3889	81283.1	1	56.085	60523.2	1	-2.86465e-10	244083	1	0.124573	1.19339e+06	1	61.2694	1.23726e+06	1	0	1
37	rs1	1:1	2:0.282	rs2	1:2	2:0.5245	0	1000	0	1	-1.21148e-12	238403	1	60.4058	230242	1	1.51916e-11	238436	1	60.4058	1.37775e+07	1	-2.14229e-12	1.41957e+07	1	0	1
38	rs1	1:1	2:0.28825	rs2	1:2	2:0.52525	0	1000	0	1	54.5795	85202.9	1	56.2602	60402.8	1	-4.06559e-10	228453	1	0.371388	1.29229e+06	1	61.5776	1.34526e+06	1	0	1
39	rs1	1:1	2:0.28375	rs2	1:2	2:0.5205	0	1000	0	1	52.6179	82010.4	1	55.8237	56126	1	2.57697e-10	236603	1	0.0369471	2.1561e+06	1	60.6318	2.1783e+06	1	0	1
40	rs1	1:1	2:0.2835	rs2	1:2	2:0.5285	0	1000	0	1	55.0881	85465.8	1	56.2002	60422.8	1	3.14992e-09	237517	1	0.417199	1.26276e+06	1	62.1249	1.32934e+06	1	0	1
41	rs1	1:1	2:0.2875	rs2	1:2	2:0.52625	0	1000	0	1	52.851	82605.5	1	56.2339	60407.4	1	4.41304e-11	222069	1	0.0660537	1.50406e+06	1	59.9243	1.51003e+06	1	0	1
42	rs1	1:1	2:0.2765	rs2	1:2	2:0.52525	0	1000	0	0.999996	596.991	218833	0.999999	43.4606	34523.5	1	7.97613e-09	99961.2	1	-699.204	2.37008e+06	1	751.808	2.43185e+06	1	1	1
43	rs1	1:1	2:0.28175	rs2	1:2	2:0.525	0	1000	0	8.31739e-06	7.7046	1.59292	2.09244e-14	11.2345	1.41546	1	-22.8628	164314	0.961316	1.39334	4.96031	1	58.7872	177958	0	0	1
44	rs1	1:1	2:0.2865	rs2	1:2	2:0.52975	0	1000	0	1	54.4315	84605.9	1	56.2008	60416.8	1	-1.09839e-10	233636	1	0.319518	1.32607e+06	1	61.4773	1.37691e+06	1	0	1
45	rs1	1:1	2:0.287	rs2	1:2	2:0.52525	0	1000	0	1	52.336	80623.3	1	56.2776	60174.1	1	-5.34627e-10	214966	1	0.540182	975696	1	58.4711	977714	1	0	1
46	rs1	1:1	2:0.28975	rs2	1:2	2:0.52275	0	1000	0	1	56.2704	86589.6	1	56.3329	60145.7	1	-7.35357e-09	229425	1	0.566265	957976	1	62.8408	1.03215e+06	1	0	1
47	rs1	1:1	2:0.289	rs2	1:2	2:0.528	0	1000	0	1	99.5898	147298	1	56.0926	59263.8	1	2.11869e-09	418783	1	3.01238	290426	1	106.723	681756	1	0	1
48	rs1	1:1	2:0.28175	rs2	1:2	2:0.52475	0	1000	0	1	54.2152	82526.8	1	56.2718	62092.3	1	6.33185e-10	231714	1	0.0109287	1.0938e+06	1	60.7527	1.12418e+06	1	0	1
49	rs1	1:1	2:0.28225	rs2	1:2	2:0.52675	0	1000	0	1	55.5035	82655.5	1	56.1006	60546.6	1	4.16316e-10	250403	1	0.365218	1.05876e+06	1	62.2896	1.12683e+06	1	0	1
50	rs1	1:1	2:0.2835	rs2	1:2	2:0.527	0	1000	0	1	52.5978	81867.4	1	55.8147	56146.4	1	4.56375e-10	237636	1	0.0320284	2.16133e+06	1	60.6171	2.18293e+06	1	0	1
51	rs1	1:1	2:0.28375	rs2	1:2	2:0.51925	0	1000	0	1	54.1957	83549.5	1	56.0966	60465.6	1	-7.41179e-11	243552	1	0.243274	1.37728e+06	1	61.3147	1.42475e+06	1	0	1
52	rs1	1:1	2:0.28475	rs2	1:2	2:0.5215	0	1000	0	1	1.20171e-11	224052	1	60.4058	226148	1	1.16871e-11	224060	1	60.4058	2.69373e+07	1	7.37188e-12	2.65434e+07	1	0	1
53	rs1	1:1	2:0.28375	rs2	1:2	2:0.52975	0	1000	0	1	54.4716	84628.3	1	55.8573	56121.4	1	4.90589e-10	245050	1	0.915714	1.39197e+06	1	61.8697	1.46873e+06	1	0	1
54	rs1	1:1	2:0.2845	rs2	1:2	2:0.53025	0	1000	0	1	54.1878	84001.3	1	56.1561	60435.3	1	-2.09574e-10	236737	1	0.219166	1.39385e+06	1	61.3122	1.4396e+06	1	0	1
55	rs1	1:1	2:0.27925	rs2	1:2	2:0.52925	0	1000	0	1	55.4164	82002.5	1	56.1239	62205.1	1	1.24937e-09	256322	1	0.18449	1.0037e+06	1	62.0159	1.06498e+06	1	0	1
56	rs1	1:1	2:0.28	rs2	1:2	2:0.52625	0	1000	0	1	53.6832	82267.6	1	56.0132	60517.3	1	-2.97355e-10	249970	1	0.0701039	1.50066e+06	1	60.9271	1.53579e+06	1	0	1
57	rs1	1:1	2:0.28725	rs2	1:2	2:0.52375	0	1000	0	0.250938	4.18564	2.51714	1.43019e-15	11.7367	1.41951	1	-21.4074	144393	0.964454	1.85063	6.87847	1	54.1456	157656	0	0	1
58	rs1	1:1	2:0.2825	rs2	1:2	2:0.5245	0	1000	0	1	98.7002	152215	1	56.0348	59759	1	-1.35817e-10	437717	1	3.04157	346896	1	106.359	777074	1	0	1
59	rs1	1:1	2:0.27825	rs2	1:2	2:0.5265	0	1000	0	1	53.8478	82156.6	1	55.686	56537.8	1	4.04799e-10	263214	1	0.591146	1.63685e+06	1	61.5409	1.70488e+06	1	0	1
60	rs1	1:1	2:0.2825	rs2	1:2	2:0.528	0	1000	0	1	55.3675	83374.7	1	56.1565	60403.2	1	-7.09589e-10	241490	1	0.283595	1.10261e+06	1	62.1863	1.16588e+06	1	0	1
61	rs1	1:1	2:0.28125	rs2	1:2	2:0.526	0	1000	0	1	99.959	142805	1	56.1339	62360.8	1	2.96335e-10	449765	1	2.20342	334178	1	107.714	763728	1	0	1
62	rs1	1:1	2:0.2835	rs2	1:2	2:0.5215	0	1000	0	1	52.6877	79564.7	1	56.1519	60385.8	1	-5.18217e-10	228709	1	0.233588	1.13259e+06	1	59.2175	1.13807e+06	1	0	1
63	rs1	1:1	2:0.2855	rs2	1:2	2:0.52775	0	1000	0	1	53.4617	80913.9	1	56.1503	60365.5	1	2.43577e-11	230990	1	0.00207337	1.2678e+06	1	60.3085	1.2865e+06	1	0	1
64	rs1	1:1	2:0.28375	rs2	1:2	2:0.52575	0	1000	0	1	53.7099	80252.9	1	56.1595	62154.5	1	-7.04176e-10	241935	1	0.00424213	1.09737e+06	1	60.2523	1.12086e+06	1	0	1
65	rs1	1:1	2:0.2905	rs2	1:2	2:0.527	0	1000	0	0.000289507	7.62175	1.88813	3.0908e-15	11.5523	1.41324	1	-24.9405	150456	0.959703	1.57165	5.47963	1	63.8039	167386	0	0	1
66	rs1	1:1	2:0.2785	rs2	1:2	2:0.52825	0	1000	0	1	53.8164	79340.4	1	55.9782	60759.5	1	6.73115e-09	254569	1	0.0206323	1.25624e+06	1	60.7681	1.28945e+06	1	0	1
67	rs1	1:1	2:0.2865	rs2	1:2	2:0.52425	0	1000	0	1	53.2198	80537.1	1	56.1519	60363.7	1	-3.44814e-10	229949	1	0.037826	1.24584e+06	1	60.0008	1.25929e+06	1	0	1
68	rs1	1:1	2:0.2795	rs2	1:2	2:0.52625	0	1000	0	1	52.029	80148.5	1	55.7409	56340.2	1	2.44098e-10	244672	1	0.0823288	2.10885e+06	1	59.9396	2.10965e+06	1	0	1
69	rs1	1:1	2:0.27975	rs2	1:2	2:0.5215	0	1000	0	1	55.3057	81034	1	55.975	60845.7	1	7.0468e-10	266243	1	0.349657	1.06702e+06	1	62.1328	1.13583e+06	1	0	1
70	rs1	1:1	2:0.28175	rs2	1:2	2:0.5245	0	1000	0	1	54.3401	80517.5	1	56.0262	60659.5	1	-2.76226e-10	251500	1	0.125259	1.19298e+06	1	61.2394	1.23778e+06	1	0	1
71	rs1	1:1	2:0.2825	rs2	1:2	2:0.53	0	1000	0	1	54.7208	78152.1	1	56.3499	63479.8	1	-4.19237e-10	233798	1	0.023035	888784	1	61.0094	927682	1	0	1
72	rs1	1:1	2:0.281	rs2	1:2	2:0.5255	0	1000	0	1	54.0916	83601.6	1	55.7984	56240.3	1	6.76341e-10	249276	1	0.677529	1.5677e+06	1	61.6962	1.63881e+06	1	0	1
73	rs1	1:1	2:0.28075	rs2	1:2	2:0.52275	0	1000	0	1	55.0013	84063.7	1	56.0377	60511.5	1	-1.74247e-11	256196	1	0.46061	1.23582e+06	1	62.0314	1.30455e+06	1	0	1
74	rs1	1:1	2:0.2825	rs2	1:2	2:0.52375	0	1000	0	0.000298442	27.9408	6.9347	8.66067e-15	11.3641	1.41216	1	-93.0799	731145	0.961662	1.56466	5.59577	1	234.611	766824	0	0	1
75	rs1	1:1	2:0.284	rs2	1:2	2:0.52825	0	1000	0	0.990948	737.689	5470.11	0.998772	24.0629	485.414	1	-7.40941e-09	128.909	0.99172	-798.401	6191.4	0.991282	821.959	6211.3	1	1	1
76	rs1	1:1	2:0.28125	rs2	1:2	2:0.52375	0	1000	0	1	-23.6238	154362	1	59.3543	161620	1	-24.4152	224923	1	37.1594	365845	1	24.1479	450826	1	0	1
77	rs1	1:1	2:0.286	rs2	1:2	2:0.52225	0	1000	0	1	53.3167	83662	1	56.2769	60402.2	1	2.05259e-11	219582	1	0.00223808	1.55176e+06	1	60.5029	1.56955e+06	1	0	1
78	rs1	1:1	2:0.28025	rs2	1:2	2:0.52875	0	1000	0	0.187155	5.16539	2.82146	7.70469e-15	11.457	1.42114	1	-25.1646	178375	0.959925	1.91458	6.69413	1	63.9571	193444	0	0	1
79	rs1	1:1	2:0.281	rs2	1:2	2:0.5285	0	1000	0	1	54.2087	80338.6	1	56.0237	60661	1	1.05569e-09	250885	1	0.0891998	1.21445e+06	1	61.1269	1.25603e+06	1	0	1
80	rs1	1:1	2:0.2835	rs2	1:2	2:0.5265	0	1000	0	0.21372	4.85149	2.76163	3.71754e-15	11.5786	1.42038	1	-24.1385	172449	0.9615	1.89356	6.75745	1	61.1249	186766	0	0	1
81	rs1	1:1	2:0.27775	rs2	1:2	2:0.525	0	1000	0	1	51.8773	79246.2	1	55.672	56537.4	1	5.14426e-10	253532	1	0.167059	2.02317e+06	1	59.7032	2.02123e+06	1	0	1
82	rs1	1:1	2:0.281	rs2	1:2	2:0.52675	0	1000	0	1	54.9479	84347.4	1	56.0776	60481.7	1	-4.71809e-11	250680	1	0.411815	1.2662e+06	1	62.007	1.33273e+06	1	0	1
83	rs1	1:1	2:0.28125	rs2	1:2	2:0.52475	0	1000	0	1	6.62048e-12	238746	1	60.4058	235612	1	4.04557e-13	238749	1	60.4058	4.68585e+07	1	3.46212e-11	4.72679e+07	1	0	1
84	rs1	1:1	2:0.28375	rs2	1:2	2:0.528	0	1000	0	1	53.4465	82634.6	1	56.1072	60454.3	1	1.04818e-11	237849	1	0.0236229	1.53549e+06	1	60.6766	1.56107e+06	1	0	1
85	rs1	1:1	2:0.27825	rs2	1:2	2:0.525	0	1000	0	1	51.9555	79461.6	1	55.6816	56508.6	1	6.99157e-10	252465	1	0.11905	2.07127e+06	1	59.8375	2.0713e+06	1	0	1
86	rs1	1:1	2:0.2835	rs2	1:2	2:0.52375	0	1000	0	1	54.2896	82262	1	56.1639	60343.3	1	-1.47094e-10	233529	1	0.0807413	1.21956e+06	1	61.16	1.2582e+06	1	0	1
87	rs1	1:1	2:0.28175	rs2	1:2	2:0.52925	0	1000	0	8.55014e-06	8.41403	1.74165	9.41193e-15	11.3788	1.4158	1	-25.0156	163869	0.954799	1.44494	4.75069	1	64.206	179853	0	0	1
88	rs1	1:1	2:0.2855	rs2	1:2	2:0.52825	0	1000	0	1	52.0119	80716.2	1	56.2011	60420.9	1	-6.54355e-11	224251	1	0.724138	1.09063e+06	1	58.3606	1.09078e+06	1	0	1
89	rs1	1:1	2:0.28625	rs2	1:2	2:0.52525	0	1000	0	1	-1.7824e-11	222786	1	60.4058	222277	1	-1.24991e-11	222786	1	60.4058	1.05348e+08	1	-7.023e-11	1.04972e+08	1	0	1
90	rs1	1:1	2:0.28175	rs2	1:2	2:0.52425	0	1000	0	0.000275121	7.19147	1.77599	7.56953e-15	11.3898	1.41241	1	-23.5678	165009	0.962318	1.55625	5.6149	1	60.2154	179297	0	0	1
91	rs1	1:1	2:0.28775	rs2	1:2	2:0.5245	0	1000	0	1	53.4733	82953.2	1	56.2749	60125.2	1	-2.22087e-09	217007	1	0.00475686	1.26617e+06	1	60.2456	1.28118e+06	1	0	1
92	rs1	1:1	2:0.28275	rs2	1:2	2:0.52475	0	1000	0	1	55.1729	84935.8	1	56.1272	60454.4	1	8.98803e-11	246815	1	0.500283	1.2116e+06	1	62.1607	1.28152e+06	1	0	1
93	rs1	1:1	2:0.27625	rs2	1:2	2:0.5255	0	1000	0	1	53.2331	78484.2	1	55.9776	60760	1	-2.04502e-10	251808	1	0.0103175	1.26266e+06	1	60.1195	1.28171e+06	1	0	1
94	rs1	1:1	2:0.28425	rs2	1:2	2:0.52425	0	1000	0	1	54.0259	84070.1	1	56.1912	60422.7	1	-2.82767e-10	231863	1	0.144828	1.44619e+06	1	61.1915	1.4867e+06	1	0	1
95	rs1	1:1	2:0.27975	rs2	1:2	2:0.524	0	1000	0	1	-1.36691e-11	235087	1	60.4058	236764	1	-2.70808e-12	235091	1	60.4058	4.03169e+07	1	1.0548e-11	3.98547e+07	1	0	1
96	rs1	1:1	2:0.28275	rs2	1:2	2:0.52675	0	1000	0	1	98.5044	150927	1	55.9681	59660	1	-2.19028e-10	447690	1	3.05478	344670	1	106.15	778546	1	0	1
97	rs1	1:1	2:0.2815	rs2	1:2	2:0.5285	0	1000	0	1	55.4556	82120.8	1	56.0613	60639.8	1	8.93878e-10	255381	1	0.366999	1.05783e+06	1	62.2512	1.1264e+06	1	0	1
98	rs1	1:1	2:0.29225	rs2	1:2	2:0.525	0	1000	0	1	53.2369	84144.2	1	56.37	60406.6	1	1.27624e-10	210532	1	7.84712e-05	1.55343e+06	1	60.3907	1.56703e+06	1	0	1
99	rs1	1:1	2:0.28575	rs2	1:2	2:0.52425	0	1000	0	1	56.0614	130395	1	33.7111	42637.9	1	3.82876e-11	443909	1	3.92068	316830	1	61.5624	724636	1	0	1
100	rs1	1:1	2:0.286	rs2	1:2	2:0.5255	0	1000	0	1	52.3357	82388.5	1	55.8836	55984.1	1	3.03867e-10	227977	1	0.00537226	2.1899e+06	1	60.3105	2.19837e+06	1	0	1
101	rs1	1:1	2:0.28475	rs2	1:2	2:0.523	0	1000	0	1	54.5106	82702.2	1	56.1765	60327.3	1	-4.22188e-10	233451	1	0.134731	1.18741e+06	1	61.351	1.23099e+06	1	0	1
102	rs1	1:1	2:0.28275	rs2	1:2	2:0.52825	0	1000	0	1	56.091	79804.8	1	56.3465	63497.6	1	6.06912e-10	243019	1	0.169926	826478	1	62.4012	889982	1	0	1
103	rs1	1:1	2:0.286	rs2	1:2	2:0.5235	0	1000	0	1	54.7507	85413.2	1	55.9056	56038.7	1	3.70074e-10	241848	1	1.09606	1.27214e+06	1	61.9889	1.35198e+06	1	0	1
104	rs1	1:1	2:0.29025	rs2	1:2	2:0.5215	0	1000	0	1	53.863	87049	1	56.0347	55707.3	1	-3.04327e-09	219236	1	0.62726	1.60803e+06	1	61.3601	1.66538e+06	1	0	1
105	rs1	1:1	2:0.288	rs2	1:2	2:0.52725	0	1000	0	1	54.756	82427.3	1	56.2235	62123.7	1	6.01281e-10	240661	1	0.139565	1.02654e+06	1	61.2661	1.07096e+06	1	0	1
106	rs1	1:1	2:0.2795	rs2	1:2	2:0.52825	0	1000	0	1	54.759	83776.2	1	56.0289	60515.8	1	1.46314e-09	255036	1	0.345933	1.30843e+06	1	61.8719	1.37203e+06	1	0	1
107	rs1	1:1	2:0.28325	rs2	1:2	2:0.52375	0	1000	0	1	53.0773	83289	1	55.8704	56023.6	1	4.11303e-10	233268	1	0.19487	1.99405e+06	1	60.9831	2.0331e+06	1	0	1
108	rs1	1:1	2:0.282	rs2	1:2	2:0.5215	0	1000	0	1	-2.1565e-12	390754	1	60.4058	221912	1	1.23368e-11	451826	1	60.4058	445280	1	9.40403e-12	899942	1	0	1
109	rs1	1:1	2:0.28275	rs2	1:2	2:0.52525	0	1000	0	1	-23.6236	148082	1	59.3767	156300	1	-24.3895	213409	1	37.1732	353916	1	24.0869	433604	1	0	1
110	rs1	1:1	2:0.282	rs2	1:2	2:0.52825	0	1000	0	1	55.5212	82312.7	1	56.0739	60614.7	1	4.28093e-10	254357	1	0.388253	1.04671e+06	1	62.2995	1.11614e+06	1	0	1
111	rs1	1:1	2:0.28425	rs2	1:2	2:0.5255	0	1000	0	1	54.3264	85584.5	1	55.9243	55945	1	2.56755e-10	234691	1	0.731635	1.52581e+06	1	61.8546	1.59924e+06	1	0	1
112	rs1	1:1	2:0.285	rs2	1:2	2:0.52675	0	1000	0	1	53.5914	83073.3	1	56.1385	60439.6	1	5.44981e-12	235176	1	0.0535809	1.51299e+06	1	60.8028	1.54222e+06	1	0	1
113	rs1	1:1	2:0.2785	rs2	1:2	2:0.52225	0	1000	0	1	54.873	81275.8	1	56.0311	60660.6	1	6.43508e-10	253982	1	0.176187	1.16308e+06	1	61.7896	1.21998e+06	1	0	1
114	rs1	1:1	2:0.28475	rs2	1:2	2:0.52525	0	1000	0	1	55.2759	85823.1	1	56.2263	60412.6	1	-2.42727e-10	236291	1	0.496893	1.2136e+06	1	62.2521	1.28329e+06	1	0	1
115	rs1	1:1	2:0.286	rs2	1:2	2:0.525	0	1000	0	1	99.0546	154337	1	56.1228	59655.5	1	1.05228e-09	420221	1	3.06962	342367	1	106.624	761776	1	0	1
116	rs1	1:1	2:0.28375	rs2	1:2	2:0.52675	0	1000	0	1	52.135	81145.2	1	55.8151	56146.3	1	2.31982e-10	235546	1	0.0585599	2.13353e+06	1	60.0576	2.13626e+06	1	0	1
117	rs1	1:1	2:0.28675	rs2	1:2	2:0.52925	0	1000	1	0.989003	27.4542	184.613	1.5594e-14	11.314	1.41887	0.988383	25.668	167.902	0.995492	-8.60335	90.5004	0.976097	20.429	92.8724	0	0	0.889048
118	rs1	1:1	2:0.28425	rs2	1:2	2:0.52775	0	1000	0	1	51.6859	80971.9	1	55.8653	56041.2	1	5.27983e-10	228184	1	0.453762	1.75805e+06	1	59.1356	1.74943e+06	1	0	1
119	rs1	1:1	2:0.27875	rs2	1:2	2:0.526	0	1000	0	1	52.7616	80694.2	1	55.6816	56508.7	1	5.15793e-10	256382	1	0.0956254	2.09451e+06	1	60.7893	2.12665e+06	1	0	1
120	rs1	1:1	2:0.2825	rs2	1:2	2:0.526	0	1000	0	1	53.8596	83396.1	1	56.1306	60443.3	1	-1.25554e-10	237455	1	0.102169	1.47706e+06	1	61.0619	1.51432e+06	1	0	1
121	rs1	1:1	2:0.2795	rs2	1:2	2:0.52475	0	1000	0	1	53.8694	82988.2	1	55.7643	56314.7	1	4.2487e-10	252055	1	0.546913	1.67326e+06	1	61.5849	1.74017e+06	1	0	1
122	rs1	1:1	2:0.283	rs2	1:2	2:0.52225	0	1000	0	1	55.6253	84971.5	1	56.3189	62087.1	1	2.28161e-10	234668	1	0.176978	1.00746e+06	1	62.1523	1.06577e+06	1	0	1
123	rs1	1:1	2:0.28675	rs2	1:2	2:0.5235	0	1000	0	1	54.3299	80453.4	1	56.4474	63099.4	1	-4.43212e-09	220315	1	0.0076922	980468	1	60.6877	1.0092e+06	1	0	1
124	rs1	1:1	2:0.28475	rs2	1:2	2:0.52525	0	1000	0	1	54.3159	83863.3	1	56.1202	60454.7	1	-7.63415e-11	241763	1	0.293886	1.34309e+06	1	61.3946	1.39306e+06	1	0	1
125	rs1	1:1	2:0.28425	rs2	1:2	2:0.5255	0	1000	0	0.000272575	6.8879	1.70006	9.16454e-15	11.3553	1.41229	1	-22.5493	159662	0.960524	1.57607	5.55309	1	57.6094	173224	0	0	1
126	rs1	1:1	2:0.2885	rs2	1:2	2:0.52175	0	1000	0	1	52.7963	85613.8	1	56.0252	55698.1	1	8.29206e-11	214058	1	0.0535103	2.13858e+06	1	60.7089	2.16174e+06	1	0	1
127	rs1	1:1	2:0.2815	rs2	1:2	2:0.5245	0	1000	0	1	1.60991e-11	248419	1	60.4058	244042	1	-2.71385e-12	248431	1	60.4058	2.56717e+07	1	1.73941e-11	2.60318e+07	1	0	1
128	rs1	1:1	2:0.28425	rs2	1:2	2:0.52325	0	1000	0	1	56.4485	79963.1	1	56.3275	63524.3	1	1.4968e-09	249314	1	0.265467	788264	1	62.7166	859114	1	0	1
129	rs1	1:1	2:0.28725	rs2	1:2	2:0.52025	0	1000	0	1	100.336	155706	1	56.3009	59511.4	1	2.34831e-10	391756	1	2.17464	433544	1	108.919	899695	1	0	1
130	rs1	1:1	2:0.28375	rs2	1:2	2:0.52675	0	1000	0	1	52.9568	81805.1	1	56.0969	60463.2	1	-6.6899e-11	236800	1	0.024029	1.53526e+06	1	60.1231	1.54679e+06	1	0	1
131	rs1	1:1	2:0.28275	rs2	1:2	2:0.52375	0	1000	0	1	52.0031	80721.5	1	55.798	56195.4	1	2.84667e-10	237233	1	0.12895	2.06123e+06	1	59.8435	2.06014e+06	1	0	1
132	rs1	1:1	2:0.286	rs2	1:2	2:0.52725	0	1000	0	1	53.073	82771.4	1	56.2044	60414.4	1	8.0228e-12	225808	1	0.00803318	1.54735e+06	1	60.2403	1.55958e+06	1	0	1
133	rs1	1:1	2:0.28975	rs2	1:2	2:0.5255	0	1000	0	1	52.687	84533.6	1	55.9801	55779.9	1	5.48959e-10	218480	1	0.0406238	2.15223e+06	1	60.6263	2.17245e+06	1	0	1
134	rs1	1:1	2:0.27925	rs2	1:2	2:0.52375	0	1000	0	1	99.617	146554	1	56.077	61510.1	1	1.30839e-09	451757	1	2.19324	373646	1	107.714	825158	1	0	1
135	rs1	1:1	2:0.288	rs2	1:2	2:0.525	0	1000	0	1	53.9188	84238.7	1	56.3064	60077.7	1	1.86335e-09	215522	1	0.0153439	1.2596e+06	1	60.7159	1.28436e+06	1	0	1
136	rs1	1:1	2:0.28175	rs2	1:2	2:0.525	0	1000	0	1	52.5361	80640.6	1	55.7107	56422.6	1	3.63305e-10	251054	1	0.027018	2.16666e+06	1	60.5885	2.18856e+06	1	0	1
137	rs1	1:1	2:0.2855	rs2	1:2	2:0.52575	0	1000	0	1	53.4787	83989.4	1	55.8861	56003.2	1	4.63145e-10	234015	1	0.457689	1.74992e+06	1	61.1755	1.80126e+06	1	0	1
138	rs1	1:1	2:0.28075	rs2	1:2	2:0.52325	0	1000	0	1	55.0013	84063.7	1	56.0377	60511.5	1	-1.8471e-11	256196	1	0.46061	1.23582e+06	1	62.0314	1.30455e+06	1	0	1
139	rs1	1:1	2:0.285	rs2	1:2	2:0.531	0	1000	0	1	54.3287	79621.6	1	56.3445	63095.8	1	3.56563e-10	230589	1	0.0107243	978977	1	60.7191	1.01062e+06	1	0	1
140	rs1	1:1	2:0.28125	rs2	1:2	2:0.52475	0	1000	0	1	54.3115	80143.9	1	55.9954	60735.6	1	6.55382e-10	255502	1	0.124365	1.19351e+06	1	61.2205	1.23875e+06	1	0	1
141	rs1	1:1	2:0.2875	rs2	1:2	2:0.5265	0	1000	0	1	53.724	84090.6	1	56.2529	60405.5	1	-3.76098e-10	223912	1	0.0760306	1.49633e+06	1	60.8994	1.52687e+06	1	0	1
142	rs1	1:1	2:0.28275	rs2	1:2	2:0.5245	0	1000	0	1	53.3459	78651.8	1	55.9774	60760.6	1	1.11095e-09	252341	1	0.00619108	1.26521e+06	1	60.2508	1.28691e+06	1	0	1
143	rs1	1:1	2:0.2815	rs2	1:2	2:0.523	0	1000	0	1	-3.81029e-12	231359	1	60.4058	229124	1	-1.67075e-11	231359	1	60.4058	9.83448e+07	1	-4.71196e-11	9.87974e+07	1	0	1
144	rs1	1:1	2:0.2785	rs2	1:2	2:0.5225	0	1000	0	1	96.7295	145184	1	55.6723	55965.1	1	2.145e-10	458264	1	2.292	701404	1	107.403	1.37605e+06	1	0	1
145	rs1	1:1	2:0.2805	rs2	1:2	2:0.52375	0	1000	0	1	52.7845	81827.1	1	55.7883	56215.6	1	2.94121e-10	241982	1	0.0809751	2.10972e+06	1	60.7943	2.13983e+06	1	0	1
146	rs1	1:1	2:0.282	rs2	1:2	2:0.52525	0	1000	0	1	8.62244e-12	239489	1	60.4058	235622	1	1.41755e-12	239496	1	60.4058	3.28262e+07	1	-1.33937e-11	3.32149e+07	1	0	1
147	rs1	1:1	2:0.2825	rs2	1:2	2:0.5275	0	1000	0	1	55.9646	82913.5	1	56.1695	62183.9	1	1.16766e-09	256172	1	0.342567	927926	1	62.4633	998656	1	0	1
148	rs1	1:1	2:0.28375	rs2	1:2	2:0.523	0	1000	0	1	100.301	151737	1	56.2428	61384.2	1	8.16268e-10	420151	1	2.19229	373953	1	108.292	811735	1	0	1
149	rs1	1:1	2:0.28125	rs2	1:2	2:0.52625	0	1000	0	1	54.9963	84406.9	1	56.0794	60484.9	1	-1.82183e-09	250907	1	0.43499	1.25167e+06	1	62.0385	1.31918e+06	1	0	1
150	rs1	1:1	2:0.28225	rs2	1:2	2:0.52525	0	1000	0	0.179899	4.60593	2.48671	8.59628e-15	11.4391	1.42131	1	-22.3709	168546	0.963724	1.87463	6.89596	1	56.8167	181317	0	0	1
151	rs1	1:1	2:0.286	rs2	1:2	2:0.5215	0	1000	0	1	53.0727	82436.6	1	56.3926	62079.2	1	3.05961e-10	215684	1	0.16681	1.01406e+06	1	59.2585	1.02069e+06	1	0	1
152	rs1	1:1	2:0.286	rs2	1:2	2:0.5205	0	1000	0	1	53.5179	84294.5	1	55.9034	55964.3	1	2.67279e-10	232153	1	0.474488	1.73533e+06	1	61.1952	1.78732e+06	1	0	1
153	rs1	1:1	2:0.2875	rs2	1:2	2:0.5225	0	1000	0	1	53.529	85673.2	1	55.9817	55796.8	1	3.60786e-10	222863	1	0.418744	1.78407e+06	1	61.2188	1.83449e+06	1	0	1
154	rs1	1:1	2:0.282	rs2	1:2	2:0.52775	0	1000	0	1	54.6404	81604.1	1	56.1658	62156.2	1	5.334e-10	246145	1	0.0792963	1.05752e+06	1	61.2227	1.101e+06	1	0	1
155	rs1	1:1	2:0.2905	rs2	1:2	2:0.52175	0	1000	0	1	53.153	83581.3	1	56.3031	60402.1	1	1.95011e-12	216401	1	0.00322619	1.55102e+06	1	60.3092	1.56347e+06	1	0	1
156	rs1	1:1	2:0.285	rs2	1:2	2:0.5225	0	1000	0	0.231765	4.45829	2.6072	2.17385e-15	11.6678	1.41991	1	-22.5643	167985	0.965589	1.84247	6.96225	1	56.9337	180829	0	0	1
157	rs1	1:1	2:0.28175	rs2	1:2	2:0.52325	0	1000	0	1	53.3108	80311.6	1	56.1239	60421.3	1	4.01634e-12	233537	1	0.0109676	1.26229e+06	1	60.1431	1.27835e+06	1	0	1
158	rs1	1:1	2:0.286	rs2	1:2	2:0.5215	0	1000	0	1	53.271	81927.9	1	56.236	60194.6	1	3.7678e-09	220516	1	0.0258851	1.25316e+06	1	60.0225	1.26492e+06	1	0	1
159	rs1	1:1	2:0.281	rs2	1:2	2:0.52275	0	1000	0	1	-2.48157e-12	242477	1	60.4058	239098	1	-2.2042e-11	242482	1	60.4058	4.0111e+07	1	-4.9738e-14	4.05062e+07	1	0	1
160	rs1	1:1	2:0.285	rs2	1:2	2:0.51775	0	1000	0	1	52.8461	82242.8	1	55.8169	56149.1	1	2.55318e-10	238765	1	0.147472	2.04156e+06	1	60.788	2.07332e+06	1	0	1
161	rs1	1:1	2:0.281	rs2	1:2	2:0.5275	0	1000	0	1	99.7331	147152	1	56.0983	61396.3	1	2.92601e-10	445577	1	2.20972	370721	1	107.78	817751	1	0	1
162	rs1	1:1	2:0.281	rs2	1:2	2:0.5275	0	1000	0	1	55.2046	82541.2	1	56.1066	60505.2	1	-2.68517e-10	246562	1	0.249999	1.12119e+06	1	62.0592	1.18276e+06	1	0	1
163	rs1	1:1	2:0.287	rs2	1:2	2:0.52275	0	1000	0	1	53.4385	82466.4	1	56.35	62079.3	1	4.01707e-10	220687	1	0.0583457	1.06886e+06	1	59.7928	1.08164e+06	1	0	1
164	rs1	1:1	2:0.2875	rs2	1:2	2:0.5245	0	1000	0	1	53.468	85878.1	1	55.9953	55764	1	3.97397e-10	220891	1	0.365018	1.8324e+06	1	61.1932	1.88074e+06	1	0	1
165	rs1	1:1	2:0.28025	rs2	1:2	2:0.523	0	1000	0	0.999989	678.048	143167	0.999999	41.0788	31579.5	0.999996	745.194	269573	0.999999	-1160.77	697257	0.999999	1203.44	701416	1	1	1
166	rs1	1:1	2:0.28025	rs2	1:2	2:0.52475	0	1000	0	1	53.9841	81619.6	1	56.2316	62109.5	1	7.74646e-11	234994	1	0.00127302	1.09898e+06	1	60.525	1.12573e+06	1	0	1
167	rs1	1:1	2:0.286	rs2	1:2	2:0.52575	0	1000	0	1	55.7192	85442.8	1	56.2684	60199.2	1	-2.25147e-10	230740	1	0.355512	1.06386e+06	1	62.4516	1.13035e+06	1	0	1
168	rs1	1:1	2:0.28275	rs2	1:2	2:0.52875	0	1000	0	1	51.9459	80843.8	1	55.8167	56148.8	1	3.70375e-10	234697	1	0.168204	2.02201e+06	1	59.732	2.01879e+06	1	0	1
169	rs1	1:1	2:0.28325	rs2	1:2	2:0.52025	0	1000	0	1	54.3851	84530.7	1	55.8533	56123.9	1	-4.63231e-09	244648	1	0.849912	1.43843e+06	1	61.8379	1.51391e+06	1	0	1
170	rs1	1:1	2:0.2805	rs2	1:2	2:0.5275	0	1000	0	1	52.4844	78809.7	1	56.2273	62132.4	1	-6.57493e-10	231821	1	0.430684	892333	1	58.4556	900830	1	0	1
171	rs1	1:1	2:0.2855	rs2	1:2	2:0.52475	0	1000	0	1	54.0557	81290.7	1	56.1179	60439.1	1	8.13969e-10	237925	1	0.0640396	1.22969e+06	1	60.9358	1.26428e+06	1	0	1
172	rs1	1:1	2:0.28075	rs2	1:2	2:0.52325	0	1000	0	1	52.1327	80821.6	1	55.7876	56215.6	1	4.64112e-10	238992	1	0.0428174	2.15006e+06	1	60.0813	2.15327e+06	1	0	1
173	rs1	1:1	2:0.282	rs2	1:2	2:0.5275	0	1000	0	1	57.761	123205	1	33.7724	45527.4	1	-1.9671e-06	458681	1	2.71437	333852	1	63.651	758175	1	0	1
174	rs1	1:1	2:0.2855	rs2	1:2	2:0.528	0	1000	0	1	52.2767	81877.2	1	56.2789	60400.5	1	-1.72597e-10	216175	1	0.36097	1.30265e+06	1	58.9802	1.29805e+06	1	0	1
175	rs1	1:1	2:0.28625	rs2	1:2	2:0.52725	0	1000	0	1	54.3457	83291.9	1	56.3114	62084.5	1	-4.09986e-09	228236	1	0.0289782	1.08415e+06	1	60.8591	1.11617e+06	1	0	1
176	rs1	1:1	2:0.28575	rs2	1:2	2:0.5255	0	1000	0	1	52.3838	81988.2	1	55.8495	56061	1	2.81685e-10	232294	1	0.000242569	2.19542e+06	1	60.3869	2.20688e+06	1	0	1
177	rs1	1:1	2:0.28225	rs2	1:2	2:0.523	0	1000	0	1	-1.32392e-11	242306	1	60.4058	237934	1	3.94294e-13	242316	1	60.4058	2.64959e+07	1	1.58913e-11	2.68667e+07	1	0	1
178	rs1	1:1	2:0.28025	rs2	1:2	2:0.52375	0	1000	0	1	99.7413	147384	1	56.1059	61462.6	1	3.38364e-10	445534	1	2.19647	373090	1	107.814	821443	1	0	1
179	rs1	1:1	2:0.28075	rs2	1:2	2:0.5215	0	1000	0	0.999997	529.142	209361	0.999999	43.5624	36162.9	1	8.60991e-08	243403	1	-689.966	4.26049e+06	1	747.848	4.38848e+06	1	0	1
180	rs1	1:1	2:0.28625	rs2	1:2	2:0.5235	0	1000	0	1	51.1209	81198.4	1	55.9678	55858	1	2.56032e-10	216293	1	1.24617	1.1916e+06	1	57.6883	1.18324e+06	1	0	1
181	rs1	1:1	2:0.2855	rs2	1:2	2:0.524	0	1000	0	1	52.8346	82646.9	1	56.2427	60407.5	1	3.63358e-11	221094	1	0.0575378	1.51036e+06	1	59.9115	1.51553e+06	1	0	1
182	rs1	1:1	2:0.2775	rs2	1:2	2:0.52125	0	1000	0	1	51.9759	78955.5	1	55.6176	56693.9	1	-4.13611e-09	261692	1	0.107511	2.08297e+06	1	59.8893	2.08536e+06	1	0	1
183	rs1	1:1	2:0.284	rs2	1:2	2:0.5295	0	1000	0	1	100.261	144259	1	56.2103	62268.6	1	3.93438e-10	434110	1	2.21509	332399	1	107.964	753088	1	0	1
184	rs1	1:1	2:0.28225	rs2	1:2	2:0.52225	0	1000	0	1	3.97904e-12	238663	1	60.4058	230250	1	1.23349e-11	238700	1	60.4058	1.30536e+07	1	1.84031e-12	1.34642e+07	1	0	1
185	rs1	1:1	2:0.2885	rs2	1:2	2:0.52675	0	1000	0	1	51.9024	82303.5	1	55.9292	55891.7	1	4.18313e-10	221347	1	0.301142	1.89443e+06	1	59.4999	1.88857e+06	1	0	1
186	rs1	1:1	2:0.28475	rs2	1:2	2:0.522	0	1000	0	1	55.6457	84507.4	1	56.218	60294.8	1	6.53772e-10	236304	1	0.356075	1.06357e+06	1	62.3984	1.13032e+06	1	0	1
187	rs1	1:1	2:0.283	rs2	1:2	2:0.524	0	1000	0	1	54.0441	83423.8	1	56.1034	60458.1	1	-4.66587e-10	241685	1	0.174218	1.42528e+06	1	61.2085	1.46847e+06	1	0	1
188	rs1	1:1	2:0.28675	rs2	1:2	2:0.526	0	1000	0	1	55.5536	86319.4	1	56.2675	60403.8	1	-6.18949e-12	234531	1	0.625654	1.13819e+06	1	62.4292	1.2119e+06	1	0	1
189	rs1	1:1	2:0.28325	rs2	1:2	2:0.5225	0	1000	0	1	1.73408e-11	233248	1	60.4058	229144	1	-6.30786e-12	233255	1	60.4058	3.10459e+07	1	2.14726e-11	3.14412e+07	1	0	1
190	rs1	1:1	2:0.282	rs2	1:2	2:0.5255	0	1000	0	1	98.7015	152251	1	56.0397	59799.2	1	-6.14975e-10	437689	1	2.97948	357356	1	106.479	793253	1	0	1
191	rs1	1:1	2:0.27925	rs2	1:2	2:0.52025	0	1000	0	1	51.9708	80055.7	1	55.7414	56338.9	1	3.18931e-10	244399	1	0.111582	2.07888e+06	1	59.8438	2.07778e+06	1	0	1
192	rs1	1:1	2:0.281	rs2	1:2	2:0.52675	0	1000	0	1	55.4758	81449.2	1	56.004	60789.7	1	-3.14209e-11	264020	1	0.409266	1.03585e+06	1	62.2567	1.10713e+06	1	0	1
193	rs1	1:1	2:0.284	rs2	1:2	2:0.52175	0	1000	0	1	53.3798	83023.8	1	55.8241	56148.5	1	2.5511e-10	241201	1	0.427095	1.77681e+06	1	61.1204	1.82687e+06	1	0	1
194	rs1	1:1	2:0.2825	rs2	1:2	2:0.52875	0	1000	0	1	53.1644	82497.1	1	55.8019	56194.5	1	3.28359e-10	242544	1	0.282726	1.90902e+06	1	61.0256	1.95293e+06	1	0	1
195	rs1	1:1	2:0.284	rs2	1:2	2:0.52375	0	1000	0	1	53.3245	82891	1	56.1662	60429.2	1	1.19568e-11	230851	1	0.00489725	1.54972e+06	1	60.5395	1.57016e+06	1	0	1
196	rs1	1:1	2:0.28325	rs2	1:2	2:0.52125	0	1000	0	1	53.9504	83674.8	1	56.1516	60435.5	1	-5.80452e-12	235684	1	0.127435	1.4587e+06	1	61.1341	1.49805e+06	1	0	1
197	rs1	1:1	2:0.28425	rs2	1:2	2:0.52425	0	1000	0	1	-1.41043e-11	378598	1	60.4058	213896	1	-1.19549e-11	432169	1	60.4058	447395	1	1.68114e-11	896176	1	0	1
198	rs1	1:1	2:0.2875	rs2	1:2	2:0.5215	0	1000	0	1	55.2514	84694.2	1	56.338	62082.9	1	1.9434e-10	231099	1	0.193257	999531	1	61.7068	1.05011e+06	1	0	1
199	rs1	1:1	2:0.28725	rs2	1:2	2:0.5285	0	1000	0	1	56.4734	85428.6	1	56.3378	62097.3	1	-6.60176e-09	241552	1	0.458404	876035	1	62.842	949845	1	0	1
200	rs1	1:1	2:0.2855	rs2	1:2	2:0.53025	0	1000	0	6.20355e-08	7.4136	1.28682	1.90818e-17	10.7728	1.22771	1	-22.028	138254	0.953313	1.24848	4.03737	1	34.0758	138254	0	0	1
201	rs1	1:1	2:0.28225	rs2	1:2	2:0.52525	0	1000	0	1	53.4282	80488.1	1	56.1235	60417.7	1	1.05556e-10	234050	1	0.00249167	1.26754e+06	1	60.2839	1.2863e+06	1	0	1
202	rs1	1:1	2:0.28275	rs2	1:2	2:0.52425	0	1000	0	1	-83.9745	109216	1	116.259	118602	1	-101.764	874069	1	36.0746	135687	1	102.056	996695	1	0	1
203	rs1	1:1	2:0.286	rs2	1:2	2:0.52675	0	1000	0	1	54.3549	87032.2	1	56.0011	55779.8	1	5.28998e-10	225462	1	0.674365	1.56995e+06	1	61.8991	1.64278e+06	1	0	1
204	rs1	1:1	2:0.28125	rs2	1:2	2:0.525	0	1000	0	1	54.1128	83737.7	1	55.808	56214.4	1	3.50956e-10	248139	1	0.684608	1.56216e+06	1	61.7097	1.63351e+06	1	0	1
205	rs1	1:1	2:0.2885	rs2	1:2	2:0.524	0	1000	0	1	55.7231	86815.1	1	56.3208	60394.5	1	-5.0651e-09	230562	1	0.690748	1.10187e+06	1	62.5432	1.17723e+06	1	0	1
206	rs1	1:1	2:0.2865	rs2	1:2	2:0.53	0	1000	0	1	55.6186	86002.6	1	56.2277	60414.4	1	4.40297e-11	239894	1	0.694534	1.09983e+06	1	62.4471	1.17539e+06	1	0	1
207	rs1	1:1	2:0.2845	rs2	1:2	2:0.5255	0	1000	0	1	9.38805e-12	235515	1	60.4058	230208	1	2.31726e-11	235530	1	60.4058	2.00448e+07	1	-6.33449e-12	2.04051e+07	1	0	1
208	rs1	1:1	2:0.283	rs2	1:2	2:0.5255	0	1000	0	1	55.3776	83779.7	1	56.1823	60346.2	1	-1.24032e-10	238261	1	0.27498	1.10734e+06	1	62.1921	1.16993e+06	1	0	1
209	rs1	1:1	2:0.28375	rs2	1:2	2:0.5195	0	1000	0	1	53.9201	83918.1	1	56.1895	60419.6	1	-1.48556e-10	231404	1	0.109945	1.47139e+06	1	61.1062	1.50896e+06	1	0	1
210	rs1	1:1	2:0.281	rs2	1:2	2:0.53075	0	1000	0	1	53.417	77177	1	56.2027	63136.7	1	2.35292e-10	242399	1	0.0622671	954724	1	59.6982	975027	1	0	1
211	rs1	1:1	2:0.28075	rs2	1:2	2:0.52325	0	1000	0	1.18863e-06	6.41914	1.22889	1.88604e-21	10.6484	1.08998	1	-35.7504	231702	0.581854	2.92075	2.80651	1	70.0696	246867	0	0	1
212	rs1	1:1	2:0.28225	rs2	1:2	2:0.52175	0	1000	0	1	96.9947	145786	1	55.7338	55679.5	1	9.34707e-10	441564	1	2.49096	635769	1	107.281	1.25906e+06	1	0	1
213	rs1	1:1	2:0.282	rs2	1:2	2:0.52375	0	1000	0	1	52.4742	81041.5	1	55.7591	56288.7	1	2.74546e-10	244214	1	0.00861486	2.18639e+06	1	60.5191	2.20427e+06	1	0	1
214	rs1	1:1	2:0.27775	rs2	1:2	2:0.52125	0	1000	0	1	52.2492	79245.3	1	55.9171	60607.6	1	-1.12078e-10	256016	1	0.365994	1.29922e+06	1	59.044	1.30351e+06	1	0	1
215	rs1	1:1	2:0.27975	rs2	1:2	2:0.52175	0	1000	0	1	54.2764	82520.4	1	56.1785	60310.6	1	-3.63348e-10	231409	1	0.0374813	1.24586e+06	1	61.1783	1.28344e+06	1	0	1
216	rs1	1:1	2:0.285	rs2	1:2	2:0.5275	0	1000	0	1	54.5509	85458.2	1	55.9101	55997.7	1	5.84616e-10	238785	1	0.920817	1.38837e+06	1	61.9311	1.46552e+06	1	0	1
217	rs1	1:1	2:0.282	rs2	1:2	2:0.52175	0	1000	0	8.50638e-06	7.00907	1.45052	1.17274e-14	11.3388	1.41565	1	-21.2065	158399	0.964855	1.35547	5.06727	1	54.2174	170443	0	0	1
218	rs1	1:1	2:0.27875	rs2	1:2	2:0.5245	0	1000	0	1	98.6799	142823	1	55.8987	60095.3	1	-2.80014e-10	467716	1	2.37577	393009	1	107.082	862536	1	0	1
219	rs1	1:1	2:0.281	rs2	1:2	2:0.52225	0	1000	0	1	-1.40208e-11	243736	1	60.4058	245320	1	-8.79136e-12	243741	1	60.4058	3.6749e+07	1	3.90443e-12	3.6374e+07	1	0	1
220	rs1	1:1	2:0.2805	rs2	1:2	2:0.5225	0	1000	0	1	55.3214	83406.7	1	56.2346	62115.3	1	9.22108e-11	241992	1	0.132554	1.0299e+06	1	61.9007	1.085e+06	1	0	1
221	rs1	1:1	2:0.2815	rs2	1:2	2:0.525	0	1000	0	1	96.7659	144351	1	55.6714	55776.8	1	6.29244e-10	453987	1	2.83074	537830	1	106.42	1.09371e+06	1	0	1
222	rs1	1:1	2:0.28575	rs2	1:2	2:0.52775	0	1000	0	1	53.1172	80253.1	1	56.1442	60384.5	1	-4.84417e-10	230555	1	0.0636357	1.23025e+06	1	59.8648	1.24201e+06	1	0	1
223	rs1	1:1	2:0.28175	rs2	1:2	2:0.529	0	1000	0	1	54.5429	81745.6	1	56.185	62144.3	1	5.17816e-10	243240	1	0.0577602	1.06883e+06	1	61.1237	1.10943e+06	1	0	1
224	rs1	1:1	2:0.2875	rs2	1:2	2:0.52525	0	1000	0	1	52.5961	82673.7	1	55.8756	56002.4	1	2.91426e-10	230120	1	0.0310305	2.16241e+06	1	60.5891	2.18216e+06	1	0	1
225	rs1	1:1	2:0.277	rs2	1:2	2:0.528	0	1000	0	1	1.35927e-11	258492	1	60.4058	252129	1	1.03414e-11	258513	1	60.4058	1.98941e+07	1	6.50147e-13	2.0329e+07	1	0	1
226	rs1	1:1	2:0.27775	rs2	1:2	2:0.529	0	1000	0	1	54.9733	81688.2	1	56.1348	62185.4	1	1.05752e-09	251533	1	0.0880916	1.05284e+06	1	61.6034	1.10423e+06	1	0	1
227	rs1	1:1	2:0.2815	rs2	1:2	2:0.52675	0	1000	0	1	-1.2875e-11	243775	1	60.4058	242745	1	1.0039e-11	243775	1	60.4058	1.39878e+09	1	-2.23746e-10	1.39915e+09	1	0	1
228	rs1	1:1	2:0.283	rs2	1:2	2:0.52475	0	1000	0	1	53.9909	83508.5	1	56.1226	60452	1	3.61318e-11	239156	1	0.148507	1.44356e+06	1	61.1678	1.48477e+06	1	0	1
229	rs1	1:1	2:0.281	rs2	1:2	2:0.523	0	1000	0	1	-7.87992e-12	253419	1	60.4058	244140	1	-1.61089e-11	253485	1	60.4058	1.073e+07	1	-4.99156e-12	1.10969e+07	1	0	1
230	rs1	1:1	2:0.27775	rs2	1:2	2:0.5255	0	1000	0	1	-2.93809e-12	253021	1	60.4058	246649	1	9.82671e-12	253040	1	60.4058	2.00904e+07	1	-3.28342e-11	2.05343e+07	1	0	1
231	rs1	1:1	2:0.287	rs2	1:2	2:0.52125	0	1000	0	1	-25.3954	147563	1	59.5791	152853	1	-26.1716	210432	1	36.5046	367050	1	25.8317	458087	1	0	1
232	rs1	1:1	2:0.28575	rs2	1:2	2:0.5255	0	1000	0	1	55.9408	84008	1	56.1869	60405.6	1	-3.17845e-10	244076	1	0.513047	983692	1	62.6025	1.0571e+06	1	0	1
233	rs1	1:1	2:0.2915	rs2	1:2	2:0.5245	0	1000	0	0.999858	736.212	43610.2	0.999977	34.3098	5012.26	1	1.75561e-09	2345.02	0.999885	-714.112	47190.6	0.999877	750.678	47845	1	1	1
234	rs1	1:1	2:0.285	rs2	1:2	2:0.5255	0	1000	0	1	53.4159	83776.6	1	55.8763	56019.8	1	3.97516e-10	234775	1	0.41675	1.78594e+06	1	61.1488	1.83576e+06	1	0	1
235	rs1	1:1	2:0.283	rs2	1:2	2:0.52025	0	1000	0	1	53.2484	82485.9	1	56.1267	60446.6	1	7.89782e-11	234747	1	0.00106193	1.55263e+06	1	60.468	1.57172e+06	1	0	1
236	rs1	1:1	2:0.28475	rs2	1:2	2:0.52925	0	1000	0	1	55.2115	78759	1	56.3491	63489	1	4.72541e-10	236983	1	0.0858329	861694	1	61.4981	909786	1	0	1
237	rs1	1:1	2:0.28225	rs2	1:2	2:0.52625	0	1000	0	1	51.2203	79193.6	1	55.8	56241.1	1	6.64632e-10	236043	1	1.08596	1.28887e+06	1	58.0261	1.28381e+06	1	0	1
238	rs1	1:1	2:0.2805	rs2	1:2	2:0.52375	0	1000	0	1	54.8464	84227.3	1	56.0741	60485.5	1	-1.00065e-09	250205	1	0.365221	1.29591e+06	1	61.9387	1.36031e+06	1	0	1
239	rs1	1:1	2:0.283	rs2	1:2	2:0.52775	0	1000	0	1	55.082	85232.7	1	56.1718	60434.3	1	-3.14221e-10	240695	1	0.42879	1.2555e+06	1	62.1147	1.32258e+06	1	0	1
240	rs1	1:1	2:0.283	rs2	1:2	2:0.527	0	1000	0	0.273712	2.32133	1.44203	2.94641e-14	11.9199	1.51005	1	-32.5987	237388	0.489847	4.04853	3.38873	1	65.6894	251194	0	0	1
241	rs1	1:1	2:0.282	rs2	1:2	2:0.5255	0	1000	0	1	98.7015	152251	1	56.0397	59799.2	1	-2.81023e-10	437689	1	2.97948	357356	1	106.479	793253	1	0	1
242	rs1	1:1	2:0.28425	rs2	1:2	2:0.52375	0	1000	0	1	54.0877	84011.6	1	56.1733	60426.9	1	-1.24571e-09	234179	1	0.172395	1.42656e+06	1	61.2397	1.46921e+06	1	0	1
243	rs1	1:1	2:0.2805	rs2	1:2	2:0.5225	0	1000	0	1	-1.06262e-11	237358	1	60.4058	237911	1	-1.35316e-11	237360	1	60.4058	6.39673e+07	1	-1.10738e-11	6.35429e+07	1	0	1
244	rs1	1:1	2:0.279	rs2	1:2	2:0.52275	0	1000	0	1	98.0964	148604	1	55.8686	59836.9	1	-1.42499e-10	470170	1	3.05271	344927	1	105.785	790374	1	0	1
245	rs1	1:1	2:0.28675	rs2	1:2	2:0.52275	0	1000	0	1	-4.20641e-12	232928	1	60.4058	229148	1	-9.62565e-12	232935	1	60.4058	2.89732e+07	1	-1.46656e-11	2.93013e+07	1	0	1
246	rs1	1:1	2:0.28575	rs2	1:2	2:0.52475	0	1000	0	1	99.6759	149023	1	56.1338	59515.7	1	6.54651e-10	417014	1	2.47977	373998	1	107.788	810431	1	0	1
247	rs1	1:1	2:0.282	rs2	1:2	2:0.51875	0	1000	0	1	53.0101	82491.2	1	55.8176	56146.8	1	2.91205e-10	239508	1	0.179714	2.0091e+06	1	60.9443	2.04717e+06	1	0	1
248	rs1	1:1	2:0.2855	rs2	1:2	2:0.52425	0	1000	0	1	53.0912	82529.8	1	56.1662	60431.1	1	-4.50995e-10	229841	1	0.00539383	1.54935e+06	1	60.2741	1.56293e+06	1	0	1
249	rs1	1:1	2:0.28925	rs2	1:2	2:0.525	0	1000	0	0.999996	627.936	220504	0.999999	44.3535	35998.4	1	-4.18495e-09	81029.6	1	-706.388	1.65602e+06	1	758.37	1.69778e+06	1	1	1
250	rs1	1:1	2:0.2835	rs2	1:2	2:0.52525	0	1000	0	0.99202	752.651	5945.9	0.998475	24.0957	436.09	1	1.39722e-09	132.064	0.994173	-882.751	8165.53	0.993894	907.591	8200.47	1	1	1
251	rs1	1:1	2:0.28725	rs2	1:2	2:0.524	0	1000	0	1	52.9624	83859.7	1	55.9197	55909.1	1	2.60712e-10	226807	1	0.174941	2.01398e+06	1	60.8459	2.04717e+06	1	0	1
252	rs1	1:1	2:0.28175	rs2	1:2	2:0.52625	0	1000	0	1	53.2809	81753.7	1	56.0219	60509.7	1	1.16082e-10	246781	1	0.00506479	1.54956e+06	1	60.5312	1.57225e+06	1	0	1
253	rs1	1:1	2:0.284	rs2	1:2	2:0.52575	0	1000	0	1	53.2595	83435	1	55.8647	56042.4	1	-3.08744e-09	235130	1	0.311583	1.88182e+06	1	61.0793	1.92721e+06	1	0	1
254	rs1	1:1	2:0.28425	rs2	1:2	2:0.5265	0	1000	0	0.999997	425.364	189758	0.999999	44.0413	36296.4	1	5.51625e-09	235711	1	-535.263	3.69582e+06	1	593.555	3.83928e+06	1	0	1
255	rs1	1:1	2:0.28	rs2	1:2	2:0.52725	0	1000	0	1	54.7716	84049.5	1	56.0613	60492.2	1	8.39466e-11	251131	1	0.337242	1.3141e+06	1	61.8852	1.37713e+06	1	0	1
256	rs1	1:1	2:0.28025	rs2	1:2	2:0.522	0	1000	0	1	-22.2229	148439	1	59.3348	164258	1	-22.8743	206428	1	37.162	385874	1	22.6289	438693	1	0	1
257	rs1	1:1	2:0.2855	rs2	1:2	2:0.53175	0	1000	0	1	53.6903	82581.5	1	56.2349	60197.3	1	-2.09179e-10	222249	1	0.00204137	1.26784e+06	1	60.5183	1.28931e+06	1	0	1
258	rs1	1:1	2:0.282	rs2	1:2	2:0.52125	0	1000	0	1	55.0022	84824.5	1	56.13	60452.7	1	-3.15971e-11	244851	1	0.411497	1.26637e+06	1	62.0535	1.33277e+06	1	0	1
259	rs1	1:1	2:0.27975	rs2	1:2	2:0.52775	0	1000	0	1	52.8503	81208	1	55.7225	56393.2	1	3.83246e-10	251196	1	0.127544	2.06171e+06	1	60.8472	2.09628e+06	1	0	1
260	rs1	1:1	2:0.28375	rs2	1:2	2:0.5195	0	1000	0	1	53.1815	83441.8	1	55.8718	56022.3	1	3.30451e-10	233731	1	0.256223	1.93427e+06	1	61.0413	1.97691e+06	1	0	1
261	rs1	1:1	2:0.27975	rs2	1:2	2:0.52775	0	1000	0	1	54.8105	83838.6	1	56.0306	60513.9	1	2.38992e-11	255282	1	0.368967	1.29351e+06	1	61.9071	1.35825e+06	1	0	1
262	rs1	1:1	2:0.283	rs2	1:2	2:0.51975	0	1000	0	1	53.4134	81091.1	1	56.1678	60325.9	1	2.6439e-10	228728	1	0.00418148	1.2665e+06	1	60.2427	1.2835e+06	1	0	1
263	rs1	1:1	2:0.281	rs2	1:2	2:0.529	0	1000	0	1	53.6842	75700.7	1	56.1716	63620	1	-6.87745e-11	249585	1	0.0317895	885032	1	59.8882	912529	1	0	1
264	rs1	1:1	2:0.28475	rs2	1:2	2:0.525	0	1000	0	1	53.3796	83184	1	56.195	60420.3	1	-3.14436e-11	228084	1	0.00925707	1.5464e+06	1	60.5898	1.56786e+06	1	0	1
