6
3
5
11
2
7
0
4
9
8
1
10
19
43
18
13
23
16
17
36
37
22
39
38
15
14
40
41
42
12
47
31
45
20
26
46
30
44
21
27
28
24
25
367
48
49
50
29
51
54
52
53
59
55
58
56
35
62
167
34
57
73
72
267
74
268
75
64
32
33
77
66
79
78
82
60
83
61
168
81
80
63
67
76
84
65
86
94
85
91
90
87
109
70
108
68
88
89
71
111
95
92
110
93
218
217
112
216
113
98
219
96
103
97
115
114
99
210
102
117
101
319
118
69
100
116
119
215
211
106
209
105
424
104
122
123
120
121
423
107
318
422
145
230
231
144
317
421
232
127
233
146
124
126
147
125
154
155
130
129
150
151
128
148
149
152
135
153
131
134
271
132
291
143
133
290
139
142
138
270
136
156
157
166
159
163
273
137
161
160
182
162
272
164
184
140
187
158
180
181
183
170
189
185
165
190
186
141
169
191
188
172
171
195
220
198
199
192
223
193
194
222
221
224
200
175
226
227
197
196
174
225
203
179
202
173
178
234
201
176
206
177
204
229
235
253
207
252
208
242
238
243
240
261
259
236
255
254
214
260
237
258
212
257
256
262
263
213
244
241
247
246
265
275
245
269
274
288
289
264
266
296
251
293
250
297
294
299
295
248
292
249
298
300
205
278
228
283
277
305
311
302
280
301
303
310
287
281
279
306
304
307
326
328
324
325
327
308
285
309
329
276
331
330
332
286
334
333
335
282
312
315
313
340
338
316
336
337
342
360
341
239
284
347
322
346
362
363
361
366
344
364
345
339
365
343
368
348
371
351
314
349
354
353
320
370
377
374
375
373
355
372
352
378
396
358
359
357
382
397
403
398
404
399
350
400
402
507
380
509
407
401
405
387
385
406
409
383
388
369
508
381
410
415
408
414
522
433
356
412
432
434
437
393
419
413
418
384
386
411
442
443
435
436
439
390
438
391
451
441
440
389
394
395
420
417
445
392
447
448
427
425
454
458
431
446
449
470
444
455
468
469
474
430
477
479
452
471
453
428
476
475
463
473
456
478
472
457
462
482
461
450
323
459
490
485
484
460
480
426
487
486
481
467
504
483
505
506
491
464
465
489
488
416
492
321
510
511
466
512
514
513
515
493
499
519
517
494
495
429
527
498
540
497
516
518
523
543
503
520
521
541
544
526
502
542
546
525
530
528
496
524
551
501
545
547
549
550
500
548
538
539
531
535
534
529
563
533
552
553
554
560
556
555
559
558
562
557
581
580
537
577
576
582
583
578
536
579
585
532
561
587
586
584
567
565
566
592
575
571
598
593
588
570
589
569
590
597
568
594
595
591
574
612
599
564
614
615
613
602
621
619
596
616
618
623
572
573
617
620
622
600
627
631
630
607
601
610
626
604
624
625
634
648
651
605
628
633
606
603
649
635
652
650
658
611
657
656
629
632
653
654
655
609
608
659
661
643
638
647
646
637
642
636
639
671
640
660
668
665
641
666
670
662
684
667
664
689
663
685
688
690
692
686
672
687
695
693
644
691
669
797
694
645
795
677
796
696
697
798
674
675
698
702
673
683
679
703
676
807
809
704
681
680
722
699
701
700
678
810
724
811
725
721
682
720
706
727
808
723
707
728
726
812
729
710
731
730
712
718
735
708
737
742
715
709
714
733
711
739
734
738
757
736
719
758
713
732
756
743
741
746
740
767
762
750
759
760
761
716
763
766
749
765
764
744
770
745
754
751
755
717
748
753
793
768
779
794
747
769
771
778
799
776
792
802
772
773
774
803
800
775
752
801
777
787
806
805
780
782
830
783
831
781
832
828
829
804
786
815
784
833
785
835
816
818
839
813
814
817
837
791
834
838
836
790
820
788
789
826
819
824
823
822
851
821
842
864
850
840
841
843
866
848
846
827
845
849
847
844
869
865
825
873
872
867
868
870
854
871
853
874
875
878
876
852
885
856
855
859
861
879
858
883
881
880
877
857
882
887
901
884
886
905
862
863
903
902
900
909
895
893
889
860
911
888
906
907
904
908
910
892
891
898
915
890
918
899
894
914
939
940
937
896
938
936
922
916
897
919
917
912
921
920
923
913
1045
941
1048
926
942
1047
927
930
1046
1049
943
1050
1051
944
946
945
947
925
1039
931
951
928
953
929
932
934
935
933
958
957
952
924
1038
948
954
956
949
955
950
975
1037
959
977
978
972
976
973
981
974
982
965
979
964
983
980
967
986
960
962
1070
1071
969
966
961
1072
963
994
984
987
1073
991
990
1009
985
971
968
970
988
1013
995
992
989
1008
996
993
1010
1014
999
1011
1015
1017
1012
1016
1018
1002
1019
1003
998
1020
997
1044
1025
1030
1053
1028
1027
1000
1001
1052
1026
1021
1022
1055
1023
1054
1031
1024
1029
1004
1007
1056
1006
1034
1059
1058
1057
1005
1043
1060
1082
1085
1083
1084
1086
1062
1032
1063
1081
1080
1088
1089
1061
1091
1036
1090
1087
1066
1067
1033
1042
1065
1035
1064
1040
1094
1092
1093
1068
1041
1075
1074
1095
1102
1118
1116
1117
1100
1069
1101
1079
1098
1099
1119
1096
1097
1124
1126
1127
1078
1123
1103
1121
1120
1122
1076
1105
1077
1128
1129
1131
1106
1107
1110
1104
1138
1111
1139
1130
1108
1152
1135
1132
1134
1157
1158
1155
1133
1114
1153
1154
1162
1156
1140
1137
1115
1136
1159
1112
1163
1160
1161
1142
1166
1113
1167
1143
1141
1147
1146
1150
1148
1164
1144
1175
1145
1165
1171
1170
1173
1168
1192
1193
1169
1189
1188
1190
1174
1191
1196
1194
1172
1149
1195
1151
1197
1198
1199
1201
1203
1178
1176
1179
1183
1204
1177
1182
1202
1181
1187
1180
1200
1185
1211
1227
1206
1207
1231
1205
1234
1224
1229
1230
1225
1226
1210
1235
1228
1208
1184
1209
1232
1233
1186
1212
1214
1236
1239
1215
1213
1241
1219
1218
1238
1237
1243
1262
1221
1217
1242
1260
1240
1261
1216
1247
1244
1246
1223
1268
1263
1269
1245
1222
1267
1264
1266
1265
1270
1271
1251
1250
1220
1248
1249
1254
1259
1258
1252
1274
1272
1253
1275
1282
1273
1280
1298
1255
1297
1279
1278
1276
1277
1306
1296
1283
1299
1304
1256
1307
1281
1300
1303
1302
1301
1257
1305
1308
1287
1286
1285
1284
1315
1291
1288
1310
1318
1290
1333
1311
1313
1309
1314
1312
1319
1332
1339
1337
1334
1320
1295
1294
1316
1317
1289
1335
1292
1336
1338
1341
1340
1343
1293
1342
1322
1347
1323
1321
1326
1350
1327
1348
1324
1345
1325
1344
1328
1346
1370
1349
1372
1351
1331
1368
1369
1371
1330
1377
1354
1379
1374
1352
1355
1373
1375
1353
1329
1378
1376
1358
1381
1356
1366
1357
1359
1387
1363
1362
1360
1380
1383
1390
1382
1406
1361
1386
1391
1384
1385
1367
1404
1405
1412
1410
1409
1411
1407
1408
1414
1389
1388
1413
1365
1415
1364
1394
1395
1392
1403
1399
1423
1398
1396
1417
1418
1419
1416
1393
1397
1441
1401
1422
1420
1421
1426
1424
1425
1440
1427
1442
1402
1443
1450
1429
1444
1451
1445
1446
1447
1400
1448
1449
1430
1428
1431
1439
1455
1432
1434
1454
1433
1463
1452
1453
1456
1457
1476
1458
1459
1466
1482
1435
1477
1462
1464
1460
1487
1478
1479
1481
1461
1438
1436
1480
1483
1485
1484
1486
1437
1465
1467
1491
1492
1470
1471
1468
1495
1490
1469
1488
1489
1513
1493
1497
1512
1517
1494
1518
1475
1514
1474
1515
1516
1522
1499
1498
1496
1519
1472
1473
1523
1521
1520
1502
1524
1503
1526
1500
1506
1501
1528
1525
1504
1534
1527
1505
1551
1507
1531
1530
1549
1510
1548
1529
1553
1550
1508
1535
1552
1554
1511
1558
1532
1509
1533
1539
1555
1556
1559
1557
1538
1536
1547
1543
1537
1565
1545
1541
1540
1562
1561
1560
1566
1542
1567
1563
1586
1587
1564
1570
1571
1546
1544
1585
1569
1584
1590
1591
1572
1568
1588
1589
1592
1595
1594
1576
1593
1598
1597
1574
1573
1579
1578
1575
1583
1577
1596
1603
1602
1599
1625
1607
1606
1601
1620
1600
1582
1623
1605
1621
1622
1624
1631
1604
1611
1580
1628
1626
1627
1630
1581
1629
1608
1618
1619
1610
1609
1614
1615
1612
1613
1616
1632
1633
1634
1643
1635
1639
1638
1662
1637
1656
1636
1657
1666
1642
1658
1661
1659
1663
1640
1641
1664
1660
1617
1645
1665
1667
1647
1654
1670
1646
1644
1674
1648
1650
1655
1651
1649
1668
1671
1669
1675
1696
1672
1693
1678
1692
1653
1700
1679
1652
1677
1694
1676
1673
1695
1698
1686
1699
1697
1702
1701
1703
1682
1683
1680
1690
1704
1681
1687
1710
1684
1691
1685
1707
1728
1706
1730
1732
1705
1708
1709
1734
1711
1688
1729
1737
1714
1731
1739
1715
1733
1719
1713
1712
1735
1736
1689
1738
1718
1744
1740
1717
1748
1720
1751
1742
1743
1722
1723
1721
1716
1746
1747
1741
1765
1745
1726
1767
1750
1727
1768
1749
1764
1754
1769
1766
1725
1770
1724
1771
1773
1772
1774
1775
1758
1755
1777
1780
1756
1759
1753
1762
1757
1763
1752
1786
1779
1782
1760
1778
1783
1800
1804
1781
1806
1776
1787
1784
1808
1785
1802
1803
1801
1805
1809
1761
1807
1811
1810
1799
1794
1818
1790
1815
1791
1795
1819
1817
1792
1812
1814
1813
1793
1821
1796
1797
1823
1816
1789
1788
1820
1836
1839
1798
1822
1840
1837
1838
1841
1847
1826
1842
1843
1845
1844
1830
1846
1825
1827
1829
1848
1832
1849
1831
1828
1854
1824
1850
1851
1872
1873
1874
1834
1858
1859
1852
1855
1835
1856
1875
1833
1853
1878
1882
1883
1877
1876
1857
1879
1862
1863
1881
1880
1884
1861
1864
1886
1860
1871
1887
1885
1890
1870
1891
1893
1895
1914
1915
1912
1865
1867
1908
1889
1888
1866
1868
1892
1894
1910
1909
1911
1913
1898
1899
1896
1916
1897
1917
1919
1869
1918
1920
1923
1921
1927
1903
1902
1925
1922
1907
1900
1906
1926
1901
1928
1929
1924
1930
1931
1944
1945
1946
1947
1939
1950
1954
1948
1949
1904
1905
1952
1932
1934
1951
1935
1955
1953
1933
1938
1936
1937
1943
1958
1957
1980
1981
1963
1962
1956
1940
1959
1941
1942
1982
1966
1967
1960
1983
1961
1984
1964
1965
1985
1987
1986
1988
1991
1990
1989
1968
1975
1974
1970
1971
1973
1994
1992
1998
1969
1995
1993
1996
1972
2002
1997
2003
1999
1979
1978
2017
2018
2001
1977
2019
2020
2016
2000
2125
2027
1976
2026
2025
2021
2024
2022
2023
2004
2006
2005
2011
2010
2126
2007
2028
2127
2008
2053
2030
2034
2031
2052
2014
2033
2032
2009
2054
2029
2056
2055
2035
2038
2015
2061
2039
2012
2037
2013
2057
2060
2058
2059
2063
2036
2062
2040
2043
2041
2047
2046
2067
2042
2070
2089
2050
2064
2066
2065
2068
2088
2044
2045
2051
2075
2071
2074
2069
2092
2048
2049
2090
2091
2093
2072
2097
2098
2073
2094
2095
2078
2099
2076
2079
2096
2077
2083
2080
2107
2081
2102
2082
2106
2100
2104
2124
2129
2101
2103
2087
2110
2128
2086
2111
2130
2131
2105
2109
2084
2085
2133
2135
2108
2132
2134
2114
2137
2119
2113
2136
2143
2142
2115
2140
2138
2139
2123
2141
2118
2146
2112
2116
2144
2145
2160
2161
2117
2147
2122
2120
2162
2121
2164
2167
2163
2171
2168
2170
2165
2166
2148
2150
2149
2169
2151
2152
2174
2173
2175
2155
2154
2176
2172
2153
2159
2157
2158
2179
2178
2196
2198
2183
2177
2197
2182
2180
2199
2156
2181
2203
2206
2200
2201
2202
2205
2186
2187
2204
2185
2207
2191
2184
2210
2209
2188
2211
2190
2215
2214
2219
2212
2195
2194
2189
2208
2218
2192
2234
2216
2213
2233
2232
2217
2239
2240
2236
2235
2238
2241
2237
2221
2242
2193
2243
2220
2226
2222
2244
2223
2246
2247
2225
2245
2248
2251
2231
2249
2224
2268
2227
2254
2271
2230
2250
2270
2269
2253
2255
2275
2257
2272
2252
2274
2273
2276
2279
2228
2259
2277
2258
2256
2278
2229
2261
2262
2283
2282
2280
2281
2263
2260
2284
2287
2285
2304
2305
2306
2286
2309
2266
2307
2308
2289
2288
2290
2265
2291
2310
2264
2311
2267
2315
2312
2314
2313
2295
2292
2293
2298
2299
2296
2294
2317
2316
2319
2323
2318
2321
2320
2322
2340
2297
2300
2343
2345
2301
2326
2344
2341
2342
2302
2324
2303
2346
2325
2350
2327
2348
2347
2349
2351
2335
2334
2332
2330
2333
2331
2354
2328
2353
2355
2329
2357
2358
2356
2339
2363
2338
2378
2336
2383
2381
2380
2337
2366
2352
2364
2384
2382
2376
2386
2385
2387
2359
2377
2362
2379
2368
2360
2391
2365
2361
2390
2389
2371
2388
2395
2370
2394
2392
2393
2413
2414
2367
2417
2415
2398
2416
2374
2372
2397
2373
2412
2419
2418
2369
2400
2421
2423
2420
2422
2402
2403
2399
2396
2401
2375
2425
2427
2431
2411
2426
2407
2430
2428
2429
2448
2434
2435
2424
2410
2451
2404
2406
2450
2432
2455
2449
2405
2452
2454
2453
2457
2456
2458
2459
2437
2433
2438
2439
2443
2442
2408
2462
2409
2440
2441
2461
2467
2436
2466
2446
2465
2484
2460
2471
2463
2470
2486
2487
2468
2488
2464
2485
2489
2491
2447
2494
2490
2493
2492
2469
2473
2495
2472
2445
2474
2475
2476
2479
2499
2498
2444
2477
2502
2500
2501
2478
2496
2520
2497
2482
2522
2503
2521
2506
2523
2505
2480
2525
2524
2481
2483
2526
2527
2507
2508
2504
2531
2530
2514
2529
2511
2528
2515
2533
2532
2513
2510
2535
2509
2539
2538
2536
2537
2534
2556
2512
2519
2557
2518
2558
2542
2560
2540
2541
2563
2562
2517
2559
2543
2564
2565
2547
2561
2567
2566
2516
2551
2544
2545
2550
2546
2549
2570
2571
2569
2592
2575
2574
2572
2573
2568
2548
2555
2577
2578
2576
2598
2594
2595
2597
2596
2593
2599
2579
2554
2600
2602
2601
2583
2603
2580
2582
2552
2553
2584
2606
2608
2609
2610
2611
2607
2605
2581
2590
2586
2613
2585
2615
2628
2587
2612
2629
2591
2630
2604
2633
2631
2614
2632
2636
2634
2589
2638
2639
2635
2620
2637
2588
2618
2619
2623
2621
2646
2627
2641
2644
2640
2645
2643
2622
2624
2647
2616
2648
2651
2666
2642
2617
2665
2667
2664
2649
2668
2626
2669
2670
2650
2625
2673
2671
2672
2658
2674
2675
2652
2656
2654
2683
2655
2678
2653
2682
2679
2659
2676
2677
2687
2684
2700
2662
2663
2657
2685
2702
2701
2680
2681
2703
2661
2705
2704
2686
2707
2711
2660
2709
2708
2710
2706
2688
2694
2691
2714
2713
2715
2716
2692
2722
2717
2699
2698
2690
2695
2712
2693
2723
2738
2719
2720
2718
2689
2736
2737
2721
2740
2742
2743
2741
2696
2726
2739
2746
2744
2745
2730
2747
2725
2697
2749
2728
2729
2724
2727
2751
2748
2754
2755
2731
2750
2757
2772
2756
2773
2758
2759
2735
2776
2752
2777
2734
2779
2778
2753
2732
2774
2775
2762
2782
2733
2783
2780
2781
2761
2786
2787
2784
2760
2785
2791
2771
2763
2788
2789
2795
2770
2792
2767
2766
2790
2793
2812
2810
2764
2808
2811
2769
2794
2813
2765
2815
2814
2809
2799
2816
2818
2817
2796
2800
2768
2802
2819
2801
2798
2823
2822
2797
2824
2846
2826
2803
2829
2827
2844
2830
2806
2820
2821
2849
2850
2825
2807
2851
2845
2835
2828
2805
2852
2854
2855
2831
2848
2847
2804
2853
2836
2832
2837
2840
2839
2833
2834
2859
2862
2857
2865
2842
2881
2856
2861
2864
2882
2880
2867
2883
2858
2860
2885
2863
2888
2841
2890
2887
2889
2886
2884
2866
2891
2843
2871
2870
2894
2872
2896
2895
2869
2897
2892
2893
2874
2878
2902
2916
2873
2901
2898
2876
2917
2879
2868
2918
2919
2877
2899
2900
2921
2920
2923
2924
2925
2903
2922
2927
2906
2910
2926
2875
2904
2908
2905
2907
2930
2912
2909
2934
2913
2911
2933
2932
2954
2928
2939
2953
2929
2935
2938
2931
2914
2915
2958
2957
2952
2955
2962
2942
2960
2936
2956
2937
2941
2959
2963
2961
2946
2947
2951
2966
2970
2940
2943
2971
2988
2964
2945
2989
2965
2991
2944
2967
2990
2973
2972
2969
2968
2950
2975
2949
2974
2993
2976
2994
2992
2995
2997
2978
2982
2996
2948
2999
2998
2977
3000
3002
3003
2987
3007
2983
2986
3004
2979
3005
3009
3001
3006
3011
2980
3024
2981
3008
3025
3028
3027
3026
3030
3010
3034
3032
3012
3029
3033
3031
3018
2984
3035
3013
3019
3015
3017
2985
3016
3014
3039
3037
3023
3043
3042
3060
3041
3036
3038
3046
3062
3044
3061
3040
3022
3045
3048
3065
3066
3064
3047
3067
3063
3068
3070
3050
3069
3020
3071
3054
3021
3049
3052
3073
3074
3051
3075
3079
3055
3083
3072
3059
3080
3058
3082
3097
3078
3096
3076
3053
3098
3081
3100
3077
3101
3057
3106
3103
3099
3107
3105
3102
3056
3085
3104
3087
3089
3084
3086
3088
3108
3109
3091
3090
3114
3111
3095
3115
3110
3093
3119
3118
3116
3135
3133
3112
3134
3094
3113
3139
3138
3132
3137
3140
3141
3143
3136
3121
3117
3092
3120
3142
3123
3122
3144
3124
3146
3147
3145
3130
3150
3148
3127
3149
3126
3155
3151
3125
3173
3170
3153
3158
3128
3168
3169
3175
3171
3174
3172
3178
3154
3129
3131
3159
3152
3179
3176
3177
3157
3161
3182
3156
3183
3185
3186
3187
3163
3162
3184
3204
3160
3180
3190
3207
3181
3166
3164
3206
3205
3191
3188
3189
3208
3209
3213
3212
3211
3210
3167
3192
3195
3214
3215
3165
3193
3197
3199
3217
3194
3203
3216
3219
3198
3241
3202
3220
3240
3221
3218
3223
3196
3243
3226
3227
3244
3222
3224
3242
3225
3247
3249
3251
3248
3250
3228
3245
3246
3200
3201
3229
3255
3234
3258
3254
3230
3239
3231
3256
3257
3233
3252
3235
3259
3253
3238
3263
3262
3277
3276
3279
3232
3260
3281
3283
3284
3286
3278
3269
3261
3280
3282
3266
3287
3264
3236
3285
3268
3267
3237
3265
3288
3290
3289
3293
3270
3295
3313
3271
3314
3274
3291
3294
3312
3319
3275
3292
3298
3296
3315
3318
3321
3317
3297
3323
3299
3320
3322
3316
3272
3273
3307
3327
3310
3311
3331
3330
3305
3300
3302
3306
3328
3301
3326
3303
3335
3325
3334
3324
3332
3304
3348
3333
3350
3329
3349
3354
3351
3352
3358
3338
3353
3336
3355
3308
3343
3309
3337
3356
3357
3359
3340
3360
3339
3362
3346
3342
3366
3364
3384
3341
3365
3345
3347
3363
3361
3388
3385
3386
3387
3368
3367
3390
3344
3391
3369
3392
3395
3370
3389
3371
3375
3393
3372
3394
3373
3399
3396
3403
3400
3401
3398
3407
3402
3406
3378
3380
3420
3405
3421
3422
3423
3425
3404
3427
3426
3429
3431
3430
3410
3424
3409
3428
3408
3414
3419
3432
3434
3435
3433
3418
3439
3437
3416
3438
3442
3440
3413
3441
3436
3443
3457
3458
3444
3459
3461
3460
3447
3446
3462
3463
3466
3467
3465
3464
3448
3374
3451
3450
3445
3449
3471
3455
3468
3470
3454
3452
3469
3453
3474
3473
3475
3479
3478
3476
3492
3477
3472
3493
3494
3495
3496
3499
3497
3498
3481
3503
3483
3482
3501
3502
3500
3484
3486
3487
3485
3504
3506
3505
3507
3511
3491
3488
3510
3508
3509
3489
3515
3512
3513
3490
3528
3530
3381
3529
3376
3531
3532
3514
3533
3518
3534
3516
3535
3379
3537
3539
3523
3520
3522
3519
3542
3521
3540
3517
3543
3527
3524
3526
3546
3544
3545
3377
3525
3541
3550
3548
3549
3551
3564
3566
3568
3570
3554
3571
3569
3553
3567
3573
3552
3572
3574
3555
3575
3558
3556
3576
3559
3579
3577
3578
3582
3583
3563
3581
3562
3560
3584
3586
3557
3587
3561
3397
3585
3580
3600
3601
3602
3604
3606
3607
3603
3588
3591
3589
3609
3610
3590
3611
3608
3592
3595
3594
3593
3613
3599
3612
3616
3598
3615
3617
3618
3619
3614
3596
3597
3623
3620
3621
3636
3637
3622
3638
3639
3631
3640
3627
3641
3626
3624
3644
3625
3647
3645
3630
3635
3628
3646
3634
3629
3633
3650
3651
3648
3632
3649
3652
3654
3659
3653
3673
3658
3672
3655
3656
3674
3657
3677
3679
3675
3660
3676
3663
3667
3661
3678
3680
3681
3682
3683
3666
3670
3668
3662
3684
3685
3691
3689
3690
3692
3688
3686
3687
3693
3694
3695
3708
3711
3710
3712
3713
3714
3715
3716
3696
3718
3719
3697
3699
3717
3700
3701
3703
3720
3698
3706
3721
3723
3722
3707
3726
3727
3705
3725
3731
3730
3724
3704
3702
3728
3729
3745
3744
3748
3746
3747
3749
3754
3752
3753
3750
3751
3735
3734
3755
3733
3738
3739
3736
3756
3758
3743
3759
3737
3763
3742
3762
3761
3760
3741
3740
3764
3757
3766
3767
3765
3782
3781
3785
3784
3786
3783
3775
3787
3768
3771
3643
3769
3791
3788
3770
3774
3773
3772
3780
3795
3779
3792
3793
3802
3796
3776
3797
3777
3794
3800
3801
3798
3816
3817
3822
3820
3804
3821
3806
3807
3819
3805
3808
3823
3825
3824
3826
3827
3811
3810
3778
3830
3828
3835
3829
3815
3814
3833
3834
3812
3832
3831
3838
3809
3836
3839
3837
3642
3853
3856
3854
3857
3840
3813
3842
3843
3861
3844
3860
3862
3863
3847
3846
3845
3851
3864
3866
3848
3867
3850
3869
3868
3870
3871
3849
3865
3872
3665
3874
3873
3875
3888
3890
3889
3891
3876
3879
3878
3883
3877
3892
3895
3880
3881
3899
3898
3893
3894
3896
3897
3882
3886
3884
3918
3900
3885
3901
3902
3903
3906
3907
4011
4009
3905
3887
3924
3908
3925
4010
3926
3927
3909
3929
3928
3912
3910
3914
3915
3930
3913
3919
3916
3931
3917
3933
3932
3935
3934
3936
3937
3921
3938
3920
3942
3939
3940
3941
3923
3841
3922
3790
3960
3945
3944
3962
3966
3947
3965
3964
3969
3971
3954
3955
3951
3970
3953
3958
3950
3952
3968
3959
3948
3855
3972
4003
4001
4000
4005
3949
4004
3957
4002
3956
3974
3973
3975
3978
3977
3976
3983
3982
3980
3981
3996
3979
3998
3997
3984
3999
3986
3987
3985
3989
4006
4007
3995
3990
3961
3994
3991
3992
4008
4026
4063
4012
4027
4013
4014
4025
4015
4016
4033
4034
4035
3858
3988
4017
4036
4037
4018
3993
4023
4038
4022
4039
4043
4024
4040
4041
4062
4020
4021
4046
4047
4045
4050
4051
4031
4055
4052
4053
4054
4044
4069
4049
4048
4068
4056
4070
4058
4071
4072
4057
4030
4074
4078
4075
4076
4059
4079
4073
4029
4077
4032
4060
3904
4083
4061
4082
4080
4086
4067
4066
4064
4085
4081
4065
4088
4089
4090
4087
4084
4107
4106
4104
4105
4110
4111
4091
4108
4095
4112
4115
4113
4098
4094
4092
4096
4097
4114
4116
4103
4119
4117
4093
4123
4120
4100
4102
4101
4122
4126
4124
4118
4140
4141
4127
4144
4121
4142
4125
4131
4129
4147
4143
4145
4148
4146
4150
4149
4151
4135
4130
4128
4154
4152
4155
4139
4133
4136
4134
4138
4159
3963
4153
4156
4132
4160
4176
4179
4158
4177
4178
4157
4181
4182
4180
4183
4137
4164
4162
4163
4161
4186
4185
4187
4166
4184
4170
4168
4167
4165
4188
4175
4189
4191
4174
4193
4190
4171
4198
4194
4213
4192
4212
4195
4169
4172
4173
4196
4214
4199
4219
4202
4197
4216
4217
4203
4222
4204
4215
4223
4207
4220
4221
4218
4200
4201
4210
4228
4042
4229
4205
4206
4209
4235
4226
4227
4233
4231
4230
4224
4208
4225
4252
4253
4234
4232
4255
4254
4257
4236
4237
4242
4239
4259
4258
4256
4241
4260
4262
4238
4261
4240
4267
4265
4268
4243
4263
4270
4271
4266
4264
4284
4287
4269
4272
4286
4273
4288
4291
4290
4289
4293
4276
4294
4274
4278
4292
4277
4275
4295
4298
4297
4283
4279
4282
4281
4248
4300
4301
4302
4296
4299
4304
4306
4320
4280
4303
4322
4321
4323
4324
4325
4307
4305
4328
4326
4308
4314
4327
4330
4315
4312
4331
4329
4313
4310
4332
4250
4335
4319
4318
4316
4338
4342
4343
4334
4333
4340
4341
4339
4336
4337
4358
4359
4345
4357
4356
4347
4361
4360
4363
4364
4365
4362
4350
4346
4351
4349
4344
4367
4366
4353
4368
4352
4371
4354
4355
4374
4373
4369
4379
4378
4376
4372
4375
4393
4394
4395
4392
4377
4398
4399
4396
4397
4400
4384
4386
4387
4403
4385
4382
4401
4380
4402
4381
4390
4391
4388
4404
4389
4407
4408
4411
4410
4409
4406
4405
4412
4413
4430
4431
4415
4414
4418
4428
4429
4419
4432
4433
4436
4434
4420
4435
4423
4422
4416
4439
4421
4438
4437
4417
4424
4440
4426
4427
4441
4442
4447
4444
4445
4450
4449
4443
4446
4425
4465
4451
4448
4453
4466
4467
4455
4469
4458
4468
4459
4472
4285
4456
4457
4470
4475
4471
4474
4473
4452
4454
4462
4463
4461
4460
4476
4477
4479
4480
4482
4483
4500
4501
4504
4484
4505
4506
4507
4486
4509
4487
4510
4508
4511
4485
4493
4494
4495
4492
4512
4499
4498
4481
4478
4513
4490
4518
4519
4488
4517
4489
4521
4520
4514
4523
4522
4515
4537
4516
4538
4540
4536
4541
4539
4543
4542
4524
4545
4546
4526
4530
4527
4525
4544
4547
4528
4535
4529
4548
4531
4533
4554
4532
4555
4552
4553
4549
4558
4556
4550
4572
4557
4551
4534
4574
4573
4577
4576
4559
4579
4575
4580
4583
4578
4563
4582
4581
4566
4564
4584
4565
4571
4585
4586
4561
4567
4591
4590
4588
4569
4595
4587
4608
4593
4589
4609
4610
4570
4594
4598
4612
4613
4592
4615
4611
4602
4603
4616
4619
4599
4614
4600
4618
4607
4617
4596
4606
4597
4620
4622
4626
4623
4627
4629
4628
4644
4625
4604
4645
4631
4605
4646
4647
4634
4648
4649
4633
4638
4650
4643
4651
4632
4637
4652
4653
4754
4642
4635
4639
4655
4654
4641
4640
4763
4761
4762
4862
4760
4621
4849
4656
4658
4657
4750
4659
4764
4660
4663
4749
4662
4766
4666
4765
4664
4667
4661
4767
4665
4789
4748
4788
4668
4684
4671
4683
4682
4681
4680
4674
4670
4685
4672
4686
4786
4687
4688
4691
4690
4787
4675
4689
4692
4693
4677
4678
4679
4694
4673
4695
4676
4696
4697
4698
4699
4702
4701
4716
4700
4703
4717
4719
4711
4718
4721
4706
4722
4720
4705
4723
4724
4704
4726
4725
4727
4707
4714
4708
4710
4709
4715
4730
4731
4729
4728
4752
4738
4734
4753
4735
4755
4733
4757
4756
4739
4758
4759
4712
4736
4737
4713
4743
4747
4744
4770
4740
4742
4745
4768
4751
4769
4741
4746
4774
4775
4773
4794
4790
4791
4795
4793
4792
4771
4772
4798
4776
4797
4799
4778
4803
4802
4801
4804
4782
4783
4805
4780
4806
4779
4781
4811
4809
4808
4810
4784
4824
4807
4827
4826
4785
4828
4825
4829
4830
4813
4831
4833
4832
4835
4812
4834
4943
4818
4819
4836
4838
4837
4946
4944
4947
4823
4841
4840
4822
4945
4820
4839
4948
4875
4843
4874
4842
4876
4844
4860
4861
4863
4847
4845
4865
4866
4867
4850
4864
4851
4869
4870
4868
4852
4854
4855
4871
4853
4932
4872
4856
4879
5010
5009
4878
4859
4877
4857
4848
4974
4858
4796
4881
4971
4970
4972
5051
5050
5049
4883
4882
4973
4931
4937
4800
4938
4939
4880
5005
4940
4885
4732
4942
4884
5004
4941
5006
4930
5007
5008
4886
5011
5013
5012
5123
4950
4897
4896
5014
4952
4898
4887
4888
4949
4953
4890
4929
4899
5003
4901
4902
4889
4903
4900
5227
5226
5035
5041
4892
4906
4904
5040
4895
5034
4905
4891
5131
4907
5142
4893
4894
5140
5017
5037
5030
4908
4910
4911
5141
5038
5022
5020
5036
5021
5018
4909
5019
4912
4915
4913
5077
5076
5070
4914
5083
5179
5071
5174
4916
4919
4917
5072
5175
4918
5180
5176
5178
5090
5091
4935
4920
5069
4934
4921
5177
5088
5089
4933
4924
4922
4923
4936
4925
5092
4955
5062
4954
4926
5066
5061
5067
5063
4927
5043
5042
5060
4959
5064
4985
4984
5135
4928
5197
5065
4958
5172
5137
5079
5282
5173
4957
5283
5199
4956
5078
5284
5136
5122
5039
5121
5120
5203
5119
5281
5200
5201
5204
5068
5202
5257
5094
5073
5256
5126
5285
5370
5093
5258
5074
5368
5259
5205
5127
5369
5128
5130
5133
5124
5125
5132
5167
5402
5403
5401
5272
5165
5164
5400
5166
5139
5163
5191
5270
5268
5162
5271
5170
5195
5138
5169
5168
5196
5206
5198
5145
5399
5144
5447
5319
5398
5339
5318
5320
5207
5429
5209
5208
5224
5223
5322
5321
5340
5341
5342
5210
5343
5211
5215
5212
5214
5218
5344
5243
5213
5219
5242
5216
5217
5244
5465
5380
5411
5382
5381
5255
5247
5412
5278
5413
5276
5277
5415
5279
5254
5329
5414
5307
5328
5416
5287
5253
5323
5286
5419
5347
5280
5346
5417
5326
5418
5288
5374
5345
5420
5378
5510
5509
5353
5351
5404
5352
5327
5423
5422
5377
5421
5324
5383
5376
5384
5424
5325
5446
5604
5445
5444
5442
5443
5605
5362
5448
5363
5426
5454
5531
5453
5425
5459
5458
5463
5462
5534
5532
5566
5669
5460
5427
5565
5599
5598
5491
5512
5650
5428
5533
5511
5513
5651
5601
5490
5602
5514
5600
5518
5461
5519
5724
5725
5715
5468
5496
5603
5498
5719
5653
5652
5654
5607
5606
5608
5655
5656
5718
5547
5548
5530
5717
5830
5552
5555
5671
5535
5537
5672
5800
5556
5690
5799
5609
5536
5759
5557
5695
5539
5673
5649
5540
5559
5560
5697
5562
5913
5790
5541
5912
5580
5696
5683
5789
5682
5648
5567
5941
5940
5591
5571
5811
5707
5572
5592
5820
5819
5710
5708
5909
5709
5711
5822
5579
5712
5675
5674
5633
5576
5577
5943
5835
5834
5810
5836
5720
5812
5841
5706
5727
5716
5728
5840
5823
5726
5843
5983
5842
5982
5611
5981
5980
5703
5865
5704
5771
5769
5770
5937
5845
5684
5705
5768
5751
5722
5885
5864
5936
5882
5750
5775
5774
5773
5776
5723
5883
5881
5797
5783
5758
5772
5796
5884
5801
5802
5902
5901
5804
5757
5806
5805
5803
5900
5785
5807
5794
5786
5791
5903
5795
5787
5793
5814
5809
5837
5813
5815
5832
5817
5838
5792
5818
5816
5839
5824
5833
5788
5827
5821
5831
5829
5848
5846
5826
5825
5851
5847
5850
5852
5849
5854
5855
5853
5869
5858
5871
5868
5870
5874
5872
5873
5875
5879
5877
5876
5828
5856
5878
5886
5861
5857
5863
5862
5880
5867
5905
5906
5887
5859
5889
5904
5891
5866
5890
5624
5888
5910
5914
5907
5911
5908
5915
5860
5893
5916
5892
5894
5918
5917
5899
5895
5897
5919
5920
5923
5898
5921
5925
5924
5926
5896
5927
5944
5947
5946
5942
5951
5945
5950
5948
5949
5931
5953
5929
5932
5952
5928
5935
5934
5954
5955
5939
5933
5957
5930
5938
5956
5967
5959
5958
5976
5968
5978
5960
5965
5966
5963
5985
5961
5962
5977
5984
5986
5987
5964
5988
5989
5990
5970
5995
5994
6021
5991
5971
5999
5992
5993
5974
5975
5969
6017
5973
6000
5997
6013
6012
5998
5996
5972
6006
6014
6023
6022
6007
6020
6016
6043
6046
6010
6003
6042
6002
6005
6024
6030
6044
6031
6028
6029
6026
6057
6027
6011
6001
6025
6060
6032
6050
6033
6004
6009
6035
6034
6051
6061
6054
6053
6048
6052
6058
6056
6038
6049
6067
6036
6041
6120
6037
6122
6068
6071
6055
6070
6059
6047
6039
6135
6062
6063
6045
6040
6136
6064
6139
6065
6138
6118
6142
6137
6140
6066
6073
6087
6085
6069
6089
6088
6086
6084
6092
6093
6091
6119
6090
6072
6141
6077
6074
6095
6094
6075
6078
6097
6076
6083
6082
6079
6096
6080
6081
6098
6099
6103
6100
6101
6107
6102
6106
6104
6123
6121
6127
6126
6105
6109
6129
6128
6124
6125
6111
6131
6114
6130
6108
6112
6115
6134
6110
6132
6113
6133
6143
6116
6147
6146
6151
6150
6144
6145
6117
6154
6148
6018
5979
6149
6155
6015
6019
6152
6153
5922
6008
3565
3456
1125
3605
4249
3818
3859
3852
4464
3709
3967
3789
4251
4503
4502
4968
4109
4969
379
3547
376
4370
705
4951
4873
3803
5015
3799
5046
2838
4630
4975
4846
3943
4979
4978
4977
5080
4976
5081
5023
3911
3946
4311
5016
3480
5082
5027
4624
5084
4993
5085
1109
5055
4019
3411
3415
5054
4815
4814
4992
5053
4383
4987
4982
4983
4986
5087
4348
5024
4980
5052
4981
4211
4777
4991
4990
5118
4491
5151
4669
4960
5117
5113
5114
5152
3382
3412
4994
5115
3732
5116
3383
5155
5148
4816
5150
5112
5149
4246
3417
4989
4817
4988
4636
5153
4562
4317
5159
4244
4560
5158
5184
4245
5157
5190
5229
5156
5189
4995
5222
5221
4963
5193
5225
5192
4821
4998
5154
5262
4309
4099
5228
5265
4999
4496
5263
4962
5266
5296
5294
5129
5264
5188
3664
5295
4247
5303
4996
4601
5302
5171
4967
4961
5293
5161
4997
5299
5332
5331
4497
5002
5160
5333
4966
5261
5234
5371
5098
5364
5075
5336
5100
5099
5033
5337
5407
3671
5372
5274
5406
5405
4568
5275
5367
5408
5409
3669
5096
5410
4964
5097
4028
5235
5105
5001
5000
5436
4965
5273
5239
5475
5269
5238
5476
5304
5480
5311
5477
5441
5440
5483
5106
5482
5379
5481
5515
5472
5350
5250
5308
5315
5516
5517
5551
5183
5549
5246
5544
5455
5251
5550
5387
5508
5349
5245
5487
5182
5586
5587
5583
5312
5249
5181
5486
5488
5585
5584
5494
5589
5484
5520
5240
5523
5456
5241
5109
5290
5590
5430
5581
5558
5451
5248
5620
5582
5316
5394
5449
5617
5588
5616
5619
5485
5526
5452
5357
5623
5450
5529
5618
5561
5395
5563
5522
5593
5658
5502
5521
5659
5356
5661
5390
5621
5627
5492
5289
5622
5660
5663
5594
5389
5595
5493
5564
5626
5361
5625
5471
5630
5507
5688
5596
5657
5689
5694
5631
5662
5597
5397
5699
5506
5388
5635
5693
5634
5467
5665
5433
5638
5632
5466
5628
5731
5729
5434
5543
5670
5664
5505
5639
5538
5734
5569
5732
5735
5542
5691
5666
5574
5636
5503
5629
5470
5499
5435
5570
5692
5396
5733
5360
5698
5637
5642
5393
5762
5730
5643
5764
5761
5667
5504
5765
5763
5573
5767
5646
5640
5641
5766
5700
5742
5798
5500
5701
5760
5568
5644
5615
5501
5610
5702
5614
5469
5743
5678
5613
5737
5668
5575
5747
5777
5778
5779
5677
5676
5679
5738
5645
5744
5739
5736
5844
5612
5782
5745
5681
5647
5686
5687
5748
5808
5741
5740
5578
5755
5746
5780
5754
5784
5749
5714
5781
5680
5713
5752
5756
5685
5721
5753
5047
5086
5048
5554
5553
5267
5260
5298
5292
5297
5045
3538
5044
5301
5300
3536
5095
5330
5335
5334
5338
5059
5058
5056
5186
5187
5185
5220
5231
5230
5194
5134
5057
5306
5305
5366
5438
5439
5365
5437
5375
5237
5373
5310
5309
5232
5233
5314
5236
5457
5546
5474
5479
5473
5478
5545
5348
5313
5143
5026
5386
5031
5354
5111
5146
5029
5355
5025
5527
5110
5385
5147
5317
5495
5102
5524
5525
5489
5103
5101
5528
5391
5359
5358
5431
5464
5108
5392
5497
5028
5032
5252
5291
5432
5107
5104
