Outcome	Var1_ID	Var1_Pos	Var1_MAF	Var2_ID	Var2_Pos	Var2_MAF	Num_Missing	Num_Cases	Converged	Red_Var1_Het_Pval	Red_Var1_Het_beta	Red_Var1_Het_SE	Red_Var1_Hom_Pval	Red_Var1_Hom_beta	Red_Var1_Hom_SE	Red_Var2_Het_Pval	Red_Var2_Het_beta	Red_Var2_Het_SE	Red_Var2_Hom_Pval	Red_Var2_Hom_beta	Red_Var2_Hom_SE	Full_Var1_Het_Pval	Full_Var1_Het_beta	Full_Var1_Het_SE	Full_Var1_Hom_Pval	Full_Var1_Hom_beta	Full_Var1_Hom_SE	Full_Var2_Het_Pval	Full_Var2_Het_beta	Full_Var2_Het_SE	Full_Var2_Hom_Pval	Full_Var2_Hom_beta	Full_Var2_Hom_SE	Full_Var1_Het_Var2_Het_Pval	Full_Var1_Het_Var2_Het_beta	Full_Var1_Het_Var2_Het_SE	Full_Var1_Het_Var2_Hom_Pval	Full_Var1_Het_Var2_Hom_beta	Full_Var1_Het_Var2_Hom_SE	Full_Var1_Hom_Var2_Het_Pval	Full_Var1_Hom_Var2_Het_beta	Full_Var1_Hom_Var2_Het_SE	Full_Var1_Hom_Var2_Hom_Pval	Full_Var1_Hom_Var2_Hom_beta	Full_Var1_Hom_Var2_Hom_SE	Red_Model_Pval	Full_Model_Pval	Overall_Pval_(LRT)
1	rs1	1:1	2:0.463	rs2	1:2	2:0.26475	0	1000	0	0.214582	0.382448	0.308161	8.19983e-28	9.01609	0.824824	0.0247856	-1.34733	0.600222	0.947563	-0.155072	2.3579	0.195504	0.400182	0.309148	4.88136e-27	8.88026	0.824699	0.0372813	-1.24292	0.59679	0.99999	-28.1377	2.19446e+06	0.99998	-27.295	1.09723e+06	nan	nan	nan	nan	nan	nan	nan	nan	nan	0	0	1
2	rs1	1:1	2:0.45175	rs2	1:2	2:0.25675	0	1000	0	0.814673	0.0709657	0.302753	5.94417e-31	7.59565	0.656575	0.861733	-0.0543592	0.312108	0.976106	-0.04502	1.50314	0.759339	0.0932392	0.304356	0.503899	0.77441	1.15866	0.384772	-0.301729	0.347159	0.999985	-28.3299	1.55172e+06	0.99998	-28.1214	1.09723e+06	nan	nan	nan	0.99968	31.6032	78734.2	0.99997	59.6314	1.57313e+06	0	0	1
3	rs1	1:1	2:0.45175	rs2	1:2	2:0.266	0	1000	0	0.0731534	-0.721835	0.402838	0.999545	52.6029	92315.3	0.299497	-0.343656	0.33123	0.99972	-23.1433	65856	0.093152	-0.678705	0.404231	0.999674	32.3589	79245.8	0.343778	-0.314688	0.332396	0.999975	-28.3616	895885	0.999978	-27.3682	981393	nan	nan	nan	nan	nan	nan	nan	nan	nan	1	0	1
4	rs1	1:1	2:0.45775	rs2	1:2	2:0.25875	0	1000	0	0.0113319	0.617894	0.244006	2.85758e-30	7.3952	0.646824	0.594011	0.162829	0.305477	0.121457	2.09997	1.35597	0.0482404	0.517679	0.262084	0.456395	0.863181	1.15895	0.34807	-0.382756	0.407908	0.16642	1.96179	1.41769	0.184593	1.01594	0.765738	nan	nan	nan	0.999682	31.6843	79505.4	0.9999	29.3397	233955	0	0	1
5	rs1	1:1	2:0.453	rs2	1:2	2:0.26425	0	1000	0	0.855224	0.0534204	0.292784	5.80827e-16	8.81505	1.08918	0.90801	-0.0337869	0.292404	0.555774	-0.969237	1.6452	0.765292	-0.0963985	0.322901	0.99999	-28.3299	2.19446e+06	0.43216	-0.261662	0.333115	0.999979	-28.3299	1.09723e+06	0.160235	1.13249	0.806456	nan	nan	nan	0.999978	60.6674	2.19589e+06	0.999971	88.7356	2.46528e+06	0	0	1
6	rs1	1:1	2:0.46825	rs2	1:2	2:0.27475	0	1000	0	0.923506	0.0289588	0.301597	2.02456e-44	6.86215	0.490806	0.477453	0.200166	0.281764	0.934521	0.0741966	0.90309	0.917956	-0.0333642	0.323897	0.999975	-28.1994	895885	0.277557	-0.394378	0.363206	0.999979	-28.1994	1.09723e+06	0.421539	0.726511	0.903897	1	0.0333642	1.90046e+06	0.999946	60.8002	899343	0.999951	88.6052	1.4343e+06	0	0	1
7	rs1	1:1	2:0.4555	rs2	1:2	2:0.25525	0	1000	0	0.808128	-0.0753842	0.310426	2.97081e-23	7.54722	0.759761	0.188417	0.381651	0.290167	0.999924	24.6134	258647	0.983786	0.00657782	0.323676	8.51813e-21	7.55452	0.80771	0.144817	0.443253	0.303997	0.72085	6.3638e+13	1.78097e+14	0.483823	-0.797417	1.1389	nan	nan	nan	nan	nan	nan	nan	nan	nan	1	0	1
8	rs1	1:1	2:0.45575	rs2	1:2	2:0.2655	0	1000	0	0.383711	0.244042	0.28016	5.13101e-24	7.67815	0.759668	0.265756	0.331507	0.297879	0.531785	0.590767	0.944798	0.209976	0.35536	0.283464	0.999985	-28.2264	1.55172e+06	0.33427	0.307336	0.318302	0.738605	0.367056	1.09995	0.99997	-28.8891	775859	nan	nan	nan	0.999969	60.0985	1.55379e+06	0.999969	60.0387	1.56629e+06	0	0	1
9	rs1	1:1	2:0.459	rs2	1:2	2:0.26875	0	1000	0	0.0960108	-0.631864	0.37961	2.0145e-15	8.60106	1.0832	0.369292	0.246199	0.274225	0.700254	-0.648411	1.68428	0.0973997	-0.719165	0.433861	0.99999	-28.2595	2.19446e+06	0.634718	0.140613	0.295967	0.999982	-28.2595	1.26697e+06	0.626815	0.442533	0.91016	nan	nan	nan	0.999978	60.2652	2.19587e+06	0.999972	88.6653	2.54537e+06	0	0	1
10	rs1	1:1	2:0.455	rs2	1:2	2:0.25725	0	1000	0	0.0714306	0.450663	0.249989	8.39606e-36	6.49646	0.520105	0.0836276	0.48194	0.278575	0.999896	27.6217	212521	0.0184895	0.598047	0.253876	0.999977	-28.263	981393	0.36985	0.285331	0.318182	0.999988	32.1428	2.19469e+06	0.999965	-29.1464	661655	nan	nan	nan	0.999951	60.1205	984647	0.999991	28.263	2.41511e+06	1	0	1
11	rs1	1:1	2:0.459	rs2	1:2	2:0.26325	0	1000	0	0.106863	-0.699858	0.434032	2.20342e-29	7.11219	0.631948	0.0456588	0.557041	0.278725	0.177507	1.51419	1.12289	0.272891	-0.47862	0.436526	0.419859	0.935073	1.15918	0.171158	0.411003	0.300332	0.27537	1.34054	1.22897	0.999965	-28.1016	633487	nan	nan	nan	0.999684	30.8905	77985.1	0.999905	29.961	251749	0	0	1
12	rs1	1:1	2:0.442	rs2	1:2	2:0.2605	0	1000	0	0.538457	-0.224566	0.365061	1.30735e-15	8.70889	1.08944	0.888978	0.0387907	0.277874	0.467975	-1.16276	1.60208	0.635485	-0.183826	0.387802	0.99999	-28.3718	2.19446e+06	0.988662	-0.00416801	0.293306	0.999979	-28.3718	1.09723e+06	0.805643	-0.283514	1.15226	1	0.183826	2.45348e+06	0.999978	60.41	2.19588e+06	0.999971	88.7776	2.46767e+06	0	0	1
13	rs1	1:1	2:0.45275	rs2	1:2	2:0.2605	0	1000	0	0.0660466	-0.695348	0.378296	6.62615e-25	8.11581	0.787491	0.513376	-0.210045	0.321372	0.709158	-0.556071	1.49086	0.12067	-0.59121	0.380942	0.999985	-28.3962	1.55172e+06	0.354607	-0.321547	0.347359	0.999982	-28.3962	1.26697e+06	0.999964	-27.4835	608634	nan	nan	nan	0.999969	60.7273	1.55374e+06	0.999965	88.802	2.01823e+06	0	0	1
14	rs1	1:1	2:0.4495	rs2	1:2	2:0.26225	0	1000	0	0.959651	-0.0157725	0.311764	9.8288e-30	7.27278	0.642168	0.228778	0.317067	0.263451	0.990801	-0.0142358	1.23468	0.943337	-0.0239604	0.337106	0.498862	0.783597	1.15869	0.70224	0.112923	0.295378	0.999982	-28.3207	1.26697e+06	0.920313	0.088499	0.884636	nan	nan	nan	0.999686	31.1886	79349.4	0.999963	59.6222	1.29023e+06	0	0	1
15	rs1	1:1	2:0.45375	rs2	1:2	2:0.25725	0	1000	0	0.243804	-0.401729	0.344675	5.3204e-24	7.8132	0.773302	0.555823	0.169239	0.287304	0.892847	-0.218221	1.62002	0.311164	-0.368101	0.363455	0.999985	-28.3256	1.55172e+06	0.909729	0.0355555	0.313596	0.999985	-28.3256	1.55172e+06	0.809709	-0.275035	1.14217	nan	nan	nan	0.999969	60.3702	1.55369e+06	0.999968	88.7314	2.21128e+06	0	0	1
16	rs1	1:1	2:0.44775	rs2	1:2	2:0.259	0	1000	0	0.961334	-0.014617	0.301504	1.44188e-37	6.51935	0.508928	0.0512352	0.480728	0.24659	0.66463	0.522464	1.20514	0.789033	-0.0864639	0.323149	0.999982	-28.3633	1.26721e+06	0.315914	0.27012	0.269342	0.999985	-28.3554	1.55172e+06	0.536128	0.565201	0.913561	nan	nan	nan	0.999977	35.89	1.26721e+06	0.999965	88.7691	2.02004e+06	0	0	1
17	rs1	1:1	2:0.4525	rs2	1:2	2:0.25625	0	1000	0	0.662651	-0.127024	0.291169	1.41433e-22	7.55375	0.77261	0.124816	0.416288	0.271221	0.99847	0.00284246	1.4823	0.768243	-0.091722	0.311265	0.340072	1.17197	1.22845	0.300271	0.310488	0.299741	0.999985	-28.3378	1.55172e+06	0.795219	-0.225451	0.868654	nan	nan	nan	0.999693	30.5856	79401.3	0.99997	59.2338	1.57149e+06	0	0	1
18	rs1	1:1	2:0.47075	rs2	1:2	2:0.2645	0	1000	0	0.220034	-0.389146	0.317298	1.86263e-24	8.07962	0.791649	0.871582	0.0525468	0.325066	0.720652	-0.488072	1.3649	0.387171	-0.276812	0.320103	0.999986	-28.2197	1.55172e+06	0.989445	-0.00466084	0.352329	0.999979	-28.2197	1.09723e+06	0.999962	-27.9382	586495	nan	nan	nan	0.999969	60.4104	1.55369e+06	0.999963	88.6255	1.91549e+06	0	0	1
19	rs1	1:1	2:0.45625	rs2	1:2	2:0.25525	0	1000	0	0.0855326	0.446685	0.259784	4.52846e-32	7.90307	0.670463	0.311733	-0.350557	0.34654	0.952732	0.118232	1.99458	0.217337	0.333588	0.270409	0.999986	-28.3055	1.55686e+06	0.0517956	-0.840832	0.432342	0.99999	-28.3029	2.19446e+06	0.0545083	2.00179	1.04109	nan	nan	nan	0.999981	37.7184	1.55686e+06	0.999974	88.7113	2.70503e+06	0	0	1
20	rs1	1:1	2:0.45325	rs2	1:2	2:0.26575	0	1000	0	0.272959	-0.379222	0.345919	9.90115e-24	7.55796	0.752589	0.152529	0.395156	0.276206	0.506708	0.634783	0.956038	0.3348	-0.350621	0.36353	0.999985	-28.2964	1.55172e+06	0.268083	0.322382	0.291093	0.99998	-28.3169	1.10362e+06	0.999971	-28.2682	775859	0.999978	30.574	1.10362e+06	0.999969	60.0834	1.55377e+06	0.999963	88.7227	1.91715e+06	0	0	1
21	rs1	1:1	2:0.45475	rs2	1:2	2:0.25825	0	1000	0	0.999045	-0.000360156	0.301013	8.56106e-24	7.94209	0.789711	0.715802	0.114668	0.314957	0.70639	-0.503438	1.33641	0.748194	0.0975788	0.303963	0.99999	-28.2711	2.1883e+06	0.623073	0.160841	0.327246	0.999979	-28.2785	1.09723e+06	0.999971	-28.5369	775859	nan	nan	nan	0.999987	36.6837	2.1883e+06	0.999971	88.6769	2.46009e+06	0	0	1
22	rs1	1:1	2:0.44625	rs2	1:2	2:0.257	0	1000	0	0.415474	-0.250636	0.307793	0.99966	32.1074	75448.8	0.489661	-0.220876	0.319718	0.379927	1.07836	1.22816	0.617241	-0.155252	0.310649	0.99968	32.1	80032.3	0.715963	-0.117511	0.322959	0.376373	1.08646	1.2282	0.999968	-28.1505	693950	nan	nan	nan	nan	nan	nan	nan	nan	nan	1	0	1
23	rs1	1:1	2:0.459	rs2	1:2	2:0.2665	0	1000	0	0.939082	-0.0239465	0.313339	2.51947e-24	7.6497	0.751688	0.184107	0.365339	0.27506	0.0357316	2.07465	0.987945	0.586781	-0.189497	0.348657	0.288879	1.30341	1.22895	0.682068	0.124752	0.304537	0.288879	1.30341	1.22895	0.3022	0.962687	0.933084	0.999989	31.0855	2.19469e+06	0.999688	30.7713	78734.2	0.999901	29.5926	239461	0	0	1
24	rs1	1:1	2:0.452	rs2	1:2	2:0.2615	0	1000	0	0.543896	0.173975	0.286646	9.5094e-30	7.29608	0.644061	0.308338	0.280038	0.274893	0.85488	0.249298	1.36306	0.486805	0.206614	0.297116	0.486339	0.806671	1.15877	0.738263	0.101689	0.304318	0.999985	-28.2976	1.55172e+06	0.671768	-0.482462	1.13863	nan	nan	nan	0.999687	31.1998	79609.9	0.99997	59.5991	1.56946e+06	0	0	1
25	rs1	1:1	2:0.44825	rs2	1:2	2:0.26425	0	1000	0	0.89325	0.0434283	0.323626	1.15152e-15	8.77095	1.09507	0.818477	0.0655753	0.285726	0.496258	-1.0596	1.55734	0.807072	0.082798	0.339051	0.99999	-28.2985	2.19446e+06	0.914275	0.0326082	0.302916	0.999977	-28.2985	981393	0.721189	-0.40822	1.14389	nan	nan	nan	0.999978	60.3732	2.19589e+06	0.999971	88.7043	2.41625e+06	0	0	1
26	rs1	1:1	2:0.44925	rs2	1:2	2:0.26125	0	1000	0	0.359752	0.250599	0.273628	2.73229e-25	8.08083	0.777695	0.620585	-0.144222	0.291346	0.726329	-0.521675	1.49044	0.257708	0.321508	0.284062	0.999985	-28.3579	1.55172e+06	0.506166	-0.213384	0.320965	0.999982	-28.3579	1.26697e+06	0.459192	-0.82807	1.11874	nan	nan	nan	0.999969	60.6192	1.55375e+06	0.999965	88.7637	2.01881e+06	0	0	1
27	rs1	1:1	2:0.456	rs2	1:2	2:0.26125	0	1000	0	0.671831	0.121058	0.28576	1.14057e-29	7.23116	0.63923	0.131348	0.399144	0.264543	0.848092	0.263282	1.37446	0.640473	0.138163	0.295828	0.0944846	1.53551	0.918255	0.436602	0.224924	0.289127	0.999985	-28.2619	1.55172e+06	0.747248	-0.368025	1.14198	nan	nan	nan	0.999693	30.3834	78988.8	0.99997	58.8703	1.57149e+06	0	0	1
28	rs1	1:1	2:0.4615	rs2	1:2	2:0.27	0	1000	0	0.207693	0.34654	0.275046	1.15911e-39	6.86625	0.520999	0.185625	0.358416	0.270782	0.881309	0.142892	0.957016	0.207956	0.357609	0.283996	0.999979	-28.1855	1.0982e+06	0.694839	0.11949	0.304591	0.999977	-28.1899	981393	0.719753	-0.409977	1.14267	nan	nan	nan	0.999973	36.7228	1.0982e+06	0.999953	88.5913	1.49029e+06	0	0	1
29	rs1	1:1	2:0.45875	rs2	1:2	2:0.2575	0	1000	0	0.184562	-0.504658	0.380346	3.11299e-34	7.16997	0.587708	0.613649	0.159281	0.315487	0.866232	0.232559	1.38062	0.252677	-0.437434	0.382416	0.999982	-28.2663	1.26528e+06	0.825224	-0.0774317	0.350638	0.999985	-28.2654	1.55172e+06	0.999973	-27.7506	829429	nan	nan	nan	0.999977	36.957	1.26528e+06	0.999965	88.6721	2.0193e+06	0	0	1
30	rs1	1:1	2:0.44475	rs2	1:2	2:0.2495	0	1000	0	0.200621	-0.380591	0.297387	2.52488e-31	6.64714	0.570969	0.196457	0.359048	0.277963	0.553455	0.939797	1.58591	0.209471	-0.385662	0.307296	0.999979	-28.5091	1.09723e+06	0.937723	0.0246219	0.315132	0.999957	60.4058	1.12306e+06	0.821049	0.26306	1.16298	0.999971	-88.5292	2.46514e+06	0.999956	60.3812	1.1002e+06	nan	nan	nan	0	0	1
31	rs1	1:1	2:0.44275	rs2	1:2	2:0.25525	0	1000	0	0.434112	-0.241787	0.309122	6.90615e-31	7.34792	0.635868	0.965616	-0.0122546	0.284284	0.671277	0.406518	0.957875	0.428176	-0.26455	0.333894	0.591852	0.620969	1.15819	0.481346	-0.226329	0.321426	0.999979	-28.4779	1.09609e+06	0.75437	-0.354489	1.13298	0.999978	30.462	1.09609e+06	0.999685	31.5278	79767.5	0.999958	59.7794	1.12661e+06	0	0	1
32	rs1	1:1	2:0.454	rs2	1:2	2:0.256	0	1000	0	0.740942	0.10004	0.302596	3.21425e-24	7.73163	0.761514	0.495112	0.201304	0.29508	0.999927	24.4286	266146	0.645826	0.144708	0.314878	7.0435e-22	7.75986	0.807221	0.451859	0.232457	0.308988	0.71994	1.59583e+14	4.45094e+14	0.660639	-0.503989	1.14796	nan	nan	nan	nan	nan	nan	nan	nan	nan	1	0	1
33	rs1	1:1	2:0.45025	rs2	1:2	2:0.26425	0	1000	0	0.288577	-0.366286	0.345146	2.74954e-36	7.28085	0.578803	0.541177	-0.188601	0.308659	0.248916	1.29129	1.11995	0.392392	-0.297449	0.347777	0.999982	-28.407	1.26757e+06	0.220738	-0.423329	0.345696	0.36464	1.11354	1.22831	0.99997	-27.6754	731487	nan	nan	nan	0.999977	37.2624	1.26757e+06	0.999963	59.303	1.28805e+06	0	0	1
34	rs1	1:1	2:0.45525	rs2	1:2	2:0.26525	0	1000	0	0.915113	-0.0343226	0.322003	0.99956	50.643	91746.6	0.400576	-0.267762	0.318539	0.999741	-21.2056	65385.1	0.419969	-0.294056	0.364619	0.999668	32.6404	78482.1	0.148348	-0.522066	0.361194	0.999998	-0.522066	260599	0.0188812	2.03841	0.868198	0.99999	-27.4713	2.20988e+06	nan	nan	nan	nan	nan	nan	1	0	1
35	rs1	1:1	2:0.45175	rs2	1:2	2:0.271	0	1000	0	0.644147	-0.148261	0.320975	1.4403e-28	7.05247	0.636065	0.0063358	0.629874	0.230734	0.94139	0.0794789	1.08101	0.517215	-0.225753	0.348576	0.999982	-28.2769	1.26697e+06	0.0685453	0.450102	0.247118	0.999982	-28.2769	1.26697e+06	0.510391	0.603047	0.916167	1	0.225753	2.53395e+06	0.999962	59.9557	1.26948e+06	0.999961	88.6827	1.80648e+06	0	0	1
36	rs1	1:1	2:0.45725	rs2	1:2	2:0.2635	0	1000	0	0.959506	-0.0152674	0.300698	1.79257e-16	8.88951	1.07945	0.632034	-0.153716	0.321001	0.759766	-0.598674	1.9578	0.794315	0.0792367	0.303925	0.99999	-28.2741	2.19446e+06	0.703223	-0.127636	0.335027	0.999985	-28.2741	1.55172e+06	0.999968	-28.2257	693950	nan	nan	nan	0.999978	60.5334	2.19588e+06	0.999974	88.6799	2.69806e+06	0	0	1
37	rs1	1:1	2:0.46125	rs2	1:2	2:0.26725	0	1000	0	0.93109	-0.0252495	0.291991	3.68619e-29	7.20289	0.642603	0.0376079	0.533354	0.256531	0.992901	0.00992762	1.11572	0.902135	-0.0383899	0.312204	0.999982	-28.2213	1.26697e+06	0.219224	0.348933	0.28401	0.999979	-28.2213	1.09723e+06	0.943912	0.0616468	0.876236	nan	nan	nan	0.999962	60.0569	1.26944e+06	0.999958	88.6271	1.69248e+06	0	0	1
38	rs1	1:1	2:0.44725	rs2	1:2	2:0.262	0	1000	0	0.356468	0.282752	0.306634	1.47556e-30	7.38851	0.64302	0.590451	0.150502	0.27965	0.741258	0.560227	1.69669	0.435794	0.25689	0.329636	0.999982	-28.3038	1.26697e+06	0.719106	-0.115785	0.321935	0.99999	-28.3038	2.19446e+06	0.778389	0.253935	0.902339	nan	nan	nan	0.999962	60.5216	1.26946e+06	0.999972	88.7096	2.54524e+06	0	0	1
39	rs1	1:1	2:0.45225	rs2	1:2	2:0.26	0	1000	0	0.411722	-0.262275	0.31951	9.44841e-22	7.45368	0.777822	0.0216293	0.604918	0.263372	0.962982	-0.059412	1.28011	0.129114	-0.577699	0.380665	0.999985	-28.3274	1.55172e+06	0.349815	0.279444	0.298887	0.999982	-28.3274	1.26697e+06	0.0272937	1.76825	0.801095	nan	nan	nan	0.999969	60.1263	1.55376e+06	0.999965	88.7332	2.01688e+06	0	0	1
40	rs1	1:1	2:0.457	rs2	1:2	2:0.25875	0	1000	0	0.691583	0.110342	0.278145	3.13806e-30	7.44669	0.651791	0.657364	0.130966	0.295264	0.950567	0.0878262	1.41668	0.718369	-0.112175	0.311044	0.501869	0.77814	1.15872	0.226523	-0.462646	0.382554	0.99999	-28.3261	2.19446e+06	0.0168484	1.89196	0.791615	1	0.112175	3.10344e+06	0.999679	31.7642	79040	0.999978	59.6276	2.20831e+06	0	0	1
41	rs1	1:1	2:0.44425	rs2	1:2	2:0.26	0	1000	0	0.00473834	0.682796	0.241757	0.999567	50.895	93739	0.739891	0.0904518	0.272447	0.999746	-21.346	66977.1	0.00262299	0.76348	0.253751	0.999684	31.8962	80461.4	0.496448	0.196172	0.28845	0.99999	-28.3134	2.19446e+06	0.364195	-0.774908	0.853986	nan	nan	nan	nan	nan	nan	nan	nan	nan	1	0	1
42	rs1	1:1	2:0.45625	rs2	1:2	2:0.26475	0	1000	0	0.729716	-0.100424	0.290661	1.02175e-30	7.28891	0.632607	0.604298	0.140722	0.271544	0.999898	27.5077	215017	0.952678	-0.017964	0.302712	0.502539	0.776966	1.15879	0.952678	-0.017964	0.302712	0.999988	32.0785	2.19469e+06	0.474499	-0.796544	1.11377	nan	nan	nan	0.999686	31.3195	79609.9	1	-0.776966	2.20727e+06	1	0	1
43	rs1	1:1	2:0.45675	rs2	1:2	2:0.2615	0	1000	0	0.210492	-0.506897	0.4048	7.52143e-30	7.36466	0.648939	0.519567	0.202606	0.3146	0.123368	2.08878	1.35566	0.144123	-0.634718	0.434558	0.459633	0.856937	1.15888	0.576891	-0.203935	0.365521	0.167756	1.95555	1.41763	0.260069	1.40791	1.25011	nan	nan	nan	0.999681	31.5054	78683.6	0.999901	29.346	236660	0	0	1
44	rs1	1:1	2:0.45225	rs2	1:2	2:0.2615	0	1000	0	0.222541	0.318259	0.260911	5.67397e-16	8.37121	1.03398	0.464653	0.20063	0.274383	0.0387905	2.53314	1.22587	0.515026	0.193273	0.296871	0.99999	-28.2988	2.19446e+06	0.986515	-0.00547947	0.324186	0.179202	1.90406	1.41754	0.357437	0.617658	0.671177	0.999989	30.0096	2.19469e+06	0.999978	60.4113	2.1959e+06	0.999979	58.5017	2.20764e+06	0	0	1
45	rs1	1:1	2:0.453	rs2	1:2	2:0.2585	0	1000	0	0.143537	-0.503017	0.343886	2.68789e-29	7.26002	0.64609	0.297597	0.286966	0.275505	0.930615	-0.109521	1.25784	0.366698	-0.313393	0.347182	0.999982	-28.353	1.26697e+06	0.498749	0.201271	0.297537	0.999982	-28.353	1.26697e+06	0.99996	-28.2408	566608	nan	nan	nan	0.999962	60.2045	1.26943e+06	0.999961	88.7588	1.81009e+06	0	0	1
46	rs1	1:1	2:0.45325	rs2	1:2	2:0.26375	0	1000	0	0.23346	0.327894	0.275196	8.03154e-42	6.40094	0.472429	0.0418303	0.502573	0.24694	0.521777	0.738922	1.15347	0.527398	0.187709	0.297016	0.999977	-28.2892	981243	0.759108	0.0879446	0.286789	0.999985	-28.2924	1.55172e+06	0.177312	1.124	0.833158	nan	nan	nan	0.99997	36.7542	981243	0.999962	88.695	1.85226e+06	0	0	1
47	rs1	1:1	2:0.44925	rs2	1:2	2:0.259	0	1000	0	0.673878	-0.135323	0.321562	7.93179e-30	7.30191	0.643674	0.497371	0.190298	0.280414	0.756468	0.523769	1.68891	0.665612	-0.15121	0.349879	0.999982	-28.3526	1.26697e+06	0.824792	-0.0715424	0.323156	0.99999	-28.3526	2.19446e+06	0.821438	0.20122	0.891553	nan	nan	nan	0.999962	60.4773	1.26945e+06	0.999972	88.7584	2.54595e+06	0	0	1
48	rs1	1:1	2:0.46	rs2	1:2	2:0.26475	0	1000	0	0.0539302	-0.832041	0.431692	5.41892e-29	7.11149	0.636388	0.118407	0.443004	0.283705	0.999913	25.0888	230066	0.0713777	-0.848264	0.470456	8.47364e-28	7.11605	0.651178	0.136766	0.436727	0.29351	0.395334	1.23786	1.45633	0.928982	0.10562	1.18507	nan	nan	nan	nan	nan	nan	nan	nan	nan	1	0	1
49	rs1	1:1	2:0.45875	rs2	1:2	2:0.265	0	1000	0	0.778006	0.0853061	0.302592	1.9193e-41	6.71556	0.498006	0.589008	0.159776	0.295732	0.46641	1.06417	1.46111	0.692728	0.124462	0.314969	0.999975	-28.2739	895885	0.283854	-0.410438	0.382979	0.99999	-28.2739	2.19446e+06	0.814197	-0.26997	1.14873	nan	nan	nan	0.999946	60.8162	899397	0.99997	88.6797	2.38096e+06	0	0	1
50	rs1	1:1	2:0.45675	rs2	1:2	2:0.26575	0	1000	0	0.931958	0.0250918	0.293878	3.20529e-30	7.36182	0.644467	0.307714	0.274794	0.269398	0.989207	0.0168006	1.24195	0.479444	0.21675	0.306492	0.464078	0.848529	1.15896	0.427085	0.236351	0.2976	0.999982	-28.2558	1.26697e+06	0.190096	-1.4504	1.10693	nan	nan	nan	0.999687	31.0652	79245.8	0.999963	59.5573	1.28889e+06	0	0	1
51	rs1	1:1	2:0.44975	rs2	1:2	2:0.26175	0	1000	0	0.987282	-0.00496619	0.311542	3.91888e-30	7.1439	0.626348	0.169374	0.36136	0.262957	0.0720386	1.58945	0.883583	0.889535	0.0451643	0.325174	0.486999	0.805451	1.15877	0.514396	0.188015	0.288364	0.102588	1.4986	0.918015	0.64314	-0.526341	1.13604	nan	nan	nan	0.999686	31.1135	79091.3	0.999906	29.8029	251749	0	0	1
52	rs1	1:1	2:0.4515	rs2	1:2	2:0.2605	0	1000	0	0.615319	-0.145801	0.290155	2.77113e-41	6.92631	0.514669	0.871164	-0.0427329	0.263491	0.741748	0.535589	1.62527	0.807654	-0.0714412	0.293449	0.999977	-28.4391	981393	0.276907	-0.324527	0.298472	0.99999	-28.4391	2.19446e+06	0.999966	-28.0431	661655	nan	nan	nan	0.999951	60.7303	984559	0.999971	88.8449	2.41952e+06	0	0	1
53	rs1	1:1	2:0.457	rs2	1:2	2:0.2655	0	1000	0	0.887559	0.0441161	0.31201	1.31474e-30	7.28649	0.633592	0.249394	0.324004	0.281297	0.285654	1.09638	1.02685	0.976767	-0.0098067	0.336748	0.999982	-28.2286	1.26697e+06	0.930199	0.0284145	0.324389	0.449911	0.875712	1.15902	0.6179	0.451639	0.9054	nan	nan	nan	0.999962	60.3774	1.26943e+06	0.999963	59.5301	1.28864e+06	0	0	1
54	rs1	1:1	2:0.45275	rs2	1:2	2:0.2585	0	1000	0	0.0521447	-0.663	0.341411	1.44643e-29	7.17948	0.635833	0.600639	0.146164	0.279216	0.9999	27.4577	220114	0.0550193	-0.689792	0.359505	0.999982	-28.436	1.26697e+06	0.69443	-0.122454	0.311705	0.999988	31.9698	2.19469e+06	0.80959	0.276604	1.14795	nan	nan	nan	0.999962	60.5282	1.26948e+06	0.999991	28.436	2.54571e+06	1	0	1
55	rs1	1:1	2:0.452	rs2	1:2	2:0.2565	0	1000	0	0.808603	0.0756931	0.312487	7.50685e-31	7.3972	0.64053	0.665177	0.127171	0.293848	0.141998	2.01219	1.37034	0.87182	0.0524636	0.32516	0.483059	0.81275	1.15877	0.615001	-0.168079	0.334188	0.17754	1.91136	1.41754	0.840996	0.235219	1.17246	nan	nan	nan	0.999679	31.4696	78182.8	0.999915	29.3901	274337	0	0	1
56	rs1	1:1	2:0.4555	rs2	1:2	2:0.25775	0	1000	0	0.316186	-0.331755	0.330985	4.79084e-28	7.11332	0.647867	0.048622	0.54009	0.273895	0.959463	-0.0581358	1.14379	0.215	-0.44895	0.362076	0.999982	-28.3058	1.26697e+06	0.424048	0.245718	0.307371	0.999982	-28.3058	1.26697e+06	0.286375	1.00174	0.939624	1	0.44895	2.53395e+06	0.999962	60.1601	1.26942e+06	0.999961	88.7116	1.80937e+06	0	0	1
57	rs1	1:1	2:0.4585	rs2	1:2	2:0.2645	0	1000	0	0.445286	0.213275	0.279413	8.61689e-17	8.90115	1.06954	0.557408	-0.187921	0.320304	0.929328	-0.20696	2.33351	0.585358	0.161623	0.296242	0.99999	-28.2607	2.19446e+06	0.321389	-0.360376	0.363427	0.99999	-28.2607	2.19446e+06	0.554795	0.531525	0.89999	nan	nan	nan	0.999978	60.7662	2.19588e+06	0.999977	88.6665	3.11234e+06	0	0	1
58	rs1	1:1	2:0.46325	rs2	1:2	2:0.26875	0	1000	0	0.907359	-0.036149	0.310639	4.28823e-32	7.93084	0.672556	0.36668	-0.313647	0.347451	0.987254	0.0242199	1.51613	0.764208	-0.0967827	0.322653	0.999982	-28.252	1.26697e+06	0.0680666	-0.78993	0.432941	0.999985	-28.252	1.55172e+06	0.454969	0.891713	1.19347	nan	nan	nan	0.999962	61.1957	1.26944e+06	0.999965	88.6578	2.01562e+06	0	0	1
59	rs1	1:1	2:0.45375	rs2	1:2	2:0.25925	0	1000	0	0.545777	-0.193222	0.319851	5.15201e-26	8.35467	0.792012	0.189562	-0.452937	0.345259	0.783613	-0.486823	1.77276	0.767577	-0.0954783	0.323058	0.351155	1.14531	1.22841	0.142268	-0.55944	0.381246	0.999985	-28.3644	1.55172e+06	0.999962	-27.7095	586495	nan	nan	nan	0.999681	31.4555	78734.2	0.99997	59.2605	1.57284e+06	0	0	1
60	rs1	1:1	2:0.464	rs2	1:2	2:0.2675	0	1000	0	0.654462	-0.149477	0.333974	5.2107e-40	6.92653	0.523184	0.388059	0.242658	0.281134	0.573482	0.887549	1.57666	0.660325	-0.161031	0.366426	0.999979	-28.1806	1.09543e+06	0.736613	-0.112701	0.335078	0.99999	-28.1917	2.19446e+06	0.818134	0.205483	0.893614	nan	nan	nan	0.999973	36.9815	1.09543e+06	0.999971	88.5863	2.46556e+06	0	0	1
61	rs1	1:1	2:0.461	rs2	1:2	2:0.26275	0	1000	0	0.185274	0.386585	0.291831	6.26096e-24	7.79136	0.772361	0.0743601	0.48728	0.273079	0.90214	-0.178782	1.454	0.0435752	0.61401	0.304243	0.999986	-28.0628	1.55172e+06	0.0590503	0.555946	0.294491	0.999982	-28.0628	1.26697e+06	0.117781	-1.73794	1.1111	nan	nan	nan	0.999969	59.8498	1.55365e+06	0.999965	88.4686	2.02167e+06	0	0	1
62	rs1	1:1	2:0.4525	rs2	1:2	2:0.2585	0	1000	0	0.499058	0.193927	0.286885	4.12368e-17	8.87164	1.05498	0.337935	-0.331005	0.345425	0.999924	23.2272	242363	0.327713	0.283869	0.290038	1.99673e-15	8.89437	1.11998	0.54163	-0.213869	0.350404	0	-1.49836e+14	1.55379	-nan	-2.06933e+11	0	nan	nan	nan	nan	nan	nan	nan	nan	nan	1	1	1
63	rs1	1:1	2:0.4585	rs2	1:2	2:0.25925	0	1000	0	0.324909	-0.339698	0.345074	4.07845e-24	7.93042	0.782887	0.841093	0.0650654	0.324523	0.886991	0.271103	1.90766	0.474572	-0.24858	0.347635	0.999985	-28.2654	1.55172e+06	0.885869	-0.0504031	0.351159	0.99999	-28.2654	2.19446e+06	0.999969	-27.9664	731487	nan	nan	nan	0.999969	60.4562	1.55371e+06	0.999974	88.6712	2.69856e+06	0	0	1
64	rs1	1:1	2:0.4555	rs2	1:2	2:0.25925	0	1000	0	0.22835	-0.397271	0.329789	4.86524e-17	8.81166	1.05027	0.349998	-0.309347	0.330996	0.999906	27.5741	232827	0.24207	-0.404637	0.345894	0.999988	32.0378	2.20772e+06	0.361861	-0.316668	0.34729	0.999988	32.0495	2.19469e+06	0.942252	0.083053	1.1465	nan	nan	nan	0.999992	-23.2203	2.20772e+06	0.999992	-32.0378	3.12343e+06	1	0	1
65	rs1	1:1	2:0.454	rs2	1:2	2:0.2625	0	1000	0	0.715363	-0.116939	0.320676	2.1424e-16	8.54959	1.04088	0.958861	0.0155351	0.30117	0.99992	23.5746	235296	0.511308	-0.228512	0.347917	2.10803e-13	8.78221	1.1962	0.779975	-0.0908935	0.325374	0.714259	-8.0538e+13	2.19964e+14	0.296928	0.968711	0.928736	nan	nan	nan	nan	nan	nan	nan	nan	nan	1	0	1
66	rs1	1:1	2:0.45775	rs2	1:2	2:0.265	0	1000	0	0.177749	-0.486204	0.360761	6.66237e-16	8.33472	1.03196	0.20293	0.350135	0.274994	0.394856	0.940082	1.10488	0.255975	-0.434593	0.38258	0.99999	-28.2396	2.19446e+06	0.293692	0.305074	0.290531	0.455637	0.86469	1.15902	0.731343	-0.392085	1.14197	nan	nan	nan	0.999978	60.1007	2.19587e+06	0.999978	59.5411	2.20831e+06	0	0	1
67	rs1	1:1	2:0.45075	rs2	1:2	2:0.26175	0	1000	0	0.800863	0.076262	0.302351	4.33131e-16	8.65459	1.06467	0.964806	0.0129112	0.292614	0.942891	-0.160778	2.24435	0.801968	0.0788224	0.314284	0.99999	-28.307	2.19446e+06	0.844986	-0.0609395	0.311679	0.99999	-28.307	2.19446e+06	0.953045	-0.0678934	1.15301	nan	nan	nan	0.999978	60.4667	2.19589e+06	0.999977	88.7128	3.11289e+06	0	0	1
68	rs1	1:1	2:0.452	rs2	1:2	2:0.26225	0	1000	0	0.272219	0.30168	0.274763	6.51979e-25	8.10194	0.786027	0.732582	-0.106404	0.311401	0.746804	-0.459356	1.42279	0.333252	0.273469	0.28263	0.999985	-28.32	1.55172e+06	0.348162	-0.325368	0.346815	0.999985	-28.32	1.55172e+06	0.647703	0.548511	1.20036	1	-0.273469	2.68766e+06	0.999969	60.7312	1.55376e+06	0.999968	88.7258	2.20676e+06	0	0	1
69	rs1	1:1	2:0.46025	rs2	1:2	2:0.27075	0	1000	0	0.524022	-0.22083	0.346586	1.93583e-16	8.93727	1.08647	0.860848	-0.0527862	0.301129	0.597291	-0.898892	1.70148	0.544362	-0.22162	0.365571	0.99999	-28.215	2.19446e+06	0.680944	-0.132389	0.321978	0.999982	-28.215	1.26697e+06	0.972785	0.0392988	1.15194	1	0.22162	2.53395e+06	0.999978	60.5382	2.19586e+06	0.999972	88.6208	2.54524e+06	0	0	1
70	rs1	1:1	2:0.4475	rs2	1:2	2:0.2615	0	1000	0	0.130056	-0.612078	0.40431	2.9099e-22	7.36573	0.75907	0.0116761	0.616911	0.244633	0.764239	0.519434	1.73191	0.134839	-0.65006	0.434738	0.999985	-28.3009	1.55172e+06	0.05471	0.493219	0.256728	0.99999	-28.3009	2.19446e+06	0.822186	0.267068	1.18837	nan	nan	nan	0.999969	59.9126	1.55373e+06	0.999974	88.7067	2.69927e+06	0	0	1
71	rs1	1:1	2:0.459	rs2	1:2	2:0.2645	0	1000	0	0.158214	-0.511533	0.362506	3.38313e-30	7.44344	0.65188	0.762457	0.0917695	0.303615	0.668553	0.802747	1.87498	0.247203	-0.442751	0.382616	0.484547	0.810012	1.1588	0.624792	-0.170818	0.349271	0.999892	31.3015	231341	0.827564	-0.250396	1.14952	0.999979	-59.153	2.20662e+06	0.999683	31.4723	79142.7	nan	nan	nan	0	0	1
72	rs1	1:1	2:0.4465	rs2	1:2	2:0.26	0	1000	0	0.724978	0.100539	0.285774	2.83397e-24	7.8738	0.77458	0.965357	0.012386	0.285178	0.915031	-0.165282	1.54911	0.998151	-0.000702617	0.303127	0.999985	-28.4	1.55172e+06	0.445109	-0.244802	0.320591	0.999985	-28.4	1.55172e+06	0.229072	1.1321	0.941261	nan	nan	nan	0.999969	60.6506	1.55378e+06	0.999968	88.8058	2.20719e+06	0	0	1
73	rs1	1:1	2:0.461	rs2	1:2	2:0.265	0	1000	0	0.0559987	0.507082	0.265343	1.11158e-16	8.68457	1.04732	0.963089	0.0149387	0.322809	0.999916	23.574	223995	0.0965059	0.462595	0.27833	6.51893e-14	8.87733	1.18408	0.850796	-0.0664952	0.353505	0.73359	-4.70244e+13	1.38163e+14	0.557643	0.54368	0.927234	nan	nan	nan	nan	nan	nan	nan	nan	nan	1	0	1
74	rs1	1:1	2:0.4525	rs2	1:2	2:0.26375	0	1000	0	0.157562	-0.537867	0.38057	3.4069e-16	8.45868	1.03686	0.583649	0.161477	0.294633	0.514726	0.694307	1.06571	0.341879	-0.364694	0.383703	0.177265	1.91257	1.41754	0.57879	0.169604	0.305509	0.482406	0.813961	1.15877	0.999966	-28.0952	661655	0.99999	-28.7396	2.19446e+06	0.999697	30.0333	79194.2	0.999901	29.3889	236660	0	0	1
75	rs1	1:1	2:0.44675	rs2	1:2	2:0.25375	0	1000	0	0.138745	-0.509369	0.344056	3.12178e-31	6.57076	0.565288	0.0175526	0.615748	0.259271	0.686051	0.487613	1.20631	0.171368	-0.494798	0.361742	0.999979	-28.4063	1.09723e+06	0.198196	0.367147	0.285338	0.999985	-28.4063	1.55172e+06	0.892914	-0.155177	1.15272	nan	nan	nan	0.999956	60.0386	1.10012e+06	0.999963	88.8121	1.91664e+06	0	0	1
76	rs1	1:1	2:0.451	rs2	1:2	2:0.25475	0	1000	0	0.837937	0.0568495	0.277947	2.09046e-14	8.25792	1.08018	0.0719069	0.490453	0.272518	0.841318	-0.351452	1.75544	1	1.25483e-13	0.302394	0.99999	-28.3202	2.19446e+06	0.217188	0.371274	0.30086	0.999985	-28.3202	1.55172e+06	0.599252	0.412845	0.785659	nan	nan	nan	0.999978	60.0345	2.1959e+06	0.999974	88.726	2.69912e+06	0	0	1
77	rs1	1:1	2:0.46475	rs2	1:2	2:0.26175	0	1000	0	0.0215345	0.61513	0.267625	6.99396e-36	7.08843	0.566839	0.11582	0.436009	0.27726	0.634511	0.801344	1.68567	0.0232513	0.625345	0.27557	0.511564	0.737263	1.12318	0.620628	0.155907	0.314989	0.99999	-28.0793	2.19446e+06	0.696769	-0.449454	1.15338	nan	nan	nan	0.999676	31.4333	77304.8	0.999978	59.6685	2.21181e+06	0	0	1
78	rs1	1:1	2:0.46825	rs2	1:2	2:0.26825	0	1000	0	0.72813	0.105143	0.30247	1.80158e-26	8.37041	0.786178	0.431777	-0.285154	0.36272	0.339456	1.05288	1.10221	0.80431	0.0777679	0.313867	0.999986	-28.1468	1.55172e+06	0.15526	-0.618035	0.43487	0.408897	0.957501	1.15943	0.734738	0.399156	1.17804	nan	nan	nan	0.999969	61.0238	1.55368e+06	0.99997	59.4483	1.56966e+06	0	0	1
79	rs1	1:1	2:0.45	rs2	1:2	2:0.26	0	1000	0	0.648701	-0.14643	0.321423	6.42034e-29	7.27972	0.652322	0.267025	0.314629	0.283465	0.894457	-0.150371	1.13345	0.611842	-0.1772	0.3492	0.999982	-28.3389	1.26697e+06	0.857472	0.0584672	0.325555	0.999979	-28.3389	1.09723e+06	0.757385	0.278005	0.899934	nan	nan	nan	0.999962	60.3473	1.26947e+06	0.999958	88.7447	1.69248e+06	0	0	1
80	rs1	1:1	2:0.45125	rs2	1:2	2:0.2535	0	1000	0	0.141652	-0.52962	0.360367	6.94862e-23	7.69284	0.781108	0.34208	0.283538	0.298441	0.840848	-0.292153	1.45488	0.17499	-0.517407	0.381472	0.99999	-28.3466	2.18987e+06	0.492671	0.217756	0.317398	0.999985	-28.3454	1.55172e+06	0.97247	-0.0400748	1.16124	1	0.517407	2.68766e+06	0.999987	36.6444	2.18987e+06	0.999974	88.7524	2.69688e+06	0	0	1
81	rs1	1:1	2:0.459	rs2	1:2	2:0.26425	0	1000	0	0.827308	-0.0634884	0.291023	3.09717e-16	8.96913	1.09788	0.569961	-0.189818	0.334123	0.557766	-0.968955	1.65305	0.949088	0.0187623	0.293837	0.99999	-28.2971	2.19446e+06	0.645089	-0.161031	0.349615	0.999979	-28.2971	1.09723e+06	0.999968	-28.1548	693950	nan	nan	nan	0.999978	60.5668	2.1959e+06	0.999971	88.7029	2.46379e+06	0	0	1
82	rs1	1:1	2:0.44775	rs2	1:2	2:0.25825	0	1000	0	0.338592	-0.347367	0.362993	1.22225e-14	8.45094	1.09558	0.187696	0.37367	0.283636	0.62909	-0.754228	1.56152	0.405986	-0.319425	0.384396	0.182027	1.89159	1.41741	0.280638	0.322977	0.299361	0.999982	-28.3113	1.26697e+06	0.869314	-0.191401	1.16332	1	0.319425	2.53395e+06	0.999699	29.8799	79245.8	0.999964	58.5142	1.29023e+06	0	0	1
83	rs1	1:1	2:0.4495	rs2	1:2	2:0.25925	0	1000	0	0.122394	0.391453	0.2534	1.44632e-25	8.20765	0.785329	0.364834	-0.280267	0.30928	0.599001	-0.74778	1.42207	0.0920804	0.440733	0.261637	0.999985	-28.3759	1.55172e+06	0.285302	-0.370197	0.346469	0.999979	-28.3759	1.09723e+06	0.516869	-0.728415	1.12379	nan	nan	nan	0.999969	60.776	1.55376e+06	0.999963	88.7817	1.91664e+06	0	0	1
84	rs1	1:1	2:0.45775	rs2	1:2	2:0.25825	0	1000	0	0.422226	0.225102	0.280478	4.50868e-41	6.1664	0.459433	0.047955	0.55185	0.279027	0.075152	2.26416	1.27233	0.516423	0.192384	0.296491	0.999975	-28.2628	896333	0.951451	-0.0214136	0.351706	0.171446	1.93868	1.41761	0.67491	0.381416	0.909391	nan	nan	nan	0.999967	36.868	896333	0.99995	58.4657	927769	0	0	1
85	rs1	1:1	2:0.45725	rs2	1:2	2:0.26025	0	1000	0	0.258789	0.309746	0.274291	6.34308e-25	7.83206	0.759648	0.598462	0.155112	0.294547	0.238911	1.37756	1.16969	0.298435	0.301823	0.290272	0.999985	-28.231	1.55172e+06	0.912538	-0.0369383	0.336299	0.29805	1.27874	1.22882	0.912449	0.097563	0.887334	nan	nan	nan	0.999969	60.4427	1.5537e+06	0.99997	59.1271	1.57255e+06	0	0	1
86	rs1	1:1	2:0.44725	rs2	1:2	2:0.25575	0	1000	0	0.331438	-0.321575	0.331103	2.65605e-30	7.47503	0.653444	0.968619	0.0115699	0.294094	0.711236	-0.455911	1.23154	0.350178	-0.324526	0.347367	0.999982	-28.4233	1.26697e+06	0.469689	-0.241337	0.333806	0.999979	-28.4233	1.09723e+06	0.970265	0.0428857	1.15049	nan	nan	nan	0.999962	60.6471	1.26944e+06	0.999958	88.8291	1.69645e+06	0	0	1
87	rs1	1:1	2:0.45325	rs2	1:2	2:0.26475	0	1000	0	0.531078	0.179716	0.286921	3.27829e-17	9.14141	1.08359	0.185124	-0.437829	0.330401	0.595176	-1.00449	1.89045	0.386009	0.251448	0.290061	0.183462	1.88558	1.41755	0.21649	-0.426957	0.345458	0.999982	-28.3173	1.26697e+06	0.999969	-28.1418	731487	nan	nan	nan	0.999691	30.6299	79142.7	0.999964	58.5202	1.28995e+06	0	0	1
88	rs1	1:1	2:0.453	rs2	1:2	2:0.2625	0	1000	0	0.425809	0.222815	0.279783	7.54979e-17	8.68383	1.04147	0.778947	-0.0869846	0.309894	0.435373	0.870467	1.11594	0.257939	0.320544	0.283347	0.99999	-28.2847	2.19446e+06	0.873938	-0.0512933	0.323293	0.479437	0.819535	1.15883	0.999969	-28.554	731487	nan	nan	nan	0.999978	60.4571	2.1959e+06	0.999978	59.5863	2.20734e+06	0	0	1
89	rs1	1:1	2:0.46575	rs2	1:2	2:0.26925	0	1000	0	0.553899	-0.205507	0.347183	1.96712e-23	7.80074	0.782053	0.0845204	0.492026	0.285226	0.904204	-0.154472	1.28349	0.914655	-0.0375777	0.35064	0.999986	-28.0887	1.55172e+06	0.122386	0.465526	0.301343	0.999982	-28.0887	1.26697e+06	0.999967	-28.5167	693950	1	0.0375777	2.53395e+06	0.999969	59.9403	1.55369e+06	0.999965	88.4945	2.01657e+06	0	0	1
90	rs1	1:1	2:0.46325	rs2	1:2	2:0.25975	0	1000	0	0.259916	-0.407025	0.361289	0.999557	50.707	91283.9	0.241877	0.371697	0.317606	0.999741	-21.1244	65133.3	0.384386	-0.31612	0.363422	0.999675	31.8123	78133.2	0.168563	0.441566	0.320711	0.99999	-28.1519	2.19446e+06	0.999975	-28.2773	895885	nan	nan	nan	nan	nan	nan	nan	nan	nan	1	0	1
91	rs1	1:1	2:0.4555	rs2	1:2	2:0.2635	0	1000	0	0.123721	-0.62143	0.403699	4.13947e-24	7.68007	0.758281	0.407817	0.238001	0.287531	0.999919	24.4766	240899	0.159506	-0.611557	0.434735	5.84788e-22	7.74235	0.803801	0.435768	0.233434	0.29952	0.714902	1.47319e+14	4.03302e+14	0.949103	-0.0746779	1.16989	nan	nan	nan	nan	nan	nan	nan	nan	nan	1	0	1
92	rs1	1:1	2:0.46	rs2	1:2	2:0.2615	0	1000	0	0.200657	-0.405767	0.317084	1.03664e-23	7.89026	0.786032	0.708684	0.113837	0.304682	0.776789	-0.383195	1.35163	0.344112	-0.302362	0.319598	0.999985	-28.3267	1.55172e+06	0.893517	0.0435889	0.325641	0.999985	-28.3267	1.55172e+06	0.999968	-28.068	693950	1	0.302362	2.19446e+06	0.999969	60.3622	1.55375e+06	0.999968	88.7325	2.2069e+06	0	0	1
93	rs1	1:1	2:0.4525	rs2	1:2	2:0.27225	0	1000	0	0.682363	-0.142472	0.348138	3.63063e-25	8.08187	0.779833	0.987272	0.00442977	0.277688	0.624639	-0.622971	1.27322	0.967836	0.0142271	0.352834	0.0546348	1.93115	1.00488	0.934083	-0.0242392	0.293064	0.999977	-28.2717	981393	0.999964	-28.2617	633487	nan	nan	nan	0.999696	30.2271	79297.5	0.999954	58.4746	1.00829e+06	0	0	1
94	rs1	1:1	2:0.44325	rs2	1:2	2:0.257	0	1000	0	0.190933	0.370944	0.283634	1.97985e-17	9.26564	1.09072	0.0693071	-0.654443	0.360294	0.510256	-1.27404	1.93494	0.109675	0.45971	0.28738	0.999969	60.3981	1.57801e+06	0.168819	-0.497484	0.361542	0.999985	-28.3793	1.55696e+06	0.999969	-28.349	731487	1	-0.467178	2.69068e+06	0.999974	-51.4433	1.57801e+06	nan	nan	nan	0	0	1
95	rs1	1:1	2:0.451	rs2	1:2	2:0.2555	0	1000	0	0.662918	0.115743	0.265534	1.24155e-29	7.08076	0.626347	0.157326	0.37365	0.264228	0.349147	0.957363	1.02256	0.742768	0.0894735	0.272627	0.02569	1.83383	0.822027	0.59802	0.152072	0.288425	0.525712	0.735218	1.15862	0.861716	0.205991	1.18256	nan	nan	nan	0.999699	30.0508	79662.4	0.999908	29.4677	255128	0	0	1
96	rs1	1:1	2:0.453	rs2	1:2	2:0.254	0	1000	0	0.43605	-0.24192	0.310599	1.23533e-21	7.47368	0.782171	0.0282389	0.605652	0.276055	0.806802	-0.307929	1.25914	0.270973	-0.399266	0.362697	0.333628	1.1877	1.22844	0.295248	0.334922	0.319986	0.999982	-28.322	1.26697e+06	0.257168	0.846578	0.747127	1	0.399266	2.53395e+06	0.999691	30.5611	78886.7	0.999963	59.2181	1.2931e+06	0	0	1
97	rs1	1:1	2:0.45875	rs2	1:2	2:0.2645	0	1000	0	0.421208	0.214514	0.2667	7.24597e-31	7.62567	0.66014	0.830128	-0.0669658	0.312141	0.948479	0.0898222	1.39007	0.180801	0.362395	0.270789	0.314574	1.23567	1.2287	0.929029	-0.0299978	0.336802	0.99999	-28.2741	2.19446e+06	0.999961	-28.6065	586495	1	-0.362395	3.10344e+06	5.55012e-06	7.34588	1.61702	0.999979	59.1701	2.20552e+06	0	0	1
98	rs1	1:1	2:0.456	rs2	1:2	2:0.26775	0	1000	0	0.0331139	-0.917429	0.430576	1.0126e-23	7.68327	0.765235	0.307333	0.274506	0.268904	0.804014	0.440262	1.77414	0.0484349	-0.853166	0.432304	0.999985	-28.3045	1.55172e+06	0.551399	0.167234	0.280753	0.99999	-28.3045	2.19446e+06	0.999975	-27.6186	895885	nan	nan	nan	0.999969	60.2386	1.55375e+06	0.999974	88.7103	2.69727e+06	0	0	1
99	rs1	1:1	2:0.44475	rs2	1:2	2:0.2595	0	1000	0	0.0257386	0.585907	0.262723	1.29345e-35	7.12141	0.571715	0.628073	0.132524	0.27356	0.903979	-0.133988	1.11067	0.0246978	0.608163	0.270764	0.999982	-28.3442	1.26538e+06	0.913997	-0.0326162	0.302008	0.999979	-28.342	1.09723e+06	0.659657	-0.50638	1.14985	nan	nan	nan	0.999977	36.8697	1.26538e+06	0.999958	88.75	1.69318e+06	0	0	1
