SNR Model Encoding Avg_pval SE_pval Power num_conv Avg_pval_indiv SE_pval_indiv Power_indiv num_conv_indiv
0.01 HET-HA Additive 0.481827 0.293623 0.055 1000 0.481827 0.293623 0.055 1000
0.01 HET-HA Codominant 0.425534 0.289879 0.099 1000 0.425534 0.289879 0.099 1000
0.01 HET-HA Dominant 0.484923 0.28656 0.046 1000 0.484923 0.28656 0.046 1000
0.01 HET-HA Recessive 0.478134 0.292188 0.069 1000 0.478134 0.292188 0.069 1000
0.01 HET-HA Weighted 0.463136 0.292525 0.068 1000 0.463136 0.292525 0.068 1000
0.01 HET-HET Additive 0.476736 0.291613 0.0691383 998 0.476876 0.291988 0.069 1000
0.01 HET-HET Codominant 0.418205 0.290451 0.101202 998 0.417791 0.290601 0.102102 999
0.01 HET-HET Dominant 0.428056 0.301418 0.109218 998 0.427648 0.301379 0.11 1000
0.01 HET-HET Recessive 0.499924 0.285543 0.0541082 998 0.499924 0.285543 0.0541082 998
0.01 HET-HET Weighted 0.451722 0.296593 0.0971944 998 0.451683 0.296917 0.098 1000
0.01 HR-HA Additive 0.460444 0.294788 0.0831663 998 0.460863 0.294879 0.083 1000
0.01 HR-HA Codominant 0.428723 0.287503 0.103206 998 0.428975 0.287625 0.103 1000
0.01 HR-HA Dominant 0.485798 0.290748 0.0621242 998 0.485702 0.290495 0.062 1000
0.01 HR-HA Recessive 0.49097 0.290447 0.0541082 998 0.49097 0.290447 0.0541082 998
0.01 HR-HA Weighted 0.450122 0.294411 0.0791583 998 0.449992 0.294138 0.079 1000
0.01 HR-HET Additive 0.476453 0.297018 0.0751503 998 0.475981 0.297081 0.076 1000
0.01 HR-HET Codominant 0.411533 0.293001 0.0901804 998 0.411164 0.293086 0.0910911 999
0.01 HR-HET Dominant 0.410933 0.305735 0.125251 998 0.411105 0.30624 0.126 1000
0.01 HR-HET Recessive 0.491632 0.29717 0.0631263 998 0.491632 0.29717 0.0631263 998
0.01 HR-HET Weighted 0.458799 0.29739 0.0901804 998 0.458303 0.297436 0.091 1000
0.01 HR-HR Additive 0.386367 0.302334 0.14257 996 0.386323 0.302517 0.143 1000
0.01 HR-HR Codominant 0.408364 0.295613 0.106426 996 0.408351 0.295541 0.107107 999
0.01 HR-HR Dominant 0.34998 0.295571 0.180723 996 0.349976 0.295584 0.181 1000
0.01 HR-HR Recessive 0.503322 0.287035 0.0532129 996 0.503322 0.287035 0.0532129 996
0.01 HR-HR Weighted 0.463677 0.298554 0.0883534 996 0.46361 0.298876 0.089 1000
0.025 HET-HA Additive 0.3853 0.299044 0.146146 999 0.3853 0.299044 0.146146 999
0.025 HET-HA Codominant 0.17916 0.223288 0.404404 999 0.179052 0.223203 0.404 1000
0.025 HET-HA Dominant 0.430638 0.297669 0.0890891 999 0.430233 0.297796 0.09 1000
0.025 HET-HA Recessive 0.416597 0.291014 0.104104 999 0.417044 0.291211 0.104 1000
0.025 HET-HA Weighted 0.275846 0.291239 0.321321 999 0.275735 0.291114 0.321 1000
0.025 HET-HET Additive 0.428617 0.302836 0.108108 999 0.428632 0.302685 0.108 1000
0.025 HET-HET Codominant 0.147532 0.199537 0.471471 999 0.147411 0.199473 0.472 1000
0.025 HET-HET Dominant 0.2075 0.251331 0.388388 999 0.207317 0.251272 0.389 1000
0.025 HET-HET Recessive 0.498862 0.28589 0.0570571 999 0.498862 0.28589 0.0570571 999
0.025 HET-HET Weighted 0.179491 0.248355 0.492492 999 0.179316 0.248293 0.493 1000
0.025 HR-HA Additive 0.259711 0.275419 0.296 1000 0.259711 0.275419 0.296 1000
0.025 HR-HA Codominant 0.175886 0.216466 0.407 1000 0.175886 0.216466 0.407 1000
0.025 HR-HA Dominant 0.427464 0.30288 0.114 1000 0.427464 0.30288 0.114 1000
0.025 HR-HA Recessive 0.423613 0.305454 0.118 1000 0.423613 0.305454 0.118 1000
0.025 HR-HA Weighted 0.26744 0.300099 0.343 1000 0.26744 0.300099 0.343 1000
0.025 HR-HET Additive 0.310354 0.294711 0.234 1000 0.310354 0.294711 0.234 1000
0.025 HR-HET Codominant 0.145398 0.195678 0.47 1000 0.145398 0.195678 0.47 1000
0.025 HR-HET Dominant 0.13048 0.204363 0.564 1000 0.13048 0.204363 0.564 1000
0.025 HR-HET Recessive 0.489233 0.283587 0.052 1000 0.489233 0.283587 0.052 1000
0.025 HR-HET Weighted 0.165615 0.238628 0.508 1000 0.165615 0.238628 0.508 1000
0.025 HR-HR Additive 0.13024 0.195854 0.534137 996 0.129843 0.195576 0.535 1000
0.025 HR-HR Codominant 0.135663 0.19315 0.493976 996 0.13557 0.193076 0.494483 997
0.025 HR-HR Dominant 0.0676044 0.138152 0.707831 996 0.0673788 0.137923 0.709 1000
0.025 HR-HR Recessive 0.484121 0.294737 0.0702811 996 0.484121 0.294737 0.0702811 996
0.025 HR-HR Weighted 0.139669 0.218281 0.545181 996 0.13921 0.217965 0.547 1000
0.05 HET-HA Additive 0.201623 0.254328 0.404404 999 0.202226 0.254914 0.404 1000
0.05 HET-HA Codominant 0.0088671 0.0438957 0.95996 999 0.0088671 0.0438957 0.95996 999
0.05 HET-HA Dominant 0.311052 0.289323 0.238238 999 0.311188 0.28921 0.238 1000
0.05 HET-HA Recessive 0.318156 0.294417 0.235235 999 0.318156 0.294417 0.235235 999
0.05 HET-HA Weighted 0.057138 0.165735 0.843844 999 0.0570808 0.165662 0.844 1000
0.05 HET-HET Additive 0.270968 0.284567 0.295295 999 0.270702 0.284549 0.296 1000
0.05 HET-HET Codominant 0.00354012 0.0199243 0.981982 999 0.00354012 0.0199243 0.981982 999
0.05 HET-HET Dominant 0.0154092 0.0515772 0.915916 999 0.0153938 0.0515537 0.916 1000
0.05 HET-HET Recessive 0.472975 0.290322 0.0710711 999 0.472975 0.290322 0.0710711 999
0.05 HET-HET Weighted 0.00143333 0.0071612 0.992993 999 0.00143189 0.00715776 0.993 1000
0.05 HR-HA Additive 0.040679 0.102681 0.818 1000 0.040679 0.102681 0.818 1000
0.05 HR-HA Codominant 0.00827097 0.0380592 0.967 1000 0.00827097 0.0380592 0.967 1000
0.05 HR-HA Dominant 0.255419 0.274538 0.305 1000 0.255419 0.274538 0.305 1000
0.05 HR-HA Recessive 0.274673 0.293938 0.315 1000 0.274673 0.293938 0.315 1000
0.05 HR-HA Weighted 0.0576766 0.165399 0.847 1000 0.0576766 0.165399 0.847 1000
0.05 HR-HET Additive 0.0963877 0.175058 0.642643 999 0.0963192 0.174984 0.643 1000
0.05 HR-HET Codominant 0.00420294 0.0208632 0.982983 999 0.00420294 0.0208632 0.982983 999
0.05 HR-HET Dominant 0.00463511 0.0253271 0.977978 999 0.0046308 0.0253148 0.978 1000
0.05 HR-HET Recessive 0.480356 0.294941 0.0730731 999 0.480356 0.294941 0.0730731 999
0.05 HR-HET Weighted 0.00202649 0.0168876 0.993994 999 0.00202537 0.0168792 0.994 1000
0.05 HR-HR Additive 0.00374429 0.0166422 0.985986 999 0.00374156 0.0166341 0.986 1000
0.05 HR-HR Codominant 0.00238608 0.0113701 0.986987 999 0.00238608 0.0113701 0.986987 999
0.05 HR-HR Dominant 0.000318138 0.00198435 1 999 0.00031782 0.00198338 1 1000
0.05 HR-HR Recessive 0.450831 0.291629 0.0760761 999 0.450831 0.291629 0.0760761 999
0.05 HR-HR Weighted 0.000938147 0.00551874 0.996997 999 0.000937211 0.00551605 0.997 1000
0.075 HET-HA Additive 0.0723606 0.153605 0.727728 999 0.0722882 0.153546 0.728 1000
0.075 HET-HA Codominant 4.59893e-05 0.00079102 1 999 4.59893e-05 0.00079102 1 999
0.075 HET-HA Dominant 0.163978 0.231161 0.484484 999 0.163869 0.231071 0.484 1000
0.075 HET-HA Recessive 0.182747 0.247033 0.463463 999 0.182747 0.247033 0.463463 999
0.075 HET-HA Weighted 0.00175817 0.0254697 0.993994 999 0.00175641 0.025457 0.994 1000
0.075 HET-HET Additive 0.14242 0.222724 0.553554 999 0.142335 0.222629 0.553 1000
0.075 HET-HET Codominant 2.57898e-06 2.30491e-05 1 999 2.57898e-06 2.30491e-05 1 999
0.075 HET-HET Dominant 0.000319332 0.0027125 0.998999 999 0.000319018 0.00271116 0.999 1000
0.075 HET-HET Recessive 0.469581 0.30002 0.0690691 999 0.469581 0.30002 0.0690691 999
0.075 HET-HET Weighted 3.16618e-07 3.43047e-06 1 999 3.16302e-07 3.42876e-06 1 1000
0.075 HR-HA Additive 0.00288307 0.0195911 0.988 1000 0.00288307 0.0195911 0.988 1000
0.075 HR-HA Codominant 0.000106714 0.00139757 1 1000 0.000106714 0.00139757 1 1000
0.075 HR-HA Dominant 0.0916451 0.166971 0.656 1000 0.0916451 0.166971 0.656 1000
0.075 HR-HA Recessive 0.147781 0.222999 0.519 1000 0.147781 0.222999 0.519 1000
0.075 HR-HA Weighted 0.00496775 0.0504364 0.984 1000 0.00496775 0.0504364 0.984 1000
0.075 HR-HET Additive 0.0137633 0.0526004 0.935936 999 0.0137522 0.0525752 0.936 1000
0.075 HR-HET Codominant 4.16891e-06 0.000100872 1 999 4.16891e-06 0.000100872 1 999
0.075 HR-HET Dominant 1.75436e-05 0.00017061 1 999 1.75289e-05 0.000170525 1 1000
0.075 HR-HET Recessive 0.459378 0.295306 0.0930931 999 0.459378 0.295306 0.0930931 999
0.075 HR-HET Weighted 1.02619e-06 2.04954e-05 1 999 1.02516e-06 2.04852e-05 1 1000
0.075 HR-HR Additive 2.34111e-05 0.000444045 1 999 2.33921e-05 0.000443823 1 1000
0.075 HR-HR Codominant 3.5291e-06 5.42634e-05 1 999 3.5291e-06 5.42634e-05 1 999
0.075 HR-HR Dominant 1.77103e-07 3.26921e-06 1 999 1.76926e-07 3.26758e-06 1 1000
0.075 HR-HR Recessive 0.415832 0.303638 0.118118 999 0.415832 0.303638 0.118118 999
0.075 HR-HR Weighted 2.33296e-07 3.93485e-06 1 999 2.33063e-07 3.93289e-06 1 1000
0.10 HET-HA Additive 0.0130682 0.0565333 0.939 1000 0.0130682 0.0565333 0.939 1000
0.10 HET-HA Codominant 2.80413e-08 8.62956e-07 1 1000 2.80413e-08 8.62956e-07 1 1000
0.10 HET-HA Dominant 0.0449924 0.114498 0.811 1000 0.0449924 0.114498 0.811 1000
0.10 HET-HA Recessive 0.0993139 0.178215 0.651 1000 0.0993139 0.178215 0.651 1000
0.10 HET-HA Weighted 3.06831e-07 8.90059e-06 1 1000 3.06831e-07 8.90059e-06 1 1000
0.10 HET-HET Additive 0.0486333 0.122065 0.799599 998 0.0485592 0.121955 0.8 1000
0.10 HET-HET Codominant 2.2316e-10 6.56629e-09 1 998 2.2316e-10 6.56629e-09 1 998
0.10 HET-HET Dominant 1.23596e-06 1.49688e-05 1 998 1.23349e-06 1.49539e-05 1 1000
0.10 HET-HET Recessive 0.438629 0.309782 0.12024 998 0.438629 0.309782 0.12024 998
0.10 HET-HET Weighted 2.89942e-07 9.15424e-06 1 998 2.89362e-07 9.14509e-06 1 1000
0.10 HR-HA Additive 1.97315e-05 0.000207035 1 999 1.97117e-05 0.000206933 1 1000
0.10 HR-HA Codominant 7.43336e-09 1.59287e-07 1 999 7.43336e-09 1.59287e-07 1 999
0.10 HR-HA Dominant 0.0177874 0.0538534 0.906907 999 0.0177696 0.0538294 0.907 1000
0.10 HR-HA Recessive 0.0758906 0.170257 0.751752 999 0.0758906 0.170257 0.751752 999
0.10 HR-HA Weighted 0.000325368 0.00975592 0.998999 999 0.000325043 0.00975105 0.999 1000
0.10 HR-HET Additive 0.00208301 0.0314207 0.995988 997 0.00207677 0.0313738 0.996 1000
0.10 HR-HET Codominant 3.2637e-11 5.76586e-10 1 997 3.2637e-11 5.76586e-10 1 997
0.10 HR-HET Dominant 1.18175e-07 3.66147e-06 1 997 1.17821e-07 3.65598e-06 1 1000
0.10 HR-HET Recessive 0.397085 0.297388 0.127382 997 0.397085 0.297388 0.127382 997
0.10 HR-HET Weighted 6.31629e-13 1.07662e-11 1 997 6.29734e-13 1.07501e-11 1 1000
0.10 HR-HR Additive 2.83971e-08 5.454e-07 1 993 2.82748e-08 5.43492e-07 1 1000
0.10 HR-HR Codominant 1.49735e-10 2.81808e-09 1 993 1.49735e-10 2.81808e-09 1 993
0.10 HR-HR Dominant 4.52027e-12 1.14244e-10 1 993 4.48865e-12 1.13844e-10 1 1000
0.10 HR-HR Recessive 0.387863 0.306466 0.15005 993 0.387863 0.306466 0.15005 993
0.10 HR-HR Weighted 1.83609e-11 5.23817e-10 1 993 1.82327e-11 5.21983e-10 1 1000
0.01 Hyp Additive 0.379592 0.303949 0.162 1000 0.379592 0.303949 0.162 1000
0.01 Hyp Codominant 0.416233 0.292079 0.092 1000 0.416233 0.292079 0.092 1000
0.01 Hyp Dominant 0.418436 0.303771 0.119 1000 0.418436 0.303771 0.119 1000
0.01 Hyp Recessive 0.472498 0.293325 0.076 1000 0.472498 0.293325 0.076 1000
0.01 Hyp Weighted 0.462531 0.302093 0.08 1000 0.462531 0.302093 0.08 1000
0.01 RHyp Additive 0.369674 0.304683 0.163 1000 0.369674 0.304683 0.163 1000
0.01 RHyp Codominant 0.423815 0.294931 0.103 1000 0.423815 0.294931 0.103 1000
0.01 RHyp Dominant 0.404089 0.298352 0.128 1000 0.404089 0.298352 0.128 1000
0.01 RHyp Recessive 0.46629 0.290615 0.072 1000 0.46629 0.290615 0.072 1000
0.01 RHyp Weighted 0.451771 0.290036 0.085 1000 0.451771 0.290036 0.085 1000
0.025 Hyp Additive 0.0860443 0.159287 0.656657 999 0.0859598 0.15923 0.657 1000
0.025 Hyp Codominant 0.161747 0.211493 0.442442 999 0.161747 0.211493 0.442442 999
0.025 Hyp Dominant 0.144807 0.206036 0.496496 999 0.144766 0.205937 0.496 1000
0.025 Hyp Recessive 0.352351 0.295292 0.188188 999 0.352351 0.295292 0.188188 999
0.025 Hyp Weighted 0.244629 0.270574 0.335335 999 0.244432 0.27051 0.336 1000
0.025 RHyp Additive 0.0938782 0.17152 0.631632 999 0.093785 0.17146 0.632 1000
0.025 RHyp Codominant 0.162619 0.20428 0.432432 999 0.162465 0.204236 0.433 1000
0.025 RHyp Dominant 0.161913 0.230486 0.474474 999 0.161913 0.230486 0.474474 999
0.025 RHyp Recessive 0.341613 0.292983 0.189189 999 0.341716 0.292855 0.189 1000
0.025 RHyp Weighted 0.25578 0.280743 0.352352 999 0.256407 0.2813 0.352 1000
0.05 Hyp Additive 0.0013803 0.0143178 0.994995 999 0.00137892 0.0143107 0.995 1000
0.05 Hyp Codominant 0.00588044 0.0340054 0.972973 999 0.00588044 0.0340054 0.972973 999
0.05 Hyp Dominant 0.00548016 0.0240129 0.975976 999 0.00547474 0.0240015 0.976 1000
0.05 Hyp Recessive 0.125804 0.20313 0.576577 999 0.125804 0.20313 0.576577 999
0.05 Hyp Weighted 0.0132717 0.0706664 0.954955 999 0.0132586 0.0706323 0.955 1000
0.05 RHyp Additive 0.000715495 0.00439584 0.995996 999 0.00071478 0.0043937 0.996 1000
0.05 RHyp Codominant 0.00433083 0.0177075 0.971972 999 0.00433083 0.0177075 0.971972 999
0.05 RHyp Dominant 0.00457227 0.0207024 0.978979 999 0.0045677 0.0206925 0.979 1000
0.05 RHyp Recessive 0.142854 0.224595 0.552553 999 0.142854 0.224595 0.552553 999
0.05 RHyp Weighted 0.0125986 0.0711703 0.962963 999 0.012586 0.0711359 0.963 1000
0.075 Hyp Additive 2.147e-07 2.30949e-06 1 994 2.13988e-07 2.30263e-06 1 1000
0.075 Hyp Codominant 4.14511e-06 3.88168e-05 1 994 4.14511e-06 3.88168e-05 1 994
0.075 Hyp Dominant 3.63375e-05 0.000432325 1 994 3.6201e-05 0.000431035 1 1000
0.075 Hyp Recessive 0.0335769 0.101337 0.858149 994 0.0335769 0.101337 0.858149 994
0.075 Hyp Weighted 4.3038e-05 0.00089995 1 994 4.28636e-05 0.000897252 1 1000
0.075 RHyp Additive 4.50024e-07 6.84331e-06 1 998 4.49183e-07 6.83649e-06 1 1000
0.075 RHyp Codominant 5.134e-06 4.89336e-05 1 998 5.134e-06 4.89336e-05 1 998
0.075 RHyp Dominant 3.78421e-05 0.000362276 1 998 3.7851e-05 0.000361919 1 1000
0.075 RHyp Recessive 0.0314278 0.0921374 0.857715 998 0.0314278 0.0921374 0.857715 998
0.075 RHyp Weighted 3.46759e-06 4.11713e-05 1 998 3.46092e-06 4.11304e-05 1 1000
0.10 Hyp Additive 2.87777e-12 3.71205e-11 1 990 2.84899e-12 3.69355e-11 1 1000
0.10 Hyp Codominant 1.35838e-10 1.69694e-09 1 990 1.35838e-10 1.69694e-09 1 990
0.10 Hyp Dominant 2.39161e-08 5.38114e-07 1 990 2.3677e-08 5.35422e-07 1 1000
0.10 Hyp Recessive 0.00738562 0.0439464 0.971717 990 0.00738562 0.0439464 0.971717 990
0.10 Hyp Weighted 1.08704e-10 2.3303e-09 1 990 1.07617e-10 2.31864e-09 1 1000
0.10 RHyp Additive 6.48076e-12 1.58185e-10 1 994 6.44188e-12 1.5771e-10 1 1000
0.10 RHyp Codominant 2.74506e-10 6.25356e-09 1 994 2.74506e-10 6.25356e-09 1 994
0.10 RHyp Dominant 5.11092e-08 8.78612e-07 1 994 5.08025e-08 8.75981e-07 1 1000
0.10 RHyp Recessive 0.00881208 0.0538345 0.967807 994 0.00881208 0.0538345 0.967807 994
0.10 RHyp Weighted 2.50704e-09 4.08961e-08 1 994 2.492e-09 4.07737e-08 1 1000
0.01 XOR Additive 0.489178 0.294887 0.0500501 999 0.489508 0.294924 0.05 1000
0.01 XOR Codominant 0.408503 0.296532 0.108108 999 0.408442 0.29639 0.108 1000
0.01 XOR Dominant 0.427951 0.304431 0.108108 999 0.428205 0.304385 0.108 1000
0.01 XOR Recessive 0.503448 0.287432 0.044044 999 0.503448 0.287432 0.044044 999
0.01 XOR Weighted 0.446707 0.296651 0.0950951 999 0.446972 0.296621 0.095 1000
0.025 XOR Additive 0.436969 0.296896 0.101101 999 0.436637 0.296933 0.101 1000
0.025 XOR Codominant 0.152614 0.201803 0.448448 999 0.152556 0.20171 0.448 1000
0.025 XOR Dominant 0.201819 0.249812 0.389389 999 0.201819 0.249812 0.389389 999
0.025 XOR Recessive 0.483388 0.284803 0.0520521 999 0.483217 0.284711 0.052 1000
0.025 XOR Weighted 0.336544 0.31512 0.245245 999 0.337166 0.315575 0.245 1000
0.05 XOR Additive 0.266126 0.277421 0.289 1000 0.266126 0.277421 0.289 1000
0.05 XOR Codominant 0.00273194 0.0147859 0.986 1000 0.00273194 0.0147859 0.986 1000
0.05 XOR Dominant 0.0141752 0.0520621 0.934 1000 0.0141752 0.0520621 0.934 1000
0.05 XOR Recessive 0.476921 0.298814 0.071 1000 0.476921 0.298814 0.071 1000
0.05 XOR Weighted 0.195144 0.287779 0.557 1000 0.195144 0.287779 0.557 1000
0.075 XOR Additive 0.138374 0.213699 0.539619 997 0.138196 0.213523 0.53954 999
0.075 XOR Codominant 5.58949e-07 5.32938e-06 1 997 5.57833e-07 5.32411e-06 1 999
0.075 XOR Dominant 0.000365205 0.00368412 0.997994 997 0.000364142 0.00367864 0.998 1000
0.075 XOR Recessive 0.450643 0.294448 0.0802407 997 0.450257 0.294553 0.0801603 998
0.075 XOR Weighted 0.081129 0.195786 0.782347 997 0.0808856 0.195543 0.783 1000
0.10 XOR Additive 0.0463526 0.109217 0.795796 999 0.0463965 0.109171 0.795 1000
0.10 XOR Codominant 1.51459e-12 2.49658e-11 1 999 1.51459e-12 2.49658e-11 1 999
0.10 XOR Dominant 3.05929e-07 5.25764e-06 1 999 3.05855e-07 5.25501e-06 1 1000
0.10 XOR Recessive 0.422983 0.299718 0.108108 999 0.422983 0.299718 0.108108 999
0.10 XOR Weighted 0.0389039 0.146833 0.906907 999 0.038865 0.146764 0.907 1000
