SNR Model Encoding Avg_pval SE_pval Power num_conv Avg_pval_indiv SE_pval_indiv Power_indiv num_conv_indiv
0.01 ADD_x_ADD Additive 0.359337 0.285006 0.156627 996 0.35976 0.285598 0.157 1000
0.01 ADD_x_ADD Codominant 0.411539 0.284403 0.100402 996 0.411868 0.284234 0.1002 998
0.01 ADD_x_ADD Dominant 0.411981 0.300596 0.120482 996 0.411871 0.300485 0.121121 999
0.01 ADD_x_ADD Recessive 0.472861 0.289978 0.0692771 996 0.47339 0.290312 0.0692076 997
0.01 ADD_x_ADD Weighted 0.448485 0.299452 0.0853414 996 0.44873 0.299633 0.086 1000
0.01 ADD_x_DOM Additive 0.387094 0.293614 0.125 1000 0.387094 0.293614 0.125 1000
0.01 ADD_x_DOM Codominant 0.420763 0.292623 0.113 1000 0.420763 0.292623 0.113 1000
0.01 ADD_x_DOM Dominant 0.387233 0.295057 0.125 1000 0.387233 0.295057 0.125 1000
0.01 ADD_x_DOM Recessive 0.486031 0.290798 0.05 1000 0.486031 0.290798 0.05 1000
0.01 ADD_x_DOM Weighted 0.450622 0.299247 0.087 1000 0.450622 0.299247 0.087 1000
0.01 ADD_x_HET Additive 0.463286 0.299809 0.0990991 999 0.463406 0.299683 0.099 1000
0.01 ADD_x_HET Codominant 0.41786 0.293055 0.0860861 999 0.417818 0.292911 0.086 1000
0.01 ADD_x_HET Dominant 0.415772 0.297142 0.115115 999 0.415908 0.297024 0.115 1000
0.01 ADD_x_HET Recessive 0.496925 0.287453 0.0540541 999 0.496925 0.287453 0.0540541 999
0.01 ADD_x_HET Weighted 0.466629 0.29878 0.0820821 999 0.466381 0.298734 0.082 1000
0.01 ADD_x_SUB Additive 0.385383 0.300113 0.151 1000 0.385383 0.300113 0.151 1000
0.01 ADD_x_SUB Codominant 0.41804 0.298798 0.11 1000 0.41804 0.298798 0.11 1000
0.01 ADD_x_SUB Dominant 0.452641 0.298021 0.1 1000 0.452641 0.298021 0.1 1000
0.01 ADD_x_SUB Recessive 0.44119 0.306404 0.104 1000 0.44119 0.306404 0.104 1000
0.01 ADD_x_SUB Weighted 0.460167 0.299656 0.094 1000 0.460167 0.299656 0.094 1000
0.01 DOM_x_DOM Additive 0.397733 0.305867 0.140421 997 0.397382 0.305915 0.141283 998
0.01 DOM_x_DOM Codominant 0.380787 0.285807 0.120361 997 0.381112 0.285988 0.12012 999
0.01 DOM_x_DOM Dominant 0.354745 0.30139 0.188566 997 0.355274 0.30166 0.188 1000
0.01 DOM_x_DOM Recessive 0.471807 0.287879 0.0551655 997 0.471819 0.287884 0.0550551 999
0.01 DOM_x_DOM Weighted 0.430547 0.307409 0.112337 997 0.430946 0.307183 0.112 1000
0.01 DOM_x_SUB Additive 0.416933 0.304719 0.136136 999 0.416748 0.304622 0.136 1000
0.01 DOM_x_SUB Codominant 0.420518 0.291585 0.0970971 999 0.420461 0.291444 0.097 1000
0.01 DOM_x_SUB Dominant 0.422748 0.292804 0.113113 999 0.423017 0.292781 0.113 1000
0.01 DOM_x_SUB Recessive 0.501827 0.297779 0.0640641 999 0.501827 0.297779 0.0640641 999
0.01 DOM_x_SUB Weighted 0.462658 0.298018 0.0830831 999 0.463124 0.298233 0.083 1000
0.01 HET_x_DOM Additive 0.46291 0.291182 0.0762287 997 0.462755 0.291349 0.076 1000
0.01 HET_x_DOM Codominant 0.417118 0.298326 0.101304 997 0.416711 0.298453 0.102204 998
0.01 HET_x_DOM Dominant 0.410733 0.306803 0.1334 997 0.410407 0.306558 0.134 1000
0.01 HET_x_DOM Recessive 0.484637 0.281848 0.0551655 997 0.484637 0.281848 0.0551655 997
0.01 HET_x_DOM Weighted 0.441843 0.299505 0.10331 997 0.441271 0.29939 0.104 1000
0.01 HET_x_HET Additive 0.487781 0.28872 0.053 1000 0.487781 0.28872 0.053 1000
0.01 HET_x_HET Codominant 0.417681 0.290947 0.098 1000 0.417681 0.290947 0.098 1000
0.01 HET_x_HET Dominant 0.437374 0.294045 0.104 1000 0.437374 0.294045 0.104 1000
0.01 HET_x_HET Recessive 0.493688 0.285929 0.052 1000 0.493688 0.285929 0.052 1000
0.01 HET_x_HET Weighted 0.459225 0.292102 0.075 1000 0.459225 0.292102 0.075 1000
0.01 HET_x_SUB Additive 0.466807 0.297925 0.0692076 997 0.466455 0.297781 0.07 1000
0.01 HET_x_SUB Codominant 0.423446 0.297194 0.104313 997 0.423056 0.297107 0.104104 999
0.01 HET_x_SUB Dominant 0.453395 0.29612 0.0882648 997 0.453391 0.295817 0.088 1000
0.01 HET_x_SUB Recessive 0.48741 0.296427 0.0601805 997 0.48741 0.296427 0.0601805 997
0.01 HET_x_SUB Weighted 0.449623 0.299686 0.104313 997 0.448941 0.299641 0.105 1000
0.01 REC_x_ADD Additive 0.434755 0.300432 0.0982949 997 0.434743 0.300362 0.099 1000
0.01 REC_x_ADD Codominant 0.418985 0.293662 0.0892678 997 0.419191 0.293587 0.0891784 998
0.01 REC_x_ADD Dominant 0.490264 0.290609 0.0591775 997 0.490888 0.290951 0.059 1000
0.01 REC_x_ADD Recessive 0.434378 0.290437 0.0962889 997 0.434378 0.290437 0.0962889 997
0.01 REC_x_ADD Weighted 0.472486 0.300212 0.0732197 997 0.472514 0.299841 0.073 1000
0.01 REC_x_DOM Additive 0.451623 0.292455 0.0773869 995 0.45129 0.292205 0.078 1000
0.01 REC_x_DOM Codominant 0.418682 0.292012 0.101508 995 0.41868 0.291812 0.101304 997
0.01 REC_x_DOM Dominant 0.490381 0.287841 0.041206 995 0.489854 0.287475 0.041041 999
0.01 REC_x_DOM Recessive 0.480089 0.300737 0.079397 995 0.479667 0.300881 0.0793173 996
0.01 REC_x_DOM Weighted 0.463346 0.30323 0.079397 995 0.46167 0.303495 0.081 1000
0.01 REC_x_HET Additive 0.502539 0.300838 0.06 1000 0.502539 0.300838 0.06 1000
0.01 REC_x_HET Codominant 0.417466 0.297463 0.107 1000 0.417466 0.297463 0.107 1000
0.01 REC_x_HET Dominant 0.503758 0.290963 0.051 1000 0.503758 0.290963 0.051 1000
0.01 REC_x_HET Recessive 0.490742 0.291054 0.065 1000 0.490742 0.291054 0.065 1000
0.01 REC_x_HET Weighted 0.459302 0.298955 0.078 1000 0.459302 0.298955 0.078 1000
0.01 REC_x_REC Additive 0.472569 0.287392 0.0591775 997 0.473583 0.287597 0.059 1000
0.01 REC_x_REC Codominant 0.432576 0.298883 0.0912738 997 0.433102 0.298819 0.091 1000
0.01 REC_x_REC Dominant 0.491684 0.283466 0.0481444 997 0.491647 0.283088 0.048 1000
0.01 REC_x_REC Recessive 0.390219 0.306465 0.146439 997 0.390219 0.306465 0.146439 997
0.01 REC_x_REC Weighted 0.47722 0.300716 0.0812437 997 0.476942 0.300541 0.081 1000
0.01 REC_x_SUB Additive 0.463292 0.290191 0.0760761 999 0.463803 0.290497 0.076 1000
0.01 REC_x_SUB Codominant 0.428268 0.294166 0.0970971 999 0.428268 0.294166 0.0970971 999
0.01 REC_x_SUB Dominant 0.497794 0.282791 0.0530531 999 0.497502 0.282801 0.053 1000
0.01 REC_x_SUB Recessive 0.412094 0.300494 0.133133 999 0.412094 0.300494 0.133133 999
0.01 REC_x_SUB Weighted 0.459043 0.298434 0.0800801 999 0.458628 0.298572 0.081 1000
0.01 SUB_x_SUB Additive 0.403797 0.302365 0.133 1000 0.403797 0.302365 0.133 1000
0.01 SUB_x_SUB Codominant 0.410752 0.287262 0.112 1000 0.410752 0.287262 0.112 1000
0.01 SUB_x_SUB Dominant 0.447937 0.296945 0.097 1000 0.447937 0.296945 0.097 1000
0.01 SUB_x_SUB Recessive 0.417133 0.298504 0.112 1000 0.417133 0.298504 0.112 1000
0.01 SUB_x_SUB Weighted 0.454408 0.292322 0.078 1000 0.454408 0.292322 0.078 1000
0.01 SUP_x_ADD Additive 0.378674 0.301563 0.157157 999 0.378864 0.301472 0.157 1000
0.01 SUP_x_ADD Codominant 0.418198 0.296647 0.107107 999 0.418198 0.296647 0.107107 999
0.01 SUP_x_ADD Dominant 0.40193 0.302109 0.128128 999 0.402008 0.301968 0.128 1000
0.01 SUP_x_ADD Recessive 0.485384 0.297321 0.0650651 999 0.485384 0.297321 0.0650651 999
0.01 SUP_x_ADD Weighted 0.463885 0.303177 0.0940941 999 0.463703 0.30308 0.094 1000
0.01 SUP_x_DOM Additive 0.402694 0.305543 0.130261 998 0.403049 0.305447 0.13 1000
0.01 SUP_x_DOM Codominant 0.422391 0.291557 0.102204 998 0.42328 0.291966 0.102 1000
0.01 SUP_x_DOM Dominant 0.377167 0.299272 0.132265 998 0.377602 0.299622 0.132 1000
0.01 SUP_x_DOM Recessive 0.496661 0.293761 0.0651303 998 0.496661 0.293761 0.0651303 998
0.01 SUP_x_DOM Weighted 0.445012 0.293134 0.0911824 998 0.445206 0.29315 0.091 1000
0.01 SUP_x_HET Additive 0.470873 0.298624 0.081 1000 0.470873 0.298624 0.081 1000
0.01 SUP_x_HET Codominant 0.412897 0.299017 0.113 1000 0.412897 0.299017 0.113 1000
0.01 SUP_x_HET Dominant 0.423115 0.306717 0.123 1000 0.423115 0.306717 0.123 1000
0.01 SUP_x_HET Recessive 0.485898 0.290878 0.051 1000 0.485898 0.290878 0.051 1000
0.01 SUP_x_HET Weighted 0.443419 0.301301 0.097 1000 0.443419 0.301301 0.097 1000
0.01 SUP_x_REC Additive 0.436535 0.29977 0.0882648 997 0.436816 0.299852 0.088 1000
0.01 SUP_x_REC Codominant 0.421318 0.289654 0.0912738 997 0.420974 0.289712 0.0911824 998
0.01 SUP_x_REC Dominant 0.488483 0.291767 0.0481444 997 0.489136 0.291748 0.048 1000
0.01 SUP_x_REC Recessive 0.472757 0.297565 0.0722166 997 0.472757 0.297565 0.0722166 997
0.01 SUP_x_REC Weighted 0.46109 0.299305 0.0742227 997 0.460204 0.299452 0.076 1000
0.01 SUP_x_SUB Additive 0.402537 0.29834 0.131263 998 0.402923 0.298439 0.131131 999
0.01 SUP_x_SUB Codominant 0.426111 0.295203 0.103206 998 0.426255 0.29542 0.103 1000
0.01 SUP_x_SUB Dominant 0.459166 0.305808 0.0951904 998 0.459481 0.305849 0.095 1000
0.01 SUP_x_SUB Recessive 0.457158 0.29008 0.0721443 998 0.457441 0.290073 0.0720721 999
0.01 SUP_x_SUB Weighted 0.4518 0.294654 0.0921844 998 0.451869 0.294952 0.092 1000
0.01 SUP_x_SUP Additive 0.391545 0.292711 0.153307 998 0.391928 0.292775 0.153 1000
0.01 SUP_x_SUP Codominant 0.423738 0.296406 0.108216 998 0.424191 0.296536 0.108 1000
0.01 SUP_x_SUP Dominant 0.374155 0.299693 0.165331 998 0.374284 0.299637 0.165 1000
0.01 SUP_x_SUP Recessive 0.492771 0.291462 0.0551102 998 0.492771 0.291462 0.0551102 998
0.01 SUP_x_SUP Weighted 0.447805 0.302013 0.108216 998 0.447623 0.301815 0.108 1000
0.025 ADD_x_ADD Additive 0.0946051 0.17425 0.647236 995 0.0943909 0.173953 0.648 1000
0.025 ADD_x_ADD Codominant 0.174403 0.223235 0.434171 995 0.174403 0.223235 0.434171 995
0.025 ADD_x_ADD Dominant 0.154071 0.220499 0.489447 995 0.154158 0.220866 0.49 1000
0.025 ADD_x_ADD Recessive 0.361787 0.301671 0.164824 995 0.361787 0.301671 0.164824 995
0.025 ADD_x_ADD Weighted 0.185983 0.246973 0.452261 995 0.185373 0.246598 0.453 1000
0.025 ADD_x_DOM Additive 0.120743 0.199212 0.589 1000 0.120743 0.199212 0.589 1000
0.025 ADD_x_DOM Codominant 0.158589 0.216725 0.464 1000 0.158589 0.216725 0.464 1000
0.025 ADD_x_DOM Dominant 0.113336 0.189769 0.6 1000 0.113336 0.189769 0.6 1000
0.025 ADD_x_DOM Recessive 0.446897 0.288534 0.084 1000 0.446897 0.288534 0.084 1000
0.025 ADD_x_DOM Weighted 0.164605 0.235184 0.501 1000 0.164605 0.235184 0.501 1000
0.025 ADD_x_HET Additive 0.286805 0.283446 0.249249 999 0.287221 0.283609 0.249 1000
0.025 ADD_x_HET Codominant 0.152451 0.206946 0.472472 999 0.152451 0.206946 0.472472 999
0.025 ADD_x_HET Dominant 0.168981 0.232972 0.466466 999 0.169044 0.232864 0.466 1000
0.025 ADD_x_HET Recessive 0.4736 0.296914 0.0700701 999 0.4736 0.296914 0.0700701 999
0.025 ADD_x_HET Weighted 0.180133 0.259203 0.489489 999 0.179954 0.259136 0.49 1000
0.025 ADD_x_SUB Additive 0.120502 0.199104 0.572295 989 0.119618 0.198324 0.575 1000
0.025 ADD_x_SUB Codominant 0.170183 0.215644 0.406471 989 0.170183 0.215644 0.406471 989
0.025 ADD_x_SUB Dominant 0.248555 0.269892 0.316481 989 0.247411 0.269244 0.319 1000
0.025 ADD_x_SUB Recessive 0.268233 0.274926 0.281092 989 0.268233 0.274926 0.281092 989
0.025 ADD_x_SUB Weighted 0.207901 0.259173 0.39636 989 0.206509 0.258561 0.401 1000
0.025 DOM_x_DOM Additive 0.12911 0.203146 0.562814 995 0.128465 0.202841 0.565 1000
0.025 DOM_x_DOM Codominant 0.147171 0.200818 0.475377 995 0.147171 0.200818 0.475377 995
0.025 DOM_x_DOM Dominant 0.0735456 0.14799 0.691457 995 0.0731824 0.147708 0.693 1000
0.025 DOM_x_DOM Recessive 0.48638 0.291341 0.0673367 995 0.48638 0.291341 0.0673367 995
0.025 DOM_x_DOM Weighted 0.133888 0.216237 0.563819 995 0.133225 0.215898 0.566 1000
0.025 DOM_x_SUB Additive 0.147297 0.210366 0.49498 996 0.146885 0.210049 0.495 1000
0.025 DOM_x_SUB Codominant 0.186659 0.233043 0.428715 996 0.186659 0.233043 0.428715 996
0.025 DOM_x_SUB Dominant 0.225703 0.263234 0.353414 996 0.225418 0.262789 0.353 1000
0.025 DOM_x_SUB Recessive 0.428273 0.302221 0.114458 996 0.428273 0.302221 0.114458 996
0.025 DOM_x_SUB Weighted 0.209659 0.268945 0.411647 996 0.209227 0.268561 0.412 1000
0.025 HET_x_DOM Additive 0.326603 0.293816 0.221221 999 0.326986 0.293919 0.221 1000
0.025 HET_x_DOM Codominant 0.142679 0.200769 0.493493 999 0.142679 0.200769 0.493493 999
0.025 HET_x_DOM Dominant 0.139067 0.210486 0.520521 999 0.139271 0.210479 0.52 1000
0.025 HET_x_DOM Recessive 0.475483 0.293741 0.0730731 999 0.475483 0.293741 0.0730731 999
0.025 HET_x_DOM Weighted 0.172143 0.245995 0.507508 999 0.172408 0.246015 0.507 1000
0.025 HET_x_HET Additive 0.433539 0.303636 0.119238 998 0.433351 0.303737 0.12 1000
0.025 HET_x_HET Codominant 0.159215 0.216728 0.456914 998 0.159102 0.216649 0.457457 999
0.025 HET_x_HET Dominant 0.213701 0.265585 0.3998 998 0.213798 0.265585 0.4 1000
0.025 HET_x_HET Recessive 0.475206 0.288675 0.0501002 998 0.475206 0.288675 0.0501002 998
0.025 HET_x_HET Weighted 0.193367 0.249907 0.441884 998 0.1931 0.249743 0.442 1000
0.025 HET_x_SUB Additive 0.326317 0.293002 0.21021 999 0.326556 0.292952 0.21 1000
0.025 HET_x_SUB Codominant 0.171215 0.217894 0.441441 999 0.171314 0.217808 0.441 1000
0.025 HET_x_SUB Dominant 0.277586 0.284223 0.285285 999 0.27807 0.284493 0.285 1000
0.025 HET_x_SUB Recessive 0.448614 0.29455 0.0880881 999 0.448614 0.29455 0.0880881 999
0.025 HET_x_SUB Weighted 0.224823 0.274714 0.393393 999 0.225426 0.275237 0.393 1000
0.025 REC_x_ADD Additive 0.226446 0.25985 0.355197 991 0.227126 0.260683 0.355 1000
0.025 REC_x_ADD Codominant 0.168461 0.217679 0.437941 991 0.168461 0.217679 0.437941 991
0.025 REC_x_ADD Dominant 0.430349 0.296098 0.0918264 991 0.429675 0.296445 0.092 1000
0.025 REC_x_ADD Recessive 0.225557 0.264137 0.347124 991 0.225557 0.264137 0.347124 991
0.025 REC_x_ADD Weighted 0.256681 0.290719 0.338042 991 0.254583 0.290258 0.342 1000
0.025 REC_x_DOM Additive 0.257896 0.278565 0.302513 995 0.257882 0.27867 0.304 1000
0.025 REC_x_DOM Codominant 0.165115 0.213156 0.437186 995 0.16524 0.213085 0.436747 996
0.025 REC_x_DOM Dominant 0.433541 0.304469 0.116583 995 0.432228 0.304418 0.117 1000
0.025 REC_x_DOM Recessive 0.412363 0.292983 0.116583 995 0.412363 0.292983 0.116583 995
0.025 REC_x_DOM Weighted 0.251808 0.280934 0.367839 995 0.251122 0.280513 0.369 1000
0.025 REC_x_HET Additive 0.397175 0.30286 0.151 1000 0.397175 0.30286 0.151 1000
0.025 REC_x_HET Codominant 0.179418 0.224564 0.414 1000 0.179418 0.224564 0.414 1000
0.025 REC_x_HET Dominant 0.436778 0.305503 0.111 1000 0.436778 0.305503 0.111 1000
0.025 REC_x_HET Recessive 0.425343 0.294187 0.1 1000 0.425343 0.294187 0.1 1000
0.025 REC_x_HET Weighted 0.285318 0.290555 0.306 1000 0.285318 0.290555 0.306 1000
0.025 REC_x_REC Additive 0.344169 0.294338 0.174797 984 0.343894 0.29427 0.172 1000
0.025 REC_x_REC Codominant 0.179762 0.223642 0.427846 984 0.179637 0.223563 0.427411 985
0.025 REC_x_REC Dominant 0.49887 0.295001 0.054878 984 0.500151 0.295056 0.055 1000
0.025 REC_x_REC Recessive 0.0959242 0.172438 0.626016 984 0.0959242 0.172438 0.626016 984
0.025 REC_x_REC Weighted 0.332663 0.304717 0.248984 984 0.333498 0.305054 0.25 1000
0.025 REC_x_SUB Additive 0.252218 0.272048 0.300912 987 0.251696 0.271891 0.301 1000
0.025 REC_x_SUB Codominant 0.178625 0.220517 0.405268 987 0.178625 0.220517 0.405268 987
0.025 REC_x_SUB Dominant 0.461562 0.297474 0.0820669 987 0.460817 0.297946 0.085 1000
0.025 REC_x_SUB Recessive 0.127948 0.197175 0.537994 987 0.127948 0.197175 0.537994 987
0.025 REC_x_SUB Weighted 0.302778 0.302489 0.298886 987 0.300065 0.301753 0.302 1000
0.025 SUB_x_SUB Additive 0.147434 0.215641 0.507583 989 0.145984 0.214899 0.513 1000
0.025 SUB_x_SUB Codominant 0.180363 0.223543 0.399393 989 0.180363 0.223543 0.399393 989
0.025 SUB_x_SUB Dominant 0.340454 0.294715 0.205258 989 0.337891 0.294337 0.208 1000
0.025 SUB_x_SUB Recessive 0.164155 0.222397 0.453994 989 0.164155 0.222397 0.453994 989
0.025 SUB_x_SUB Weighted 0.251697 0.280527 0.334681 989 0.249736 0.280017 0.34 1000
0.025 SUP_x_ADD Additive 0.101763 0.185284 0.642285 998 0.101622 0.185128 0.642 1000
0.025 SUP_x_ADD Codominant 0.164687 0.220028 0.447896 998 0.164687 0.220028 0.447896 998
0.025 SUP_x_ADD Dominant 0.123161 0.20277 0.572144 998 0.123504 0.202739 0.571 1000
0.025 SUP_x_ADD Recessive 0.421975 0.302571 0.111222 998 0.421975 0.302571 0.111222 998
0.025 SUP_x_ADD Weighted 0.161927 0.237142 0.507014 998 0.162007 0.23697 0.506 1000
0.025 SUP_x_DOM Additive 0.125745 0.202008 0.570571 999 0.12562 0.201946 0.571 1000
0.025 SUP_x_DOM Codominant 0.150494 0.205156 0.483483 999 0.150494 0.205156 0.483483 999
0.025 SUP_x_DOM Dominant 0.0869538 0.167361 0.664665 999 0.0869027 0.167285 0.665 1000
0.025 SUP_x_DOM Recessive 0.474859 0.301896 0.0760761 999 0.474859 0.301896 0.0760761 999
0.025 SUP_x_DOM Weighted 0.157732 0.230059 0.532533 999 0.157651 0.229958 0.532 1000
0.025 SUP_x_HET Additive 0.308661 0.296775 0.238477 998 0.309149 0.297029 0.238 1000
0.025 SUP_x_HET Codominant 0.151669 0.205039 0.476954 998 0.151519 0.204991 0.477477 999
0.025 SUP_x_HET Dominant 0.138368 0.213743 0.542084 998 0.138148 0.213588 0.542 1000
0.025 SUP_x_HET Recessive 0.484868 0.29071 0.0521042 998 0.484868 0.29071 0.0521042 998
0.025 SUP_x_HET Weighted 0.154759 0.237835 0.53507 998 0.154452 0.237696 0.536 1000
0.025 SUP_x_REC Additive 0.241577 0.2689 0.329637 992 0.240745 0.26868 0.333 1000
0.025 SUP_x_REC Codominant 0.168375 0.217984 0.428427 992 0.168376 0.217687 0.427136 995
0.025 SUP_x_REC Dominant 0.41962 0.301796 0.107863 992 0.419244 0.302142 0.108108 999
0.025 SUP_x_REC Recessive 0.32965 0.291919 0.203629 992 0.329609 0.291775 0.203424 993
0.025 SUP_x_REC Weighted 0.274443 0.294018 0.327621 992 0.27431 0.294243 0.329 1000
0.025 SUP_x_SUB Additive 0.140361 0.208622 0.50503 994 0.139662 0.208202 0.507 1000
0.025 SUP_x_SUB Codominant 0.189691 0.226713 0.390342 994 0.189691 0.226713 0.390342 994
0.025 SUP_x_SUB Dominant 0.235991 0.264326 0.326962 994 0.235481 0.263789 0.327 1000
0.025 SUP_x_SUB Recessive 0.373839 0.29675 0.138833 994 0.373839 0.29675 0.138833 994
0.025 SUP_x_SUB Weighted 0.225132 0.275548 0.395372 994 0.223822 0.275238 0.399 1000
0.025 SUP_x_SUP Additive 0.103741 0.177599 0.61022 998 0.10355 0.177473 0.611 1000
0.025 SUP_x_SUP Codominant 0.155337 0.206759 0.458918 998 0.155337 0.206759 0.458918 998
0.025 SUP_x_SUP Dominant 0.0881733 0.163744 0.663327 998 0.0882232 0.163649 0.663 1000
0.025 SUP_x_SUP Recessive 0.457779 0.292977 0.0811623 998 0.457779 0.292977 0.0811623 998
0.025 SUP_x_SUP Weighted 0.160683 0.236657 0.49499 998 0.160393 0.23651 0.496 1000
0.05 ADD_x_ADD Additive 0.000729046 0.00409047 0.997914 959 0.0006997 0.00400826 0.998 1000
0.05 ADD_x_ADD Codominant 0.00420361 0.0162668 0.978102 959 0.00420361 0.0162668 0.978102 959
0.05 ADD_x_ADD Dominant 0.00543287 0.0355337 0.980188 959 0.00523373 0.0348137 0.981 1000
0.05 ADD_x_ADD Recessive 0.147936 0.216462 0.492179 959 0.147936 0.216462 0.492179 959
0.05 ADD_x_ADD Weighted 0.00161847 0.00780486 0.993743 959 0.00155705 0.00764976 0.994 1000
0.05 ADD_x_DOM Additive 0.00280296 0.0160751 0.985859 990 0.00278525 0.0159984 0.986 1000
0.05 ADD_x_DOM Codominant 0.00528755 0.0277991 0.975758 990 0.00528755 0.0277991 0.975758 990
0.05 ADD_x_DOM Dominant 0.00282372 0.0224738 0.988889 990 0.00287641 0.0224735 0.988 1000
0.05 ADD_x_DOM Recessive 0.381711 0.301777 0.148485 990 0.381711 0.301777 0.148485 990
0.05 ADD_x_DOM Weighted 0.00162345 0.0109707 0.994949 990 0.00162199 0.0109229 0.995 1000
0.05 ADD_x_HET Additive 0.0630001 0.139116 0.719 1000 0.0630001 0.139116 0.719 1000
0.05 ADD_x_HET Codominant 0.00323888 0.0198595 0.989 1000 0.00323888 0.0198595 0.989 1000
0.05 ADD_x_HET Dominant 0.00803466 0.0325007 0.96 1000 0.00803466 0.0325007 0.96 1000
0.05 ADD_x_HET Recessive 0.404788 0.300859 0.126 1000 0.404788 0.300859 0.126 1000
0.05 ADD_x_HET Weighted 0.00176711 0.0165617 0.995 1000 0.00176711 0.0165617 0.995 1000
0.05 ADD_x_SUB Additive 0.00276294 0.0143861 0.983819 927 0.00260353 0.0138754 0.985 1000
0.05 ADD_x_SUB Codominant 0.00775074 0.0328395 0.957929 927 0.00775074 0.0328395 0.957929 927
0.05 ADD_x_SUB Dominant 0.0332212 0.095069 0.859763 927 0.0331872 0.0966936 0.863 1000
0.05 ADD_x_SUB Recessive 0.0587744 0.125467 0.743258 927 0.0587744 0.125467 0.743258 927
0.05 ADD_x_SUB Weighted 0.0033521 0.0171243 0.987055 927 0.00315307 0.0165328 0.988 1000
0.05 DOM_x_DOM Additive 0.00479026 0.0285541 0.97994 997 0.00477589 0.0285124 0.98 1000
0.05 DOM_x_DOM Codominant 0.00457508 0.03286 0.983952 997 0.00457508 0.03286 0.983952 997
0.05 DOM_x_DOM Dominant 0.000970612 0.00931023 0.994985 997 0.0009677 0.0092964 0.995 1000
0.05 DOM_x_DOM Recessive 0.447316 0.299263 0.0932798 997 0.447316 0.299263 0.0932798 997
0.05 DOM_x_DOM Weighted 0.00140425 0.0106243 0.990973 997 0.00140003 0.0106086 0.991 1000
0.05 DOM_x_SUB Additive 0.00557267 0.0257887 0.97624 968 0.00542652 0.025397 0.977 1000
0.05 DOM_x_SUB Codominant 0.00580631 0.0238401 0.969008 968 0.00580631 0.0238401 0.969008 968
0.05 DOM_x_SUB Dominant 0.0222435 0.0700719 0.896694 968 0.0228188 0.0721834 0.894 1000
0.05 DOM_x_SUB Recessive 0.306893 0.290787 0.234504 968 0.306893 0.290787 0.234504 968
0.05 DOM_x_SUB Weighted 0.00349833 0.0194014 0.982438 968 0.00342923 0.0191115 0.983 1000
0.05 HET_x_DOM Additive 0.0839054 0.160613 0.675 1000 0.0839054 0.160613 0.675 1000
0.05 HET_x_DOM Codominant 0.00316146 0.0176163 0.986 1000 0.00316146 0.0176163 0.986 1000
0.05 HET_x_DOM Dominant 0.00402905 0.0347571 0.987 1000 0.00402905 0.0347571 0.987 1000
0.05 HET_x_DOM Recessive 0.459365 0.295355 0.061 1000 0.459365 0.295355 0.061 1000
0.05 HET_x_DOM Weighted 0.0011529 0.012006 0.997 1000 0.0011529 0.012006 0.997 1000
0.05 HET_x_HET Additive 0.273329 0.28514 0.291291 999 0.273335 0.284998 0.291 1000
0.05 HET_x_HET Codominant 0.00288689 0.0134903 0.985986 999 0.00288401 0.0134838 0.986 1000
0.05 HET_x_HET Dominant 0.0153109 0.0486224 0.91992 999 0.0152968 0.0486001 0.92 1000
0.05 HET_x_HET Recessive 0.490573 0.28317 0.0500501 999 0.490573 0.28317 0.0500501 999
0.05 HET_x_HET Weighted 0.00183733 0.0210374 0.993994 999 0.00183549 0.0210269 0.994 1000
0.05 HET_x_SUB Additive 0.097393 0.17896 0.647648 999 0.097383 0.178871 0.647 1000
0.05 HET_x_SUB Codominant 0.00550584 0.0243047 0.968969 999 0.00550584 0.0243047 0.968969 999
0.05 HET_x_SUB Dominant 0.0524953 0.117151 0.777778 999 0.052445 0.117104 0.778 1000
0.05 HET_x_SUB Recessive 0.342709 0.303457 0.205205 999 0.342709 0.303457 0.205205 999
0.05 HET_x_SUB Weighted 0.00441154 0.0258524 0.97998 999 0.00440713 0.0258398 0.98 1000
0.05 REC_x_ADD Additive 0.0197766 0.0583334 0.901814 937 0.0190928 0.0567957 0.906 1000
0.05 REC_x_ADD Codominant 0.00777946 0.0335632 0.962647 937 0.00777946 0.0335632 0.962647 937
0.05 REC_x_ADD Dominant 0.261503 0.285171 0.307364 937 0.265346 0.288832 0.308 1000
0.05 REC_x_ADD Recessive 0.0376351 0.0918319 0.820704 937 0.0376351 0.0918319 0.820704 937
0.05 REC_x_ADD Weighted 0.0470168 0.147261 0.870864 937 0.0466479 0.148201 0.874 1000
0.05 REC_x_DOM Additive 0.0511014 0.130906 0.8 980 0.0506601 0.130753 0.803 1000
0.05 REC_x_DOM Codominant 0.0067355 0.0238956 0.965306 980 0.0067355 0.0238956 0.965306 980
0.05 REC_x_DOM Dominant 0.252595 0.276746 0.329592 980 0.251798 0.277331 0.332 1000
0.05 REC_x_DOM Recessive 0.272241 0.273548 0.264286 980 0.272241 0.273548 0.264286 980
0.05 REC_x_DOM Weighted 0.0562861 0.171261 0.857143 980 0.0562274 0.171092 0.858 1000
0.05 REC_x_HET Additive 0.218425 0.26398 0.372372 999 0.218768 0.264071 0.372 1000
0.05 REC_x_HET Codominant 0.0076085 0.0279707 0.960961 999 0.0076085 0.0279707 0.960961 999
0.05 REC_x_HET Dominant 0.304035 0.285487 0.242242 999 0.304265 0.285436 0.242 1000
0.05 REC_x_HET Recessive 0.325615 0.302476 0.236236 999 0.325615 0.302476 0.236236 999
0.05 REC_x_HET Weighted 0.0536774 0.156056 0.843844 999 0.0536237 0.155987 0.844 1000
0.05 REC_x_REC Additive 0.0936895 0.164115 0.625835 898 0.0899871 0.160003 0.638 1000
0.05 REC_x_REC Codominant 0.00576235 0.0213184 0.969933 898 0.00576235 0.0213184 0.969933 898
0.05 REC_x_REC Dominant 0.445755 0.292934 0.0846325 898 0.443733 0.29226 0.084 1000
0.05 REC_x_REC Recessive 0.000951434 0.00563513 0.995546 898 0.000951434 0.00563513 0.995546 898
0.05 REC_x_REC Weighted 0.0839004 0.20039 0.789532 898 0.0790753 0.195309 0.8 1000
0.05 REC_x_SUB Additive 0.02635 0.0800382 0.883463 901 0.024556 0.0766753 0.891 1000
0.05 REC_x_SUB Codominant 0.00824594 0.0405429 0.958935 901 0.00824594 0.0405429 0.958935 901
0.05 REC_x_SUB Dominant 0.325998 0.29424 0.209767 901 0.322201 0.291861 0.208 1000
0.05 REC_x_SUB Recessive 0.00564761 0.038 0.975583 901 0.00564761 0.038 0.975583 901
0.05 REC_x_SUB Weighted 0.0412777 0.136667 0.885683 901 0.039603 0.132649 0.889 1000
0.05 SUB_x_SUB Additive 0.00377922 0.0182307 0.980044 902 0.00358335 0.017502 0.981 1000
0.05 SUB_x_SUB Codominant 0.00721734 0.033671 0.970067 902 0.00721734 0.033671 0.970067 902
0.05 SUB_x_SUB Dominant 0.0795945 0.156208 0.695122 902 0.0773832 0.154521 0.697 1000
0.05 SUB_x_SUB Recessive 0.0130333 0.0367006 0.926829 902 0.0130333 0.0367006 0.926829 902
0.05 SUB_x_SUB Weighted 0.00532363 0.0287814 0.977827 902 0.00489323 0.0274025 0.98 1000
0.05 SUP_x_ADD Additive 0.00126157 0.00712966 0.99076 974 0.0012314 0.00703919 0.991 1000
0.05 SUP_x_ADD Codominant 0.00516966 0.0264087 0.974333 974 0.00516966 0.0264087 0.974333 974
0.05 SUP_x_ADD Dominant 0.0029749 0.0163338 0.983573 974 0.00292789 0.0161345 0.984 1000
0.05 SUP_x_ADD Recessive 0.267483 0.270977 0.272074 974 0.267483 0.270977 0.272074 974
0.05 SUP_x_ADD Weighted 0.00183946 0.0117243 0.99076 974 0.00184169 0.0116729 0.991 1000
0.05 SUP_x_DOM Additive 0.00333234 0.0201779 0.983855 991 0.00330244 0.0200894 0.984 1000
0.05 SUP_x_DOM Codominant 0.00505252 0.029426 0.980827 991 0.00505252 0.029426 0.980827 991
0.05 SUP_x_DOM Dominant 0.000865488 0.00599155 0.994955 991 0.00085781 0.00596507 0.995 1000
0.05 SUP_x_DOM Recessive 0.435878 0.297431 0.0938446 991 0.435878 0.297431 0.0938446 991
0.05 SUP_x_DOM Weighted 0.00163186 0.0123521 0.990918 991 0.0016173 0.0122974 0.991 1000
0.05 SUP_x_HET Additive 0.0776761 0.155779 0.699 1000 0.0776761 0.155779 0.699 1000
0.05 SUP_x_HET Codominant 0.00297514 0.0165022 0.985 1000 0.00297514 0.0165022 0.985 1000
0.05 SUP_x_HET Dominant 0.00480489 0.0325979 0.983 1000 0.00480489 0.0325979 0.983 1000
0.05 SUP_x_HET Recessive 0.45106 0.306372 0.09 1000 0.45106 0.306372 0.09 1000
0.05 SUP_x_HET Weighted 0.00131175 0.0107944 0.997 1000 0.00131175 0.0107944 0.997 1000
0.05 SUP_x_REC Additive 0.0320134 0.0859199 0.850312 962 0.0314889 0.0848303 0.853 1000
0.05 SUP_x_REC Codominant 0.00646589 0.0278738 0.972973 962 0.00646589 0.0278738 0.972973 962
0.05 SUP_x_REC Dominant 0.270394 0.285558 0.309771 962 0.270196 0.285344 0.307 1000
0.05 SUP_x_REC Recessive 0.137345 0.207613 0.519751 962 0.137345 0.207613 0.519751 962
0.05 SUP_x_REC Weighted 0.0454457 0.14803 0.881497 962 0.0445471 0.145902 0.883 1000
0.05 SUP_x_SUB Additive 0.00310473 0.0157026 0.984359 959 0.00301396 0.0153955 0.985 1000
0.05 SUP_x_SUB Codominant 0.00657479 0.0307692 0.968717 959 0.00657479 0.0307692 0.968717 959
0.05 SUP_x_SUB Dominant 0.0223544 0.0768 0.909281 959 0.0221283 0.0756795 0.909 1000
0.05 SUP_x_SUB Recessive 0.166985 0.219344 0.434828 959 0.166985 0.219344 0.434828 959
0.05 SUP_x_SUB Weighted 0.00342752 0.0202248 0.986444 959 0.00329851 0.0198174 0.987 1000
0.05 SUP_x_SUP Additive 0.00114512 0.00706787 0.995968 992 0.00113599 0.00704027 0.996 1000
0.05 SUP_x_SUP Codominant 0.00411936 0.0221113 0.979839 992 0.00411936 0.0221113 0.979839 992
0.05 SUP_x_SUP Dominant 0.000976177 0.00647005 0.995968 992 0.000968919 0.00644463 0.996 1000
0.05 SUP_x_SUP Recessive 0.357236 0.296954 0.1875 992 0.357236 0.296954 0.1875 992
0.05 SUP_x_SUP Weighted 0.0012152 0.00662383 0.993952 992 0.00120592 0.0065981 0.994 1000
0.075 ADD_x_ADD Additive 4.05043e-07 6.03343e-06 1 865 3.78155e-07 5.65596e-06 1 1000
0.075 ADD_x_ADD Codominant 1.09652e-05 0.000193738 1 865 1.09652e-05 0.000193738 1 865
0.075 ADD_x_ADD Dominant 8.36997e-06 0.00010641 1 865 1.33003e-05 0.00018069 1 1000
0.075 ADD_x_ADD Recessive 0.0594402 0.122318 0.738728 865 0.0594402 0.122318 0.738728 865
0.075 ADD_x_ADD Weighted 7.4712e-07 9.74682e-06 1 865 7.89106e-07 9.72279e-06 1 1000
0.075 ADD_x_DOM Additive 6.34092e-06 0.000115937 1 954 6.0828e-06 0.00011325 1 1000
0.075 ADD_x_DOM Codominant 7.10471e-06 8.22547e-05 1 954 7.10471e-06 8.22547e-05 1 954
0.075 ADD_x_DOM Dominant 2.94208e-06 4.17316e-05 1 954 2.81367e-06 4.07648e-05 1 1000
0.075 ADD_x_DOM Recessive 0.265638 0.276015 0.277778 954 0.265638 0.276015 0.277778 954
0.075 ADD_x_DOM Weighted 7.80546e-07 1.48323e-05 1 954 7.71978e-07 1.45109e-05 1 1000
0.075 ADD_x_HET Additive 0.0067988 0.0283002 0.96493 998 0.00678669 0.0282732 0.965 1000
0.075 ADD_x_HET Codominant 3.64405e-06 4.96799e-05 1 998 3.64405e-06 4.96799e-05 1 998
0.075 ADD_x_HET Dominant 9.91087e-05 0.00126245 1 998 9.89105e-05 0.00126119 1 1000
0.075 ADD_x_HET Recessive 0.309402 0.294137 0.235471 998 0.309402 0.294137 0.235471 998
0.075 ADD_x_HET Weighted 7.90318e-07 1.70247e-05 1 998 7.88738e-07 1.70077e-05 1 1000
0.075 ADD_x_SUB Additive 9.20972e-06 0.000143344 1 763 7.05506e-06 0.000125271 1 1000
0.075 ADD_x_SUB Codominant 1.63788e-05 0.000136826 1 763 1.63788e-05 0.000136826 1 763
0.075 ADD_x_SUB Dominant 0.00094185 0.0149868 0.997379 763 0.00082747 0.0131726 0.998 1000
0.075 ADD_x_SUB Recessive 0.0143974 0.0402401 0.931848 763 0.0143974 0.0402401 0.931848 763
0.075 ADD_x_SUB Weighted 5.49712e-06 9.87537e-05 1 763 4.21444e-06 8.62923e-05 1 1000
0.075 DOM_x_DOM Additive 7.3325e-06 0.000102907 1 985 7.22252e-06 0.000102136 1 1000
0.075 DOM_x_DOM Codominant 7.64201e-06 0.000109352 1 985 7.64201e-06 0.000109352 1 985
0.075 DOM_x_DOM Dominant 3.04595e-07 4.53188e-06 1 985 3.00069e-07 4.49791e-06 1 1000
0.075 DOM_x_DOM Recessive 0.429165 0.304673 0.122843 985 0.429165 0.304673 0.122843 985
0.075 DOM_x_DOM Weighted 4.22422e-07 6.46805e-06 1 985 4.16137e-07 6.41956e-06 1 1000
0.075 DOM_x_SUB Additive 5.48054e-05 0.000865051 1 943 5.16946e-05 0.00084013 1 1000
0.075 DOM_x_SUB Codominant 0.000104432 0.00250066 0.99894 943 0.000104432 0.00250066 0.99894 943
0.075 DOM_x_SUB Dominant 0.000601546 0.00598198 0.997879 943 0.000570469 0.00581048 0.998 1000
0.075 DOM_x_SUB Recessive 0.198068 0.249323 0.398727 943 0.198068 0.249323 0.398727 943
0.075 DOM_x_SUB Weighted 1.25359e-05 0.000244214 1 943 1.18236e-05 0.000237169 1 1000
0.075 HET_x_DOM Additive 0.0136376 0.0534645 0.941 1000 0.0136376 0.0534645 0.941 1000
0.075 HET_x_DOM Codominant 1.14434e-06 1.8039e-05 1 1000 1.14434e-06 1.8039e-05 1 1000
0.075 HET_x_DOM Dominant 1.1191e-05 0.000209644 1 1000 1.1191e-05 0.000209644 1 1000
0.075 HET_x_DOM Recessive 0.436109 0.304187 0.11 1000 0.436109 0.304187 0.11 1000
0.075 HET_x_DOM Weighted 5.70244e-07 1.08128e-05 1 1000 5.70244e-07 1.08128e-05 1 1000
0.075 HET_x_HET Additive 0.145556 0.226205 0.574575 999 0.145522 0.226094 0.574 1000
0.075 HET_x_HET Codominant 1.55184e-06 1.48393e-05 1 999 1.55184e-06 1.48393e-05 1 999
0.075 HET_x_HET Dominant 0.00033514 0.00196161 1 999 0.000334811 0.00196065 1 1000
0.075 HET_x_HET Recessive 0.454633 0.299337 0.0800801 999 0.454633 0.299337 0.0800801 999
0.075 HET_x_HET Weighted 2.68336e-07 3.29141e-06 1 999 2.68067e-07 3.28977e-06 1 1000
0.075 HET_x_SUB Additive 0.0126508 0.0536921 0.946947 999 0.0126583 0.0536658 0.947 1000
0.075 HET_x_SUB Codominant 1.08603e-05 0.000124392 1 999 1.08603e-05 0.000124392 1 999
0.075 HET_x_SUB Dominant 0.00269488 0.0132379 0.987988 999 0.00269267 0.0132315 0.988 1000
0.075 HET_x_SUB Recessive 0.224195 0.270496 0.382382 999 0.224195 0.270496 0.382382 999
0.075 HET_x_SUB Weighted 2.17538e-06 2.8875e-05 1 999 2.17323e-06 2.88606e-05 1 1000
0.075 REC_x_ADD Additive 0.000320496 0.00222255 0.998775 816 0.000319168 0.00227745 0.999 1000
0.075 REC_x_ADD Codominant 1.78324e-05 0.000190311 1 816 1.78324e-05 0.000190311 1 816
0.075 REC_x_ADD Dominant 0.0716506 0.140659 0.704657 816 0.0696736 0.140458 0.716 1000
0.075 REC_x_ADD Recessive 0.00277651 0.013226 0.991422 816 0.00277651 0.013226 0.991422 816
0.075 REC_x_ADD Weighted 0.0016569 0.0228781 0.995098 816 0.00144109 0.0208244 0.995 1000
0.075 REC_x_DOM Additive 0.00350974 0.0213369 0.98617 940 0.00337694 0.0207424 0.987 1000
0.075 REC_x_DOM Codominant 4.01841e-05 0.000412907 1 940 4.01841e-05 0.000412907 1 940
0.075 REC_x_DOM Dominant 0.106619 0.179938 0.603191 940 0.105271 0.179494 0.606 1000
0.075 REC_x_DOM Recessive 0.154865 0.212762 0.470213 940 0.154865 0.212762 0.470213 940
0.075 REC_x_DOM Weighted 0.00755468 0.062644 0.97766 940 0.00716983 0.0607686 0.979 1000
0.075 REC_x_HET Additive 0.06605 0.146562 0.752 1000 0.06605 0.146562 0.752 1000
0.075 REC_x_HET Codominant 1.42119e-05 0.000200198 1 1000 1.42119e-05 0.000200198 1 1000
0.075 REC_x_HET Dominant 0.150969 0.230366 0.529 1000 0.150969 0.230366 0.529 1000
0.075 REC_x_HET Recessive 0.18657 0.253099 0.451 1000 0.18657 0.253099 0.451 1000
0.075 REC_x_HET Weighted 0.00518622 0.0536068 0.987 1000 0.00518622 0.0536068 0.987 1000
0.075 REC_x_REC Additive 0.0056607 0.0297496 0.973009 741 0.00478839 0.0258987 0.979 1000
0.075 REC_x_REC Codominant 8.09456e-05 0.00198341 0.99865 741 8.09456e-05 0.00198341 0.99865 741
0.075 REC_x_REC Dominant 0.342603 0.30025 0.187584 741 0.339493 0.29781 0.195 1000
0.075 REC_x_REC Recessive 4.29244e-06 0.000108176 1 741 4.29244e-06 0.000108176 1 741
0.075 REC_x_REC Weighted 0.00249285 0.0406956 0.994602 741 0.00209028 0.0356515 0.995 1000
0.075 REC_x_SUB Additive 0.00016124 0.000721675 1 713 0.000138032 0.000665842 1 1000
0.075 REC_x_SUB Codominant 3.26093e-05 0.000259262 1 713 3.26093e-05 0.000259262 1 713
0.075 REC_x_SUB Dominant 0.115868 0.186653 0.568022 713 0.112398 0.184028 0.579 1000
0.075 REC_x_SUB Recessive 7.18447e-05 0.000720705 1 713 7.18447e-05 0.000720705 1 713
0.075 REC_x_SUB Weighted 0.000304328 0.00485426 0.998597 713 0.000679843 0.0148908 0.998 1000
0.075 SUB_x_SUB Additive 2.37162e-05 0.000521402 1 684 1.64001e-05 0.000431362 1 1000
0.075 SUB_x_SUB Codominant 2.18224e-05 0.00018437 1 684 2.18224e-05 0.00018437 1 684
0.075 SUB_x_SUB Dominant 0.0037243 0.0266994 0.982456 684 0.00307641 0.0225863 0.987 1000
0.075 SUB_x_SUB Recessive 0.00163213 0.00760062 0.99269 684 0.00163213 0.00760062 0.99269 684
0.075 SUB_x_SUB Weighted 4.94599e-06 5.28791e-05 1 684 3.42294e-06 4.37931e-05 1 1000
0.075 SUP_x_ADD Additive 6.38032e-07 8.64393e-06 1 918 5.94192e-07 8.28686e-06 1 1000
0.075 SUP_x_ADD Codominant 1.32516e-05 0.000148506 1 918 1.32516e-05 0.000148506 1 918
0.075 SUP_x_ADD Dominant 6.13364e-06 7.41508e-05 1 918 5.71816e-06 7.10758e-05 1 1000
0.075 SUP_x_ADD Recessive 0.145635 0.195247 0.441176 918 0.145635 0.195247 0.441176 918
0.075 SUP_x_ADD Weighted 1.35323e-06 1.95905e-05 1 918 1.25191e-06 1.87751e-05 1 1000
0.075 SUP_x_DOM Additive 1.16239e-05 0.000255998 1 983 1.14263e-05 0.000253817 1 1000
0.075 SUP_x_DOM Codominant 4.79493e-06 0.000100248 1 983 4.79493e-06 0.000100248 1 983
0.075 SUP_x_DOM Dominant 3.12348e-07 5.53656e-06 1 983 3.0709e-07 5.48945e-06 1 1000
0.075 SUP_x_DOM Recessive 0.361527 0.29717 0.167854 983 0.361527 0.29717 0.167854 983
0.075 SUP_x_DOM Weighted 4.34317e-07 6.49712e-06 1 983 4.27164e-07 6.44189e-06 1 1000
0.075 SUP_x_HET Additive 0.0096938 0.0466124 0.95491 998 0.00985359 0.0468707 0.954 1000
0.075 SUP_x_HET Codominant 2.11459e-06 2.17354e-05 1 998 2.11459e-06 2.17354e-05 1 998
0.075 SUP_x_HET Dominant 1.80341e-05 0.000218561 1 998 1.80311e-05 0.000218344 1 1000
0.075 SUP_x_HET Recessive 0.391114 0.30185 0.144289 998 0.391114 0.30185 0.144289 998
0.075 SUP_x_HET Weighted 2.49191e-06 7.26411e-05 1 998 2.48693e-06 7.25686e-05 1 1000
0.075 SUP_x_REC Additive 0.00101561 0.00594536 0.99778 901 0.00107615 0.00695766 0.997 1000
0.075 SUP_x_REC Codominant 4.33585e-05 0.000425981 1 901 4.33585e-05 0.000425981 1 901
0.075 SUP_x_REC Dominant 0.0862751 0.166873 0.675916 901 0.0841322 0.163146 0.681 1000
0.075 SUP_x_REC Recessive 0.0378246 0.0822817 0.812431 901 0.0378246 0.0822817 0.812431 901
0.075 SUP_x_REC Weighted 0.00327506 0.0417189 0.991121 901 0.00295531 0.0396119 0.992 1000
0.075 SUP_x_SUB Additive 1.47595e-05 0.000132429 1 884 1.30725e-05 0.000124599 1 1000
0.075 SUP_x_SUB Codominant 5.44754e-05 0.000569028 1 884 5.44754e-05 0.000569028 1 884
0.075 SUP_x_SUB Dominant 0.000591916 0.00552636 0.998869 884 0.000536823 0.00520058 0.999 1000
0.075 SUP_x_SUB Recessive 0.07399 0.128604 0.662896 884 0.07399 0.128604 0.662896 884
0.075 SUP_x_SUB Weighted 6.91329e-06 7.85502e-05 1 884 6.1242e-06 7.38865e-05 1 1000
0.075 SUP_x_SUP Additive 1.3767e-06 1.70976e-05 1 954 1.32306e-06 1.67042e-05 1 1000
0.075 SUP_x_SUP Codominant 1.26399e-05 0.000166342 1 954 1.26399e-05 0.000166342 1 954
0.075 SUP_x_SUP Dominant 1.89574e-06 2.67427e-05 1 954 1.82471e-06 2.61256e-05 1 1000
0.075 SUP_x_SUP Recessive 0.259503 0.271569 0.271488 954 0.259503 0.271569 0.271488 954
0.075 SUP_x_SUP Weighted 1.67145e-06 3.12677e-05 1 954 1.61097e-06 3.05446e-05 1 1000
0.10 ADD_x_ADD Additive 3.82635e-10 1.0008e-08 1 709 2.71368e-10 8.42877e-09 1 1000
0.10 ADD_x_ADD Codominant 2.91493e-08 7.65643e-07 1 709 2.91493e-08 7.65643e-07 1 709
0.10 ADD_x_ADD Dominant 1.1437e-08 2.84451e-07 1 709 8.21195e-09 2.39572e-07 1 1000
0.10 ADD_x_ADD Recessive 0.0313348 0.0656838 0.825106 709 0.0313348 0.0656838 0.825106 709
0.10 ADD_x_ADD Weighted 4.56414e-10 1.19616e-08 1 709 3.23778e-10 1.00741e-08 1 1000
0.10 ADD_x_DOM Additive 3.77652e-10 6.35755e-09 1 903 3.41113e-10 6.04237e-09 1 1000
0.10 ADD_x_DOM Codominant 2.78605e-09 6.11518e-08 1 903 2.78605e-09 6.11518e-08 1 903
0.10 ADD_x_DOM Dominant 2.53237e-10 2.96731e-09 1 903 2.76948e-10 2.95577e-09 1 1000
0.10 ADD_x_DOM Recessive 0.193469 0.242726 0.367663 903 0.193469 0.242726 0.367663 903
0.10 ADD_x_DOM Weighted 4.65415e-11 1.02181e-09 1 903 4.46964e-11 9.73357e-10 1 1000
0.10 ADD_x_HET Additive 0.000258184 0.00205646 1 998 0.000257675 0.00205444 1 1000
0.10 ADD_x_HET Codominant 8.63881e-10 2.31023e-08 1 998 8.63881e-10 2.31023e-08 1 998
0.10 ADD_x_HET Dominant 2.79547e-07 4.96047e-06 1 998 2.78989e-07 4.95553e-06 1 1000
0.10 ADD_x_HET Recessive 0.230037 0.264585 0.344689 998 0.230037 0.264585 0.344689 998
0.10 ADD_x_HET Weighted 3.04949e-10 8.79912e-09 1 998 3.04339e-10 8.79032e-09 1 1000
0.10 ADD_x_SUB Additive 1.82137e-09 3.17885e-08 1 559 1.6777e-09 2.80216e-08 1 1000
0.10 ADD_x_SUB Codominant 5.10068e-08 8.70487e-07 1 559 5.10068e-08 8.70487e-07 1 559
0.10 ADD_x_SUB Dominant 1.69187e-06 2.93655e-05 1 559 1.37299e-06 2.40361e-05 1 1000
0.10 ADD_x_SUB Recessive 0.00546891 0.0138678 0.987478 559 0.00546891 0.0138678 0.987478 559
0.10 ADD_x_SUB Weighted 3.41821e-09 5.78562e-08 1 559 2.26898e-09 4.39758e-08 1 1000
0.10 DOM_x_DOM Additive 4.76498e-10 1.1376e-08 1 977 4.65538e-10 1.12446e-08 1 1000
0.10 DOM_x_DOM Codominant 1.46248e-10 2.49684e-09 1 977 1.46248e-10 2.49684e-09 1 977
0.10 DOM_x_DOM Dominant 4.54209e-12 9.12794e-11 1 977 4.46669e-12 9.02289e-11 1 1000
0.10 DOM_x_DOM Recessive 0.397324 0.305848 0.135107 977 0.397324 0.305848 0.135107 977
0.10 DOM_x_DOM Weighted 7.51141e-12 1.16913e-10 1 977 7.4529e-12 1.15612e-10 1 1000
0.10 DOM_x_SUB Additive 3.38468e-07 9.34862e-06 1 850 2.87722e-07 8.61985e-06 1 1000
0.10 DOM_x_SUB Codominant 2.92643e-09 3.02627e-08 1 850 2.92643e-09 3.02627e-08 1 850
0.10 DOM_x_SUB Dominant 6.10458e-06 0.000129664 1 850 5.30635e-06 0.00011957 1 1000
0.10 DOM_x_SUB Recessive 0.11739 0.177813 0.537647 850 0.11739 0.177813 0.537647 850
0.10 DOM_x_SUB Weighted 2.17901e-10 3.18992e-09 1 850 1.87419e-10 2.94216e-09 1 1000
0.10 HET_x_DOM Additive 0.00110122 0.00764222 0.992972 996 0.00110566 0.00763058 0.993 1000
0.10 HET_x_DOM Codominant 3.93364e-11 6.58453e-10 1 996 3.93364e-11 6.58453e-10 1 996
0.10 HET_x_DOM Dominant 8.03179e-09 2.249e-07 1 996 8.01625e-09 2.24451e-07 1 1000
0.10 HET_x_DOM Recessive 0.407835 0.309251 0.131526 996 0.407835 0.309251 0.131526 996
0.10 HET_x_DOM Weighted 1.73443e-12 3.67923e-11 1 996 1.72749e-12 3.67188e-11 1 1000
0.10 HET_x_HET Additive 0.0506683 0.122638 0.795591 998 0.0510046 0.122749 0.794 1000
0.10 HET_x_HET Codominant 8.3982e-12 1.65391e-10 1 998 8.3982e-12 1.65391e-10 1 998
0.10 HET_x_HET Dominant 2.04664e-06 3.23108e-05 1 998 2.04255e-06 3.22786e-05 1 1000
0.10 HET_x_HET Recessive 0.415213 0.297147 0.106212 998 0.415213 0.297147 0.106212 998
0.10 HET_x_HET Weighted 7.33109e-10 2.29634e-08 1 998 7.31643e-10 2.29404e-08 1 1000
0.10 HET_x_SUB Additive 0.000644612 0.00518494 0.998999 999 0.000643969 0.00518239 0.999 1000
0.10 HET_x_SUB Codominant 4.85302e-10 6.39767e-09 1 999 4.85302e-10 6.39767e-09 1 999
0.10 HET_x_SUB Dominant 2.36118e-05 0.000174152 1 999 2.35883e-05 0.000174066 1 1000
0.10 HET_x_SUB Recessive 0.148769 0.22223 0.53954 999 0.148769 0.22223 0.53954 999
0.10 HET_x_SUB Weighted 5.91615e-11 1.0261e-09 1 999 5.91024e-11 1.02559e-09 1 1000
0.10 REC_x_ADD Additive 3.65269e-07 3.2751e-06 1 586 2.27956e-07 2.5155e-06 1 1000
0.10 REC_x_ADD Codominant 3.62078e-09 5.14011e-08 1 586 3.62078e-09 5.14011e-08 1 586
0.10 REC_x_ADD Dominant 0.00582786 0.0246087 0.97099 586 0.0054686 0.0226186 0.973 1000
0.10 REC_x_ADD Recessive 0.000473767 0.00649138 0.998294 586 0.000473767 0.00649138 0.998294 586
0.10 REC_x_ADD Weighted 4.4461e-09 9.98867e-08 1 586 2.69928e-09 7.65292e-08 1 1000
0.10 REC_x_DOM Additive 5.77075e-05 0.000481136 1 871 5.14005e-05 0.000449772 1 1000
0.10 REC_x_DOM Codominant 6.52677e-09 8.07845e-08 1 871 6.52677e-09 8.07845e-08 1 871
0.10 REC_x_DOM Dominant 0.0219462 0.0760329 0.903559 871 0.0211616 0.0737262 0.903 1000
0.10 REC_x_DOM Recessive 0.0738385 0.140366 0.677382 871 0.0738385 0.140366 0.677382 871
0.10 REC_x_DOM Weighted 3.52503e-06 0.000103382 1 871 3.07102e-06 9.64906e-05 1 1000
0.10 REC_x_HET Additive 0.0117614 0.0483072 0.946947 999 0.0117496 0.0482844 0.947 1000
0.10 REC_x_HET Codominant 2.17641e-09 4.15759e-08 1 999 2.17641e-09 4.15759e-08 1 999
0.10 REC_x_HET Dominant 0.0416567 0.101222 0.813814 999 0.0416159 0.101179 0.814 1000
0.10 REC_x_HET Recessive 0.0982293 0.184778 0.660661 999 0.0982293 0.184778 0.660661 999
0.10 REC_x_HET Weighted 3.17136e-05 0.000998541 1 999 3.16819e-05 0.000998042 1 1000
0.10 REC_x_REC Additive 1.75672e-05 0.000130359 1 497 1.7979e-05 0.000181678 1 1000
0.10 REC_x_REC Codominant 7.88424e-10 1.31395e-08 1 497 7.88424e-10 1.31395e-08 1 497
0.10 REC_x_REC Dominant 0.199188 0.252563 0.404427 497 0.199529 0.253958 0.415 1000
0.10 REC_x_REC Recessive 1.68429e-11 3.17745e-10 1 497 1.68429e-11 3.17745e-10 1 497
0.10 REC_x_REC Weighted 9.75225e-11 8.58503e-10 1 497 5.0021e-11 6.07971e-10 1 1000
0.10 REC_x_SUB Additive 4.3674e-07 3.84014e-06 1 492 3.27831e-07 3.95405e-06 1 1000
0.10 REC_x_SUB Codominant 2.09499e-09 1.8812e-08 1 492 2.09499e-09 1.8812e-08 1 492
0.10 REC_x_SUB Dominant 0.0169315 0.0719588 0.934959 492 0.0138438 0.060303 0.942 1000
0.10 REC_x_SUB Recessive 7.68416e-07 5.37678e-06 1 492 7.68416e-07 5.37678e-06 1 492
0.10 REC_x_SUB Weighted 8.89509e-10 8.42654e-09 1 492 1.8604e-09 4.42392e-08 1 1000
0.10 SUB_x_SUB Additive 4.61781e-11 4.947e-10 1 453 1.59106e-10 3.74986e-09 1 1000
0.10 SUB_x_SUB Codominant 1.36879e-09 8.49791e-09 1 453 1.36879e-09 8.49791e-09 1 453
0.10 SUB_x_SUB Dominant 2.72022e-06 2.64085e-05 1 453 3.72346e-06 4.12257e-05 1 1000
0.10 SUB_x_SUB Recessive 0.000388523 0.00158774 1 453 0.000388523 0.00158774 1 453
0.10 SUB_x_SUB Weighted 5.15793e-11 3.68909e-10 1 453 4.53395e-11 5.50775e-10 1 1000
0.10 SUP_x_ADD Additive 1.77429e-11 1.76562e-10 1 812 1.54963e-11 1.6114e-10 1 1000
0.10 SUP_x_ADD Codominant 1.64635e-09 2.38486e-08 1 812 1.64635e-09 2.38486e-08 1 812
0.10 SUP_x_ADD Dominant 1.28815e-09 1.74104e-08 1 812 1.09569e-09 1.57454e-08 1 1000
0.10 SUP_x_ADD Recessive 0.0893911 0.146514 0.62069 812 0.0893911 0.146514 0.62069 812
0.10 SUP_x_ADD Weighted 3.36809e-11 4.39505e-10 1 812 2.82657e-11 3.96851e-10 1 1000
0.10 SUP_x_DOM Additive 3.24499e-10 6.27316e-09 1 949 3.0795e-10 6.11152e-09 1 1000
0.10 SUP_x_DOM Codominant 1.38131e-09 3.91866e-08 1 949 1.38131e-09 3.91866e-08 1 949
0.10 SUP_x_DOM Dominant 1.69335e-11 3.80714e-10 1 949 1.60706e-11 3.70897e-10 1 1000
0.10 SUP_x_DOM Recessive 0.295634 0.284127 0.232877 949 0.295634 0.284127 0.232877 949
0.10 SUP_x_DOM Weighted 2.11871e-11 4.52696e-10 1 949 2.01071e-11 4.41026e-10 1 1000
0.10 SUP_x_HET Additive 0.000755146 0.00563898 0.996997 999 0.000754391 0.00563621 0.997 1000
0.10 SUP_x_HET Codominant 5.78078e-08 1.8244e-06 1 999 5.78078e-08 1.8244e-06 1 999
0.10 SUP_x_HET Dominant 4.12699e-08 6.56623e-07 1 999 4.12286e-08 6.56296e-07 1 1000
0.10 SUP_x_HET Recessive 0.336026 0.301635 0.215215 999 0.336026 0.301635 0.215215 999
0.10 SUP_x_HET Weighted 2.64432e-09 8.34571e-08 1 999 2.64167e-09 8.34154e-08 1 1000
0.10 SUP_x_REC Additive 8.97256e-06 0.000129608 1 747 7.04755e-06 0.000112151 1 1000
0.10 SUP_x_REC Codominant 8.76565e-08 1.16012e-06 1 747 8.76565e-08 1.16012e-06 1 747
0.10 SUP_x_REC Dominant 0.0107065 0.0409471 0.943775 747 0.00997312 0.0388756 0.951 1000
0.10 SUP_x_REC Recessive 0.0110056 0.0308323 0.946452 747 0.0110056 0.0308323 0.946452 747
0.10 SUP_x_REC Weighted 1.38157e-07 2.47005e-06 1 747 5.30617e-06 0.000164451 1 1000
0.10 SUP_x_SUB Additive 3.79076e-08 1.03604e-06 1 769 2.97064e-08 9.08786e-07 1 1000
0.10 SUP_x_SUB Codominant 3.58352e-09 4.97221e-08 1 769 3.58352e-09 4.97221e-08 1 769
0.10 SUP_x_SUB Dominant 1.03628e-06 1.54802e-05 1 769 1.08529e-06 1.44272e-05 1 1000
0.10 SUP_x_SUB Recessive 0.0404216 0.0916527 0.808843 769 0.0404216 0.0916527 0.808843 769
0.10 SUP_x_SUB Weighted 8.45097e-10 1.90738e-08 1 769 7.13773e-10 1.67841e-08 1 1000
0.10 SUP_x_SUP Additive 8.71853e-10 1.37249e-08 1 914 7.96873e-10 1.31237e-08 1 1000
0.10 SUP_x_SUP Codominant 6.76726e-09 1.15605e-07 1 914 6.76726e-09 1.15605e-07 1 914
0.10 SUP_x_SUP Dominant 5.84478e-10 1.13987e-08 1 914 5.34234e-10 1.08987e-08 1 1000
0.10 SUP_x_SUP Recessive 0.178398 0.226604 0.388403 914 0.178398 0.226604 0.388403 914
0.10 SUP_x_SUP Weighted 1.92753e-10 3.16012e-09 1 914 1.76177e-10 3.02167e-09 1 1000
