SNR Model Encoding Avg_pval SE_pval Power num_conv Avg_pval_indiv SE_pval_indiv Power_indiv num_conv_indiv
0.01 ADD_+_ADD Additive 0.495285 0.287192 0.047047 999 0.495224 0.287055 0.047 1000
0.01 ADD_+_ADD Codominant 0.492679 0.292016 0.0630631 999 0.492905 0.291957 0.063 1000
0.01 ADD_+_ADD Dominant 0.500302 0.28615 0.0590591 999 0.500257 0.286011 0.059 1000
0.01 ADD Additive 0.510383 0.282684 0.0440882 998 0.509703 0.282854 0.044 1000
0.01 ADD_+_ADD Recessive 0.490815 0.286023 0.0500501 999 0.490815 0.286023 0.0500501 999
0.01 ADD_+_ADD Weighted 0.484909 0.284933 0.0500501 999 0.48496 0.284796 0.05 1000
0.01 ADD Codominant 0.497592 0.283796 0.0541082 998 0.497592 0.283796 0.0541082 998
0.01 ADD_+_DOM Additive 0.500353 0.295684 0.0511022 998 0.500049 0.29556 0.051 1000
0.01 ADD_+_DOM Codominant 0.487083 0.287677 0.0551102 998 0.487114 0.287535 0.0550551 999
0.01 ADD_+_DOM Dominant 0.493457 0.286962 0.0480962 998 0.493646 0.286728 0.048 1000
0.01 ADD Dominant 0.51181 0.281664 0.0290581 998 0.511879 0.281396 0.029 1000
0.01 ADD_+_DOM Recessive 0.499574 0.294413 0.0651303 998 0.499574 0.294413 0.0651303 998
0.01 ADD_+_DOM Weighted 0.491426 0.292419 0.0591182 998 0.491605 0.292479 0.059 1000
0.01 ADD_+_HET Additive 0.502326 0.289174 0.039 1000 0.502326 0.289174 0.039 1000
0.01 ADD_+_HET Codominant 0.497093 0.281461 0.053 1000 0.497093 0.281461 0.053 1000
0.01 ADD_+_HET Dominant 0.500043 0.286254 0.052 1000 0.500043 0.286254 0.052 1000
0.01 ADD_+_HET Recessive 0.508645 0.283555 0.04 1000 0.508645 0.283555 0.04 1000
0.01 ADD_+_HET Weighted 0.491007 0.286049 0.053 1000 0.491007 0.286049 0.053 1000
0.01 ADD Recessive 0.480162 0.291292 0.0641283 998 0.480162 0.291292 0.0641283 998
0.01 ADD_+_SUB Additive 0.51194 0.287496 0.0280561 998 0.51166 0.287543 0.028 1000
0.01 ADD_+_SUB Codominant 0.496509 0.291995 0.0551102 998 0.496532 0.29185 0.0550551 999
0.01 ADD_+_SUB Dominant 0.512963 0.289473 0.0390782 998 0.512942 0.289329 0.039039 999
0.01 ADD_+_SUB Recessive 0.492633 0.288887 0.0460922 998 0.492421 0.28882 0.046046 999
0.01 ADD_+_SUB Weighted 0.494222 0.285528 0.0501002 998 0.493531 0.285724 0.051 1000
0.01 ADD Weighted 0.511218 0.283786 0.0440882 998 0.511689 0.283737 0.044 1000
0.01 DOM Additive 0.506548 0.285435 0.037037 999 0.506704 0.285334 0.037 1000
0.01 DOM Codominant 0.508148 0.28923 0.049049 999 0.508443 0.289236 0.049 1000
0.01 DOM_+_DOM Additive 0.500995 0.286731 0.0510511 999 0.501481 0.287 0.051 1000
0.01 DOM_+_DOM Codominant 0.487162 0.289657 0.0600601 999 0.487074 0.289525 0.06 1000
0.01 DOM_+_DOM Dominant 0.496969 0.29188 0.038038 999 0.497171 0.291803 0.038 1000
0.01 DOM Dominant 0.502442 0.281461 0.042042 999 0.502822 0.281576 0.042 1000
0.01 DOM_+_DOM Recessive 0.494654 0.291033 0.0670671 999 0.494654 0.291033 0.0670671 999
0.01 DOM_+_DOM Weighted 0.494018 0.290744 0.0570571 999 0.493872 0.290635 0.057 1000
0.01 DOM Recessive 0.494602 0.294762 0.0570571 999 0.494602 0.294762 0.0570571 999
0.01 DOM_+_SUB Additive 0.491889 0.28518 0.048 1000 0.491889 0.28518 0.048 1000
0.01 DOM_+_SUB Codominant 0.498328 0.292485 0.055 1000 0.498328 0.292485 0.055 1000
0.01 DOM_+_SUB Dominant 0.493746 0.285489 0.045 1000 0.493746 0.285489 0.045 1000
0.01 DOM_+_SUB Recessive 0.507286 0.298523 0.059 1000 0.507286 0.298523 0.059 1000
0.01 DOM_+_SUB Weighted 0.502346 0.288295 0.039 1000 0.502346 0.288295 0.039 1000
0.01 DOM Weighted 0.515634 0.290495 0.045045 999 0.515763 0.290378 0.045 1000
0.01 HET Additive 0.497497 0.287486 0.0511022 998 0.49734 0.287329 0.051 1000
0.01 HET Codominant 0.489419 0.285235 0.0430862 998 0.48935 0.285101 0.043043 999
0.01 HET_+_DOM Additive 0.502897 0.293518 0.0521042 998 0.503169 0.293459 0.052 1000
0.01 HET_+_DOM Codominant 0.495316 0.286466 0.0551102 998 0.495614 0.286355 0.055 1000
0.01 HET_+_DOM Dominant 0.501307 0.288302 0.0621242 998 0.501379 0.288359 0.062 1000
0.01 HET Dominant 0.491641 0.288885 0.0480962 998 0.491794 0.288802 0.048 1000
0.01 HET_+_DOM Recessive 0.48232 0.279053 0.0400802 998 0.48232 0.279053 0.0400802 998
0.01 HET_+_DOM Weighted 0.49491 0.291283 0.0420842 998 0.495013 0.291328 0.042 1000
0.01 HET_+_HET Additive 0.482065 0.289838 0.0610611 999 0.482287 0.289778 0.061 1000
0.01 HET_+_HET Codominant 0.484389 0.289589 0.0610611 999 0.484364 0.289445 0.061 1000
0.01 HET_+_HET Dominant 0.490777 0.290641 0.0510511 999 0.491224 0.290839 0.051 1000
0.01 HET_+_HET Recessive 0.495121 0.289438 0.0550551 999 0.495121 0.289438 0.0550551 999
0.01 HET_+_HET Weighted 0.500016 0.288815 0.0540541 999 0.500289 0.288799 0.054 1000
0.01 HET Recessive 0.498663 0.289895 0.0551102 998 0.498663 0.289895 0.0551102 998
0.01 HET_+_SUB Additive 0.501684 0.288734 0.0581162 998 0.501684 0.288734 0.0581162 998
0.01 HET_+_SUB Codominant 0.511855 0.294792 0.0470942 998 0.511795 0.294684 0.047 1000
0.01 HET_+_SUB Dominant 0.498478 0.283707 0.0480962 998 0.499067 0.283729 0.048 1000
0.01 HET_+_SUB Recessive 0.518224 0.289831 0.0561122 998 0.517863 0.289676 0.056 1000
0.01 HET_+_SUB Weighted 0.502883 0.285571 0.0410822 998 0.503421 0.2856 0.041 1000
0.01 HET Weighted 0.515836 0.296394 0.0490982 998 0.515883 0.296157 0.049 1000
0.01 NULL Additive 0.502163 0.280811 0.056 1000 0.502163 0.280811 0.056 1000
0.01 NULL Codominant 0.489965 0.291884 0.058 1000 0.489965 0.291884 0.058 1000
0.01 NULL Dominant 0.513489 0.294139 0.049 1000 0.513489 0.294139 0.049 1000
0.01 NULL Recessive 0.485951 0.29409 0.068 1000 0.485951 0.29409 0.068 1000
0.01 NULL Weighted 0.482006 0.295057 0.062 1000 0.482006 0.295057 0.062 1000
0.01 REC_+_ADD Additive 0.507725 0.297686 0.0560561 999 0.508089 0.297759 0.056 1000
0.01 REC_+_ADD Codominant 0.486157 0.294022 0.0720721 999 0.486157 0.294022 0.0720721 999
0.01 REC_+_ADD Dominant 0.505717 0.289632 0.0610611 999 0.506211 0.289908 0.061 1000
0.01 REC Additive 0.503972 0.291627 0.0431727 996 0.504023 0.291888 0.044044 999
0.01 REC_+_ADD Recessive 0.474055 0.288516 0.0600601 999 0.474055 0.288516 0.0600601 999
0.01 REC_+_ADD Weighted 0.483252 0.28767 0.0610611 999 0.483353 0.287544 0.061 1000
0.01 REC Codominant 0.494979 0.292309 0.0592369 996 0.495052 0.292171 0.0591775 997
0.01 REC_+_DOM Additive 0.511074 0.28974 0.048048 999 0.511153 0.289606 0.048 1000
0.01 REC_+_DOM Codominant 0.505472 0.291429 0.0550551 999 0.505073 0.291555 0.055 1000
0.01 REC_+_DOM Dominant 0.494874 0.279802 0.04004 999 0.494742 0.279694 0.04 1000
0.01 REC Dominant 0.493052 0.283181 0.0411647 996 0.492892 0.283476 0.041 1000
0.01 REC_+_DOM Recessive 0.502031 0.293991 0.0520521 999 0.502031 0.293991 0.0520521 999
0.01 REC_+_DOM Weighted 0.512364 0.288226 0.044044 999 0.512119 0.288186 0.044 1000
0.01 REC_+_HET Additive 0.51857 0.28925 0.0380762 998 0.51844 0.289171 0.038 1000
0.01 REC_+_HET Codominant 0.501381 0.291711 0.0521042 998 0.501202 0.29162 0.0520521 999
0.01 REC_+_HET Dominant 0.514079 0.282766 0.0420842 998 0.513976 0.282643 0.042042 999
0.01 REC_+_HET Recessive 0.494099 0.290785 0.0631263 998 0.494142 0.290643 0.0630631 999
0.01 REC_+_HET Weighted 0.512064 0.291192 0.0501002 998 0.511247 0.291476 0.05 1000
0.01 REC_+_REC Additive 0.502739 0.281418 0.048048 999 0.502739 0.281418 0.048048 999
0.01 REC_+_REC Codominant 0.494871 0.285447 0.0530531 999 0.494879 0.285304 0.053 1000
0.01 REC_+_REC Dominant 0.514989 0.280387 0.047047 999 0.515138 0.280286 0.047 1000
0.01 REC Recessive 0.478279 0.29011 0.0562249 996 0.47843 0.290004 0.0561685 997
0.01 REC_+_REC Recessive 0.49005 0.288178 0.0620621 999 0.490393 0.288238 0.062 1000
0.01 REC_+_REC Weighted 0.50278 0.288071 0.0500501 999 0.502372 0.288215 0.05 1000
0.01 REC_+_SUB Additive 0.506491 0.296758 0.056 1000 0.506491 0.296758 0.056 1000
0.01 REC_+_SUB Codominant 0.497149 0.294616 0.05 1000 0.497149 0.294616 0.05 1000
0.01 REC_+_SUB Dominant 0.498034 0.295638 0.059 1000 0.498034 0.295638 0.059 1000
0.01 REC_+_SUB Recessive 0.499451 0.288252 0.059 1000 0.499451 0.288252 0.059 1000
0.01 REC_+_SUB Weighted 0.492288 0.294413 0.062 1000 0.492288 0.294413 0.062 1000
0.01 REC Weighted 0.497844 0.294014 0.0542169 996 0.497363 0.294601 0.056 1000
0.01 SUB Additive 0.504349 0.293212 0.0561122 998 0.503854 0.293192 0.056 1000
0.01 SUB Codominant 0.488223 0.289652 0.0541082 998 0.488223 0.289652 0.0541082 998
0.01 SUB Dominant 0.514939 0.290387 0.0541082 998 0.51524 0.290255 0.054 1000
0.01 SUB Recessive 0.493235 0.288263 0.0501002 998 0.493235 0.288263 0.0501002 998
0.01 SUB_+_SUB Additive 0.493058 0.28371 0.0560561 999 0.493058 0.28371 0.0560561 999
0.01 SUB_+_SUB Codominant 0.49419 0.293575 0.0530531 999 0.493952 0.293525 0.053 1000
0.01 SUB_+_SUB Dominant 0.492456 0.289379 0.0540541 999 0.492154 0.289392 0.054 1000
0.01 SUB_+_SUB Recessive 0.493051 0.285145 0.0620621 999 0.493172 0.285028 0.062 1000
0.01 SUB_+_SUB Weighted 0.50194 0.286775 0.0550551 999 0.502257 0.286806 0.055 1000
0.01 SUB Weighted 0.485485 0.289375 0.0541082 998 0.48592 0.289421 0.054 1000
0.01 SUP_+_ADD Additive 0.498035 0.282087 0.036 1000 0.498035 0.282087 0.036 1000
0.01 SUP_+_ADD Codominant 0.505301 0.290269 0.045 1000 0.505301 0.290269 0.045 1000
0.01 SUP_+_ADD Dominant 0.497767 0.284867 0.048 1000 0.497767 0.284867 0.048 1000
0.01 SUP Additive 0.504132 0.28514 0.0570571 999 0.503684 0.28535 0.057 1000
0.01 SUP_+_ADD Recessive 0.510879 0.292711 0.059 1000 0.510879 0.292711 0.059 1000
0.01 SUP_+_ADD Weighted 0.505426 0.291814 0.056 1000 0.505426 0.291814 0.056 1000
0.01 SUP Codominant 0.519474 0.289948 0.044044 999 0.519166 0.289966 0.044 1000
0.01 SUP_+_DOM Additive 0.497165 0.287424 0.049049 999 0.496927 0.287378 0.049 1000
0.01 SUP_+_DOM Codominant 0.486557 0.287255 0.049049 999 0.486237 0.287289 0.049 1000
0.01 SUP_+_DOM Dominant 0.507374 0.295081 0.0560561 999 0.507374 0.295081 0.0560561 999
0.01 SUP Dominant 0.503115 0.283813 0.046046 999 0.502894 0.283757 0.046 1000
0.01 SUP_+_DOM Recessive 0.48286 0.292954 0.0570571 999 0.483275 0.293101 0.057 1000
0.01 SUP_+_DOM Weighted 0.494305 0.287202 0.0570571 999 0.49463 0.287242 0.057 1000
0.01 SUP_+_HET Additive 0.513469 0.296358 0.0590591 999 0.513839 0.296441 0.059 1000
0.01 SUP_+_HET Codominant 0.495847 0.297759 0.0500501 999 0.495691 0.297651 0.05 1000
0.01 SUP_+_HET Dominant 0.510919 0.282245 0.041041 999 0.510991 0.282113 0.041 1000
0.01 SUP_+_HET Recessive 0.489548 0.286706 0.0510511 999 0.489548 0.286706 0.0510511 999
0.01 SUP_+_HET Weighted 0.506655 0.292092 0.045045 999 0.506402 0.292055 0.045 1000
0.01 SUP_+_REC Additive 0.510499 0.292582 0.0511535 997 0.511059 0.292417 0.051 1000
0.01 SUP_+_REC Codominant 0.507005 0.283312 0.0421264 997 0.507121 0.283193 0.0420842 998
0.01 SUP_+_REC Dominant 0.494594 0.285051 0.0491474 997 0.494874 0.284701 0.049 1000
0.01 SUP Recessive 0.511186 0.290882 0.0570571 999 0.511186 0.290882 0.0570571 999
0.01 SUP_+_REC Recessive 0.493222 0.29115 0.0471414 997 0.493222 0.29115 0.0471414 997
0.01 SUP_+_REC Weighted 0.511397 0.278634 0.0341023 997 0.510372 0.279062 0.036 1000
0.01 SUP_+_SUB Additive 0.51839 0.281482 0.0410822 998 0.518495 0.281361 0.041041 999
0.01 SUP_+_SUB Codominant 0.509846 0.292917 0.0490982 998 0.51012 0.292987 0.049 1000
0.01 SUP_+_SUB Dominant 0.514913 0.283015 0.0390782 998 0.515435 0.28313 0.039 1000
0.01 SUP_+_SUB Recessive 0.505424 0.294311 0.0581162 998 0.505071 0.294375 0.0580581 999
0.01 SUP_+_SUB Weighted 0.51021 0.294228 0.0501002 998 0.510292 0.293947 0.05 1000
0.01 SUP_+_SUP Additive 0.50204 0.290213 0.046046 999 0.501713 0.290252 0.046 1000
0.01 SUP_+_SUP Codominant 0.493326 0.293731 0.0500501 999 0.493431 0.293603 0.05 1000
0.01 SUP_+_SUP Dominant 0.498486 0.293113 0.0550551 999 0.498398 0.29298 0.055 1000
0.01 SUP_+_SUP Recessive 0.490812 0.287837 0.0620621 999 0.490812 0.287837 0.0620621 999
0.01 SUP_+_SUP Weighted 0.514922 0.289506 0.043043 999 0.515265 0.289563 0.043 1000
0.01 SUP Weighted 0.499531 0.284045 0.045045 999 0.499665 0.283935 0.045 1000
0.025 ADD_+_ADD Additive 0.501137 0.290936 0.0550551 999 0.500637 0.291219 0.056 1000
0.025 ADD_+_ADD Codominant 0.497993 0.290544 0.0510511 999 0.497993 0.290544 0.0510511 999
0.025 ADD_+_ADD Dominant 0.499788 0.29059 0.0610611 999 0.49929 0.29087 0.062 1000
0.025 ADD Additive 0.509179 0.288251 0.048 1000 0.509179 0.288251 0.048 1000
0.025 ADD_+_ADD Recessive 0.497379 0.290534 0.046046 999 0.497379 0.290534 0.046046 999
0.025 ADD_+_ADD Weighted 0.484504 0.283271 0.0570571 999 0.484021 0.28354 0.058 1000
0.025 ADD Codominant 0.504477 0.291379 0.05 1000 0.504477 0.291379 0.05 1000
0.025 ADD_+_DOM Additive 0.499317 0.293269 0.0600601 999 0.499642 0.293302 0.06 1000
0.025 ADD_+_DOM Codominant 0.495958 0.287587 0.0500501 999 0.495958 0.287587 0.0500501 999
0.025 ADD_+_DOM Dominant 0.500924 0.293066 0.0550551 999 0.500519 0.293199 0.055 1000
0.025 ADD Dominant 0.498436 0.287031 0.037 1000 0.498436 0.287031 0.037 1000
0.025 ADD_+_DOM Recessive 0.483624 0.28851 0.045045 999 0.483624 0.28851 0.045045 999
0.025 ADD_+_DOM Weighted 0.502011 0.285649 0.0500501 999 0.501883 0.285535 0.05 1000
0.025 ADD_+_HET Additive 0.492489 0.289889 0.051 1000 0.492489 0.289889 0.051 1000
0.025 ADD_+_HET Codominant 0.498204 0.28768 0.059 1000 0.498204 0.28768 0.059 1000
0.025 ADD_+_HET Dominant 0.492731 0.291254 0.048 1000 0.492731 0.291254 0.048 1000
0.025 ADD_+_HET Recessive 0.475658 0.29247 0.054 1000 0.475658 0.29247 0.054 1000
0.025 ADD_+_HET Weighted 0.50217 0.28258 0.05 1000 0.50217 0.28258 0.05 1000
0.025 ADD Recessive 0.497626 0.289228 0.046 1000 0.497626 0.289228 0.046 1000
0.025 ADD_+_SUB Additive 0.503309 0.290373 0.0540541 999 0.502838 0.290609 0.055 1000
0.025 ADD_+_SUB Codominant 0.488398 0.28619 0.045045 999 0.488398 0.28619 0.045045 999
0.025 ADD_+_SUB Dominant 0.49729 0.289645 0.0500501 999 0.496865 0.289811 0.05 1000
0.025 ADD_+_SUB Recessive 0.490394 0.284639 0.0560561 999 0.490394 0.284639 0.0560561 999
0.025 ADD_+_SUB Weighted 0.512569 0.287218 0.038038 999 0.512073 0.287502 0.039 1000
0.025 ADD Weighted 0.485534 0.290329 0.048 1000 0.485534 0.290329 0.048 1000
0.025 DOM Additive 0.500436 0.290894 0.051 1000 0.500436 0.290894 0.051 1000
0.025 DOM Codominant 0.499423 0.287921 0.057 1000 0.499423 0.287921 0.057 1000
0.025 DOM_+_DOM Additive 0.487855 0.292782 0.0572289 996 0.48805 0.293047 0.058 1000
0.025 DOM_+_DOM Codominant 0.495812 0.289473 0.0471888 996 0.494955 0.289817 0.0480962 998
0.025 DOM_+_DOM Dominant 0.502605 0.28587 0.0512048 996 0.502451 0.286234 0.052 1000
0.025 DOM Dominant 0.496799 0.2846 0.05 1000 0.496799 0.2846 0.05 1000
0.025 DOM_+_DOM Recessive 0.491804 0.298012 0.062249 996 0.491804 0.298012 0.062249 996
0.025 DOM_+_DOM Weighted 0.496013 0.283549 0.0481928 996 0.495222 0.284127 0.049 1000
0.025 DOM Recessive 0.49089 0.29159 0.055 1000 0.49089 0.29159 0.055 1000
0.025 DOM_+_SUB Additive 0.503634 0.291652 0.0500501 999 0.503568 0.291514 0.05 1000
0.025 DOM_+_SUB Codominant 0.502507 0.297861 0.0630631 999 0.5029 0.297972 0.063 1000
0.025 DOM_+_SUB Dominant 0.508941 0.292078 0.0570571 999 0.508835 0.291951 0.057 1000
0.025 DOM_+_SUB Recessive 0.496779 0.289744 0.0570571 999 0.496779 0.289744 0.0570571 999
0.025 DOM_+_SUB Weighted 0.508484 0.294619 0.0570571 999 0.508495 0.294472 0.057 1000
0.025 DOM Weighted 0.508832 0.29208 0.051 1000 0.508832 0.29208 0.051 1000
0.025 HET Additive 0.500427 0.289798 0.0460922 998 0.500597 0.289615 0.046 1000
0.025 HET Codominant 0.498989 0.289156 0.0541082 998 0.499591 0.289225 0.054 1000
0.025 HET_+_DOM Additive 0.497457 0.295407 0.043043 999 0.49717 0.295398 0.043 1000
0.025 HET_+_DOM Codominant 0.500666 0.285669 0.0520521 999 0.500666 0.285669 0.0520521 999
0.025 HET_+_DOM Dominant 0.505445 0.288615 0.048048 999 0.505833 0.288731 0.048 1000
0.025 HET Dominant 0.490939 0.280325 0.0460922 998 0.49063 0.280192 0.046 1000
0.025 HET_+_DOM Recessive 0.492932 0.288066 0.0550551 999 0.492932 0.288066 0.0550551 999
0.025 HET_+_DOM Weighted 0.502301 0.29575 0.048048 999 0.502321 0.295603 0.048 1000
0.025 HET_+_HET Additive 0.480752 0.291298 0.073 1000 0.480752 0.291298 0.073 1000
0.025 HET_+_HET Codominant 0.487565 0.293491 0.063 1000 0.487565 0.293491 0.063 1000
0.025 HET_+_HET Dominant 0.490909 0.291933 0.058 1000 0.490909 0.291933 0.058 1000
0.025 HET_+_HET Recessive 0.489813 0.294533 0.077 1000 0.489813 0.294533 0.077 1000
0.025 HET_+_HET Weighted 0.492103 0.294383 0.061 1000 0.492103 0.294383 0.061 1000
0.025 HET Recessive 0.500187 0.291441 0.0490982 998 0.500187 0.291441 0.0490982 998
0.025 HET_+_SUB Additive 0.488893 0.289883 0.0640641 999 0.488628 0.289859 0.064 1000
0.025 HET_+_SUB Codominant 0.499242 0.282381 0.038038 999 0.499242 0.282381 0.038038 999
0.025 HET_+_SUB Dominant 0.496196 0.290527 0.0570571 999 0.496283 0.290394 0.057 1000
0.025 HET_+_SUB Recessive 0.498516 0.281388 0.045045 999 0.498516 0.281388 0.045045 999
0.025 HET_+_SUB Weighted 0.506097 0.289399 0.0510511 999 0.506494 0.289527 0.051 1000
0.025 HET Weighted 0.494193 0.287288 0.0501002 998 0.493793 0.287227 0.05 1000
0.025 NULL Additive 0.49886 0.285467 0.051 1000 0.49886 0.285467 0.051 1000
0.025 NULL Codominant 0.509016 0.289542 0.053 1000 0.509016 0.289542 0.053 1000
0.025 NULL Dominant 0.507691 0.291168 0.053 1000 0.507691 0.291168 0.053 1000
0.025 NULL Recessive 0.494328 0.288449 0.052 1000 0.494328 0.288449 0.052 1000
0.025 NULL Weighted 0.507408 0.289125 0.042 1000 0.507408 0.289125 0.042 1000
0.025 REC_+_ADD Additive 0.498548 0.284421 0.0450902 998 0.498883 0.284586 0.045 1000
0.025 REC_+_ADD Codominant 0.493854 0.288252 0.0450902 998 0.493605 0.288215 0.045045 999
0.025 REC_+_ADD Dominant 0.490386 0.284211 0.0380762 998 0.490301 0.284082 0.038038 999
0.025 REC Additive 0.50474 0.281313 0.048048 999 0.504599 0.281207 0.048 1000
0.025 REC_+_ADD Recessive 0.507047 0.289793 0.0480962 998 0.506648 0.289922 0.048048 999
0.025 REC_+_ADD Weighted 0.491437 0.283976 0.0380762 998 0.490544 0.284394 0.039 1000
0.025 REC Codominant 0.50038 0.286691 0.044044 999 0.50038 0.286691 0.044044 999
0.025 REC_+_DOM Additive 0.494845 0.287738 0.0571142 998 0.494313 0.287697 0.057 1000
0.025 REC_+_DOM Codominant 0.496967 0.288846 0.0531062 998 0.496967 0.288846 0.0531062 998
0.025 REC_+_DOM Dominant 0.486312 0.286976 0.0470942 998 0.486884 0.286977 0.047 1000
0.025 REC Dominant 0.493085 0.286001 0.048048 999 0.492887 0.285927 0.048 1000
0.025 REC_+_DOM Recessive 0.505313 0.285172 0.0480962 998 0.505313 0.285172 0.0480962 998
0.025 REC_+_DOM Weighted 0.498739 0.284629 0.0460922 998 0.498565 0.284768 0.046 1000
0.025 REC_+_HET Additive 0.499043 0.287335 0.042042 999 0.498594 0.287542 0.042 1000
0.025 REC_+_HET Codominant 0.491535 0.290698 0.0550551 999 0.491535 0.290698 0.0550551 999
0.025 REC_+_HET Dominant 0.505829 0.289788 0.039039 999 0.505607 0.289729 0.039 1000
0.025 REC_+_HET Recessive 0.490544 0.287044 0.0510511 999 0.490544 0.287044 0.0510511 999
0.025 REC_+_HET Weighted 0.508516 0.285399 0.042042 999 0.508376 0.285291 0.042 1000
0.025 REC_+_REC Additive 0.502365 0.278302 0.0481928 996 0.5012 0.278431 0.049 1000
0.025 REC_+_REC Codominant 0.497345 0.287298 0.0562249 996 0.497345 0.287298 0.0562249 996
0.025 REC_+_REC Dominant 0.503151 0.290205 0.0451807 996 0.50239 0.290303 0.045 1000
0.025 REC Recessive 0.502827 0.293333 0.042042 999 0.502827 0.293333 0.042042 999
0.025 REC_+_REC Recessive 0.496668 0.292116 0.062249 996 0.496668 0.292116 0.062249 996
0.025 REC_+_REC Weighted 0.505147 0.284715 0.0502008 996 0.503136 0.285912 0.054 1000
0.025 REC_+_SUB Additive 0.50035 0.286967 0.0512563 995 0.498841 0.287513 0.053 1000
0.025 REC_+_SUB Codominant 0.484217 0.290845 0.0633166 995 0.484217 0.290845 0.0633166 995
0.025 REC_+_SUB Dominant 0.488656 0.285657 0.0442211 995 0.48825 0.285821 0.044 1000
0.025 REC_+_SUB Recessive 0.495696 0.295928 0.0552764 995 0.495696 0.295928 0.0552764 995
0.025 REC_+_SUB Weighted 0.495114 0.287926 0.0512563 995 0.495468 0.288672 0.052 1000
0.025 REC Weighted 0.506741 0.290891 0.0540541 999 0.506313 0.291061 0.054 1000
0.025 SUB Additive 0.5141 0.284373 0.04004 999 0.51416 0.284237 0.04 1000
0.025 SUB Codominant 0.502243 0.284621 0.046046 999 0.502243 0.284621 0.046046 999
0.025 SUB Dominant 0.505072 0.280893 0.037037 999 0.50522 0.280791 0.037 1000
0.025 SUB Recessive 0.490888 0.286503 0.0550551 999 0.490888 0.286503 0.0550551 999
0.025 SUB_+_SUB Additive 0.506644 0.284598 0.0300903 997 0.506176 0.28436 0.03 1000
0.025 SUB_+_SUB Codominant 0.503594 0.289635 0.0441324 997 0.503594 0.289635 0.0441324 997
0.025 SUB_+_SUB Dominant 0.513001 0.281961 0.0371113 997 0.512508 0.282156 0.038 1000
0.025 SUB_+_SUB Recessive 0.503751 0.290531 0.0491474 997 0.503751 0.290531 0.0491474 997
0.025 SUB_+_SUB Weighted 0.497987 0.28671 0.0431294 997 0.4967 0.28726 0.045 1000
0.025 SUB Weighted 0.512824 0.292252 0.048048 999 0.512312 0.292554 0.049 1000
0.025 SUP_+_ADD Additive 0.504208 0.291187 0.041041 999 0.503729 0.291434 0.042 1000
0.025 SUP_+_ADD Codominant 0.506773 0.288071 0.0550551 999 0.506773 0.288071 0.0550551 999
0.025 SUP_+_ADD Dominant 0.493767 0.283667 0.0510511 999 0.493629 0.283558 0.051 1000
0.025 SUP Additive 0.504388 0.291244 0.048048 999 0.504475 0.291111 0.048 1000
0.025 SUP_+_ADD Recessive 0.500143 0.289149 0.047047 999 0.500143 0.289149 0.047047 999
0.025 SUP_+_ADD Weighted 0.506866 0.291686 0.047047 999 0.506365 0.29197 0.048 1000
0.025 SUP Codominant 0.492611 0.288486 0.0560561 999 0.492611 0.288486 0.0560561 999
0.025 SUP_+_DOM Additive 0.512498 0.29236 0.0541625 997 0.512235 0.292199 0.054 1000
0.025 SUP_+_DOM Codominant 0.496194 0.295755 0.0461384 997 0.496194 0.295755 0.0461384 997
0.025 SUP_+_DOM Dominant 0.51134 0.297679 0.0631896 997 0.511042 0.297319 0.063 1000
0.025 SUP Dominant 0.489218 0.293166 0.0570571 999 0.489532 0.293187 0.057 1000
0.025 SUP_+_DOM Recessive 0.496997 0.287434 0.0461384 997 0.496997 0.287434 0.0461384 997
0.025 SUP_+_DOM Weighted 0.498037 0.295205 0.0561685 997 0.498197 0.295366 0.056 1000
0.025 SUP_+_HET Additive 0.497704 0.291569 0.0531062 998 0.498361 0.291646 0.053 1000
0.025 SUP_+_HET Codominant 0.496466 0.291278 0.0480962 998 0.496718 0.291461 0.048 1000
0.025 SUP_+_HET Dominant 0.497363 0.293041 0.0470942 998 0.497712 0.29296 0.047 1000
0.025 SUP_+_HET Recessive 0.493758 0.289401 0.0460922 998 0.493758 0.289401 0.0460922 998
0.025 SUP_+_HET Weighted 0.488279 0.296545 0.0711423 998 0.488434 0.296692 0.071 1000
0.025 SUP_+_REC Additive 0.493329 0.284741 0.0500501 999 0.492921 0.284891 0.05 1000
0.025 SUP_+_REC Codominant 0.497349 0.288747 0.049049 999 0.497349 0.288747 0.049049 999
0.025 SUP_+_REC Dominant 0.50555 0.293518 0.0540541 999 0.50525 0.293524 0.054 1000
0.025 SUP Recessive 0.510538 0.291772 0.046046 999 0.510538 0.291772 0.046046 999
0.025 SUP_+_REC Recessive 0.49212 0.29174 0.0640641 999 0.49212 0.29174 0.0640641 999
0.025 SUP_+_REC Weighted 0.498654 0.288393 0.0530531 999 0.49816 0.288671 0.054 1000
0.025 SUP_+_SUB Additive 0.493968 0.291561 0.0490982 998 0.493094 0.291924 0.05 1000
0.025 SUP_+_SUB Codominant 0.490147 0.285156 0.0541082 998 0.490147 0.285156 0.0541082 998
0.025 SUP_+_SUB Dominant 0.493582 0.291594 0.0611222 998 0.493617 0.291305 0.061 1000
0.025 SUP_+_SUB Recessive 0.510504 0.299903 0.0511022 998 0.510504 0.299903 0.0511022 998
0.025 SUP_+_SUB Weighted 0.501651 0.289395 0.0450902 998 0.500959 0.289589 0.046 1000
0.025 SUP_+_SUP Additive 0.489123 0.289951 0.045045 999 0.489311 0.289867 0.045 1000
0.025 SUP_+_SUP Codominant 0.495641 0.286152 0.0570571 999 0.495641 0.286152 0.0570571 999
0.025 SUP_+_SUP Dominant 0.492608 0.292309 0.0590591 999 0.492616 0.292162 0.059 1000
0.025 SUP_+_SUP Recessive 0.499142 0.285757 0.0520521 999 0.499142 0.285757 0.0520521 999
0.025 SUP_+_SUP Weighted 0.496573 0.290553 0.047047 999 0.496551 0.290409 0.047 1000
0.025 SUP Weighted 0.501038 0.291036 0.0610611 999 0.501277 0.290989 0.061 1000
0.05 ADD_+_ADD Additive 0.500584 0.283982 0.0384226 989 0.501096 0.283394 0.038 1000
0.05 ADD_+_ADD Codominant 0.499338 0.29159 0.0586451 989 0.499338 0.29159 0.0586451 989
0.05 ADD_+_ADD Dominant 0.498215 0.284124 0.0515672 989 0.498762 0.283352 0.051 1000
0.05 ADD Additive 0.478281 0.289671 0.0590591 999 0.477933 0.289736 0.059 1000
0.05 ADD_+_ADD Recessive 0.500667 0.292032 0.0515672 989 0.500667 0.292032 0.0515672 989
0.05 ADD_+_ADD Weighted 0.506815 0.285381 0.0364004 989 0.506837 0.285353 0.036 1000
0.05 ADD Codominant 0.482633 0.288 0.046046 999 0.482633 0.288 0.046046 999
0.05 ADD_+_DOM Additive 0.493954 0.289789 0.0461384 997 0.4938 0.289898 0.046 1000
0.05 ADD_+_DOM Codominant 0.490188 0.284848 0.0501505 997 0.490235 0.284709 0.0501002 998
0.05 ADD_+_DOM Dominant 0.507168 0.287883 0.0481444 997 0.50759 0.288012 0.048 1000
0.05 ADD Dominant 0.472591 0.290327 0.0770771 999 0.472309 0.290318 0.077 1000
0.05 ADD_+_DOM Recessive 0.497966 0.293772 0.0611836 997 0.497966 0.293772 0.0611836 997
0.05 ADD_+_DOM Weighted 0.500766 0.286733 0.0431294 997 0.500973 0.286859 0.043 1000
0.05 ADD_+_HET Additive 0.488472 0.29101 0.0590591 999 0.488359 0.290886 0.059 1000
0.05 ADD_+_HET Codominant 0.501684 0.286781 0.0560561 999 0.501684 0.286781 0.0560561 999
0.05 ADD_+_HET Dominant 0.510958 0.297187 0.0520521 999 0.511102 0.297073 0.052 1000
0.05 ADD_+_HET Recessive 0.500764 0.286631 0.04004 999 0.500764 0.286631 0.04004 999
0.05 ADD_+_HET Weighted 0.506535 0.284436 0.045045 999 0.506571 0.284296 0.045 1000
0.05 ADD Recessive 0.501943 0.278562 0.047047 999 0.501943 0.278562 0.047047 999
0.05 ADD_+_SUB Additive 0.489287 0.282758 0.0453172 993 0.490335 0.282759 0.045 1000
0.05 ADD_+_SUB Codominant 0.485051 0.288455 0.0463243 993 0.485051 0.288455 0.0463243 993
0.05 ADD_+_SUB Dominant 0.494181 0.289815 0.0594159 993 0.493779 0.28983 0.059 1000
0.05 ADD_+_SUB Recessive 0.488978 0.283434 0.0443102 993 0.488978 0.283434 0.0443102 993
0.05 ADD_+_SUB Weighted 0.497477 0.29126 0.0473313 993 0.498732 0.290909 0.047 1000
0.05 ADD Weighted 0.49323 0.287842 0.047047 999 0.493012 0.28778 0.047 1000
0.05 DOM Additive 0.487031 0.292779 0.0633166 995 0.486596 0.292681 0.063 1000
0.05 DOM Codominant 0.49722 0.293845 0.0633166 995 0.497152 0.293705 0.063253 996
0.05 DOM_+_DOM Additive 0.501586 0.288598 0.06 1000 0.501586 0.288598 0.06 1000
0.05 DOM_+_DOM Codominant 0.49411 0.291812 0.064 1000 0.49411 0.291812 0.064 1000
0.05 DOM_+_DOM Dominant 0.499144 0.283314 0.053 1000 0.499144 0.283314 0.053 1000
0.05 DOM Dominant 0.496604 0.292386 0.0603015 995 0.496965 0.292787 0.06 1000
0.05 DOM_+_DOM Recessive 0.491632 0.290486 0.053 1000 0.491632 0.290486 0.053 1000
0.05 DOM_+_DOM Weighted 0.495925 0.285477 0.052 1000 0.495925 0.285477 0.052 1000
0.05 DOM Recessive 0.496843 0.286745 0.0623116 995 0.496843 0.286745 0.0623116 995
0.05 DOM_+_SUB Additive 0.48815 0.288773 0.0503525 993 0.487701 0.289554 0.052 1000
0.05 DOM_+_SUB Codominant 0.493423 0.291212 0.0493454 993 0.493423 0.291212 0.0493454 993
0.05 DOM_+_SUB Dominant 0.498073 0.292737 0.0422961 993 0.498038 0.293342 0.042 1000
0.05 DOM_+_SUB Recessive 0.493851 0.290051 0.0483384 993 0.493851 0.290051 0.0483384 993
0.05 DOM_+_SUB Weighted 0.496281 0.294294 0.0443102 993 0.496913 0.294545 0.044 1000
0.05 DOM Weighted 0.48096 0.284982 0.0613065 995 0.48051 0.28475 0.061 1000
0.05 HET Additive 0.482344 0.291827 0.0691383 998 0.482017 0.291895 0.07 1000
0.05 HET Codominant 0.483026 0.289127 0.0571142 998 0.483026 0.289127 0.0571142 998
0.05 HET_+_DOM Additive 0.493479 0.286664 0.056 1000 0.493479 0.286664 0.056 1000
0.05 HET_+_DOM Codominant 0.503978 0.289093 0.055 1000 0.503978 0.289093 0.055 1000
0.05 HET_+_DOM Dominant 0.498818 0.287452 0.042 1000 0.498818 0.287452 0.042 1000
0.05 HET Dominant 0.483159 0.29106 0.0501002 998 0.482936 0.290907 0.05 1000
0.05 HET_+_DOM Recessive 0.496344 0.296691 0.058 1000 0.496344 0.296691 0.058 1000
0.05 HET_+_DOM Weighted 0.490378 0.288616 0.054 1000 0.490378 0.288616 0.054 1000
0.05 HET_+_HET Additive 0.49327 0.29023 0.0560561 999 0.492877 0.290351 0.056 1000
0.05 HET_+_HET Codominant 0.504336 0.286068 0.045045 999 0.504336 0.286068 0.045045 999
0.05 HET_+_HET Dominant 0.507069 0.290784 0.049049 999 0.507266 0.290705 0.049 1000
0.05 HET_+_HET Recessive 0.489612 0.287226 0.0630631 999 0.489612 0.287226 0.0630631 999
0.05 HET_+_HET Weighted 0.5064 0.290866 0.042042 999 0.506123 0.290852 0.042 1000
0.05 HET Recessive 0.474943 0.291212 0.0661323 998 0.474943 0.291212 0.0661323 998
0.05 HET_+_SUB Additive 0.492046 0.293719 0.0550551 999 0.491804 0.293672 0.055 1000
0.05 HET_+_SUB Codominant 0.502132 0.296147 0.0500501 999 0.502132 0.296147 0.0500501 999
0.05 HET_+_SUB Dominant 0.506669 0.286705 0.044044 999 0.506771 0.286579 0.044 1000
0.05 HET_+_SUB Recessive 0.501958 0.288103 0.0540541 999 0.501958 0.288103 0.0540541 999
0.05 HET_+_SUB Weighted 0.509169 0.287931 0.046046 999 0.509213 0.287791 0.046 1000
0.05 HET Weighted 0.501469 0.287151 0.0490982 998 0.502211 0.287346 0.049 1000
0.05 NULL Additive 0.485658 0.288781 0.0620621 999 0.485871 0.288715 0.062 1000
0.05 NULL Codominant 0.482774 0.294633 0.0500501 999 0.482774 0.294633 0.0500501 999
0.05 NULL Dominant 0.495749 0.301055 0.0560561 999 0.495413 0.301091 0.056 1000
0.05 NULL Recessive 0.495455 0.291916 0.0640641 999 0.495455 0.291916 0.0640641 999
0.05 NULL Weighted 0.493255 0.292727 0.0510511 999 0.492767 0.292988 0.052 1000
0.05 REC_+_ADD Additive 0.487744 0.274669 0.0447609 983 0.486876 0.27448 0.045 1000
0.05 REC_+_ADD Codominant 0.502769 0.278859 0.0467955 983 0.502769 0.278859 0.0467955 983
0.05 REC_+_ADD Dominant 0.496663 0.286056 0.0549339 983 0.496047 0.285814 0.054 1000
0.05 REC Additive 0.49997 0.291015 0.0584089 993 0.498521 0.291222 0.058 1000
0.05 REC_+_ADD Recessive 0.502127 0.284237 0.0417091 983 0.502127 0.284237 0.0417091 983
0.05 REC_+_ADD Weighted 0.495119 0.285497 0.0447609 983 0.495735 0.285961 0.045 1000
0.05 REC Codominant 0.486255 0.291928 0.0664653 993 0.486255 0.291928 0.0664653 993
0.05 REC_+_DOM Additive 0.503037 0.28343 0.0521565 997 0.502366 0.283551 0.053 1000
0.05 REC_+_DOM Codominant 0.493101 0.291233 0.0672016 997 0.493101 0.291233 0.0672016 997
0.05 REC_+_DOM Dominant 0.496513 0.282182 0.0521565 997 0.497163 0.282181 0.052 1000
0.05 REC Dominant 0.486762 0.290527 0.0513595 993 0.48715 0.2905 0.051 1000
0.05 REC_+_DOM Recessive 0.481524 0.290353 0.0521565 997 0.481524 0.290353 0.0521565 997
0.05 REC_+_DOM Weighted 0.508799 0.294141 0.0481444 997 0.509029 0.29446 0.048 1000
0.05 REC_+_HET Additive 0.497185 0.290695 0.049 1000 0.497185 0.290695 0.049 1000
0.05 REC_+_HET Codominant 0.488804 0.289898 0.059 1000 0.488804 0.289898 0.059 1000
0.05 REC_+_HET Dominant 0.508532 0.287676 0.042 1000 0.508532 0.287676 0.042 1000
0.05 REC_+_HET Recessive 0.493297 0.2939 0.064 1000 0.493297 0.2939 0.064 1000
0.05 REC_+_HET Weighted 0.489885 0.282634 0.04 1000 0.489885 0.282634 0.04 1000
0.05 REC_+_REC Additive 0.518322 0.285299 0.0498474 983 0.517985 0.284847 0.049 1000
0.05 REC_+_REC Codominant 0.508419 0.286192 0.0437436 983 0.508419 0.286192 0.0437436 983
0.05 REC_+_REC Dominant 0.509901 0.286346 0.0447609 983 0.510875 0.287216 0.044 1000
0.05 REC Recessive 0.510661 0.298154 0.0543807 993 0.510661 0.298154 0.0543807 993
0.05 REC_+_REC Recessive 0.504293 0.290437 0.0488301 983 0.504293 0.290437 0.0488301 983
0.05 REC_+_REC Weighted 0.503094 0.290435 0.0447609 983 0.49618 0.2931 0.054 1000
0.05 REC_+_SUB Additive 0.48837 0.282399 0.0486815 986 0.488823 0.282947 0.049 1000
0.05 REC_+_SUB Codominant 0.490619 0.277746 0.0456389 986 0.490619 0.277746 0.0456389 986
0.05 REC_+_SUB Dominant 0.488821 0.287231 0.0446247 986 0.489796 0.286855 0.044 1000
0.05 REC_+_SUB Recessive 0.499126 0.280484 0.0294118 986 0.499126 0.280484 0.0294118 986
0.05 REC_+_SUB Weighted 0.496305 0.284061 0.0385396 986 0.490847 0.286216 0.045 1000
0.05 REC Weighted 0.499963 0.290604 0.0473313 993 0.499545 0.291497 0.048 1000
0.05 SUB Additive 0.505707 0.292998 0.0451807 996 0.506276 0.293207 0.045 1000
0.05 SUB Codominant 0.503907 0.288982 0.061245 996 0.503907 0.288982 0.061245 996
0.05 SUB Dominant 0.494565 0.286393 0.0451807 996 0.495544 0.286449 0.045 1000
0.05 SUB Recessive 0.508978 0.29812 0.063253 996 0.508978 0.29812 0.063253 996
0.05 SUB_+_SUB Additive 0.508952 0.292804 0.0417091 983 0.508644 0.293274 0.043 1000
0.05 SUB_+_SUB Codominant 0.513748 0.289593 0.0406918 983 0.513748 0.289593 0.0406918 983
0.05 SUB_+_SUB Dominant 0.506873 0.292009 0.0590031 983 0.506281 0.292954 0.06 1000
0.05 SUB_+_SUB Recessive 0.508643 0.287266 0.0325534 983 0.508643 0.287266 0.0325534 983
0.05 SUB_+_SUB Weighted 0.510007 0.28736 0.0386572 983 0.503165 0.289852 0.043 1000
0.05 SUB Weighted 0.498261 0.290992 0.0491968 996 0.497297 0.291679 0.051 1000
0.05 SUP_+_ADD Additive 0.50092 0.291666 0.0501002 998 0.500787 0.291402 0.05 1000
0.05 SUP_+_ADD Codominant 0.488616 0.289313 0.0571142 998 0.488616 0.289313 0.0571142 998
0.05 SUP_+_ADD Dominant 0.495372 0.28752 0.0561122 998 0.49542 0.287997 0.056 1000
0.05 SUP Additive 0.493019 0.290919 0.0472362 995 0.493033 0.290748 0.047 1000
0.05 SUP_+_ADD Recessive 0.489488 0.287445 0.0551102 998 0.489488 0.287445 0.0551102 998
0.05 SUP_+_ADD Weighted 0.499535 0.291152 0.0531062 998 0.499951 0.291093 0.053 1000
0.05 SUP Codominant 0.495837 0.284108 0.040201 995 0.495837 0.284108 0.040201 995
0.05 SUP_+_DOM Additive 0.505147 0.295475 0.0512563 995 0.505067 0.295833 0.052 1000
0.05 SUP_+_DOM Codominant 0.499971 0.288789 0.0482412 995 0.499971 0.288789 0.0482412 995
0.05 SUP_+_DOM Dominant 0.5041 0.283976 0.0442211 995 0.503152 0.284027 0.044 1000
0.05 SUP Dominant 0.492497 0.286839 0.0432161 995 0.492758 0.286612 0.043 1000
0.05 SUP_+_DOM Recessive 0.499534 0.288661 0.0492462 995 0.499534 0.288661 0.0492462 995
0.05 SUP_+_DOM Weighted 0.496748 0.289479 0.0462312 995 0.496008 0.289601 0.047 1000
0.05 SUP_+_HET Additive 0.475938 0.287576 0.0601805 997 0.475548 0.288158 0.061 1000
0.05 SUP_+_HET Codominant 0.486849 0.290051 0.0561685 997 0.486849 0.290051 0.0561685 997
0.05 SUP_+_HET Dominant 0.498814 0.291875 0.0491474 997 0.499926 0.292171 0.049 1000
0.05 SUP_+_HET Recessive 0.487872 0.290013 0.0551655 997 0.487872 0.290013 0.0551655 997
0.05 SUP_+_HET Weighted 0.503699 0.287508 0.0461384 997 0.503266 0.287402 0.046 1000
0.05 SUP_+_REC Additive 0.505998 0.291248 0.0514113 992 0.504909 0.291375 0.052 1000
0.05 SUP_+_REC Codominant 0.505892 0.286587 0.0453629 992 0.505892 0.286587 0.0453629 992
0.05 SUP_+_REC Dominant 0.51302 0.286213 0.0413306 992 0.512636 0.286112 0.042 1000
0.05 SUP Recessive 0.49676 0.290964 0.0432161 995 0.49676 0.290964 0.0432161 995
0.05 SUP_+_REC Recessive 0.503926 0.290388 0.047379 992 0.503926 0.290388 0.047379 992
0.05 SUP_+_REC Weighted 0.490222 0.278446 0.047379 992 0.489254 0.279234 0.048 1000
0.05 SUP_+_SUB Additive 0.500426 0.289945 0.0443102 993 0.498876 0.290614 0.046 1000
0.05 SUP_+_SUB Codominant 0.511615 0.290799 0.0382679 993 0.511615 0.290799 0.0382679 993
0.05 SUP_+_SUB Dominant 0.510088 0.286347 0.0473313 993 0.509837 0.286581 0.048 1000
0.05 SUP_+_SUB Recessive 0.498209 0.28831 0.0422961 993 0.498209 0.28831 0.0422961 993
0.05 SUP_+_SUB Weighted 0.50175 0.288791 0.0483384 993 0.500456 0.289433 0.049 1000
0.05 SUP_+_SUP Additive 0.499646 0.285701 0.0552764 995 0.498527 0.286216 0.057 1000
0.05 SUP_+_SUP Codominant 0.48298 0.291538 0.0572864 995 0.48298 0.291538 0.0572864 995
0.05 SUP_+_SUP Dominant 0.496457 0.286246 0.0492462 995 0.496112 0.286069 0.049 1000
0.05 SUP_+_SUP Recessive 0.48977 0.285664 0.0592965 995 0.48977 0.285664 0.0592965 995
0.05 SUP_+_SUP Weighted 0.505849 0.291951 0.0482412 995 0.506104 0.292182 0.048 1000
0.05 SUP Weighted 0.505371 0.295243 0.0532663 995 0.505191 0.295315 0.053 1000
0.075 ADD_+_ADD Additive 0.504027 0.288628 0.0463918 970 0.502411 0.289087 0.048 1000
0.075 ADD_+_ADD Codominant 0.498918 0.284396 0.0505155 970 0.498918 0.284396 0.0505155 970
0.075 ADD_+_ADD Dominant 0.490215 0.291911 0.0680412 970 0.489883 0.292627 0.07 1000
0.075 ADD Additive 0.507227 0.283231 0.0494949 990 0.505911 0.283753 0.05 1000
0.075 ADD_+_ADD Recessive 0.5123 0.286689 0.0412371 970 0.5123 0.286689 0.0412371 970
0.075 ADD_+_ADD Weighted 0.500783 0.285845 0.0443299 970 0.498935 0.286387 0.045 1000
0.075 ADD Codominant 0.511882 0.291868 0.0464646 990 0.511882 0.291868 0.0464646 990
0.075 ADD_+_DOM Additive 0.468807 0.293308 0.0717897 989 0.467277 0.293198 0.071 1000
0.075 ADD_+_DOM Codominant 0.489686 0.290918 0.049545 989 0.489686 0.290918 0.049545 989
0.075 ADD_+_DOM Dominant 0.479398 0.291583 0.0667341 989 0.480784 0.291787 0.066 1000
0.075 ADD Dominant 0.501693 0.288955 0.0464646 990 0.502601 0.28943 0.047 1000
0.075 ADD_+_DOM Recessive 0.490436 0.284945 0.0566229 989 0.490436 0.284945 0.0566229 989
0.075 ADD_+_DOM Weighted 0.478713 0.288143 0.0525784 989 0.479806 0.288097 0.052 1000
0.075 ADD_+_HET Additive 0.483716 0.296753 0.054 1000 0.483716 0.296753 0.054 1000
0.075 ADD_+_HET Codominant 0.494588 0.294056 0.05 1000 0.494588 0.294056 0.05 1000
0.075 ADD_+_HET Dominant 0.482044 0.289998 0.056 1000 0.482044 0.289998 0.056 1000
0.075 ADD_+_HET Recessive 0.498051 0.289576 0.057 1000 0.498051 0.289576 0.057 1000
0.075 ADD_+_HET Weighted 0.492283 0.28466 0.043 1000 0.492283 0.28466 0.043 1000
0.075 ADD Recessive 0.496261 0.282804 0.0454545 990 0.496261 0.282804 0.0454545 990
0.075 ADD_+_SUB Additive 0.499031 0.291157 0.0467775 962 0.499824 0.291038 0.046 1000
0.075 ADD_+_SUB Codominant 0.503452 0.28821 0.045738 962 0.503452 0.28821 0.045738 962
0.075 ADD_+_SUB Dominant 0.481921 0.295078 0.0582121 962 0.483729 0.294719 0.056 1000
0.075 ADD_+_SUB Recessive 0.514279 0.284942 0.031185 962 0.514279 0.284942 0.031185 962
0.075 ADD_+_SUB Weighted 0.510605 0.289506 0.045738 962 0.505783 0.290788 0.048 1000
0.075 ADD Weighted 0.505546 0.281909 0.0525253 990 0.504795 0.283097 0.055 1000
0.075 DOM Additive 0.477512 0.291536 0.0561122 998 0.477176 0.291647 0.057 1000
0.075 DOM Codominant 0.49189 0.289577 0.0521042 998 0.49189 0.289577 0.0521042 998
0.075 DOM_+_DOM Additive 0.472861 0.290333 0.0574018 993 0.470469 0.29092 0.06 1000
0.075 DOM_+_DOM Codominant 0.504217 0.290881 0.0574018 993 0.504217 0.290881 0.0574018 993
0.075 DOM_+_DOM Dominant 0.497583 0.279718 0.0513595 993 0.497717 0.279751 0.051 1000
0.075 DOM Dominant 0.486101 0.291038 0.0621242 998 0.485568 0.291148 0.063 1000
0.075 DOM_+_DOM Recessive 0.509845 0.286998 0.0422961 993 0.509845 0.286998 0.0422961 993
0.075 DOM_+_DOM Weighted 0.502883 0.282614 0.0533736 993 0.502967 0.282579 0.053 1000
0.075 DOM Recessive 0.491562 0.286855 0.0511022 998 0.491562 0.286855 0.0511022 998
0.075 DOM_+_SUB Additive 0.517809 0.285818 0.0332997 991 0.516276 0.285809 0.033 1000
0.075 DOM_+_SUB Codominant 0.491062 0.278943 0.0454087 991 0.491062 0.278943 0.0454087 991
0.075 DOM_+_SUB Dominant 0.497948 0.282894 0.0464178 991 0.498046 0.283119 0.046 1000
0.075 DOM_+_SUB Recessive 0.504281 0.28681 0.0383451 991 0.504281 0.28681 0.0383451 991
0.075 DOM_+_SUB Weighted 0.5189 0.289101 0.0403633 991 0.519527 0.288358 0.04 1000
0.075 DOM Weighted 0.483098 0.292102 0.0651303 998 0.483225 0.291838 0.065 1000
0.075 HET Additive 0.47419 0.293793 0.0750751 999 0.474329 0.293679 0.075 1000
0.075 HET Codominant 0.485451 0.291276 0.0660661 999 0.485451 0.291276 0.0660661 999
0.075 HET_+_DOM Additive 0.484905 0.285666 0.055 1000 0.484905 0.285666 0.055 1000
0.075 HET_+_DOM Codominant 0.489895 0.283563 0.049 1000 0.489895 0.283563 0.049 1000
0.075 HET_+_DOM Dominant 0.505625 0.290377 0.046 1000 0.505625 0.290377 0.046 1000
0.075 HET Dominant 0.492987 0.292264 0.047047 999 0.493303 0.292289 0.047 1000
0.075 HET_+_DOM Recessive 0.49645 0.285597 0.04 1000 0.49645 0.285597 0.04 1000
0.075 HET_+_DOM Weighted 0.491228 0.288987 0.044 1000 0.491228 0.288987 0.044 1000
0.075 HET_+_HET Additive 0.480436 0.293827 0.0571142 998 0.480169 0.293638 0.057 1000
0.075 HET_+_HET Codominant 0.494494 0.29419 0.0541082 998 0.494494 0.29419 0.0541082 998
0.075 HET_+_HET Dominant 0.501221 0.289637 0.0420842 998 0.501523 0.289487 0.042 1000
0.075 HET_+_HET Recessive 0.498463 0.293361 0.0601202 998 0.498463 0.293361 0.0601202 998
0.075 HET_+_HET Weighted 0.500465 0.288956 0.0531062 998 0.501064 0.28898 0.053 1000
0.075 HET Recessive 0.491593 0.29411 0.0700701 999 0.491593 0.29411 0.0700701 999
0.075 HET_+_SUB Additive 0.476253 0.284326 0.046 1000 0.476253 0.284326 0.046 1000
0.075 HET_+_SUB Codominant 0.490177 0.289583 0.053 1000 0.490177 0.289583 0.053 1000
0.075 HET_+_SUB Dominant 0.488147 0.291619 0.049 1000 0.488147 0.291619 0.049 1000
0.075 HET_+_SUB Recessive 0.492463 0.297965 0.066 1000 0.492463 0.297965 0.066 1000
0.075 HET_+_SUB Weighted 0.497411 0.292303 0.05 1000 0.497411 0.292303 0.05 1000
0.075 HET Weighted 0.497414 0.285546 0.046046 999 0.497225 0.285466 0.046 1000
0.075 NULL Additive 0.514441 0.298128 0.0591775 997 0.513625 0.298116 0.059 1000
0.075 NULL Codominant 0.497932 0.29224 0.0571715 997 0.497708 0.291992 0.0570571 999
0.075 NULL Dominant 0.497417 0.298334 0.0511535 997 0.49742 0.298541 0.0510511 999
0.075 NULL Recessive 0.502564 0.292024 0.0521565 997 0.50279 0.291964 0.0521042 998
0.075 NULL Weighted 0.494468 0.292096 0.0521565 997 0.494071 0.292031 0.052 1000
0.075 REC_+_ADD Additive 0.49544 0.294859 0.0692865 967 0.496711 0.29414 0.068 1000
0.075 REC_+_ADD Codominant 0.50608 0.291997 0.0382627 967 0.50608 0.291997 0.0382627 967
0.075 REC_+_ADD Dominant 0.496146 0.287508 0.0568769 967 0.497914 0.289371 0.058 1000
0.075 REC Additive 0.502297 0.28021 0.0289555 967 0.501866 0.278942 0.029 1000
0.075 REC_+_ADD Recessive 0.510087 0.283895 0.0310238 967 0.510087 0.283895 0.0310238 967
0.075 REC_+_ADD Weighted 0.502396 0.287252 0.0558428 967 0.499595 0.286586 0.056 1000
0.075 REC Codominant 0.504353 0.282101 0.0320579 967 0.504353 0.282101 0.0320579 967
0.075 REC_+_DOM Additive 0.506693 0.289701 0.0588832 985 0.505477 0.289941 0.06 1000
0.075 REC_+_DOM Codominant 0.501191 0.279816 0.0324873 985 0.501191 0.279816 0.0324873 985
0.075 REC_+_DOM Dominant 0.498844 0.286165 0.0497462 985 0.498039 0.286455 0.05 1000
0.075 REC Dominant 0.4895 0.283268 0.0392968 967 0.491974 0.282448 0.04 1000
0.075 REC_+_DOM Recessive 0.497454 0.2801 0.0375635 985 0.497454 0.2801 0.0375635 985
0.075 REC_+_DOM Weighted 0.51115 0.290138 0.0527919 985 0.510928 0.290064 0.052 1000
0.075 REC_+_HET Additive 0.482269 0.286905 0.0570571 999 0.481944 0.286945 0.057 1000
0.075 REC_+_HET Codominant 0.486613 0.286477 0.0540541 999 0.486613 0.286477 0.0540541 999
0.075 REC_+_HET Dominant 0.498694 0.285378 0.045045 999 0.498479 0.285316 0.045 1000
0.075 REC_+_HET Recessive 0.480739 0.286915 0.0570571 999 0.480739 0.286915 0.0570571 999
0.075 REC_+_HET Weighted 0.489965 0.288784 0.0550551 999 0.49007 0.288659 0.055 1000
0.075 REC_+_REC Additive 0.490906 0.289525 0.0572354 926 0.495246 0.288929 0.055 1000
0.075 REC_+_REC Codominant 0.501563 0.281669 0.037797 926 0.501563 0.281669 0.037797 926
0.075 REC_+_REC Dominant 0.504629 0.290718 0.0507559 926 0.506462 0.291408 0.049 1000
0.075 REC Recessive 0.509785 0.284521 0.0392968 967 0.509785 0.284521 0.0392968 967
0.075 REC_+_REC Recessive 0.500723 0.280586 0.0334773 926 0.500723 0.280586 0.0334773 926
0.075 REC_+_REC Weighted 0.504557 0.276571 0.0313175 926 0.47295 0.289896 0.072 1000
0.075 REC_+_SUB Additive 0.486946 0.290639 0.0564854 956 0.487583 0.28788 0.054 1000
0.075 REC_+_SUB Codominant 0.50309 0.287485 0.0523013 956 0.50309 0.287485 0.0523013 956
0.075 REC_+_SUB Dominant 0.499416 0.295136 0.0575314 956 0.498709 0.295154 0.059 1000
0.075 REC_+_SUB Recessive 0.513507 0.27617 0.0146444 956 0.513507 0.27617 0.0146444 956
0.075 REC_+_SUB Weighted 0.506249 0.280558 0.0303347 956 0.495663 0.283629 0.035 1000
0.075 REC Weighted 0.50754 0.289949 0.0610134 967 0.502673 0.292135 0.069 1000
0.075 SUB Additive 0.515988 0.287849 0.0490296 979 0.518365 0.287805 0.049 1000
0.075 SUB Codominant 0.498257 0.283133 0.0459653 979 0.498257 0.283133 0.0459653 979
0.075 SUB Dominant 0.507104 0.292052 0.0592441 979 0.508274 0.29301 0.06 1000
0.075 SUB Recessive 0.490013 0.291909 0.0429009 979 0.490013 0.291909 0.0429009 979
0.075 SUB_+_SUB Additive 0.459234 0.293843 0.0739958 946 0.465289 0.295178 0.072 1000
0.075 SUB_+_SUB Codominant 0.494389 0.282983 0.0422833 946 0.494389 0.282983 0.0422833 946
0.075 SUB_+_SUB Dominant 0.471253 0.300236 0.0750529 946 0.474302 0.300388 0.074 1000
0.075 SUB_+_SUB Recessive 0.523608 0.281587 0.038055 946 0.523608 0.281587 0.038055 946
0.075 SUB_+_SUB Weighted 0.506564 0.287355 0.0443975 946 0.497577 0.28874 0.048 1000
0.075 SUB Weighted 0.495201 0.279595 0.040858 979 0.492635 0.279296 0.041 1000
0.075 SUP_+_ADD Additive 0.490895 0.288636 0.0614919 992 0.48881 0.289392 0.064 1000
0.075 SUP_+_ADD Codominant 0.483039 0.284521 0.0403226 992 0.483039 0.284521 0.0403226 992
0.075 SUP_+_ADD Dominant 0.485243 0.289918 0.0554435 992 0.485723 0.289893 0.055 1000
0.075 SUP Additive 0.493339 0.288506 0.0511535 997 0.492264 0.288916 0.053 1000
0.075 SUP_+_ADD Recessive 0.49937 0.287269 0.047379 992 0.49937 0.287269 0.047379 992
0.075 SUP_+_ADD Weighted 0.489005 0.289069 0.0564516 992 0.487818 0.289309 0.059 1000
0.075 SUP Codominant 0.490776 0.295514 0.0531595 997 0.490776 0.295514 0.0531595 997
0.075 SUP_+_DOM Additive 0.479477 0.285121 0.0613682 994 0.479003 0.286064 0.061 1000
0.075 SUP_+_DOM Codominant 0.486353 0.288922 0.0472837 994 0.486353 0.288922 0.0472837 994
0.075 SUP_+_DOM Dominant 0.488828 0.286643 0.0603622 994 0.488122 0.286501 0.06 1000
0.075 SUP Dominant 0.503733 0.286784 0.0481444 997 0.503271 0.287582 0.05 1000
0.075 SUP_+_DOM Recessive 0.502724 0.291155 0.0452716 994 0.502724 0.291155 0.0452716 994
0.075 SUP_+_DOM Weighted 0.486098 0.285125 0.0492958 994 0.484899 0.285056 0.049 1000
0.075 SUP_+_HET Additive 0.478592 0.291299 0.0620621 999 0.478142 0.2915 0.063 1000
0.075 SUP_+_HET Codominant 0.499419 0.286684 0.046046 999 0.499419 0.286684 0.046046 999
0.075 SUP_+_HET Dominant 0.490949 0.281354 0.041041 999 0.490709 0.281316 0.041 1000
0.075 SUP_+_HET Recessive 0.499513 0.293635 0.045045 999 0.499513 0.293635 0.045045 999
0.075 SUP_+_HET Weighted 0.497926 0.28383 0.046046 999 0.497705 0.283774 0.046 1000
0.075 SUP_+_REC Additive 0.498396 0.287589 0.0449898 978 0.49624 0.287954 0.047 1000
0.075 SUP_+_REC Codominant 0.489458 0.282014 0.0511247 978 0.489458 0.282014 0.0511247 978
0.075 SUP_+_REC Dominant 0.500799 0.287227 0.0490798 978 0.500373 0.287243 0.049 1000
0.075 SUP Recessive 0.495762 0.293122 0.0591775 997 0.495762 0.293122 0.0591775 997
0.075 SUP_+_REC Recessive 0.490972 0.28337 0.0419223 978 0.490972 0.28337 0.0419223 978
0.075 SUP_+_REC Weighted 0.496177 0.290459 0.0470348 978 0.495003 0.291833 0.049 1000
0.075 SUP_+_SUB Additive 0.486488 0.290423 0.0572597 978 0.484518 0.291391 0.061 1000
0.075 SUP_+_SUB Codominant 0.491629 0.287746 0.0490798 978 0.491629 0.287746 0.0490798 978
0.075 SUP_+_SUB Dominant 0.483324 0.293471 0.0623722 978 0.481828 0.293082 0.062 1000
0.075 SUP_+_SUB Recessive 0.50179 0.280147 0.0408998 978 0.50179 0.280147 0.0408998 978
0.075 SUP_+_SUB Weighted 0.485866 0.295308 0.0531697 978 0.483297 0.295583 0.054 1000
0.075 SUP_+_SUP Additive 0.467998 0.29346 0.0608519 986 0.466976 0.293518 0.061 1000
0.075 SUP_+_SUP Codominant 0.470602 0.286243 0.0466531 986 0.470602 0.286243 0.0466531 986
0.075 SUP_+_SUP Dominant 0.48605 0.290973 0.0649087 986 0.487233 0.29081 0.065 1000
0.075 SUP_+_SUP Recessive 0.47877 0.298207 0.0588235 986 0.47877 0.298207 0.0588235 986
0.075 SUP_+_SUP Weighted 0.480907 0.291018 0.0567951 986 0.481817 0.290969 0.057 1000
0.075 SUP Weighted 0.509093 0.285364 0.0411234 997 0.5084 0.285967 0.043 1000
0.10 ADD_+_ADD Additive 0.464601 0.292834 0.0632911 948 0.471942 0.292668 0.062 1000
0.10 ADD_+_ADD Codominant 0.469183 0.292743 0.0675105 948 0.469183 0.292743 0.0675105 948
0.10 ADD_+_ADD Dominant 0.407922 0.298625 0.117089 948 0.409629 0.298447 0.119 1000
0.10 ADD Additive 0.489355 0.283146 0.0600203 983 0.488453 0.283406 0.06 1000
0.10 ADD_+_ADD Recessive 0.531617 0.28282 0.028481 948 0.531617 0.28282 0.028481 948
0.10 ADD_+_ADD Weighted 0.459319 0.292681 0.0801688 948 0.463855 0.291155 0.078 1000
0.10 ADD Codominant 0.48806 0.285708 0.0600203 983 0.48806 0.285708 0.0600203 983
0.10 ADD_+_DOM Additive 0.504217 0.287123 0.052094 979 0.505887 0.288575 0.051 1000
0.10 ADD_+_DOM Codominant 0.515581 0.28464 0.0377937 979 0.515581 0.28464 0.0377937 979
0.10 ADD_+_DOM Dominant 0.501848 0.288184 0.0449438 979 0.498837 0.288155 0.046 1000
0.10 ADD Dominant 0.491765 0.286721 0.0559512 983 0.490891 0.286151 0.055 1000
0.10 ADD_+_DOM Recessive 0.496993 0.282926 0.0367722 979 0.496993 0.282926 0.0367722 979
0.10 ADD_+_DOM Weighted 0.514551 0.283996 0.040858 979 0.511991 0.283991 0.04 1000
0.10 ADD_+_HET Additive 0.490908 0.298538 0.066 1000 0.490908 0.298538 0.066 1000
0.10 ADD_+_HET Codominant 0.506556 0.28758 0.058 1000 0.506556 0.28758 0.058 1000
0.10 ADD_+_HET Dominant 0.469998 0.286327 0.071 1000 0.469998 0.286327 0.071 1000
0.10 ADD_+_HET Recessive 0.510711 0.290681 0.051 1000 0.510711 0.290681 0.051 1000
0.10 ADD_+_HET Weighted 0.490754 0.283993 0.044 1000 0.490754 0.283993 0.044 1000
0.10 ADD Recessive 0.495306 0.285377 0.0406918 983 0.495306 0.285377 0.0406918 983
0.10 ADD_+_SUB Additive 0.447388 0.29538 0.0842451 914 0.451893 0.295178 0.082 1000
0.10 ADD_+_SUB Codominant 0.484008 0.285946 0.04814 914 0.484008 0.285946 0.04814 914
0.10 ADD_+_SUB Dominant 0.419563 0.298942 0.112691 914 0.422583 0.30127 0.107 1000
0.10 ADD_+_SUB Recessive 0.50991 0.272511 0.0153173 914 0.50991 0.272511 0.0153173 914
0.10 ADD_+_SUB Weighted 0.491294 0.291715 0.04814 914 0.492843 0.290176 0.05 1000
0.10 ADD Weighted 0.489052 0.286917 0.0478128 983 0.488762 0.286615 0.047 1000
0.10 DOM Additive 0.469878 0.290423 0.063253 996 0.468467 0.290825 0.065 1000
0.10 DOM Codominant 0.490844 0.28778 0.0542169 996 0.490844 0.28778 0.0542169 996
0.10 DOM_+_DOM Additive 0.46195 0.296498 0.0869565 989 0.458706 0.296791 0.089 1000
0.10 DOM_+_DOM Codominant 0.495935 0.282955 0.0535895 989 0.495935 0.282955 0.0535895 989
0.10 DOM_+_DOM Dominant 0.503906 0.284769 0.0475228 989 0.506222 0.285118 0.047 1000
0.10 DOM Dominant 0.49806 0.289739 0.0532129 996 0.497949 0.289996 0.053 1000
0.10 DOM_+_DOM Recessive 0.479839 0.284564 0.0434783 989 0.479839 0.284564 0.0434783 989
0.10 DOM_+_DOM Weighted 0.499784 0.285739 0.0404449 989 0.50167 0.285884 0.04 1000
0.10 DOM Recessive 0.480198 0.289609 0.0582329 996 0.480198 0.289609 0.0582329 996
0.10 DOM_+_SUB Additive 0.496864 0.284335 0.0606372 973 0.492544 0.28559 0.063 1000
0.10 DOM_+_SUB Codominant 0.508847 0.284596 0.0503597 973 0.508847 0.284596 0.0503597 973
0.10 DOM_+_SUB Dominant 0.485638 0.293371 0.0647482 973 0.48701 0.292836 0.065 1000
0.10 DOM_+_SUB Recessive 0.511756 0.28729 0.0400822 973 0.511756 0.28729 0.0400822 973
0.10 DOM_+_SUB Weighted 0.510192 0.285908 0.0472765 973 0.506503 0.287116 0.048 1000
0.10 DOM Weighted 0.488985 0.291695 0.0532129 996 0.488614 0.2914 0.053 1000
0.10 HET Additive 0.469813 0.296992 0.0871743 998 0.469889 0.296752 0.087 1000
0.10 HET Codominant 0.490752 0.296359 0.0490982 998 0.490752 0.296359 0.0490982 998
0.10 HET_+_DOM Additive 0.463091 0.296088 0.072 1000 0.463091 0.296088 0.072 1000
0.10 HET_+_DOM Codominant 0.488761 0.287649 0.051 1000 0.488761 0.287649 0.051 1000
0.10 HET_+_DOM Dominant 0.492055 0.289665 0.065 1000 0.492055 0.289665 0.065 1000
0.10 HET Dominant 0.484846 0.289967 0.0591182 998 0.485258 0.289896 0.059 1000
0.10 HET_+_DOM Recessive 0.491525 0.294775 0.056 1000 0.491525 0.294775 0.056 1000
0.10 HET_+_DOM Weighted 0.476364 0.283916 0.054 1000 0.476364 0.283916 0.054 1000
0.10 HET_+_HET Additive 0.461488 0.295015 0.0742972 996 0.461463 0.294916 0.075 1000
0.10 HET_+_HET Codominant 0.491877 0.289656 0.0552209 996 0.491877 0.289656 0.0552209 996
0.10 HET_+_HET Dominant 0.484368 0.289172 0.0522088 996 0.484309 0.289121 0.052 1000
0.10 HET_+_HET Recessive 0.495943 0.295553 0.065261 996 0.495943 0.295553 0.065261 996
0.10 HET_+_HET Weighted 0.499577 0.278256 0.0391566 996 0.500294 0.278162 0.039 1000
0.10 HET Recessive 0.515085 0.287123 0.0450902 998 0.515085 0.287123 0.0450902 998
0.10 HET_+_SUB Additive 0.494573 0.29977 0.0591182 998 0.493809 0.299991 0.06 1000
0.10 HET_+_SUB Codominant 0.500607 0.289761 0.0551102 998 0.500607 0.289761 0.0551102 998
0.10 HET_+_SUB Dominant 0.479647 0.291287 0.0621242 998 0.479588 0.291613 0.063 1000
0.10 HET_+_SUB Recessive 0.494645 0.280991 0.0581162 998 0.494645 0.280991 0.0581162 998
0.10 HET_+_SUB Weighted 0.516175 0.288108 0.0390782 998 0.516122 0.288292 0.039 1000
0.10 HET Weighted 0.494699 0.290621 0.0490982 998 0.494463 0.290413 0.049 1000
0.10 NULL Additive 0.498529 0.290002 0.0410822 998 0.499 0.290033 0.041 1000
0.10 NULL Codominant 0.495778 0.279877 0.0420842 998 0.495807 0.279654 0.042 1000
0.10 NULL Dominant 0.507051 0.286875 0.0380762 998 0.506843 0.286807 0.038038 999
0.10 NULL Recessive 0.488256 0.282799 0.0440882 998 0.488723 0.283043 0.044044 999
0.10 NULL Weighted 0.501404 0.29126 0.0450902 998 0.50123 0.291005 0.045 1000
0.10 REC_+_ADD Additive 0.427357 0.298096 0.103333 900 0.435644 0.298271 0.097 1000
0.10 REC_+_ADD Codominant 0.495496 0.291208 0.0566667 900 0.495496 0.291208 0.0566667 900
0.10 REC_+_ADD Dominant 0.466239 0.298478 0.09 900 0.466081 0.297279 0.087 1000
0.10 REC Additive 0.506954 0.288602 0.044586 942 0.503215 0.287027 0.042 1000
0.10 REC_+_ADD Recessive 0.530092 0.271271 0.0255556 900 0.530092 0.271271 0.0255556 900
0.10 REC_+_ADD Weighted 0.496107 0.282495 0.0511111 900 0.493531 0.283645 0.049 1000
0.10 REC Codominant 0.496198 0.290473 0.052017 942 0.496198 0.290473 0.052017 942
0.10 REC_+_DOM Additive 0.496985 0.289586 0.0507246 966 0.494817 0.2902 0.052 1000
0.10 REC_+_DOM Codominant 0.499935 0.284047 0.0403727 966 0.499935 0.284047 0.0403727 966
0.10 REC_+_DOM Dominant 0.504627 0.290742 0.0507246 966 0.502501 0.291682 0.051 1000
0.10 REC Dominant 0.497254 0.293049 0.059448 942 0.497591 0.293647 0.058 1000
0.10 REC_+_DOM Recessive 0.517755 0.285678 0.0320911 966 0.517755 0.285678 0.0320911 966
0.10 REC_+_DOM Weighted 0.482469 0.277916 0.0445135 966 0.480117 0.278106 0.044 1000
0.10 REC_+_HET Additive 0.484362 0.288859 0.064 1000 0.484362 0.288859 0.064 1000
0.10 REC_+_HET Codominant 0.493814 0.287099 0.051 1000 0.493814 0.287099 0.051 1000
0.10 REC_+_HET Dominant 0.499765 0.287432 0.059 1000 0.499765 0.287432 0.059 1000
0.10 REC_+_HET Recessive 0.493912 0.286749 0.046 1000 0.493912 0.286749 0.046 1000
0.10 REC_+_HET Weighted 0.49932 0.294441 0.054 1000 0.49932 0.294441 0.054 1000
0.10 REC_+_REC Additive 0.427097 0.308676 0.102593 887 0.43227 0.307367 0.095 1000
0.10 REC_+_REC Codominant 0.520598 0.283924 0.0439684 887 0.520598 0.283924 0.0439684 887
0.10 REC_+_REC Dominant 0.495053 0.297694 0.054115 887 0.493125 0.297053 0.055 1000
0.10 REC Recessive 0.505876 0.279764 0.0360934 942 0.505876 0.279764 0.0360934 942
0.10 REC_+_REC Recessive 0.557615 0.273846 0.0214205 887 0.557615 0.273846 0.0214205 887
0.10 REC_+_REC Weighted 0.546251 0.276913 0.0214205 887 0.496527 0.297416 0.06 1000
0.10 REC_+_SUB Additive 0.371724 0.293641 0.137097 868 0.387517 0.296212 0.128 1000
0.10 REC_+_SUB Codominant 0.512397 0.286402 0.0483871 868 0.512397 0.286402 0.0483871 868
0.10 REC_+_SUB Dominant 0.474106 0.297837 0.0702765 868 0.478807 0.297652 0.071 1000
0.10 REC_+_SUB Recessive 0.535821 0.27371 0.0276498 868 0.535821 0.27371 0.0276498 868
0.10 REC_+_SUB Weighted 0.510254 0.285692 0.0414747 868 0.493927 0.291239 0.051 1000
0.10 REC Weighted 0.508428 0.291172 0.0509554 942 0.499583 0.294157 0.059 1000
0.10 SUB Additive 0.519881 0.287064 0.0478668 961 0.518615 0.286805 0.048 1000
0.10 SUB Codominant 0.507473 0.289966 0.0395421 961 0.507473 0.289966 0.0395421 961
0.10 SUB Dominant 0.485024 0.287775 0.049948 961 0.482791 0.288617 0.052 1000
0.10 SUB Recessive 0.518665 0.292213 0.0364204 961 0.518665 0.292213 0.0364204 961
0.10 SUB_+_SUB Additive 0.3751 0.302014 0.147597 874 0.387191 0.303352 0.137 1000
0.10 SUB_+_SUB Codominant 0.498416 0.294377 0.0526316 874 0.498416 0.294377 0.0526316 874
0.10 SUB_+_SUB Dominant 0.41086 0.303372 0.128146 874 0.41313 0.306347 0.13 1000
0.10 SUB_+_SUB Recessive 0.536408 0.262358 0.0114416 874 0.536408 0.262358 0.0114416 874
0.10 SUB_+_SUB Weighted 0.502357 0.291375 0.0560641 874 0.497739 0.290176 0.056 1000
0.10 SUB Weighted 0.502436 0.287017 0.057232 961 0.496995 0.288706 0.062 1000
0.10 SUP_+_ADD Additive 0.495655 0.283603 0.053125 960 0.496781 0.283397 0.053 1000
0.10 SUP_+_ADD Codominant 0.4802 0.286397 0.0760417 960 0.4802 0.286397 0.0760417 960
0.10 SUP_+_ADD Dominant 0.450652 0.297587 0.0947917 960 0.448584 0.298148 0.097 1000
0.10 SUP Additive 0.484061 0.294782 0.0645161 992 0.484114 0.295212 0.065 1000
0.10 SUP_+_ADD Recessive 0.496119 0.281322 0.034375 960 0.496119 0.281322 0.034375 960
0.10 SUP_+_ADD Weighted 0.485794 0.292577 0.0708333 960 0.486725 0.29214 0.069 1000
0.10 SUP Codominant 0.479102 0.292603 0.0614919 992 0.479102 0.292603 0.0614919 992
0.10 SUP_+_DOM Additive 0.463497 0.291711 0.0692771 996 0.462115 0.292036 0.071 1000
0.10 SUP_+_DOM Codominant 0.503388 0.288309 0.0461847 996 0.503388 0.288309 0.0461847 996
0.10 SUP_+_DOM Dominant 0.510713 0.288637 0.0502008 996 0.511557 0.288636 0.05 1000
0.10 SUP Dominant 0.496212 0.28756 0.0685484 992 0.497331 0.288133 0.068 1000
0.10 SUP_+_DOM Recessive 0.496846 0.287751 0.0461847 996 0.496846 0.287751 0.0461847 996
0.10 SUP_+_DOM Weighted 0.506637 0.288119 0.0532129 996 0.507219 0.287768 0.053 1000
0.10 SUP_+_HET Additive 0.462729 0.295914 0.076 1000 0.462729 0.295914 0.076 1000
0.10 SUP_+_HET Codominant 0.476073 0.290614 0.065 1000 0.476073 0.290614 0.065 1000
0.10 SUP_+_HET Dominant 0.486312 0.289102 0.061 1000 0.486312 0.289102 0.061 1000
0.10 SUP_+_HET Recessive 0.491234 0.286743 0.051 1000 0.491234 0.286743 0.051 1000
0.10 SUP_+_HET Weighted 0.501433 0.28978 0.055 1000 0.501433 0.28978 0.055 1000
0.10 SUP_+_REC Additive 0.47283 0.30218 0.0805439 956 0.475842 0.301148 0.079 1000
0.10 SUP_+_REC Codominant 0.514204 0.296881 0.0481172 956 0.514204 0.296881 0.0481172 956
0.10 SUP_+_REC Dominant 0.472269 0.295632 0.0774059 956 0.472384 0.295942 0.075 1000
0.10 SUP Recessive 0.503109 0.29343 0.0534274 992 0.503109 0.29343 0.0534274 992
0.10 SUP_+_REC Recessive 0.520044 0.284452 0.0230126 956 0.520044 0.284452 0.0230126 956
0.10 SUP_+_REC Weighted 0.487784 0.28753 0.0585774 956 0.485782 0.287506 0.058 1000
0.10 SUP_+_SUB Additive 0.478368 0.301629 0.0878885 933 0.484473 0.300349 0.084 1000
0.10 SUP_+_SUB Codominant 0.497505 0.283291 0.0600214 933 0.497505 0.283291 0.0600214 933
0.10 SUP_+_SUB Dominant 0.440351 0.29262 0.0889603 933 0.440624 0.291429 0.088 1000
0.10 SUP_+_SUB Recessive 0.510594 0.280918 0.0289389 933 0.510594 0.280918 0.0289389 933
0.10 SUP_+_SUB Weighted 0.494048 0.299455 0.0643087 933 0.496915 0.299909 0.064 1000
0.10 SUP_+_SUP Additive 0.497434 0.291007 0.0637205 973 0.492042 0.291439 0.067 1000
0.10 SUP_+_SUP Codominant 0.480373 0.290132 0.0668037 973 0.480373 0.290132 0.0668037 973
0.10 SUP_+_SUP Dominant 0.473306 0.291979 0.0698869 973 0.476248 0.292489 0.069 1000
0.10 SUP_+_SUP Recessive 0.495347 0.290938 0.049332 973 0.495347 0.290938 0.049332 973
0.10 SUP_+_SUP Weighted 0.487078 0.291306 0.0626927 973 0.489249 0.292102 0.063 1000
0.10 SUP Weighted 0.495988 0.284518 0.0514113 992 0.49552 0.284846 0.051 1000
