Outcome	Var1_ID	Var1_Pos	Var1_MAF	Var2_ID	Var2_Pos	Var2_MAF	Num_Missing	Num_Cases	Converged	Red_Var1_Het_Pval	Red_Var1_Het_beta	Red_Var1_Het_SE	Red_Var1_Hom_Pval	Red_Var1_Hom_beta	Red_Var1_Hom_SE	Red_Var2_Het_Pval	Red_Var2_Het_beta	Red_Var2_Het_SE	Red_Var2_Hom_Pval	Red_Var2_Hom_beta	Red_Var2_Hom_SE	Full_Var1_Het_Pval	Full_Var1_Het_beta	Full_Var1_Het_SE	Full_Var1_Hom_Pval	Full_Var1_Hom_beta	Full_Var1_Hom_SE	Full_Var2_Het_Pval	Full_Var2_Het_beta	Full_Var2_Het_SE	Full_Var2_Hom_Pval	Full_Var2_Hom_beta	Full_Var2_Hom_SE	Full_Var1_Het_Var2_Het_Pval	Full_Var1_Het_Var2_Het_beta	Full_Var1_Het_Var2_Het_SE	Full_Var1_Het_Var2_Hom_Pval	Full_Var1_Het_Var2_Hom_beta	Full_Var1_Het_Var2_Hom_SE	Full_Var1_Hom_Var2_Het_Pval	Full_Var1_Hom_Var2_Het_beta	Full_Var1_Hom_Var2_Het_SE	Full_Var1_Hom_Var2_Hom_Pval	Full_Var1_Hom_Var2_Hom_beta	Full_Var1_Hom_Var2_Hom_SE	Red_Model_Pval	Full_Model_Pval	Overall_Pval_(LRT)
1	rs1	1:1	2:0.5285	rs2	1:2	2:0.285	0	1000	0	0.999998	-0.386603	147982	0.999287	55.8582	62464.8	0.999476	53.1382	80947.9	0.999702	53.0648	141965	1	4.57837e-12	233456	1	-5.22249e-12	1.55361e+06	1	-4.56746e-13	291211	1	1.54418e-11	984373	1	2.78488e-12	755800	nan	nan	nan	0.999969	60.4058	1.58043e+06	0.999974	60.4058	1.86007e+06	1	0	1
2	rs1	1:1	2:0.5225	rs2	1:2	2:0.292	0	1000	0	0.999997	-0.571435	156118	0.999221	55.8318	57152.2	0.999495	52.4016	82863.8	0.999728	52.7175	154879	1	-4.28692e-12	264729	1	-4.15312e-12	2.1958e+06	1	1.79493e-12	246163	1	-2.32511e-11	1.26929e+06	1	4.1788e-12	703733	nan	nan	nan	0.999978	60.4058	2.20939e+06	0.999981	60.4058	2.55063e+06	1	0	1
3	rs1	1:1	2:0.52575	rs2	1:2	2:0.28575	0	1000	0	0.999993	-1.28557	139428	0.999301	49.1355	56053.1	0.999643	31.2755	69909.7	0.999499	50.2271	79930.1	1	-7.70528e-09	252842	1	1.24647e-10	1.2693e+06	1	7.92757e-10	252842	1	-1.49625e-09	1.2693e+06	1	-3.44181e-09	748155	1	-1.72334e-07	2.54653e+06	0.999977	37.0698	1.29196e+06	0.999974	60.4058	1.82668e+06	1	0	1
4	rs1	1:1	2:0.523	rs2	1:2	2:0.291	0	1000	0	0.999995	0.784422	127904	0.999227	55.9763	57744.9	0.999498	52.4233	83346.1	0.99973	52.6088	155303	1	3.43096e-12	251574	1	2.2176e-11	2.19582e+06	1	-2.25939e-12	235809	1	8.67485e-12	1.09994e+06	1	1.66933e-12	956842	nan	nan	nan	0.999978	60.4058	2.20825e+06	0.999981	60.4058	2.47314e+06	1	0	1
5	rs1	1:1	2:0.52525	rs2	1:2	2:0.28825	0	1000	0	0.999999	-0.154306	177317	0.99932	56.3366	66139.4	0.99943	54.5064	76318.8	0.99976	54.8804	182795	1	6.72773e-12	266336	1	-1.33582e-12	735481	1	9.91207e-13	251372	1	-2.34408e-11	1.55361e+06	1	3.62999e-12	814456	nan	nan	nan	0.999938	60.4058	776765	0.999972	60.4058	1.74206e+06	1	0	1
6	rs1	1:1	2:0.52525	rs2	1:2	2:0.2895	0	1000	0	0.999919	-19.3413	190916	0.999433	33.8216	47612	0.999646	30.8415	69539.2	0.99971	52.5336	144471	1	-2.80839e-09	257066	1	-2.32728e-09	1.55361e+06	1	-3.51531e-09	251429	0.999969	60.4058	1.57871e+06	1	7.22882e-09	683658	0.999982	-60.4058	2.71444e+06	0.999981	37.052	1.57196e+06	nan	nan	nan	1	0	1
7	rs1	1:1	2:0.52975	rs2	1:2	2:0.2855	0	1000	0	0.999998	-0.447678	145900	0.999284	56.012	62425	0.999483	53.1583	82015.8	0.999774	53.5432	188698	1	1.32779e-11	231651	1	2.8308e-11	1.55365e+06	1	1.09568e-12	261769	1	-3.76044e-12	2.19582e+06	1	-1.45228e-11	697595	1	1.2631e-11	3.11207e+06	0.999969	60.4058	1.57525e+06	0.999982	60.4058	2.70736e+06	1	0	1
8	rs1	1:1	2:0.52425	rs2	1:2	2:0.28275	0	1000	0	0.999919	-18.8599	185839	0.999438	33.834	48057.4	0.999644	30.8477	69135.4	0.999709	52.1422	142866	1	-1.67929e-09	251344	1	1.35305e-09	1.5536e+06	1	-5.71397e-10	254110	0.99997	60.4058	1.59005e+06	1	-6.69413e-08	961515	0.999982	-60.4058	2.72052e+06	0.999981	37.0698	1.57239e+06	nan	nan	nan	1	0	1
9	rs1	1:1	2:0.52625	rs2	1:2	2:0.28425	0	1000	0	0.999999	0.0954162	133575	0.999232	55.7872	57986	0.999486	52.3581	81349.6	0.999792	52.9492	202664	1	-6.47481e-12	239069	1	-1.02389e-11	2.19581e+06	1	-1.67838e-13	254265	1	-1.48553e-11	2.19581e+06	1	2.255e-12	806818	nan	nan	nan	0.999978	60.4058	2.21028e+06	0.999985	60.4058	3.12197e+06	1	0	1
10	rs1	1:1	2:0.52225	rs2	1:2	2:0.2855	0	1000	0	0.999997	-0.69855	172024	0.999274	56.1115	61668.8	0.999487	53.1906	82733.1	0.999782	53.4372	195648	1	-2.82217e-12	271423	1	1.1191e-12	1.5536e+06	1	4.42313e-13	247380	1	-4.24108e-11	1.5536e+06	1	-6.2797e-12	687749	nan	nan	nan	0.999969	60.4058	1.5729e+06	0.999978	60.4058	2.22524e+06	1	0	1
11	rs1	1:1	2:0.5275	rs2	1:2	2:0.28525	0	1000	0	0.999995	0.921604	133982	0.999286	56.1342	62725.2	0.99948	53.1422	81489.1	0.999769	53.4977	185006	1	1.06468e-11	231635	1	-1.63425e-13	1.55364e+06	1	9.71001e-13	251603	1	-9.62178e-12	1.55364e+06	1	-1.44301e-12	1.0364e+06	nan	nan	nan	0.999969	60.4058	1.57359e+06	0.999978	60.4058	2.21855e+06	1	0	1
12	rs1	1:1	2:0.52025	rs2	1:2	2:0.28675	0	1000	0	0.999998	-0.481906	175867	0.999279	56.0085	61961.9	0.999482	53.1304	81833.7	0.999859	54.2287	306916	0.999862	49.8899	288969	0.999287	56.059	62696.1	0.999517	53.1931	87802.5	1	-15675.2	5.08007e+20	0.999943	-53.1572	743285	nan	nan	nan	nan	nan	nan	nan	nan	nan	1	0	1
13	rs1	1:1	2:0.5235	rs2	1:2	2:0.2865	0	1000	0	0.999997	-0.555344	167117	0.999277	56.0471	61894	0.99947	53.5369	80614.6	0.999708	53.2706	145352	1	7.76709e-12	263048	1	7.04148e-12	1.26927e+06	1	3.47722e-13	263048	1	2.86433e-11	832936	1	-4.57678e-12	730660	nan	nan	nan	0.999963	60.4058	1.29594e+06	0.999969	60.4058	1.55193e+06	1	0	1
14	rs1	1:1	2:0.52575	rs2	1:2	2:0.2895	0	1000	0	0.999999	-0.254354	161178	0.999296	56.281	63772.9	0.999481	53.9033	82816.5	0.999753	54.1274	174664	1	1.12957e-11	252943	1	8.71481e-12	1.09994e+06	1	-1.93756e-12	243859	1	1.74762e-11	1.26932e+06	1	5.8844e-12	720273	nan	nan	nan	0.999957	60.4058	1.12626e+06	0.999972	60.4058	1.70629e+06	1	0	1
15	rs1	1:1	2:0.5255	rs2	1:2	2:0.2905	0	1000	0	0.999998	-0.371118	157293	0.999275	56.1635	61841.9	0.999479	53.568	82093.4	0.999726	53.6139	156102	1	8.4357e-12	252943	1	4.3876e-12	1.26932e+06	1	2.69162e-12	245089	1	1.45356e-12	1.09994e+06	1	-5.4825e-12	720690	1	7.24767e-12	2.46649e+06	0.999963	60.4058	1.29243e+06	0.999972	60.4058	1.70574e+06	1	0	1
16	rs1	1:1	2:0.527	rs2	1:2	2:0.28575	0	1000	0	1	-0.063977	134709	0.999233	55.7566	57993.5	0.999485	52.3559	81178	0.999752	52.7227	169923	1	5.24845e-12	236826	1	3.75877e-12	2.19581e+06	1	3.16688e-12	260120	1	5.14722e-12	1.55363e+06	1	-6.91947e-12	774204	nan	nan	nan	0.999978	60.4058	2.21097e+06	0.999982	60.4058	2.70626e+06	1	0	1
17	rs1	1:1	2:0.52625	rs2	1:2	2:0.28575	0	1000	0	0.999999	-0.0957248	149538	0.999282	56.0525	62280.7	0.999483	53.1527	82055.3	0.999793	53.7434	206876	1	-7.74381e-12	242545	1	-1.46372e-11	1.55362e+06	1	-4.29962e-12	255659	1	6.70825e-11	2.19581e+06	1	-8.73801e-13	774498	nan	nan	nan	0.999969	60.4058	1.57425e+06	0.999982	60.4058	2.70661e+06	1	0	1
18	rs1	1:1	2:0.52	rs2	1:2	2:0.28825	0	1000	0	1	-1.666e-12	255799	0.999798	60.4058	238788	1	-7.99361e-13	239125	1	9.84102e-13	369753	1	5.75784e-12	267847	0.999808	60.4058	251253	1	7.63478e-12	252575	1	2.22692e-11	1.26925e+06	1	-5.40012e-13	904275	nan	nan	nan	nan	nan	nan	nan	nan	nan	1	0	1
19	rs1	1:1	2:0.52125	rs2	1:2	2:0.28625	0	1000	0	0.999999	-0.298227	169104	0.999277	56.0536	61894.7	0.999484	53.1626	82196.1	0.999772	53.5571	187154	1	1.3095e-11	269565	1	5.37881e-12	1.55358e+06	1	4.63851e-13	252589	1	8.91434e-12	2.19578e+06	1	-1.84064e-11	855946	1	-7.8231e-12	3.11512e+06	0.999969	60.4058	1.57375e+06	0.999982	60.4058	2.70659e+06	1	0	1
20	rs1	1:1	2:0.52975	rs2	1:2	2:0.28575	0	1000	0	1	-1.01479e-11	214374	0.999798	60.4058	239115	1	-2.38032e-13	239019	1	3.61311e-12	395188	1	-9.02567e-12	223206	0.999808	60.4058	251167	1	-4.69313e-12	253105	1	-3.29115e-12	2.19584e+06	1	1.02212e-11	801820	nan	nan	nan	nan	nan	nan	nan	nan	nan	1	0	1
21	rs1	1:1	2:0.52125	rs2	1:2	2:0.29	0	1000	0	0.999998	0.346337	158128	0.999278	56.1198	62004.6	0.999485	53.1722	82391.5	0.999723	53.3497	153694	1	1.122e-11	264609	1	9.72378e-12	1.55359e+06	1	-7.12264e-13	251273	1	1.50357e-11	1.09987e+06	1	-7.58466e-12	964343	nan	nan	nan	0.999969	60.4058	1.57356e+06	0.999975	60.4058	1.9223e+06	1	0	1
22	rs1	1:1	2:0.528	rs2	1:2	2:0.28875	0	1000	0	0.999999	0.0914794	143995	0.999286	56.1282	62702	0.999474	53.5042	81098.9	0.999857	54.6132	304092	0.999837	50.6083	248007	0.999306	56.224	64607.6	0.999513	53.7736	88187.1	1	10675.2	5.00627e+20	0.999941	-53.722	722198	nan	nan	nan	nan	nan	nan	nan	nan	nan	1	0	1
23	rs1	1:1	2:0.52625	rs2	1:2	2:0.2865	0	1000	0	0.999998	-0.416039	154258	0.999282	55.9811	62171.6	0.999481	53.1377	81708.7	0.999784	53.7443	198416	1	-1.24195e-11	244911	1	-4.1176e-12	1.55361e+06	1	-1.15163e-12	263129	1	3.73922e-11	2.1958e+06	1	-4.88831e-13	724328	nan	nan	nan	0.999969	60.4058	1.57549e+06	0.999982	60.4058	2.7047e+06	1	0	1
24	rs1	1:1	2:0.52575	rs2	1:2	2:0.29025	0	1000	0	0.999998	-0.33104	162425	0.999301	56.191	64149.9	0.999474	53.8358	81690.1	0.999849	54.904	289609	0.999845	50.8503	261202	0.999315	56.2836	65565.1	0.9995	53.9874	86108.3	1	1334.95	6.05905e+19	0.999936	-53.9526	674947	nan	nan	nan	nan	nan	nan	nan	nan	nan	1	0	1
25	rs1	1:1	2:0.52275	rs2	1:2	2:0.28675	0	1000	0	0.999989	1.83778	136946	0.99928	56.1908	62291.5	0.999474	53.1146	80565.1	0.999752	53.3396	171562	1	1.30961e-12	250084	1	1.21005e-11	1.55361e+06	1	5.97966e-13	243710	1	-1.07523e-11	1.26929e+06	1	-1.15579e-11	1.58867e+06	nan	nan	nan	0.999969	60.4058	1.57235e+06	0.999976	60.4058	2.0291e+06	1	0	1
26	rs1	1:1	2:0.52575	rs2	1:2	2:0.28525	0	1000	0	0.999998	-0.498585	164917	0.999296	56.2395	63707.9	0.999478	53.8885	82363.6	0.999813	54.3733	232135	1	-2.91175e-12	255716	1	-9.031e-12	1.09993e+06	1	-1.36213e-12	245044	1	1.3295e-11	2.19581e+06	1	7.15139e-12	680790	nan	nan	nan	0.999957	60.4058	1.12648e+06	0.999981	60.4058	2.4818e+06	1	0	1
27	rs1	1:1	2:0.5275	rs2	1:2	2:0.286	0	1000	0	0.999999	-0.212475	149985	0.999283	56.043	62361.6	0.999467	53.5023	80139.2	0.999742	53.6732	165742	1	2.98625e-12	240218	1	-1.50244e-11	1.26931e+06	1	6.47704e-13	261657	1	1.95597e-11	1.26931e+06	1	2.30216e-12	747016	nan	nan	nan	0.999963	60.4058	1.29567e+06	0.999974	60.4058	1.82008e+06	1	0	1
28	rs1	1:1	2:0.527	rs2	1:2	2:0.289	0	1000	0	0.999999	-0.242286	149375	0.99928	56.1096	62211.2	0.999487	53.1926	82735.6	0.999723	53.2174	153225	1	-1.18362e-12	241462	1	7.41096e-12	1.55364e+06	1	3.40666e-12	254338	1	-2.01484e-11	1.09994e+06	1	4.75781e-12	744862	1	2.42934e-11	2.46534e+06	0.999969	60.4058	1.57404e+06	0.999975	60.4058	1.92577e+06	1	0	1
29	rs1	1:1	2:0.525	rs2	1:2	2:0.28825	0	1000	0	0.999994	0.926326	124416	0.999236	55.8623	58332.3	0.999488	52.3813	81614.1	0.999706	52.4108	142168	1	8.15119e-12	240203	1	1.67546e-11	2.19581e+06	1	6.54107e-12	251486	1	-9.13318e-13	1.26931e+06	1	-6.3804e-12	1.14845e+06	1	-3.60462e-12	2.54531e+06	0.999978	60.4058	2.20998e+06	0.999981	60.4058	2.55173e+06	1	0	1
30	rs1	1:1	2:0.52375	rs2	1:2	2:0.28525	0	1000	0	0.999998	0.504636	166269	0.999313	56.2475	65351.4	0.999438	54.107	76808.8	0.999792	54.6748	209587	1	-2.74453e-12	259914	1	-2.44782e-12	899125	1	-1.72795e-12	254054	1	3.42814e-11	2.19579e+06	1	-9.44134e-13	1.04375e+06	nan	nan	nan	0.999948	60.4058	933935	0.99998	60.4058	2.39097e+06	1	0	1
31	rs1	1:1	2:0.5205	rs2	1:2	2:0.28925	0	1000	0	0.999993	1.23337	148939	0.999279	56.1627	62140	0.99948	53.1274	81533.3	0.999787	53.808	201617	1	-6.97882e-12	264635	1	-2.40519e-11	1.55359e+06	1	6.37324e-13	241179	1	3.16372e-11	2.19579e+06	1	-5.30687e-13	1.31438e+06	nan	nan	nan	0.999969	60.4058	1.57198e+06	0.999982	60.4058	2.70363e+06	1	0	1
32	rs1	1:1	2:0.52525	rs2	1:2	2:0.29225	0	1000	0	0.999999	0.16618	148763	0.999278	56.2901	62218	0.999493	53.2382	83812.5	0.999712	53.0436	146953	1	2.01161e-12	247764	1	1.84741e-12	1.55366e+06	1	-2.11836e-12	235968	1	-1.3632e-11	899247	1	1.21841e-12	844388	1	9.13422e-12	1.80882e+06	0.999969	60.4058	1.57117e+06	0.999974	60.4058	1.82122e+06	1	0	1
33	rs1	1:1	2:0.5225	rs2	1:2	2:0.28475	0	1000	0	0.999936	14.6249	181262	0.999333	48.9	58458.4	0.999636	31.5416	69160	0.999499	50.6207	80552.5	1	1.16948e-09	273138	1	1.61636e-09	1.09987e+06	1	-1.54746e-09	251273	1	-1.97904e-09	1.55359e+06	1	-1.13874e-08	783262	nan	nan	nan	0.999974	37.0698	1.12563e+06	0.999975	60.4058	1.93338e+06	1	0	1
34	rs1	1:1	2:0.51875	rs2	1:2	2:0.2845	0	1000	0	0.999998	-0.411881	185142	0.999278	55.9764	61835.6	0.999463	53.4675	79416.1	0.999786	54.0296	201478	1	-9.62358e-12	290879	1	4.92051e-12	1.26921e+06	1	2.83618e-12	261164	1	-6.73472e-12	2.19575e+06	1	1.07682e-11	865511	nan	nan	nan	0.999963	60.4058	1.29557e+06	0.999981	60.4058	2.55362e+06	1	0	1
35	rs1	1:1	2:0.52875	rs2	1:2	2:0.28725	0	1000	0	1	2.65188e-12	217549	0.999793	60.4058	232314	1	-6.35936e-13	232576	1	1.38556e-12	385954	1	-4.96492e-13	227845	0.999805	60.4058	247084	1	2.06768e-12	249090	1	1.11151e-11	1.26936e+06	1	-6.39488e-13	767773	nan	nan	nan	nan	nan	nan	nan	nan	nan	1	0	1
36	rs1	1:1	2:0.5255	rs2	1:2	2:0.28225	0	1000	0	0.999998	-0.289119	142602	0.999234	55.6611	57985.7	0.999481	52.3332	80414.3	0.999785	52.8797	196175	1	-1.22824e-11	243593	1	-2.10321e-11	2.19579e+06	1	-2.15492e-12	269656	1	1.64364e-11	2.19579e+06	1	-1.38406e-12	779608	nan	nan	nan	0.999978	60.4058	2.21211e+06	0.999985	60.4058	3.12157e+06	1	0	1
37	rs1	1:1	2:0.52975	rs2	1:2	2:0.29	0	1000	0	0.999998	0.388937	153540	0.999325	56.4165	66670.9	0.999436	54.3909	76948.3	0.999851	55.412	297632	0.999832	51.6197	245278	0.999335	56.4922	67749.6	0.99947	54.5933	82243.4	1	-309.485	2.50551e+19	0.999946	-54.5593	801203	nan	nan	nan	nan	nan	nan	nan	nan	nan	1	0	1
38	rs1	1:1	2:0.52775	rs2	1:2	2:0.2875	0	1000	0	0.999999	0.203708	153374	0.999309	56.3726	65128.2	0.999458	54.0438	79546.1	0.99974	53.9886	165449	1	1.25189e-11	241586	1	1.31237e-11	984455	1	4.57212e-12	245210	1	1.40642e-11	984455	1	-2.19758e-12	804702	nan	nan	nan	0.999952	60.4058	1.01405e+06	0.999966	60.4058	1.43072e+06	1	0	1
39	rs1	1:1	2:0.528	rs2	1:2	2:0.2835	0	1000	0	0.999924	15.0089	157464	0.99935	48.5862	59627.3	0.999623	31.4519	66614.5	0.999485	50.8842	78802.1	1	2.68058e-09	237802	1	-8.53753e-11	1.0999e+06	1	1.10119e-09	273228	1	1.12432e-09	2.1958e+06	1	-1.92672e-08	901830	nan	nan	nan	0.999974	37.0551	1.13074e+06	0.999981	60.4058	2.47278e+06	1	0	1
40	rs1	1:1	2:0.528	rs2	1:2	2:0.282	0	1000	0	0.999924	15.1885	160299	0.999343	49.0695	59553.2	0.999626	31.4776	67123	0.999489	50.6929	79214.1	1	2.97278e-09	240098	1	1.22125e-09	1.0999e+06	1	1.00679e-10	273241	1	-1.86712e-09	1.55361e+06	1	9.57339e-09	813336	nan	nan	nan	0.999974	37.0657	1.13074e+06	0.999975	60.4058	1.93057e+06	1	0	1
41	rs1	1:1	2:0.5285	rs2	1:2	2:0.293	0	1000	0	0.999916	16.3806	156472	0.999303	50.6403	57954.4	0.999647	31.2801	70774.4	0.999505	50.7498	81757.1	1	-5.69346e-09	241586	1	-2.79286e-10	1.26935e+06	1	-3.65125e-09	254455	1	4.07483e-10	779729	1	1.57192e-08	679019	nan	nan	nan	0.999977	37.0498	1.29227e+06	0.999968	60.4058	1.51487e+06	1	0	1
42	rs1	1:1	2:0.528	rs2	1:2	2:0.28625	0	1000	0	1	0.0484024	142794	0.999284	56.1835	62613	0.999488	53.1753	82864.8	0.999878	54.2635	354392	0.999836	50.1003	243390	0.99929	56.2322	63218.6	0.999499	53.2591	84897.6	1	717.292	1.92525e+19	0.999939	-53.2173	692019	nan	nan	nan	nan	nan	nan	nan	nan	nan	1	0	1
43	rs1	1:1	2:0.5225	rs2	1:2	2:0.2835	0	1000	0	1	0.0725503	158355	0.99928	56.0019	62087.9	0.99948	53.1471	81582.9	0.999765	53.444	181108	1	-8.58894e-12	258325	1	5.38947e-12	1.55358e+06	1	6.41043e-13	262941	1	7.42312e-12	1.55358e+06	1	6.37623e-12	904460	nan	nan	nan	0.999969	60.4058	1.57544e+06	0.999978	60.4058	2.21899e+06	1	0	1
44	rs1	1:1	2:0.523	rs2	1:2	2:0.2905	0	1000	0	0.999997	-0.572706	154137	0.999221	55.8254	57203.7	0.999495	52.4052	82744.4	0.999726	52.5924	152877	1	-5.00701e-12	261574	1	3.71472e-11	2.1958e+06	1	-2.20851e-13	247452	1	1.47358e-12	1.26929e+06	1	-1.77196e-11	724623	1	8.14718e-12	2.54741e+06	0.999978	60.4058	2.20952e+06	0.999981	60.4058	2.55232e+06	1	0	1
45	rs1	1:1	2:0.529	rs2	1:2	2:0.2845	0	1000	0	0.999999	-0.131298	154551	0.999313	56.1486	65170.9	0.999448	53.9799	78060.8	0.999743	54.1213	167944	1	-3.61003e-12	236810	1	1.64526e-11	984403	1	1.32516e-12	269815	1	1.89996e-11	1.26931e+06	1	1.97153e-12	777515	nan	nan	nan	0.999953	60.4058	1.0203e+06	0.99997	60.4058	1.6342e+06	1	0	1
46	rs1	1:1	2:0.528	rs2	1:2	2:0.28725	0	1000	0	0.999999	-0.163075	146390	0.999286	55.9275	62498.9	0.999478	53.1134	81193.6	0.999772	53.756	188524	1	5.94558e-12	234577	1	-9.0985e-12	1.55361e+06	1	-4.35418e-12	271502	1	-7.58768e-12	2.1958e+06	1	9.48486e-12	777444	nan	nan	nan	0.999969	60.4058	1.57693e+06	0.999982	60.4058	2.70229e+06	1	0	1
47	rs1	1:1	2:0.53	rs2	1:2	2:0.286	0	1000	0	1	-0.0120282	127531	0.999235	55.7842	58182.2	0.999487	52.3692	81416.6	0.999737	52.5555	159492	1	1.25379e-11	225889	1	2.9786e-11	2.19583e+06	1	8.67806e-13	260305	1	8.51733e-12	1.26935e+06	1	-1.04627e-12	741992	nan	nan	nan	0.999978	60.4058	2.21099e+06	0.999981	60.4058	2.55445e+06	1	0	1
48	rs1	1:1	2:0.5245	rs2	1:2	2:0.28475	0	1000	0	1	-0.0465944	153668	0.99928	56.0599	62161.1	0.999483	53.156	82065.1	0.999797	53.7204	211396	1	-1.1101e-11	250041	1	1.9444e-11	1.55361e+06	1	5.51453e-12	254152	1	-2.78051e-11	2.1958e+06	1	-2.93238e-12	810137	nan	nan	nan	0.999969	60.4058	1.574e+06	0.999982	60.4058	2.70815e+06	1	0	1
49	rs1	1:1	2:0.524	rs2	1:2	2:0.28975	0	1000	0	0.999999	-0.146723	165455	0.999297	56.1518	63756.3	0.999469	53.8298	80861.8	0.999731	54.1084	160295	1	1.20129e-12	258433	1	-6.68621e-12	1.09988e+06	1	2.81508e-12	258433	1	2.09954e-11	1.26927e+06	1	-7.07467e-12	814137	nan	nan	nan	0.999957	60.4058	1.12954e+06	0.999972	60.4058	1.69973e+06	1	0	1
50	rs1	1:1	2:0.5255	rs2	1:2	2:0.28375	0	1000	0	0.999996	-0.868349	166116	0.999282	55.9195	62177.7	0.999462	53.47	79339	0.999788	53.9828	203220	1	-6.54939e-12	255464	1	-5.27223e-12	1.26926e+06	1	1.58362e-12	271358	1	-2.2026e-11	2.19578e+06	1	7.00107e-13	673893	nan	nan	nan	0.999963	60.4058	1.29766e+06	0.999981	60.4058	2.55522e+06	1	0	1
51	rs1	1:1	2:0.52475	rs2	1:2	2:0.29125	0	1000	0	0.999992	1.18562	117609	0.999235	55.97	58371.2	0.9995	52.3998	83579.3	0.999856	53.6292	297551	0.999846	49.6691	256891	0.999233	55.9678	58191.8	0.999599	52.9476	105435	1	-1269.23	3.28233e+19	0.999957	-52.8738	986464	nan	nan	nan	nan	nan	nan	nan	nan	nan	1	0	1
52	rs1	1:1	2:0.52325	rs2	1:2	2:0.29275	0	1000	0	0.999999	0.265408	152287	0.999277	56.2421	62095.4	0.999491	53.2024	83348.7	0.999731	53.4195	158730	1	7.2595e-12	255730	1	-7.14095e-13	1.55363e+06	1	-8.31113e-13	237984	1	3.2464e-11	1.09994e+06	1	-3.42837e-13	847376	nan	nan	nan	0.999969	60.4058	1.57149e+06	0.999975	60.4058	1.92301e+06	1	0	1
53	rs1	1:1	2:0.52225	rs2	1:2	2:0.291	0	1000	0	0.999998	-0.44017	169743	0.999272	56.1673	61583.8	0.99948	53.5608	82156.5	0.999744	53.8242	168015	1	-1.50836e-11	271489	1	-1.75184e-11	1.26929e+06	1	-2.59126e-13	241297	1	-3.09477e-11	1.26929e+06	1	1.68365e-12	726192	nan	nan	nan	0.999963	60.4058	1.29172e+06	0.999973	60.4058	1.81811e+06	1	0	1
54	rs1	1:1	2:0.5255	rs2	1:2	2:0.2865	0	1000	0	1	-6.73239e-13	229303	0.999799	60.4058	240386	1	-1.75149e-12	240475	1	-3.98614e-12	378825	1	1.17146e-11	241341	0.999814	60.4058	258475	1	6.99885e-12	260078	1	2.24717e-11	1.09992e+06	1	-2.3519e-11	775597	nan	nan	nan	nan	nan	nan	nan	nan	nan	1	0	1
55	rs1	1:1	2:0.53025	rs2	1:2	2:0.286	0	1000	0	0.999997	0.486917	132956	0.999287	56.1435	62842.6	0.999483	53.1557	82112	0.999798	53.7592	212652	1	-7.13148e-12	224155	1	2.7164e-11	1.55367e+06	1	2.7009e-12	249121	1	1.97085e-11	2.19584e+06	1	6.0299e-12	841546	nan	nan	nan	0.999969	60.4058	1.5732e+06	0.999982	60.4058	2.70738e+06	1	0	1
56	rs1	1:1	2:0.52375	rs2	1:2	2:0.29175	0	1000	0	0.999986	-2.51055	145456	0.999306	48.2147	55411.7	0.999654	31.331	72255.7	0.999508	50.5026	81865.5	1	8.44514e-09	264908	1	-4.11301e-10	1.26933e+06	1	-7.29525e-10	231619	1	3.36922e-09	2.19582e+06	1	-3.47953e-08	745415	1	-7.19003e-08	3.11472e+06	0.999977	37.0594	1.28797e+06	0.999981	60.4058	2.55405e+06	1	0	1
57	rs1	1:1	2:0.5255	rs2	1:2	2:0.29225	0	1000	0	0.999996	-0.71429	139652	0.99931	49.8289	57624.7	0.999653	31.6379	72686	0.999512	50.7169	82853.3	1	6.19138e-09	255949	1	1.87085e-09	1.09999e+06	1	-4.17759e-10	229807	1	-1.58961e-09	984474	1	9.62073e-09	770604	1	1.08646e-07	2.4175e+06	0.999974	37.0667	1.12104e+06	0.999968	60.4058	1.51166e+06	1	0	1
58	rs1	1:1	2:0.52675	rs2	1:2	2:0.2845	0	1000	0	0.999998	0.466989	153968	0.999312	56.2219	65168.5	0.999449	53.9762	78097.4	0.999766	54.2961	185423	1	7.5038e-12	242515	1	1.1763e-11	984392	1	9.9365e-13	258558	1	3.57375e-12	1.55362e+06	1	-2.19789e-11	960407	nan	nan	nan	0.999953	60.4058	1.01737e+06	0.999974	60.4058	1.86418e+06	1	0	1
59	rs1	1:1	2:0.5255	rs2	1:2	2:0.287	0	1000	0	0.999998	0.365722	147596	0.999283	56.1365	62427.1	0.99947	53.5181	80620.5	0.999742	53.6753	165747	1	-8.99703e-12	245014	1	9.80194e-12	1.26931e+06	1	-1.97542e-12	248836	1	-2.26357e-11	1.55363e+06	1	-1.08431e-11	958456	1	-1.82527e-11	2.6988e+06	0.999963	60.4058	1.29314e+06	0.999976	60.4058	2.02862e+06	1	0	1
60	rs1	1:1	2:0.52625	rs2	1:2	2:0.287	0	1000	0	0.999999	-0.107678	137850	0.999236	55.6656	58166.2	0.99948	52.3325	80339.1	0.999716	52.5786	147532	1	4.46675e-12	238903	1	-1.22959e-11	2.19579e+06	1	5.23281e-12	275021	1	-8.04859e-12	1.26928e+06	1	-9.05243e-12	813597	nan	nan	nan	0.999978	60.4058	2.21279e+06	0.999981	60.4058	2.5499e+06	1	0	1
61	rs1	1:1	2:0.52875	rs2	1:2	2:0.28475	0	1000	0	0.999998	-0.465838	150298	0.99928	56.0971	62164.8	0.999474	53.5325	81192.2	0.999807	54.0313	223887	1	-4.09574e-12	239238	1	9.09495e-13	1.26934e+06	1	3.331e-12	250319	1	3.77228e-11	2.19583e+06	1	9.50873e-12	659495	nan	nan	nan	0.999963	60.4058	1.2934e+06	0.999981	60.4058	2.56068e+06	1	0	1
62	rs1	1:1	2:0.524	rs2	1:2	2:0.2875	0	1000	0	0.999997	0.662231	153281	0.999297	56.3874	64006	0.999482	53.9064	83015.3	0.999813	54.4703	232976	1	-2.64788e-13	254381	1	1.49143e-11	1.09995e+06	1	-1.97553e-12	230639	1	1.27391e-11	2.19582e+06	1	-1.14363e-11	956312	nan	nan	nan	0.999957	60.4058	1.12344e+06	0.999981	60.4058	2.47911e+06	1	0	1
63	rs1	1:1	2:0.52775	rs2	1:2	2:0.28675	0	1000	0	0.999999	-0.174038	146768	0.999283	56.045	62348.9	0.999484	53.173	82182.9	0.999729	53.2402	156860	1	5.5243e-12	236857	1	-2.73239e-11	1.55363e+06	1	2.44288e-12	263253	1	2.34065e-11	1.09993e+06	1	1.16068e-12	746494	nan	nan	nan	0.999969	60.4058	1.5755e+06	0.999975	60.4058	1.92622e+06	1	0	1
64	rs1	1:1	2:0.5225	rs2	1:2	2:0.29025	0	1000	0	0.999996	-0.742097	159820	0.999221	55.7846	57171.2	0.999493	52.3871	82441.5	0.999748	52.8295	166956	1	7.53004e-12	266310	1	1.09885e-11	2.19579e+06	1	-5.24442e-12	249998	1	-6.06237e-13	1.5536e+06	1	-1.29961e-11	686696	nan	nan	nan	0.999978	60.4058	2.20981e+06	0.999982	60.4058	2.70414e+06	1	0	1
65	rs1	1:1	2:0.52125	rs2	1:2	2:0.29	0	1000	0	1	0.154854	249870	0.999818	54.1443	237844	0.999946	-17.0777	250002	0.999979	5.0462	193231	1	2.66947e-09	266323	0.999871	37.053	228788	1	-2.32143e-08	241237	1	-1.07824e-09	2.19579e+06	1	1.60303e-08	811385	nan	nan	nan	nan	nan	nan	nan	nan	nan	1	0	1
66	rs1	1:1	2:0.5235	rs2	1:2	2:0.28825	0	1000	0	1	0.0222446	156353	0.999272	56.2766	61706.3	0.999487	53.6117	83359.7	0.999761	53.6024	179308	1	-1.19141e-11	260248	1	-1.27898e-12	1.26933e+06	1	3.93019e-14	231667	1	-9.4828e-12	1.09996e+06	1	1.61671e-12	772642	nan	nan	nan	0.999963	60.4058	1.28991e+06	0.999972	60.4058	1.71953e+06	1	0	1
67	rs1	1:1	2:0.52525	rs2	1:2	2:0.28725	0	1000	0	0.999999	0.181314	156517	0.999298	56.2459	63927.6	0.999474	53.8664	81672.8	0.999752	54.0668	173693	1	1.32712e-11	250142	1	4.48352e-12	1.09992e+06	1	-1.52389e-12	248821	1	-1.03088e-11	1.26931e+06	1	-1.74157e-11	848837	nan	nan	nan	0.999957	60.4058	1.12734e+06	0.999972	60.4058	1.70685e+06	1	0	1
68	rs1	1:1	2:0.52275	rs2	1:2	2:0.2865	0	1000	0	0.999998	-0.415297	152677	0.999229	55.6838	57662.6	0.999483	52.3417	80780.5	0.999742	52.7311	162947	1	4.02997e-12	258325	1	-9.6847e-12	2.19578e+06	1	-6.81796e-12	266178	1	1.29932e-12	1.55358e+06	1	-3.50242e-12	783182	nan	nan	nan	0.999978	60.4058	2.2117e+06	0.999982	60.4058	2.70413e+06	1	0	1
69	rs1	1:1	2:0.525	rs2	1:2	2:0.28575	0	1000	0	0.999888	-22.5905	161291	1.56864e-15	11.2558	1.41202	5.44875e-05	6.92665	1.71643	0.0499294	7.12841	3.63589	0.999919	-23.4899	230042	0.999988	-23.4899	1.55172e+06	0.999927	-23.4899	255101	0.999985	-23.4899	1.26697e+06	0.999979	23.4899	897746	nan	nan	nan	0.999958	83.8957	1.57417e+06	0.999967	83.8957	2.02424e+06	1	0	1
70	rs1	1:1	2:0.52425	rs2	1:2	2:0.2915	0	1000	0	0.999997	-0.564771	150084	0.999221	55.8477	57220.9	0.999497	52.4151	83133.7	0.999726	52.6219	153147	1	-1.45067e-12	255701	1	1.71774e-11	2.19581e+06	1	-4.88437e-12	245029	1	1.27436e-11	1.26931e+06	1	2.3363e-12	699948	1	-1.01418e-11	2.54682e+06	0.999978	60.4058	2.20925e+06	0.999981	60.4058	2.55202e+06	1	0	1
71	rs1	1:1	2:0.5215	rs2	1:2	2:0.2895	0	1000	0	0.999997	0.588957	135912	0.999226	55.9164	57622.7	0.999494	52.399	82631.3	0.99974	52.6837	161574	1	6.17293e-12	260037	1	-5.78027e-12	2.1958e+06	1	1.9087e-12	240128	1	2.04431e-11	1.26929e+06	1	-5.50898e-12	960214	nan	nan	nan	0.999978	60.4058	2.20871e+06	0.999981	60.4058	2.55297e+06	1	0	1
72	rs1	1:1	2:0.5265	rs2	1:2	2:0.28825	0	1000	0	1	0.0783293	148214	0.999282	56.1009	62341.7	0.99947	53.5095	80520.8	0.999738	53.7541	163862	1	-1.12999e-11	242590	1	3.64508e-12	1.26931e+06	1	-1.43274e-12	254280	1	3.84606e-12	1.26931e+06	1	5.07205e-12	807868	nan	nan	nan	0.999963	60.4058	1.29421e+06	0.999973	60.4058	1.81725e+06	1	0	1
73	rs1	1:1	2:0.5225	rs2	1:2	2:0.294	0	1000	0	0.999915	16.4374	154803	0.999308	49.6443	57255.9	0.99965	30.8588	70293.4	0.999505	50.3398	81093.5	1	-2.21936e-09	258699	1	4.0427e-10	1.55364e+06	1	-1.02809e-09	229611	1	-4.31174e-09	1.26933e+06	1	3.14692e-09	1.0377e+06	nan	nan	nan	0.999981	37.0477	1.56861e+06	0.999976	60.4058	2.02435e+06	1	0	1
74	rs1	1:1	2:0.5215	rs2	1:2	2:0.28575	0	1000	0	1	-0.0124955	148126	0.999226	55.8031	57523.8	0.999488	52.3766	81629.6	0.999741	52.544	162160	1	1.04904e-11	263008	1	2.08189e-11	2.19578e+06	1	-2.18797e-12	252644	1	-2.96292e-11	1.26926e+06	1	-2.93929e-12	853903	nan	nan	nan	0.999978	60.4058	2.2101e+06	0.999981	60.4058	2.55566e+06	1	0	1
75	rs1	1:1	2:0.52775	rs2	1:2	2:0.2905	0	1000	0	0.999905	17.246	145260	0.999338	49.3741	59470.5	0.999649	30.5499	69513.4	0.999501	50.7816	81208.5	1	9.06053e-10	235936	1	-2.99114e-10	1.26935e+06	1	-3.51617e-09	241586	1	1.67723e-09	1.55366e+06	1	5.59941e-08	1.14539e+06	nan	nan	nan	0.999978	36.3556	1.2898e+06	0.999976	60.4058	2.02469e+06	1	0	1
76	rs1	1:1	2:0.524	rs2	1:2	2:0.2835	0	1000	0	0.999998	0.373063	151662	0.999284	56.0463	62445.2	0.999463	53.4793	79483.8	0.999765	53.7771	182477	1	1.62727e-12	251301	1	1.06901e-11	1.26927e+06	1	-3.24962e-12	259928	1	2.88609e-11	1.55359e+06	1	1.36458e-12	963069	nan	nan	nan	0.999963	60.4058	1.29531e+06	0.999976	60.4058	2.03066e+06	1	0	1
77	rs1	1:1	2:0.5305	rs2	1:2	2:0.2885	0	1000	0	0.999999	0.114065	144002	0.999302	56.3203	64365.8	0.999481	53.9069	82852.1	0.999758	54.0967	178326	1	6.12177e-13	229924	1	-4.11404e-12	1.10001e+06	1	-3.94529e-12	241776	1	-3.33311e-12	1.55369e+06	1	8.36908e-12	766013	1	1.89992e-12	2.69747e+06	0.999957	60.4058	1.1258e+06	0.999975	60.4058	1.9294e+06	1	0	1
78	rs1	1:1	2:0.52125	rs2	1:2	2:0.286	0	1000	0	0.999999	0.295154	161082	0.999278	56.1084	62016.7	0.999469	53.5159	80398.6	0.999734	53.5643	160951	1	1.2018e-12	267886	1	-2.08544e-12	1.26926e+06	1	-2.6128e-12	252616	1	-1.36086e-11	1.09987e+06	1	5.92215e-12	965605	nan	nan	nan	0.999963	60.4058	1.29387e+06	0.999972	60.4058	1.70804e+06	1	0	1
79	rs1	1:1	2:0.5255	rs2	1:2	2:0.28175	0	1000	0	0.999912	-23.3468	211580	0.999802	60.2278	242174	0.99992	-23.3142	231854	0.999955	-23.319	411213	0.999918	-23.4924	227555	0.999818	60.4058	264772	0.999927	-23.4924	255101	0.999991	-23.4924	2.19446e+06	0.999975	23.4924	744745	nan	nan	nan	nan	nan	nan	nan	nan	nan	1	0	1
80	rs1	1:1	2:0.52675	rs2	1:2	2:0.2845	0	1000	0	1	0.0222472	146692	0.999283	56.0306	62379.9	0.999482	53.1544	81841.1	0.999765	53.4724	181451	1	-3.4695e-12	239023	1	4.77129e-12	1.55362e+06	1	6.16562e-13	261615	1	-2.22241e-11	1.55362e+06	1	1.72019e-11	809164	nan	nan	nan	0.999969	60.4058	1.57522e+06	0.999978	60.4058	2.21854e+06	1	0	1
81	rs1	1:1	2:0.52575	rs2	1:2	2:0.285	0	1000	0	0.999999	-0.154873	153830	0.999281	56.058	62232.7	0.999468	53.5015	80203.4	0.999766	53.8093	183255	1	-3.68459e-12	247466	1	-1.5774e-11	1.26929e+06	1	7.80931e-13	257066	1	4.16228e-12	1.55361e+06	1	-7.78544e-12	776532	nan	nan	nan	0.999963	60.4058	1.29474e+06	0.999976	60.4058	2.03068e+06	1	0	1
82	rs1	1:1	2:0.522	rs2	1:2	2:0.2875	0	1000	0	0.999998	-0.490319	178135	0.999293	56.1871	63449.3	0.999473	53.8732	81616.3	0.999729	53.8574	158780	1	-1.2163e-12	274944	1	-1.39728e-11	1.09987e+06	1	8.4277e-13	254027	1	1.21125e-12	1.09987e+06	1	1.50184e-11	784785	1	1.02107e-12	2.46884e+06	0.999957	60.4058	1.1285e+06	0.99997	60.4058	1.58555e+06	1	0	1
83	rs1	1:1	2:0.52075	rs2	1:2	2:0.28625	0	1000	0	0.999999	0.180966	146632	0.999225	55.8329	57515.4	0.999489	52.3758	81834.5	0.999761	52.7429	175732	1	-1.65298e-11	266243	1	4.5759e-12	2.19578e+06	1	1.37662e-12	247308	1	-3.24172e-11	1.55359e+06	1	9.8177e-12	902325	nan	nan	nan	0.999978	60.4058	2.2095e+06	0.999982	60.4058	2.70773e+06	1	0	1
84	rs1	1:1	2:0.523	rs2	1:2	2:0.28525	0	1000	0	0.999997	-0.681968	168642	0.999277	56.0128	61782.9	0.999483	53.1697	82060.6	0.999749	53.2859	169426	1	-2.16295e-12	264596	1	-6.30607e-12	1.55359e+06	1	-3.37463e-12	261425	1	-9.00306e-12	1.26926e+06	1	2.59226e-12	709216	nan	nan	nan	0.999969	60.4058	1.57519e+06	0.999976	60.4058	2.03123e+06	1	0	1
85	rs1	1:1	2:0.52725	rs2	1:2	2:0.28825	0	1000	0	1	-0.0814305	154321	0.999298	56.2703	63967.9	0.999478	53.8913	82414.1	0.999754	54.094	175642	1	-4.51897e-12	243920	1	4.36273e-12	1.09996e+06	1	-1.40077e-12	246400	1	-2.33843e-11	1.26933e+06	1	6.62248e-12	742972	nan	nan	nan	0.999957	60.4058	1.1268e+06	0.999972	60.4058	1.70748e+06	1	0	1
86	rs1	1:1	2:0.52425	rs2	1:2	2:0.29125	0	1000	0	1	4.98357e-12	235786	0.999787	60.4058	226590	1	-1.59872e-13	225043	1	1.76215e-12	365311	1	9.93224e-12	261629	0.999969	60.4058	1.58073e+06	1	1.50496e-12	248807	1	6.01474e-12	1.55362e+06	1	8.0127e-12	626085	1	1.09601e-11	2.21e+06	1	4.72156e-12	1.59994e+06	nan	nan	nan	1	0	1
87	rs1	1:1	2:0.524	rs2	1:2	2:0.29075	0	1000	0	0.999999	0.163227	136862	0.999225	55.9139	57553.9	0.999496	52.4128	83003.1	0.999725	52.5809	152823	1	5.28877e-12	250215	1	-4.34852e-12	2.19582e+06	1	-2.75446e-13	241447	1	-1.04277e-11	1.09994e+06	1	9.12764e-12	806241	nan	nan	nan	0.999978	60.4058	2.20886e+06	0.999981	60.4058	2.4728e+06	1	0	1
88	rs1	1:1	2:0.52575	rs2	1:2	2:0.2915	0	1000	0	0.999918	15.7542	153701	0.999312	49.5385	57486.7	0.99965	30.8702	70433.8	0.999507	50.2304	81300.6	1	1.53757e-09	246446	1	-1.35994e-09	1.55365e+06	1	2.41528e-09	237013	1	2.68812e-09	1.26934e+06	1	9.78123e-09	803724	nan	nan	nan	0.999981	37.0551	1.56972e+06	0.999976	60.4058	2.02688e+06	1	0	1
89	rs1	1:1	2:0.51875	rs2	1:2	2:0.2905	0	1000	0	0.999999	0.175001	264465	0.999813	54.627	233059	0.999943	-17.5531	245424	0.999981	4.41395	188324	1	1.17034e-08	284749	0.999866	37.0604	220552	1	1.83093e-09	233410	1	6.84358e-09	1.5536e+06	1	2.64186e-08	815352	nan	nan	nan	nan	nan	nan	nan	nan	nan	1	0	1
90	rs1	1:1	2:0.52525	rs2	1:2	2:0.285	0	1000	0	0.999997	0.444778	129765	0.999233	55.8367	58049.7	0.999488	52.3809	81550.5	0.999733	52.3979	156587	1	2.35214e-12	241372	1	-6.61515e-12	2.19581e+06	1	-1.26704e-13	254251	1	1.32102e-11	1.09992e+06	1	9.63535e-13	897184	nan	nan	nan	0.999978	60.4058	2.21028e+06	0.999981	60.4058	2.4774e+06	1	0	1
91	rs1	1:1	2:0.524	rs2	1:2	2:0.29325	0	1000	0	0.999998	-0.313279	159423	0.999276	56.2346	61950.6	0.999492	53.1928	83515.2	0.999792	53.8895	207041	1	-7.21979e-12	258728	1	2.61835e-12	1.55365e+06	1	3.01648e-13	232678	1	1.78844e-11	2.19582e+06	1	-2.44471e-12	696801	nan	nan	nan	0.999969	60.4058	1.5707e+06	0.999982	60.4058	2.70417e+06	1	0	1
92	rs1	1:1	2:0.52425	rs2	1:2	2:0.2905	0	1000	0	0.999997	-0.476238	148417	0.99922	55.899	57152.6	0.999501	52.44	83797.6	0.999733	52.5414	156928	1	5.89528e-14	255773	1	2.13163e-14	2.19582e+06	1	-1.10206e-12	240310	1	5.44829e-12	1.09995e+06	1	6.88541e-12	679100	nan	nan	nan	0.999978	60.4058	2.20872e+06	0.999981	60.4058	2.47549e+06	1	0	1
93	rs1	1:1	2:0.52775	rs2	1:2	2:0.292	0	1000	0	0.999993	1.01401	115681	0.999235	55.9664	58394.4	0.999495	52.4216	82887.3	0.999691	52.3669	135351	1	1.02404e-11	229824	1	-9.05942e-12	2.19584e+06	1	-7.29009e-12	242867	1	1.0465e-11	984478	1	-4.64903e-12	1.03386e+06	1	-1.15135e-11	2.41487e+06	0.999978	60.4058	2.20902e+06	0.99998	60.4058	2.4218e+06	1	0	1
94	rs1	1:1	2:0.526	rs2	1:2	2:0.28625	0	1000	0	1	4.44766e-12	227647	0.999798	60.4058	238383	1	-1.13332e-12	239363	1	-7.10543e-15	387955	1	1.00615e-11	233673	0.999805	60.4058	247116	1	2.2915e-12	248910	1	3.70826e-12	1.55364e+06	1	-2.46594e-11	1.03621e+06	nan	nan	nan	nan	nan	nan	nan	nan	nan	1	0	1
95	rs1	1:1	2:0.5295	rs2	1:2	2:0.284	0	1000	0	0.999997	0.522797	135885	0.999289	56.0914	62963.2	0.999465	53.481	79742.4	0.999796	54.044	211437	1	1.18963e-11	227729	1	-1.03704e-11	1.26934e+06	1	3.39651e-12	255831	1	5.22682e-12	2.19583e+06	1	-7.7981e-12	894016	nan	nan	nan	0.999963	60.4058	1.2945e+06	0.999981	60.4058	2.5557e+06	1	0	1
96	rs1	1:1	2:0.523	rs2	1:2	2:0.2905	0	1000	0	0.999998	-0.409156	164152	0.999275	56.1438	61827	0.999489	53.1968	83022.9	0.999731	53.3348	158424	1	-6.23517e-12	263142	1	-1.59943e-11	1.55361e+06	1	1.02374e-12	247452	1	3.51821e-12	1.09991e+06	1	-3.30658e-12	725191	nan	nan	nan	0.999969	60.4058	1.57295e+06	0.999975	60.4058	1.92489e+06	1	0	1
97	rs1	1:1	2:0.52375	rs2	1:2	2:0.28875	0	1000	0	0.999887	-23.0786	162790	0.999234	47.967	49958.8	0.999358	67.9134	84378.6	0.999475	50.3733	76610.7	1	-1.49317e-10	258475	1	-3.48007e-09	1.26928e+06	0.999731	25.7962	76494.1	1	-3.85812e-09	2.19579e+06	0.99997	-25.7962	684189	nan	nan	nan	0.999978	34.6096	1.2713e+06	0.999981	60.4058	2.55115e+06	1	0	1
98	rs1	1:1	2:0.52225	rs2	1:2	2:0.288	0	1000	0	0.999999	-0.210385	165440	0.999276	56.166	61917.3	0.999489	53.2021	83066.1	0.999751	53.3014	170814	1	5.42885e-13	264729	1	-3.28484e-11	1.55361e+06	1	-1.75249e-12	242471	1	2.02756e-11	1.55361e+06	1	1.71032e-11	851445	1	4.1713e-12	2.21037e+06	0.999969	60.4058	1.57215e+06	0.999978	60.4058	2.22004e+06	1	0	1
99	rs1	1:1	2:0.52325	rs2	1:2	2:0.289	0	1000	0	0.999998	-0.44012	163592	0.999276	56.1118	61842.5	0.999487	53.2005	82818.4	0.999718	53.1245	150414	1	5.19053e-12	261547	1	1.23812e-11	1.55361e+06	1	3.34116e-12	252756	1	-9.66491e-13	984377	1	-7.73481e-12	751142	1	1.48727e-11	2.4181e+06	0.999969	60.4058	1.57378e+06	0.999974	60.4058	1.86364e+06	1	0	1
100	rs1	1:1	2:0.52325	rs2	1:2	2:0.28725	0	1000	0	0.999998	0.424036	152725	0.999282	56.097	62328.7	0.999467	53.4852	80130	0.999786	54.1186	201751	1	-1.793e-12	255533	1	1.09779e-11	1.26928e+06	1	2.84994e-12	249998	1	-1.10749e-11	2.19579e+06	1	8.18023e-12	961542	nan	nan	nan	0.999963	60.4058	1.29338e+06	0.999981	60.4058	2.55201e+06	1	0	1
101	rs1	1:1	2:0.5255	rs2	1:2	2:0.2875	0	1000	0	0.999991	-1.72317	147041	0.999329	49.0504	58324.4	0.999643	30.8351	68952.8	0.999493	50.7307	79904	1	7.55642e-09	257094	1	-3.7118e-10	1.09992e+06	1	-7.39726e-10	248792	1	1.43507e-08	1.55362e+06	1	5.56278e-09	810658	1	3.86558e-07	2.69992e+06	0.999974	36.3694	1.12508e+06	0.999975	60.4058	1.92876e+06	1	0	1
102	rs1	1:1	2:0.52275	rs2	1:2	2:0.2845	0	1000	0	0.999996	-0.812384	160123	0.999223	55.739	57257.1	0.999489	52.397	81845.2	0.999731	52.2509	155221	1	-1.84465e-12	264622	1	-5.38272e-11	2.19579e+06	1	1.81802e-12	259914	1	-2.24674e-11	1.09988e+06	1	-2.34432e-12	708660	1	2.13184e-12	2.46771e+06	0.999978	60.4058	2.21093e+06	0.999981	60.4058	2.48104e+06	1	0	1
103	rs1	1:1	2:0.522	rs2	1:2	2:0.2885	0	1000	0	0.999998	0.370447	154565	0.999277	56.2454	62031	0.99949	53.1977	83179.2	0.999778	53.5753	192653	1	-2.94857e-12	261643	1	-3.39995e-12	1.55362e+06	1	2.47102e-12	234639	1	1.4006e-11	1.55362e+06	1	-5.72176e-12	897523	nan	nan	nan	0.999969	60.4058	1.57096e+06	0.999978	60.4058	2.22005e+06	1	0	1
104	rs1	1:1	2:0.526	rs2	1:2	2:0.29075	0	1000	0	0.999999	-0.224784	153991	0.99928	56.0909	62129.2	0.999472	53.5257	80857.9	0.999707	53.5937	146009	1	5.74414e-12	247525	1	-4.01457e-13	1.26931e+06	1	3.64586e-12	257122	1	-1.8373e-11	984403	1	-8.32423e-12	747831	nan	nan	nan	0.999963	60.4058	1.29478e+06	0.99997	60.4058	1.62848e+06	1	0	1
105	rs1	1:1	2:0.52775	rs2	1:2	2:0.28575	0	1000	0	0.999995	0.776979	135361	0.999285	56.2021	62720	0.999472	53.54	80936.6	0.999738	53.4583	162535	1	5.52593e-12	233800	1	-1.92522e-11	1.26935e+06	1	-2.39586e-13	247734	1	1.89711e-11	984455	1	7.15283e-12	955314	nan	nan	nan	0.999963	60.4058	1.29291e+06	0.999971	60.4058	1.64158e+06	1	0	1
106	rs1	1:1	2:0.52175	rs2	1:2	2:0.2885	0	1000	0	0.999998	-0.342929	176720	0.999293	56.2218	63461.9	0.999476	53.8839	81987.2	0.999728	53.8925	158136	1	1.19293e-13	274970	1	-9.3614e-12	1.09988e+06	1	1.40532e-12	249942	1	8.07188e-13	1.09988e+06	1	-6.4575e-12	816907	1	-1.25094e-11	2.46884e+06	0.999957	60.4058	1.12759e+06	0.99997	60.4058	1.58429e+06	1	0	1
107	rs1	1:1	2:0.5265	rs2	1:2	2:0.29025	0	1000	0	1	-0.0659914	160949	0.999284	56.2149	62653.1	0.999491	53.2089	83421.5	0.99976	53.3615	177623	1	-3.92936e-13	242773	1	8.05755e-12	1.55366e+06	1	1.98624e-12	237029	0.99997	60.4058	1.58246e+06	1	1.55959e-12	892779	0.999975	-60.4058	1.93933e+06	0.999969	60.4058	1.57133e+06	nan	nan	nan	1	0	1
108	rs1	1:1	2:0.52275	rs2	1:2	2:0.286	0	1000	0	0.999998	-0.365866	173293	0.999296	56.1348	63625.6	0.999468	53.8236	80743.4	0.999791	54.39	207883	1	2.06973e-12	267886	1	4.86011e-12	1.09987e+06	1	2.8505e-12	255436	1	-1.33548e-11	2.19578e+06	1	-1.12966e-11	782804	nan	nan	nan	0.999957	60.4058	1.12882e+06	0.999981	60.4058	2.47383e+06	1	0	1
109	rs1	1:1	2:0.5235	rs2	1:2	2:0.2845	0	1000	0	0.999998	-0.343763	161418	0.99928	55.9755	62014.2	0.99948	53.1385	81590.2	0.99979	53.7036	203607	1	3.32541e-12	256887	1	4.45866e-12	1.55358e+06	1	3.60389e-12	262981	1	2.10516e-11	2.19578e+06	1	-3.01281e-12	781614	nan	nan	nan	0.999969	60.4058	1.57546e+06	0.999982	60.4058	2.70659e+06	1	0	1
110	rs1	1:1	2:0.5265	rs2	1:2	2:0.28275	0	1000	0	1	4.52108e-12	225673	0.999808	60.4058	251146	1	3.41416e-12	251916	1	7.28306e-13	404231	1	6.21015e-12	231477	0.999978	60.4058	2.21819e+06	1	-7.71549e-13	261615	1	2.95586e-12	2.19581e+06	1	4.84821e-12	1.14893e+06	1	-6.58318e-12	3.11206e+06	1	-1.06581e-13	2.23337e+06	nan	nan	nan	1	0	1
111	rs1	1:1	2:0.52625	rs2	1:2	2:0.2845	0	1000	0	0.999999	-0.205379	153546	0.999284	55.9966	62412.1	0.999464	53.4721	79551.9	0.999788	54.0348	203319	1	-8.56595e-12	244896	1	-1.02958e-11	1.26929e+06	1	-2.64411e-12	263115	1	-1.15849e-11	2.1958e+06	1	8.2595e-12	777756	nan	nan	nan	0.999963	60.4058	1.29596e+06	0.999981	60.4058	2.55403e+06	1	0	1
112	rs1	1:1	2:0.5255	rs2	1:2	2:0.28225	0	1000	0	1	1.10929e-11	229449	0.999805	60.4058	247394	1	4.24549e-12	246520	1	3.54561e-12	417873	1	-1.51776e-11	243636	0.999819	60.4058	266431	1	-8.45191e-12	267991	1	-2.34295e-11	1.5536e+06	1	1.26192e-11	725694	nan	nan	nan	nan	nan	nan	nan	nan	nan	1	0	1
113	rs1	1:1	2:0.523	rs2	1:2	2:0.28925	0	1000	0	0.999998	-0.35046	150173	0.999225	55.7907	57431.6	0.999491	52.368	82079	0.999778	53.0699	190633	1	-4.04984e-12	258488	1	2.05169e-11	2.1958e+06	1	-6.73239e-13	248706	1	-1.27667e-11	2.1958e+06	1	1.18167e-12	748732	nan	nan	nan	0.999978	60.4058	2.20967e+06	0.999985	60.4058	3.11773e+06	1	0	1
114	rs1	1:1	2:0.52925	rs2	1:2	2:0.288	0	1000	0	1	0.0237583	151980	0.999312	56.2623	65206.1	0.999453	54.0032	78831.3	0.999743	54.2308	168566	1	7.10962e-12	235872	1	2.45848e-12	984440	1	-1.33427e-12	255817	1	-2.58878e-11	1.26933e+06	1	-1.28157e-11	772434	nan	nan	nan	0.999953	60.4058	1.0167e+06	0.99997	60.4058	1.63154e+06	1	0	1
115	rs1	1:1	2:0.529	rs2	1:2	2:0.28475	0	1000	0	0.999999	-0.215924	146057	0.999283	56.0703	62401.3	0.99947	53.527	80510.7	0.999733	53.4044	159360	1	1.25464e-11	234780	1	-1.00613e-11	1.26933e+06	1	1.85851e-12	260233	1	1.58169e-11	1.09995e+06	1	4.57334e-12	744747	1	-1.79349e-11	2.46469e+06	0.999963	60.4058	1.29536e+06	0.999972	60.4058	1.71334e+06	1	0	1
116	rs1	1:1	2:0.5185	rs2	1:2	2:0.2835	0	1000	0	0.99999	1.62332	130230	0.999238	55.7477	58339.7	0.999484	52.3317	80847.6	0.999865	53.5395	315380	0.999861	49.1263	281505	0.999235	55.7404	58151.3	0.99954	52.6249	91191.3	1	2901.6	5.49545e+19	0.999973	-52.5571	1.52911e+06	nan	nan	nan	nan	nan	nan	nan	nan	nan	1	0	1
117	rs1	1:1	2:0.524	rs2	1:2	2:0.288	0	1000	0	0.999998	-0.297587	153327	0.999396	33.843	44686.5	0.999683	30.3484	76290.5	0.999875	53.6875	343273	0.999918	27.4263	265560	0.999398	33.8521	44898.2	0.999726	30.6442	89368.2	1	1.8106e+08	2.17707e+20	0.999964	-30.5859	671144	nan	nan	nan	nan	nan	nan	nan	nan	nan	1	0	1
118	rs1	1:1	2:0.52275	rs2	1:2	2:0.284	0	1000	0	0.999999	-0.245292	162127	0.99928	56.0788	62111.1	0.999484	53.1565	82256.3	0.999879	54.2441	358583	0.999851	49.9805	268163	0.999288	56.1354	62895.2	0.999495	53.2251	84034.1	1	-553.817	1.66544e+19	0.999942	-53.1843	730307	nan	nan	nan	nan	nan	nan	nan	nan	nan	1	0	1
119	rs1	1:1	2:0.5255	rs2	1:2	2:0.28775	0	1000	0	0.999928	14.7147	163857	0.999343	48.5223	58957.4	0.999636	31.5258	69084.4	0.999496	50.9159	80658	1	-3.3366e-09	251472	1	2.08511e-09	1.09992e+06	1	-3.54038e-08	247510	1	-4.57495e-10	2.19581e+06	1	3.18592e-09	848851	nan	nan	nan	0.999974	37.0562	1.1248e+06	0.999981	60.4058	2.47313e+06	1	0	1
120	rs1	1:1	2:0.52425	rs2	1:2	2:0.28875	0	1000	0	0.999991	1.52396	142987	0.9993	56.4128	64264.2	0.999476	53.8867	82044.6	0.999751	53.9963	172936	1	-6.18622e-12	248969	1	9.04876e-12	1.09996e+06	1	-1.29685e-12	233736	1	1.12826e-11	1.09996e+06	1	3.86113e-12	1.3099e+06	nan	nan	nan	0.999957	60.4058	1.1241e+06	0.99997	60.4058	1.58772e+06	1	0	1
121	rs1	1:1	2:0.5245	rs2	1:2	2:0.295	0	1000	0	0.999998	-0.333349	159693	0.999269	56.3484	61525.2	0.999501	53.6609	85769.1	0.999805	54.3372	222253	1	-2.33163e-12	262001	1	-1.41327e-11	1.26938e+06	1	1.38578e-12	219041	1	-4.87133e-12	2.19585e+06	1	1.51335e-12	656935	nan	nan	nan	0.999963	60.4058	1.28773e+06	0.999981	60.4058	2.55486e+06	1	0	1
122	rs1	1:1	2:0.52475	rs2	1:2	2:0.2845	0	1000	0	0.999997	0.561945	144320	0.999282	56.1415	62368.3	0.999484	53.1789	82186.2	0.999748	53.1698	168362	1	1.63823e-12	244984	1	-1.19229e-11	1.55362e+06	1	-3.43731e-12	251472	1	1.75071e-11	1.09992e+06	1	-1.14151e-11	959144	nan	nan	nan	0.999969	60.4058	1.57356e+06	0.999975	60.4058	1.93341e+06	1	0	1
123	rs1	1:1	2:0.52525	rs2	1:2	2:0.29	0	1000	0	0.999883	-22.2835	151610	5.64295e-16	11.4596	1.41532	1.59797e-06	7.58731	1.58116	0.0490394	8.09456	4.11257	0.999918	-23.5133	230042	0.999985	-23.5133	1.26697e+06	0.999917	-23.5133	226341	0.999988	-23.5133	1.55172e+06	0.999984	23.5133	1.14371e+06	0.999991	23.5133	2.20649e+06	0.999948	83.9191	1.28901e+06	0.999967	83.9191	2.025e+06	1	0	1
124	rs1	1:1	2:0.525	rs2	1:2	2:0.2865	0	1000	0	1	-0.0712367	165307	0.999307	56.2544	64811.5	0.999453	54.0067	78810.3	0.999749	54.1839	172559	1	3.0414e-12	255588	1	-1.34044e-11	984381	1	4.74376e-12	254166	1	1.25603e-11	1.26929e+06	1	-3.39018e-12	811866	nan	nan	nan	0.999953	60.4058	1.01627e+06	0.99997	60.4058	1.63479e+06	1	0	1
125	rs1	1:1	2:0.5275	rs2	1:2	2:0.28275	0	1000	0	0.999995	-0.963893	158767	0.999282	55.8649	62049.9	0.999477	53.1351	81059.4	0.999762	53.3491	178583	1	2.44886e-12	244853	1	-7.3257e-12	1.5536e+06	1	-5.00988e-12	280729	1	5.77513e-12	1.5536e+06	1	2.78799e-12	645129	nan	nan	nan	0.999969	60.4058	1.57851e+06	0.999978	60.4058	2.22058e+06	1	0	1
126	rs1	1:1	2:0.52125	rs2	1:2	2:0.288	0	1000	0	0.999938	13.6309	175272	0.999277	48.1012	53066.4	0.999675	30.2838	74252.9	0.999526	49.4646	83182.4	1	6.42332e-09	276766	1	1.71174e-09	2.19578e+06	1	4.85344e-09	252589	1	1.01909e-08	2.19578e+06	1	-5.14366e-09	710672	nan	nan	nan	0.999987	37.0562	2.20895e+06	0.999985	60.4058	3.11897e+06	1	0	1
127	rs1	1:1	2:0.524	rs2	1:2	2:0.28425	0	1000	0	0.999911	16.7673	150322	0.999323	49.4062	58209.5	0.999636	31.227	68414.6	0.999496	50.4204	79820.8	1	-3.11425e-09	250012	1	-2.09045e-09	1.26928e+06	1	-2.85054e-09	254124	1	-8.61418e-09	1.26928e+06	1	2.62112e-08	1.31395e+06	nan	nan	nan	0.999977	37.0646	1.29221e+06	0.999974	60.4058	1.823e+06	1	0	1
128	rs1	1:1	2:0.52475	rs2	1:2	2:0.2865	0	1000	0	0.999995	0.799963	141649	0.999283	56.1314	62462.2	0.999481	53.1402	81726.3	0.999794	53.7653	207820	1	-1.64391e-12	243754	1	1.29603e-11	1.55362e+06	1	-3.40733e-12	247510	1	1.8458e-12	2.19581e+06	1	6.1498e-12	1.03822e+06	nan	nan	nan	0.999969	60.4058	1.57295e+06	0.999982	60.4058	2.70593e+06	1	0	1
129	rs1	1:1	2:0.5295	rs2	1:2	2:0.2865	0	1000	0	0.999998	0.280603	139109	0.999285	56.1678	62708.5	0.999473	53.5295	81068.2	0.999768	53.8192	184911	1	-1.26848e-11	229807	1	-1.63958e-11	1.26936e+06	1	2.05336e-12	245288	1	1.54882e-11	2.19584e+06	1	-2.68707e-12	841949	1	-3.61121e-11	3.11193e+06	0.999963	60.4058	1.29245e+06	0.999981	60.4058	2.55616e+06	1	0	1
130	rs1	1:1	2:0.52675	rs2	1:2	2:0.28375	0	1000	0	0.999996	0.644739	138401	0.999285	56.1374	62599.3	0.999483	53.1824	82017.7	0.999734	52.9352	158867	1	8.29123e-12	235809	1	-4.04654e-12	1.55364e+06	1	-1.33171e-13	255759	1	-2.88962e-12	899205	1	-1.43709e-11	957950	nan	nan	nan	0.999969	60.4058	1.57424e+06	0.999974	60.4058	1.83035e+06	1	0	1
131	rs1	1:1	2:0.52025	rs2	1:2	2:0.283	0	1000	0	0.999999	-0.25198	158148	0.999227	55.7185	57540.2	0.999483	52.3584	80866.9	0.999746	52.4738	165069	1	5.94692e-12	271205	1	-6.85674e-12	2.19577e+06	1	9.4777e-13	261280	1	3.06545e-11	1.55356e+06	1	-1.5227e-11	907769	1	-1.00414e-11	2.7013e+06	0.999978	60.4058	2.2111e+06	0.999982	60.4058	2.70996e+06	1	0	1
132	rs1	1:1	2:0.5235	rs2	1:2	2:0.2845	0	1000	0	0.999998	-0.35171	148947	0.99923	55.7044	57690	0.999484	52.357	80887.4	0.999734	52.4942	157434	1	-2.99145e-12	254027	1	9.19442e-12	2.19578e+06	1	2.23702e-12	266230	1	4.67817e-11	1.26926e+06	1	2.92444e-12	781775	nan	nan	nan	0.999978	60.4058	2.2117e+06	0.999981	60.4058	2.55481e+06	1	0	1
133	rs1	1:1	2:0.5265	rs2	1:2	2:0.28625	0	1000	0	0.999998	0.364027	142092	0.999282	56.1991	62432.2	0.999488	53.2033	82845.4	0.999742	53.1087	164243	1	-9.30489e-12	239223	1	1.57705e-11	1.55365e+06	1	3.66318e-13	246415	1	1.98562e-12	984444	1	-5.64282e-12	844931	nan	nan	nan	0.999969	60.4058	1.57276e+06	0.999974	60.4058	1.87095e+06	1	0	1
134	rs1	1:1	2:0.52325	rs2	1:2	2:0.28575	0	1000	0	0.99999	1.53556	117948	0.999237	55.8572	58383.2	0.999487	52.3754	81519.2	0.999738	52.6001	160410	1	4.02144e-13	246134	1	1.41966e-11	2.1958e+06	1	4.84812e-12	252742	1	8.19865e-13	1.26928e+06	1	-1.18773e-11	1.31294e+06	nan	nan	nan	0.999978	60.4058	2.21012e+06	0.999981	60.4058	2.55366e+06	1	0	1
135	rs1	1:1	2:0.526	rs2	1:2	2:0.28925	0	1000	0	0.999998	-0.309732	153316	0.999278	56.1638	62081.9	0.999489	53.1915	83071.1	0.999769	53.5819	185200	1	-2.69192e-12	247643	1	-4.87432e-12	1.55364e+06	1	-1.20209e-12	243890	1	1.79431e-12	1.55364e+06	1	8.43603e-12	696613	nan	nan	nan	0.999969	60.4058	1.57238e+06	0.999978	60.4058	2.21765e+06	1	0	1
136	rs1	1:1	2:0.52325	rs2	1:2	2:0.29125	0	1000	0	0.99999	-1.76744	143883	0.999299	49.2103	55974.1	0.999642	31.2405	69610.9	0.999492	50.7061	79687.9	1	-2.68029e-09	261519	1	-3.5361e-09	1.26928e+06	1	-2.46027e-09	248691	1	-8.24588e-09	1.5536e+06	1	-7.13646e-08	901299	1	-1.88911e-07	2.70035e+06	0.999977	37.0434	1.29115e+06	0.999976	60.4058	2.02312e+06	1	0	1
137	rs1	1:1	2:0.52325	rs2	1:2	2:0.287	0	1000	0	0.999997	-0.52948	167822	0.999277	56.0617	61835.2	0.999471	53.5202	80683.6	0.999744	53.6926	167289	1	-1.16213e-12	264649	1	1.71205e-11	1.26927e+06	1	-1.2893e-12	255505	1	-1.91848e-11	1.26927e+06	1	8.45668e-12	728558	nan	nan	nan	0.999963	60.4058	1.29444e+06	0.999974	60.4058	1.8206e+06	1	0	1
138	rs1	1:1	2:0.525	rs2	1:2	2:0.289	0	1000	0	0.999998	-0.439016	158094	0.999277	56.1186	61964.8	0.999488	53.1997	82874.1	0.999725	53.1834	154114	1	2.42695e-13	252856	1	2.14797e-11	1.55362e+06	1	-5.98743e-13	252856	1	5.88971e-12	984403	1	7.70922e-12	701706	nan	nan	nan	0.999969	60.4058	1.5738e+06	0.999974	60.4058	1.86366e+06	1	0	1
139	rs1	1:1	2:0.525	rs2	1:2	2:0.288	0	1000	0	0.999998	-0.447835	160495	0.999276	56.1171	61868.6	0.999475	53.5375	81410.7	0.999767	53.8907	184219	1	-2.63792e-12	255673	1	-2.06519e-11	1.26931e+06	1	-2.7619e-12	247525	1	-2.63144e-11	1.55362e+06	1	6.03761e-12	700826	nan	nan	nan	0.999963	60.4058	1.29288e+06	0.999976	60.4058	2.02961e+06	1	0	1
140	rs1	1:1	2:0.525	rs2	1:2	2:0.28575	0	1000	0	1	0.0854705	158397	0.999296	56.2953	63849.2	0.999479	53.8955	82489.1	0.999785	54.1733	201435	1	4.5125e-13	252914	1	9.02034e-12	1.09994e+06	1	-1.18161e-12	241432	1	-1.47095e-11	1.55363e+06	1	5.47629e-12	807083	nan	nan	nan	0.999957	60.4058	1.12571e+06	0.999975	60.4058	1.93506e+06	1	0	1
141	rs1	1:1	2:0.52775	rs2	1:2	2:0.289	0	1000	0	1	0.0312568	155962	0.999311	56.2188	65097.3	0.999451	53.987	78522.7	0.999733	54.2524	162160	1	9.20505e-12	241387	1	-7.67386e-12	984406	1	2.10876e-12	260120	1	-4.24966e-12	1.26931e+06	1	-1.42848e-11	809370	nan	nan	nan	0.999953	60.4058	1.01781e+06	0.99997	60.4058	1.62811e+06	1	0	1
142	rs1	1:1	2:0.5235	rs2	1:2	2:0.2845	0	1000	0	0.999916	-23.3776	221019	0.999798	60.2844	238673	0.999918	-23.3697	228092	0.999952	-23.3724	390040	0.99992	-23.4912	233930	0.99981	60.4058	254003	0.999923	-23.4912	243829	0.999991	-23.4912	2.19446e+06	0.999978	23.4912	846247	nan	nan	nan	nan	nan	nan	nan	nan	nan	1	0	1
143	rs1	1:1	2:0.5245	rs2	1:2	2:0.28675	0	1000	0	0.999998	-0.47329	168475	0.999298	56.0784	63719.3	0.999465	53.8214	80241.5	0.999721	53.8864	154255	1	-6.44457e-12	258379	1	-1.92948e-11	1.09987e+06	1	2.82152e-12	269604	1	-1.81653e-11	1.09987e+06	1	-4.43556e-12	755931	nan	nan	nan	0.999957	60.4058	1.13212e+06	0.99997	60.4058	1.58103e+06	1	0	1
144	rs1	1:1	2:0.531	rs2	1:2	2:0.28875	0	1000	0	0.999998	0.359634	120496	0.99924	55.8002	58566.5	0.999486	52.343	81312.7	0.999774	53.0686	186943	1	3.7695e-12	220622	1	2.67733e-11	2.19584e+06	1	3.55443e-12	255949	1	-3.36042e-11	2.19584e+06	1	-4.10971e-12	801998	nan	nan	nan	0.999978	60.4058	2.2105e+06	0.999985	60.4058	3.1167e+06	1	0	1
145	rs1	1:1	2:0.5235	rs2	1:2	2:0.2835	0	1000	0	0.999998	-0.499611	166266	0.99928	56.0057	62024	0.999466	53.5173	79983.7	0.999721	53.234	152252	1	-5.39759e-12	261425	1	-1.96252e-11	1.26926e+06	1	6.68443e-12	267899	1	3.75575e-12	899118	1	-5.20528e-12	756372	nan	nan	nan	0.999963	60.4058	1.29692e+06	0.99997	60.4058	1.59386e+06	1	0	1
146	rs1	1:1	2:0.5235	rs2	1:2	2:0.2865	0	1000	0	1	0.039462	155117	0.999278	56.1684	62063.6	0.999488	53.1821	82822.6	0.999805	53.76	219866	1	-1.0445e-12	255659	1	2.78177e-12	1.55362e+06	1	-1.37973e-12	241356	1	2.86255e-11	2.19581e+06	1	4.02089e-12	807948	nan	nan	nan	0.999969	60.4058	1.57198e+06	0.999982	60.4058	2.70951e+06	1	0	1
147	rs1	1:1	2:0.52425	rs2	1:2	2:0.2845	0	1000	0	0.999935	14.5052	178642	0.999354	48.509	59926.5	0.999604	31.7864	64122.5	0.999469	51.1265	76826.7	1	-5.83778e-09	264582	1	3.4369e-11	899114	1	-7.85137e-09	259874	1	-5.17336e-09	2.19578e+06	1	-3.14335e-08	856563	nan	nan	nan	0.999968	37.0604	932816	0.99998	60.4058	2.39215e+06	1	0	1
148	rs1	1:1	2:0.52275	rs2	1:2	2:0.288	0	1000	0	0.999999	-0.258452	162835	0.999278	56.1154	61983.7	0.999487	53.1765	82659.1	0.999773	53.5969	188063	1	-1.464e-12	261533	1	-2.25526e-11	1.55361e+06	1	-2.12386e-13	246134	1	2.41939e-11	2.1958e+06	1	-5.32407e-13	811293	1	-1.67695e-11	3.11444e+06	0.999969	60.4058	1.57273e+06	0.999982	60.4058	2.70625e+06	1	0	1
149	rs1	1:1	2:0.52475	rs2	1:2	2:0.286	0	1000	0	0.99993	14.1861	161744	0.999326	48.206	57069.8	0.999647	30.8615	69760.2	0.999505	49.9921	80573.6	1	-6.06838e-09	252827	1	2.55293e-09	1.55362e+06	1	-3.79623e-10	247495	1	-4.43451e-09	2.19581e+06	1	2.04177e-09	775139	nan	nan	nan	0.999981	37.0657	1.57133e+06	0.999982	60.4058	2.70903e+06	1	0	1
150	rs1	1:1	2:0.525	rs2	1:2	2:0.2875	0	1000	0	0.999925	14.9604	160057	0.999317	48.9535	57211.6	0.999648	30.8665	70005.8	0.999506	50.0486	80836.7	1	9.32233e-10	251515	1	5.68331e-10	1.55363e+06	1	1.95287e-09	245029	1	-1.4649e-09	1.55363e+06	1	-4.15896e-09	773909	nan	nan	nan	0.999981	37.0636	1.57095e+06	0.999978	60.4058	2.21953e+06	1	0	1
151	rs1	1:1	2:0.52225	rs2	1:2	2:0.29125	0	1000	0	0.999894	-22.9478	173334	5.1479e-16	11.4749	1.41527	1.59021e-06	7.59495	1.58243	0.0362891	7.89782	3.77223	0.999927	-23.4997	255101	0.999985	-23.4997	1.26697e+06	0.999917	-23.4997	226341	0.999985	-23.4997	1.26697e+06	0.999975	23.4997	744375	nan	nan	nan	0.999948	83.9055	1.28901e+06	0.999963	83.9055	1.81604e+06	1	0	1
152	rs1	1:1	2:0.52325	rs2	1:2	2:0.28875	0	1000	0	0.999999	0.223625	155530	0.99928	56.1019	62165.8	0.999469	53.5037	80400.5	0.999735	53.7697	162025	1	-2.24591e-12	256983	1	2.41585e-12	1.26928e+06	1	-1.32894e-13	252714	1	-8.79039e-12	1.26928e+06	1	-1.45617e-12	901117	nan	nan	nan	0.999963	60.4058	1.29391e+06	0.999973	60.4058	1.81602e+06	1	0	1
153	rs1	1:1	2:0.52425	rs2	1:2	2:0.28875	0	1000	0	0.999995	0.821819	143598	0.999282	56.1797	62437	0.999471	53.5119	80760.7	0.999761	53.9423	179844	1	5.18201e-12	248821	1	1.65201e-11	1.26931e+06	1	-1.28486e-12	243769	1	4.81767e-11	1.55362e+06	1	-6.06881e-12	1.03853e+06	nan	nan	nan	0.999963	60.4058	1.29219e+06	0.999976	60.4058	2.02608e+06	1	0	1
154	rs1	1:1	2:0.52575	rs2	1:2	2:0.2875	0	1000	0	0.999922	15.4195	157500	0.999314	49.3744	57432.6	0.999648	30.8653	69964.8	0.999506	50.0552	80880	1	5.01307e-09	247584	1	2.28772e-09	1.55363e+06	1	1.74082e-09	247584	1	6.83921e-09	1.26932e+06	1	-1.81648e-08	773444	nan	nan	nan	0.999981	37.0636	1.57135e+06	0.999976	60.4058	2.03069e+06	1	0	1
155	rs1	1:1	2:0.52325	rs2	1:2	2:0.28625	0	1000	0	0.999999	0.225222	155215	0.999279	56.1144	62139	0.99947	53.5248	80544.2	0.999725	53.4672	155221	1	-4.80506e-12	256996	1	-1.03242e-11	1.26928e+06	1	-1.02318e-12	254124	1	6.50149e-12	984370	1	6.82665e-12	901513	nan	nan	nan	0.999963	60.4058	1.29416e+06	0.999971	60.4058	1.63674e+06	1	0	1
156	rs1	1:1	2:0.523	rs2	1:2	2:0.289	0	1000	0	0.999995	0.955364	159536	0.999307	56.3896	64891.6	0.999455	54.0132	79066.8	0.999753	54.2666	175013	1	1.59472e-12	260078	1	-6.06093e-12	984395	1	7.90479e-14	239023	1	-1.10305e-11	1.2693e+06	1	1.53277e-12	1.15012e+06	nan	nan	nan	0.999952	60.4058	1.01259e+06	0.99997	60.4058	1.63306e+06	1	0	1
157	rs1	1:1	2:0.524	rs2	1:2	2:0.28925	0	1000	0	0.999999	0.140402	165790	0.999307	56.3397	64834	0.999457	54.0101	79330.7	0.999795	54.6287	212251	1	-4.17139e-12	260092	1	-8.93507e-12	984399	1	-5.01421e-12	240188	1	-1.67551e-11	2.19581e+06	1	2.96585e-12	849345	nan	nan	nan	0.999952	60.4058	1.01287e+06	0.99998	60.4058	2.42361e+06	1	0	1
158	rs1	1:1	2:0.52375	rs2	1:2	2:0.286	0	1000	0	0.999999	0.105686	153525	0.999279	56.1041	62127.8	0.999485	53.1769	82377.4	0.999751	53.3503	171060	1	-1.25422e-11	252756	1	-1.55431e-11	1.55361e+06	1	-2.32925e-12	252756	1	-2.02922e-11	1.26929e+06	1	7.52881e-12	850802	nan	nan	nan	0.999969	60.4058	1.57378e+06	0.999976	60.4058	2.03012e+06	1	0	1
159	rs1	1:1	2:0.52475	rs2	1:2	2:0.289	0	1000	0	0.999999	-0.273841	164531	0.999296	56.2338	63719	0.999477	53.8833	82128.9	0.999738	54.0107	164197	1	2.34923e-12	257094	1	-5.42144e-12	1.09992e+06	1	5.58342e-12	248792	1	1.24153e-11	1.2693e+06	1	-1.1808e-11	776955	1	-3.13763e-12	2.54696e+06	0.999957	60.4058	1.12734e+06	0.999972	60.4058	1.70519e+06	1	0	1
160	rs1	1:1	2:0.53	rs2	1:2	2:0.2855	0	1000	0	0.999996	-0.758689	149582	0.999283	55.9312	62251.1	0.99948	53.1453	81556.5	0.999757	53.4503	175556	1	-1.05894e-11	233641	1	-4.35563e-12	1.55363e+06	1	5.14699e-13	273387	1	-3.21513e-11	1.55363e+06	1	7.51765e-12	637697	nan	nan	nan	0.999969	60.4058	1.57723e+06	0.999978	60.4058	2.21722e+06	1	0	1
161	rs1	1:1	2:0.52675	rs2	1:2	2:0.2825	0	1000	0	0.999489	40.3637	63077.5	0.999372	49.6344	63077.5	1.56031e-06	7.56761	1.57549	0.99952	26.822	44552.9	0.999732	25.7031	76633.9	1	-1.14215e-08	1.26929e+06	1	-3.29088e-09	269735	1	7.34701e-10	1.26929e+06	0.99997	-25.7031	688522	nan	nan	nan	0.999963	60.4058	1.29731e+06	0.999974	60.4058	1.82587e+06	1	0	1
162	rs1	1:1	2:0.52325	rs2	1:2	2:0.28825	0	1000	0	1	-4.31566e-12	238980	0.999791	60.4058	230670	1	8.41993e-13	230523	1	8.56204e-13	380311	1	3.52518e-12	254208	0.9998	60.4058	241553	1	-1.4424e-12	243946	1	-6.99885e-13	387724	1	-7.47846e-12	745671	-nan	0	0	nan	nan	nan	nan	nan	nan	1	0	1
163	rs1	1:1	2:0.52275	rs2	1:2	2:0.289	0	1000	0	0.999999	0.208245	154585	0.999277	56.2306	62043.2	0.99949	53.2139	83296.1	0.999736	53.1998	160824	1	-9.92462e-12	258614	1	3.51719e-13	1.55363e+06	1	-3.40633e-12	240218	1	1.58097e-11	984406	1	9.03178e-12	848894	nan	nan	nan	0.999969	60.4058	1.57181e+06	0.999974	60.4058	1.86653e+06	1	0	1
164	rs1	1:1	2:0.523	rs2	1:2	2:0.288	0	1000	0	0.999998	-0.385311	150786	0.999225	55.7838	57421.4	0.99949	52.3798	81878.7	0.999733	52.6053	157244	1	1.65958e-13	258461	1	-1.40474e-11	2.19579e+06	1	3.03099e-12	254110	1	-9.61955e-12	1.26928e+06	1	1.81008e-12	750545	nan	nan	nan	0.999978	60.4058	2.21028e+06	0.999981	60.4058	2.55296e+06	1	0	1
165	rs1	1:1	2:0.5235	rs2	1:2	2:0.2895	0	1000	0	0.999928	15.4629	172067	0.999327	49.5061	58726.1	0.999644	31.577	70691.5	0.999505	50.8555	81961.9	1	-2.73346e-09	264811	1	4.6407e-09	1.09992e+06	1	2.39648e-08	239053	1	-2.253e-09	1.26931e+06	1	-3.03442e-08	810203	nan	nan	nan	0.999974	37.0615	1.12297e+06	0.999972	60.4058	1.70745e+06	1	0	1
