Outcome	Var1_ID	Var1_Pos	Var1_MAF	Var2_ID	Var2_Pos	Var2_MAF	Num_Missing	Num_Cases	Converged	Red_Var1_Pval	Red_Var1_beta	Red_Var1_SE	Red_Var2_Pval	Red_Var2_beta	Red_Var2_SE	Full_Var1_Pval	Full_Var1_beta	Full_Var1_SE	Full_Var2_Pval	Full_Var2_beta	Full_Var2_SE	Full_Var1_Var2_Pval	Full_Var1_Var2_beta	Full_Var1_Var2_SE	Red_Model_Pval	Full_Model_Pval	Overall_Pval_(LRT)
1	rs1	1:1	2:0.5285	rs2	1:2	2:0.285	0	1000	0	0.999499	51.5432	82036.4	0.999712	20.8356	57816.3	0.999583	36.3578	69639.1	1	-3.5385e-12	983861	0.999981	24.048	1.0252e+06	1	0	1
2	rs1	1:1	2:0.5225	rs2	1:2	2:0.292	0	1000	0	0.999502	51.0751	81879.3	0.999721	20.1917	57690.5	0.999575	37.0477	69534.2	1	3.05867e-10	1.26888e+06	0.999986	23.3581	1.29962e+06	1	0	1
3	rs1	1:1	2:0.52575	rs2	1:2	2:0.28575	0	1000	0	0.999506	50.9647	82368.2	0.99971	21.149	58126.1	0.999591	35.6835	69674.2	1	-2.02485e-09	1.09944e+06	0.999983	24.7223	1.1529e+06	1	0	1
4	rs1	1:1	2:0.523	rs2	1:2	2:0.291	0	1000	0	0.999502	51.2301	82040.1	0.999723	20.0479	57840.7	0.999575	37.0562	69569.1	1	3.21183e-09	1.09943e+06	0.999984	23.3496	1.14002e+06	1	0	1
5	rs1	1:1	2:0.52525	rs2	1:2	2:0.28825	0	1000	0	0.999509	50.602	82245.6	0.999693	22.3076	57965.4	0.999601	34.8558	69779.8	1	-8.00932e-09	1.55329e+06	0.999987	25.55	1.58073e+06	1	0	1
6	rs1	1:1	2:0.52525	rs2	1:2	2:0.2895	0	1000	0	0.999514	49.9122	81949.6	0.999707	21.2206	57755.9	0.999587	35.9534	69534.2	1	-1.02599e-08	2.19556e+06	0.999991	24.4524	2.21472e+06	1	0	1
7	rs1	1:1	2:0.52975	rs2	1:2	2:0.2855	0	1000	0	0.99951	50.4403	82089.3	0.999716	20.6385	57895.1	0.999583	36.3683	69534.2	1	1.97348e-09	1.55328e+06	0.999988	24.0375	1.58525e+06	1	0	1
8	rs1	1:1	2:0.52425	rs2	1:2	2:0.28275	0	1000	0	0.999519	49.5712	82220.7	0.999713	20.8576	58019.9	0.999587	35.9712	69534.2	1	-3.59677e-09	2.19556e+06	0.999991	24.4346	2.22282e+06	1	0	1
9	rs1	1:1	2:0.52625	rs2	1:2	2:0.28425	0	1000	0	0.999517	49.6595	82075.5	0.999726	19.8544	57902.3	0.999574	37.0657	69464.5	1	-5.78986e-10	2.19556e+06	0.999992	23.3401	2.22035e+06	1	0	1
10	rs1	1:1	2:0.52225	rs2	1:2	2:0.2855	0	1000	0	0.999513	50.1886	82264.9	0.99972	20.3726	58064	0.999583	36.3798	69534.2	1	-1.3754e-09	1.55328e+06	0.999988	24.026	1.59463e+06	1	0	1
11	rs1	1:1	2:0.5275	rs2	1:2	2:0.28525	0	1000	0	0.99951	50.4403	82089.3	0.999716	20.6385	57895.1	0.999583	36.3683	69534.2	1	-1.85295e-09	1.55328e+06	0.999988	24.0375	1.58525e+06	1	0	1
12	rs1	1:1	2:0.52025	rs2	1:2	2:0.28675	0	1000	0	0.999582	36.362	69464.5	0.999936	24.0438	298660	0.999582	36.362	69464.5	0.999936	24.0438	298660	nan	nan	nan	1	0	1
13	rs1	1:1	2:0.5235	rs2	1:2	2:0.2865	0	1000	0	0.9995	51.6194	82363.7	0.999712	20.9603	58111.3	0.999589	35.967	69744.6	1	9.18533e-10	832356	0.999978	24.4387	895704	1	0	1
14	rs1	1:1	2:0.52575	rs2	1:2	2:0.2895	0	1000	0	0.999506	50.8907	82173.7	0.999706	21.3764	57945.1	0.999591	35.6731	69639.1	1	-4.95611e-10	1.26889e+06	0.999985	24.7327	1.30629e+06	1	0	1
15	rs1	1:1	2:0.5255	rs2	1:2	2:0.2905	0	1000	0	0.999501	51.4219	82186.6	0.999709	21.1098	57952.8	0.999588	35.9597	69674.2	1	-2.8074e-09	983863	0.999981	24.4461	1.03074e+06	1	0	1
16	rs1	1:1	2:0.527	rs2	1:2	2:0.28575	0	1000	0	0.999509	50.4966	82000.7	0.999724	20.0066	57819.9	0.999575	37.0583	69499.3	1	2.16998e-09	1.55327e+06	0.999988	23.3475	1.58338e+06	1	0	1
17	rs1	1:1	2:0.52625	rs2	1:2	2:0.28575	0	1000	0	0.999516	49.7846	82020.3	0.999715	20.6795	57837.3	0.999582	36.3662	69499.3	1	6.1425e-09	2.19556e+06	0.999991	24.0396	2.21739e+06	1	0	1
18	rs1	1:1	2:0.52	rs2	1:2	2:0.28825	0	1000	0	0.999515	60.4058	99397.6	1	-3.63709e-12	291353	0.999517	60.4058	99689.4	1	-1.67972e-11	1.26888e+06	1	1.94404e-11	1.30371e+06	1	0	1
19	rs1	1:1	2:0.52125	rs2	1:2	2:0.28625	0	1000	0	0.999509	50.4795	82056.9	0.999715	20.6804	57863.2	0.999583	36.3662	69534.2	1	3.47242e-11	1.55328e+06	0.999988	24.0396	1.58398e+06	1	0	1
20	rs1	1:1	2:0.52975	rs2	1:2	2:0.28575	0	1000	0	0.999515	60.4058	99325.2	1	6.05738e-13	318111	0.999515	60.4058	99425.1	1	6.49436e-11	2.19556e+06	1	-6.79421e-11	2.21897e+06	1	0	1
21	rs1	1:1	2:0.52125	rs2	1:2	2:0.29	0	1000	0	0.9995	51.382	81938.8	0.999711	20.9035	57727.9	0.999583	36.3535	69604.1	1	5.45783e-09	1.09944e+06	0.999983	24.0523	1.13422e+06	1	0	1
22	rs1	1:1	2:0.528	rs2	1:2	2:0.28875	0	1000	0	0.999587	35.9555	69499.3	0.999934	24.4503	295933	0.999587	35.9555	69499.3	0.999934	24.4503	295933	nan	nan	nan	1	0	1
23	rs1	1:1	2:0.52625	rs2	1:2	2:0.2865	0	1000	0	0.999514	49.8933	81925.2	0.999713	20.7959	57743.8	0.999583	36.3599	69499.3	1	7.33579e-10	2.19556e+06	0.999991	24.0459	2.21506e+06	1	0	1
24	rs1	1:1	2:0.52575	rs2	1:2	2:0.29025	0	1000	0	0.999591	35.6614	69534.2	0.99993	24.7444	281002	0.999591	35.6614	69534.2	0.99993	24.7444	281002	nan	nan	nan	1	0	1
25	rs1	1:1	2:0.52275	rs2	1:2	2:0.28675	0	1000	0	0.999506	50.8673	82109.1	0.999715	20.6606	57905.4	0.999583	36.3673	69569.1	1	1.97923e-09	1.26888e+06	0.999985	24.0385	1.30704e+06	1	0	1
26	rs1	1:1	2:0.52575	rs2	1:2	2:0.28525	0	1000	0	0.999521	49.471	82325.6	0.999711	21.0389	58109.3	0.999591	35.6877	69569.1	1	4.61325e-06	2.19557e+06	0.999991	24.7181	2.22583e+06	1	0	1
27	rs1	1:1	2:0.5275	rs2	1:2	2:0.286	0	1000	0	0.999506	50.8887	82133.9	0.999709	21.0877	57918.1	0.999588	35.9607	69604.1	1	-6.50374e-10	1.26888e+06	0.999985	24.445	1.30629e+06	1	0	1
28	rs1	1:1	2:0.527	rs2	1:2	2:0.289	0	1000	0	0.9995	51.4569	82115	0.999714	20.7429	57894.3	0.999583	36.363	69639.1	1	2.73995e-09	983861	0.999981	24.0427	1.02901e+06	1	0	1
29	rs1	1:1	2:0.525	rs2	1:2	2:0.28825	0	1000	0	0.999501	51.2998	81977.6	0.999722	20.1227	57779.1	0.999575	37.052	69569.1	1	-1.96385e-09	1.09943e+06	0.999984	23.3538	1.13722e+06	1	0	1
30	rs1	1:1	2:0.52375	rs2	1:2	2:0.28525	0	1000	0	0.999516	49.8301	82150.1	0.999699	21.8222	57917.3	0.999596	35.2655	69639.1	1	-5.5411e-09	2.19557e+06	0.999991	25.1403	2.21656e+06	1	0	1
31	rs1	1:1	2:0.5205	rs2	1:2	2:0.28925	0	1000	0	0.999513	49.9592	81862	0.999711	20.867	57681.2	0.999583	36.3556	69499.3	1	-7.43923e-09	2.19556e+06	0.999991	24.0502	2.21377e+06	1	0	1
32	rs1	1:1	2:0.52525	rs2	1:2	2:0.29225	0	1000	0	0.999497	51.8365	82292.2	0.999716	20.6438	58045.7	0.999584	36.3683	69744.6	1	-2.63526e-09	778988	0.999977	24.0375	840934	1	0	1
33	rs1	1:1	2:0.5225	rs2	1:2	2:0.28475	0	1000	0	0.999513	50.2701	82338.7	0.999707	21.3713	58102.6	0.999594	35.4604	69639.1	1	1.6704e-09	1.55328e+06	0.999987	24.9454	1.59157e+06	1	0	1
34	rs1	1:1	2:0.51875	rs2	1:2	2:0.2845	0	1000	0	0.999516	49.8056	82044.7	0.999709	21.1062	57849.5	0.999587	35.9597	69534.2	1	-3.90656e-10	2.19556e+06	0.999991	24.4461	2.21697e+06	1	0	1
35	rs1	1:1	2:0.52875	rs2	1:2	2:0.28725	0	1000	0	0.999514	60.4058	99133.8	1	5.71099e-13	317497	0.999515	60.4058	99420.2	1	-5.81224e-12	1.26888e+06	1	2.17426e-12	1.31057e+06	1	0	1
36	rs1	1:1	2:0.5255	rs2	1:2	2:0.28225	0	1000	0	0.999517	49.6811	82059.1	0.999726	19.8774	57886.4	0.999574	37.0646	69464.5	1	9.48646e-11	2.19556e+06	0.999992	23.3412	2.2198e+06	1	0	1
37	rs1	1:1	2:0.52975	rs2	1:2	2:0.29	0	1000	0	0.9996	34.9725	69674.2	0.99993	25.4333	290694	0.9996	34.9725	69674.2	0.99993	25.4333	290694	nan	nan	nan	1	0	1
38	rs1	1:1	2:0.52775	rs2	1:2	2:0.2875	0	1000	0	0.999504	51.2387	82411.1	0.999706	21.4238	58149.1	0.999594	35.4583	69744.6	1	3.53504e-09	983868	0.999981	24.9475	1.04052e+06	1	0	1
39	rs1	1:1	2:0.528	rs2	1:2	2:0.2835	0	1000	0	0.999515	49.8644	82078.3	0.999701	21.6777	57858.8	0.999594	35.4457	69604.1	1	1.38436e-08	2.19557e+06	0.999991	24.9601	2.21579e+06	1	0	1
40	rs1	1:1	2:0.528	rs2	1:2	2:0.282	0	1000	0	0.999512	50.3623	82274.3	0.999705	21.4687	58040.5	0.999594	35.4562	69639.1	1	7.18854e-09	1.55328e+06	0.999987	24.9496	1.58813e+06	1	0	1
41	rs1	1:1	2:0.5285	rs2	1:2	2:0.293	0	1000	0	0.999495	52.0383	82201.1	0.999703	21.5509	57931	0.999592	35.6635	69815.1	1	-5.95698e-10	778994	0.999976	24.7422	829741	1	0	1
42	rs1	1:1	2:0.528	rs2	1:2	2:0.28625	0	1000	0	0.999582	36.3767	69464.5	0.999945	24.0291	347012	0.999582	36.3767	69464.5	0.999945	24.0291	347012	nan	nan	nan	1	0	1
43	rs1	1:1	2:0.5225	rs2	1:2	2:0.2835	0	1000	0	0.99951	50.42	82104.7	0.999716	20.617	57909.9	0.999583	36.3694	69534.2	1	4.71636e-09	1.55328e+06	0.999988	24.0364	1.58592e+06	1	0	1
44	rs1	1:1	2:0.523	rs2	1:2	2:0.2905	0	1000	0	0.999501	51.2656	82008.4	0.999723	20.086	57809.3	0.999575	37.0541	69569.1	1	-6.42501e-10	1.09943e+06	0.999984	23.3517	1.13857e+06	1	0	1
45	rs1	1:1	2:0.529	rs2	1:2	2:0.2845	0	1000	0	0.999506	50.8927	82214.3	0.999703	21.6005	57973.2	0.999594	35.4499	69674.2	1	1.0255e-09	1.26889e+06	0.999985	24.9559	1.3063e+06	1	0	1
46	rs1	1:1	2:0.528	rs2	1:2	2:0.28725	0	1000	0	0.999512	50.0499	81768	0.99971	20.9654	57587.3	0.999583	36.3492	69499.3	1	-2.83702e-09	2.19556e+06	0.999991	24.0566	2.21212e+06	1	0	1
47	rs1	1:1	2:0.53	rs2	1:2	2:0.286	0	1000	0	0.999505	50.8654	82068.3	0.999725	19.9665	57876.9	0.999575	37.0604	69534.2	1	1.80509e-09	1.26888e+06	0.999986	23.3454	1.30704e+06	1	0	1
48	rs1	1:1	2:0.5245	rs2	1:2	2:0.28475	0	1000	0	0.999517	49.7043	82083.9	0.999716	20.594	57899.1	0.999582	36.3704	69499.3	1	1.91704e-09	2.19556e+06	0.999991	24.0354	2.21928e+06	1	0	1
49	rs1	1:1	2:0.524	rs2	1:2	2:0.28975	0	1000	0	0.999502	51.1415	81936.6	0.999701	21.6465	57709.8	0.999591	35.6571	69639.1	1	2.30821e-09	1.26889e+06	0.999985	24.7486	1.29776e+06	1	0	1
50	rs1	1:1	2:0.5255	rs2	1:2	2:0.28375	0	1000	0	0.999517	49.727	82108.6	0.99971	21.0225	57911.9	0.999587	35.9639	69534.2	1	7.94383e-09	2.19556e+06	0.999991	24.4419	2.21878e+06	1	0	1
51	rs1	1:1	2:0.52475	rs2	1:2	2:0.29125	0	1000	0	0.999574	37.0509	69429.7	0.999935	23.3549	288178	0.999574	37.0509	69429.7	0.999935	23.3549	288178	nan	nan	nan	1	0	1
52	rs1	1:1	2:0.52325	rs2	1:2	2:0.29275	0	1000	0	0.9995	51.3507	81970.3	0.999712	20.8697	57759.4	0.999583	36.3556	69604.1	1	-8.61206e-10	1.09944e+06	0.999983	24.0502	1.13536e+06	1	0	1
53	rs1	1:1	2:0.52225	rs2	1:2	2:0.291	0	1000	0	0.999505	50.9626	82070.2	0.999708	21.1668	57855.4	0.999588	35.9565	69604.1	1	-4.06905e-09	1.26888e+06	0.999985	24.4493	1.30356e+06	1	0	1
54	rs1	1:1	2:0.5255	rs2	1:2	2:0.2865	0	1000	0	0.999514	60.4058	99147.9	1	-3.46478e-12	305868	0.999516	60.4058	99524.9	1	1.19798e-11	1.09943e+06	1	-1.37277e-11	1.14462e+06	1	0	1
55	rs1	1:1	2:0.53025	rs2	1:2	2:0.286	0	1000	0	0.999516	49.7453	82052	0.999715	20.6376	57868.2	0.999582	36.3683	69499.3	1	-1.71418e-09	2.19556e+06	0.999991	24.0375	2.2183e+06	1	0	1
56	rs1	1:1	2:0.52375	rs2	1:2	2:0.29175	0	1000	0	0.99951	50.4835	82137.9	0.999706	21.3755	57919.2	0.999591	35.6731	69604.1	1	-5.46031e-09	1.55328e+06	0.999988	24.7327	1.58399e+06	1	0	1
57	rs1	1:1	2:0.5255	rs2	1:2	2:0.29225	0	1000	0	0.999502	51.4454	82428	0.999706	21.4487	58158.1	0.999595	35.4573	69779.8	1	-4.31289e-09	898599	0.999979	24.9485	958903	1	0	1
58	rs1	1:1	2:0.52675	rs2	1:2	2:0.2845	0	1000	0	0.99951	50.466	82195	0.999703	21.5789	57963.6	0.999594	35.451	69639.1	1	6.02897e-09	1.55328e+06	0.999987	24.9548	1.58461e+06	1	0	1
59	rs1	1:1	2:0.5255	rs2	1:2	2:0.287	0	1000	0	0.999506	50.8887	82133.9	0.999709	21.0877	57918.1	0.999588	35.9607	69604.1	1	1.05094e-09	1.26888e+06	0.999985	24.445	1.30629e+06	1	0	1
60	rs1	1:1	2:0.52625	rs2	1:2	2:0.287	0	1000	0	0.999502	51.1208	81832	0.99972	20.2413	57643.1	0.999575	37.0445	69534.2	1	2.97602e-09	1.26888e+06	0.999986	23.3613	1.2982e+06	1	0	1
61	rs1	1:1	2:0.52875	rs2	1:2	2:0.28475	0	1000	0	0.99952	49.4956	82268.7	0.999714	20.7781	58065.6	0.999587	35.9743	69534.2	1	2.37328e-10	2.19556e+06	0.999991	24.4315	2.22501e+06	1	0	1
62	rs1	1:1	2:0.524	rs2	1:2	2:0.2875	0	1000	0	0.999519	49.5732	82261.1	0.999709	21.1463	58047.7	0.999591	35.6835	69569.1	1	6.34785e-09	2.19556e+06	0.999991	24.7223	2.22282e+06	1	0	1
63	rs1	1:1	2:0.52775	rs2	1:2	2:0.28675	0	1000	0	0.999502	51.2138	82096	0.999714	20.7224	57883.7	0.999583	36.3641	69604.1	1	-2.31879e-09	1.09944e+06	0.999983	24.0417	1.14078e+06	1	0	1
64	rs1	1:1	2:0.5225	rs2	1:2	2:0.29025	0	1000	0	0.999507	50.6198	81890	0.999722	20.1389	57710.8	0.999575	37.0509	69499.3	1	3.70711e-09	1.55327e+06	0.999988	23.3549	1.57978e+06	1	0	1
65	rs1	1:1	2:0.52125	rs2	1:2	2:0.29	0	1000	0	0.999514	49.8913	81884.9	0.999722	20.1018	57716.3	0.999574	37.053	69464.5	1	3.36531e-09	2.19556e+06	0.999992	23.3528	2.21506e+06	1	0	1
66	rs1	1:1	2:0.5235	rs2	1:2	2:0.28825	0	1000	0	0.999508	50.8048	82423.1	0.999716	20.6947	58189	0.999588	35.9774	69639.1	1	2.61308e-09	1.09944e+06	0.999983	24.4283	1.16208e+06	1	0	1
67	rs1	1:1	2:0.52525	rs2	1:2	2:0.28725	0	1000	0	0.999506	50.8713	82190.1	0.999706	21.3557	57961.5	0.999591	35.6741	69639.1	1	2.10861e-09	1.26889e+06	0.999985	24.7317	1.30705e+06	1	0	1
68	rs1	1:1	2:0.52275	rs2	1:2	2:0.2865	0	1000	0	0.999507	50.6198	81890	0.999722	20.1389	57710.8	0.999575	37.0509	69499.3	1	2.59899e-09	1.55327e+06	0.999988	23.3549	1.57978e+06	1	0	1
69	rs1	1:1	2:0.525	rs2	1:2	2:0.28575	0	1000	0	1.42385e-26	13.086	1.22656	0.721778	1.85389	5.20634	1.66762e-26	13.0576	1.22559	0.999985	-23.3002	1.26697e+06	0.999971	47.3482	1.29989e+06	0	0	1
70	rs1	1:1	2:0.52425	rs2	1:2	2:0.2915	0	1000	0	0.999501	51.2829	81993	0.999722	20.1045	57794.2	0.999575	37.053	69569.1	1	2.31826e-09	1.09943e+06	0.999984	23.3528	1.13788e+06	1	0	1
71	rs1	1:1	2:0.5215	rs2	1:2	2:0.2895	0	1000	0	0.999504	50.9407	82005.5	0.999723	20.047	57815.6	0.999575	37.0562	69534.2	1	2.14681e-09	1.26888e+06	0.999986	23.3496	1.3042e+06	1	0	1
72	rs1	1:1	2:0.5265	rs2	1:2	2:0.28825	0	1000	0	0.999504	50.9974	82038.6	0.999707	21.2042	57824.3	0.999588	35.9544	69604.1	1	-1.37796e-09	1.26888e+06	0.999985	24.4514	1.30234e+06	1	0	1
73	rs1	1:1	2:0.5225	rs2	1:2	2:0.294	0	1000	0	0.999503	51.0791	81959.3	0.999706	21.2923	57745.2	0.999588	35.9491	69604.1	1	-2.27821e-10	1.26888e+06	0.999985	24.4567	1.29963e+06	1	0	1
74	rs1	1:1	2:0.5215	rs2	1:2	2:0.28575	0	1000	0	0.999506	50.8045	82116.4	0.999726	19.9017	57923.9	0.999575	37.0636	69534.2	1	2.23478e-09	1.26888e+06	0.999986	23.3422	1.30949e+06	1	0	1
75	rs1	1:1	2:0.52775	rs2	1:2	2:0.2905	0	1000	0	0.999507	50.66	82019.6	0.999699	21.7871	57790.2	0.999594	35.4393	69639.1	1	-1.0025e-09	1.55328e+06	0.999987	24.9665	1.57891e+06	1	0	1
76	rs1	1:1	2:0.524	rs2	1:2	2:0.2835	0	1000	0	0.999511	50.4012	82161.4	0.999711	21.0014	57953.7	0.999588	35.9649	69569.1	1	3.16476e-11	1.55328e+06	0.999988	24.4408	1.58663e+06	1	0	1
77	rs1	1:1	2:0.5305	rs2	1:2	2:0.2885	0	1000	0	0.999507	50.8104	82237.5	0.999707	21.2909	58007.5	0.999591	35.6773	69639.1	1	-2.55496e-09	1.26889e+06	0.999985	24.7285	1.3095e+06	1	0	1
78	rs1	1:1	2:0.52125	rs2	1:2	2:0.286	0	1000	0	0.999504	51.1185	82216.3	0.999711	21.0252	57990.1	0.999588	35.9639	69639.1	1	4.43237e-11	1.09944e+06	0.999983	24.4419	1.1451e+06	1	0	1
79	rs1	1:1	2:0.5255	rs2	1:2	2:0.28175	0	1000	0	0.999527	49.6715	83788.5	0.999784	-16.0766	59378.7	0.999582	37.1096	70907.4	0.999992	-23.2961	2.19446e+06	0.999992	23.2961	2.2222e+06	1	0	1
80	rs1	1:1	2:0.52675	rs2	1:2	2:0.2845	0	1000	0	0.99951	50.4403	82089.3	0.999716	20.6385	57895.1	0.999583	36.3683	69534.2	1	-1.58374e-09	1.55328e+06	0.999988	24.0375	1.58525e+06	1	0	1
81	rs1	1:1	2:0.52575	rs2	1:2	2:0.285	0	1000	0	0.999511	50.4012	82161.4	0.999711	21.0014	57953.7	0.999588	35.9649	69569.1	1	-1.28594e-10	1.55328e+06	0.999988	24.4408	1.58663e+06	1	0	1
82	rs1	1:1	2:0.522	rs2	1:2	2:0.2875	0	1000	0	0.999502	51.3656	82275	0.999707	21.3363	58028	0.999592	35.6752	69709.4	1	-1.08734e-10	983866	0.999981	24.7306	1.03361e+06	1	0	1
83	rs1	1:1	2:0.52075	rs2	1:2	2:0.28625	0	1000	0	0.99951	50.418	82064.7	0.999725	19.9229	57882.5	0.999574	37.0625	69499.3	1	-1.85653e-09	1.55327e+06	0.999988	23.3433	1.58592e+06	1	0	1
84	rs1	1:1	2:0.523	rs2	1:2	2:0.28525	0	1000	0	0.999507	50.7853	82172.6	0.999717	20.5734	57967.1	0.999583	36.3715	69569.1	1	-6.14881e-09	1.26888e+06	0.999985	24.0343	1.31038e+06	1	0	1
85	rs1	1:1	2:0.52725	rs2	1:2	2:0.28825	0	1000	0	0.999506	50.8514	82206.1	0.999706	21.3345	57977	0.999591	35.6752	69639.1	1	3.97295e-09	1.26889e+06	0.999985	24.7306	1.30783e+06	1	0	1
86	rs1	1:1	2:0.52425	rs2	1:2	2:0.29125	0	1000	0	0.999514	60.4058	99226.1	1	9.09495e-13	298175	0.999516	60.4058	99605.5	1	-3.12639e-13	1.09943e+06	1	1.64846e-12	1.14224e+06	1	0	1
87	rs1	1:1	2:0.524	rs2	1:2	2:0.29075	0	1000	0	0.999501	51.248	82024.4	0.999723	20.0671	57825.2	0.999575	37.0551	69569.1	1	-1.0133e-10	1.09943e+06	0.999984	23.3507	1.13928e+06	1	0	1
88	rs1	1:1	2:0.52575	rs2	1:2	2:0.2915	0	1000	0	0.999505	50.9626	82070.2	0.999708	21.1668	57855.4	0.999588	35.9565	69604.1	1	4.42006e-09	1.26888e+06	0.999985	24.4493	1.30356e+06	1	0	1
89	rs1	1:1	2:0.51875	rs2	1:2	2:0.2905	0	1000	0	0.999509	50.4581	82032.9	0.999725	19.9656	57851.6	0.999575	37.0604	69499.3	1	3.78559e-09	1.55327e+06	0.999988	23.3454	1.5846e+06	1	0	1
90	rs1	1:1	2:0.52525	rs2	1:2	2:0.285	0	1000	0	0.999505	51.0288	82198.5	0.999727	19.8336	57995.3	0.999575	37.0667	69569.1	1	8.13102e-10	1.09943e+06	0.999984	23.3391	1.14925e+06	1	0	1
91	rs1	1:1	2:0.524	rs2	1:2	2:0.29325	0	1000	0	0.999514	49.9268	81893.2	0.999712	20.832	57712	0.999583	36.3578	69499.3	1	5.59211e-10	2.19556e+06	0.999991	24.048	2.21439e+06	1	0	1
92	rs1	1:1	2:0.52425	rs2	1:2	2:0.2905	0	1000	0	0.999503	51.1146	82135.4	0.999726	19.9246	57934.2	0.999575	37.0625	69569.1	1	-1.21082e-09	1.09943e+06	0.999984	23.3433	1.14509e+06	1	0	1
93	rs1	1:1	2:0.52775	rs2	1:2	2:0.292	0	1000	0	0.999496	51.7576	81998.6	0.999721	20.1773	57782.5	0.999575	37.0488	69639.1	1	2.00712e-09	898588	0.99998	23.357	942199	1	0	1
94	rs1	1:1	2:0.526	rs2	1:2	2:0.28625	0	1000	0	0.999515	60.4058	99280.2	1	1.06226e-12	311952	0.999515	60.4058	99476.2	1	1.5433e-11	1.55327e+06	1	-1.67404e-11	1.58558e+06	1	0	1
95	rs1	1:1	2:0.5295	rs2	1:2	2:0.284	0	1000	0	0.999517	49.7063	82124.2	0.999711	21.0005	57926.9	0.999587	35.9649	69534.2	1	7.37462e-09	2.19556e+06	0.999991	24.4408	2.21928e+06	1	0	1
96	rs1	1:1	2:0.523	rs2	1:2	2:0.2905	0	1000	0	0.999501	51.2676	82049.1	0.999713	20.7801	57837.6	0.999583	36.3609	69604.1	1	-7.92618e-10	1.09944e+06	0.999983	24.0449	1.13857e+06	1	0	1
97	rs1	1:1	2:0.52375	rs2	1:2	2:0.28875	0	1000	0	6.59258e-28	12.6692	1.15693	0.667958	2.62826	6.12716	6.82204e-28	12.651	1.1556	0.999992	-23.2991	2.19446e+06	0.999983	47.7548	2.21298e+06	0	0	1
98	rs1	1:1	2:0.52225	rs2	1:2	2:0.288	0	1000	0	0.999504	51.0746	82207.2	0.999717	20.5742	57992.5	0.999583	36.3715	69604.1	1	3.38531e-09	1.09944e+06	0.999983	24.0343	1.14708e+06	1	0	1
99	rs1	1:1	2:0.52325	rs2	1:2	2:0.289	0	1000	0	0.999499	51.5849	82195.7	0.999715	20.6839	57965.6	0.999584	36.3662	69674.2	1	-1.92273e-09	898590	0.99998	24.0396	950683	1	0	1
100	rs1	1:1	2:0.52325	rs2	1:2	2:0.28725	0	1000	0	0.999514	49.8952	81965.4	0.999707	21.2023	57771.4	0.999587	35.9544	69534.2	1	-1.67329e-09	2.19556e+06	0.999991	24.4514	2.21506e+06	1	0	1
101	rs1	1:1	2:0.5255	rs2	1:2	2:0.2875	0	1000	0	0.999507	50.8351	82302.9	0.999701	21.7204	58048.2	0.999596	35.2708	69709.4	1	-1.65101e-09	1.26889e+06	0.999985	25.135	1.30865e+06	1	0	1
102	rs1	1:1	2:0.52275	rs2	1:2	2:0.2845	0	1000	0	0.999505	51.1079	82327.7	0.99973	19.6811	58112.3	0.999575	37.0729	69604.1	1	1.99136e-09	983858	0.999982	23.3328	1.04793e+06	1	0	1
103	rs1	1:1	2:0.522	rs2	1:2	2:0.2885	0	1000	0	0.999511	50.3781	82136.7	0.999717	20.5725	57940.9	0.999583	36.3715	69534.2	1	-2.86711e-10	1.55328e+06	0.999988	24.0343	1.58736e+06	1	0	1
104	rs1	1:1	2:0.526	rs2	1:2	2:0.29075	0	1000	0	0.999498	51.6088	82013.5	0.999706	21.3108	57780.9	0.999588	35.948	69674.2	1	1.20322e-09	983863	0.999981	24.4578	1.02258e+06	1	0	1
105	rs1	1:1	2:0.52775	rs2	1:2	2:0.28575	0	1000	0	0.999504	51.1875	82361	0.999714	20.8612	58122.6	0.999588	35.9712	69674.2	1	-1.49669e-09	983863	0.999981	24.4346	1.04327e+06	1	0	1
106	rs1	1:1	2:0.52175	rs2	1:2	2:0.2885	0	1000	0	0.999501	51.4049	82243.4	0.999706	21.3781	57997	0.999592	35.6731	69709.4	1	-3.76614e-09	983866	0.999981	24.7327	1.03166e+06	1	0	1
107	rs1	1:1	2:0.5265	rs2	1:2	2:0.29025	0	1000	0	0.999503	51.1761	82127.7	0.999715	20.6822	57914.9	0.999583	36.3662	69604.1	1	-1.53941e-09	1.09944e+06	0.999983	24.0396	1.14241e+06	1	0	1
108	rs1	1:1	2:0.52275	rs2	1:2	2:0.286	0	1000	0	0.999516	49.8076	82084.9	0.999705	21.3949	57876.9	0.999591	35.672	69569.1	1	-3.17424e-06	2.19556e+06	0.999991	24.7338	2.21697e+06	1	0	1
109	rs1	1:1	2:0.5235	rs2	1:2	2:0.2845	0	1000	0	0.999516	49.7846	82020.3	0.999715	20.6795	57837.3	0.999582	36.3662	69499.3	1	6.27085e-09	2.19556e+06	0.999991	24.0396	2.21739e+06	1	0	1
110	rs1	1:1	2:0.5265	rs2	1:2	2:0.28275	0	1000	0	0.999514	60.4058	99174.6	1	6.6791e-13	324011	0.999515	60.4058	99369.2	1	1.29603e-11	1.55327e+06	1	-1.21929e-11	1.58821e+06	1	0	1
111	rs1	1:1	2:0.52625	rs2	1:2	2:0.2845	0	1000	0	0.999516	49.7866	82060.8	0.999709	21.0859	57865.3	0.999587	35.9607	69534.2	1	3.36268e-09	2.19556e+06	0.999991	24.445	2.21739e+06	1	0	1
112	rs1	1:1	2:0.5255	rs2	1:2	2:0.28225	0	1000	0	0.999513	60.4058	99017.8	1	-1.67599e-12	345305	0.999514	60.4058	99210.3	1	-8.35598e-12	1.55327e+06	1	9.26548e-12	1.59314e+06	1	0	1
113	rs1	1:1	2:0.523	rs2	1:2	2:0.28925	0	1000	0	0.999513	49.9249	81853.2	0.999721	20.1379	57684.7	0.999574	37.0509	69464.5	1	5.02529e-09	2.19556e+06	0.999992	23.3549	2.21439e+06	1	0	1
114	rs1	1:1	2:0.52925	rs2	1:2	2:0.288	0	1000	0	0.999505	50.9841	82135.3	0.999701	21.6984	57895.6	0.999594	35.4446	69674.2	1	3.31961e-09	1.26889e+06	0.999985	24.9611	1.30294e+06	1	0	1
115	rs1	1:1	2:0.529	rs2	1:2	2:0.28475	0	1000	0	0.999504	51.1875	82361	0.999714	20.8612	58122.6	0.999588	35.9712	69674.2	1	-2.7357e-09	983863	0.999981	24.4346	1.04327e+06	1	0	1
116	rs1	1:1	2:0.5185	rs2	1:2	2:0.2835	0	1000	0	0.999574	37.0583	69429.7	0.999939	23.3475	307319	0.999574	37.0583	69429.7	0.999939	23.3475	307319	nan	nan	nan	1	0	1
117	rs1	1:1	2:0.524	rs2	1:2	2:0.288	0	1000	0	0.999582	36.3736	69464.5	0.999943	24.0322	334688	0.999582	36.3736	69464.5	0.999943	24.0322	334688	nan	nan	nan	1	0	1
118	rs1	1:1	2:0.52275	rs2	1:2	2:0.284	0	1000	0	0.999582	36.3777	69464.5	0.999945	24.0281	351432	0.999582	36.3777	69464.5	0.999945	24.0281	351432	nan	nan	nan	1	0	1
119	rs1	1:1	2:0.5255	rs2	1:2	2:0.28775	0	1000	0	0.999516	49.8464	82093.6	0.999701	21.6585	57873.7	0.999594	35.4468	69604.1	1	1.58966e-08	2.19557e+06	0.999991	24.959	2.21617e+06	1	0	1
120	rs1	1:1	2:0.52425	rs2	1:2	2:0.28875	0	1000	0	0.999505	51.0786	82288.6	0.999708	21.2693	58049.1	0.999591	35.6783	69674.2	1	3.59871e-09	1.09944e+06	0.999983	24.7275	1.14709e+06	1	0	1
121	rs1	1:1	2:0.5245	rs2	1:2	2:0.295	0	1000	0	0.999516	49.7473	82092.5	0.99971	21.0441	57896.1	0.999587	35.9628	69534.2	1	-3.11447e-09	2.19556e+06	0.999991	24.4429	2.2183e+06	1	0	1
122	rs1	1:1	2:0.52475	rs2	1:2	2:0.2845	0	1000	0	0.999506	50.9607	82286.8	0.999719	20.4539	58069.5	0.999583	36.3767	69604.1	1	-1.67768e-09	1.09944e+06	0.999983	24.0291	1.1529e+06	1	0	1
123	rs1	1:1	2:0.52525	rs2	1:2	2:0.29	0	1000	0	6.29317e-28	12.6873	1.15814	0.668698	1.89696	4.43282	6.74196e-28	12.6522	1.15559	0.999983	-23.3022	1.09723e+06	0.999967	47.7535	1.13644e+06	0	0	1
124	rs1	1:1	2:0.525	rs2	1:2	2:0.2865	0	1000	0	0.999506	50.8732	82230.4	0.999703	21.5798	57989.1	0.999594	35.451	69674.2	1	-2.05657e-09	1.26889e+06	0.999985	24.9548	1.30705e+06	1	0	1
125	rs1	1:1	2:0.5275	rs2	1:2	2:0.28275	0	1000	0	0.999511	50.3564	82152.8	0.999717	20.5495	57956.6	0.999583	36.3725	69534.2	1	-9.72022e-11	1.55328e+06	0.999988	24.0333	1.58812e+06	1	0	1
126	rs1	1:1	2:0.52125	rs2	1:2	2:0.288	0	1000	0	0.999515	49.8405	81972.6	0.999714	20.7393	57790.6	0.999583	36.363	69499.3	1	2.02044e-08	2.19556e+06	0.999991	24.0427	2.21616e+06	1	0	1
127	rs1	1:1	2:0.524	rs2	1:2	2:0.28425	0	1000	0	0.999507	50.7892	82254	0.999708	21.2684	58023.7	0.999591	35.6783	69639.1	1	1.39462e-09	1.26889e+06	0.999985	24.7275	1.31038e+06	1	0	1
128	rs1	1:1	2:0.52475	rs2	1:2	2:0.2865	0	1000	0	0.999515	49.8223	81988.8	0.999714	20.7197	57806.5	0.999583	36.3641	69499.3	1	-5.64761e-10	2.19556e+06	0.999991	24.0417	2.21656e+06	1	0	1
129	rs1	1:1	2:0.5295	rs2	1:2	2:0.2865	0	1000	0	0.999511	50.38	82177.3	0.999711	20.9789	57969.1	0.999588	35.966	69569.1	1	-6.43823e-09	1.55328e+06	0.999988	24.4398	1.58736e+06	1	0	1
130	rs1	1:1	2:0.52675	rs2	1:2	2:0.28375	0	1000	0	0.999504	51.2672	82416.7	0.999721	20.3482	58180.1	0.999583	36.3808	69674.2	1	-1.51152e-09	898590	0.99998	24.025	970186	1	0	1
131	rs1	1:1	2:0.52025	rs2	1:2	2:0.283	0	1000	0	0.999508	50.7166	82179.5	0.999727	19.8087	57984.8	0.999575	37.0677	69534.2	1	-2.42935e-10	1.26888e+06	0.999986	23.338	1.31329e+06	1	0	1
132	rs1	1:1	2:0.5235	rs2	1:2	2:0.2845	0	1000	0	0.999506	50.8455	82084.6	0.999725	19.9453	57893	0.999575	37.0615	69534.2	1	-2.63935e-09	1.26888e+06	0.999986	23.3443	1.30782e+06	1	0	1
133	rs1	1:1	2:0.5265	rs2	1:2	2:0.28625	0	1000	0	0.999504	51.161	82336.1	0.99972	20.4289	58109.5	0.999583	36.3777	69639.1	1	8.82387e-10	983861	0.999982	24.0281	1.04474e+06	1	0	1
134	rs1	1:1	2:0.52325	rs2	1:2	2:0.28575	0	1000	0	0.999505	50.9038	82036.8	0.999724	20.0075	57846.2	0.999575	37.0583	69534.2	1	1.07572e-09	1.26888e+06	0.999986	23.3475	1.30557e+06	1	0	1
135	rs1	1:1	2:0.526	rs2	1:2	2:0.28925	0	1000	0	0.999509	50.4795	82056.9	0.999715	20.6804	57863.2	0.999583	36.3662	69534.2	1	-2.29043e-09	1.55328e+06	0.999988	24.0396	1.58398e+06	1	0	1
136	rs1	1:1	2:0.52325	rs2	1:2	2:0.29125	0	1000	0	0.999502	51.1415	81936.6	0.999701	21.6465	57709.8	0.999591	35.6571	69639.1	1	-2.01887e-10	1.26889e+06	0.999985	24.7486	1.29776e+06	1	0	1
137	rs1	1:1	2:0.52325	rs2	1:2	2:0.287	0	1000	0	0.999506	50.8693	82149.2	0.99971	21.067	57932.9	0.999588	35.9618	69604.1	1	-8.72568e-10	1.26888e+06	0.999985	24.444	1.30704e+06	1	0	1
138	rs1	1:1	2:0.525	rs2	1:2	2:0.289	0	1000	0	0.999501	51.4009	82162.3	0.999715	20.6831	57940.8	0.999583	36.3662	69639.1	1	-5.29667e-10	983861	0.999981	24.0396	1.03166e+06	1	0	1
139	rs1	1:1	2:0.525	rs2	1:2	2:0.288	0	1000	0	0.99951	50.4422	82129.8	0.99971	21.045	57923.1	0.999588	35.9628	69569.1	1	3.70418e-09	1.55328e+06	0.999988	24.4429	1.58525e+06	1	0	1
140	rs1	1:1	2:0.525	rs2	1:2	2:0.28575	0	1000	0	0.999513	50.2184	82330.3	0.99971	21.0949	58105.3	0.999591	35.6856	69604.1	1	7.50787e-09	1.55328e+06	0.999988	24.7202	1.59356e+06	1	0	1
141	rs1	1:1	2:0.52775	rs2	1:2	2:0.289	0	1000	0	0.999503	51.1137	82008.8	0.999698	21.8383	57769.7	0.999594	35.4361	69674.2	1	1.25972e-10	1.26889e+06	0.999985	24.9697	1.29866e+06	1	0	1
142	rs1	1:1	2:0.5235	rs2	1:2	2:0.2845	0	1000	0	0.999526	49.8379	83972.5	0.999784	-16.0821	59542.3	0.999584	37.1096	71167.8	0.999992	-23.2961	2.19446e+06	0.999992	23.2961	2.21835e+06	1	0	1
143	rs1	1:1	2:0.5245	rs2	1:2	2:0.28675	0	1000	0	0.999502	51.2888	82113.7	0.999704	21.4937	57877.2	0.999592	35.6667	69674.2	1	-6.0502e-10	1.09944e+06	0.999983	24.7391	1.13788e+06	1	0	1
144	rs1	1:1	2:0.531	rs2	1:2	2:0.28875	0	1000	0	0.999512	50.0037	81774.9	0.99972	20.2232	57607.1	0.999574	37.0456	69464.5	1	1.20274e-09	2.19556e+06	0.999992	23.3602	2.2129e+06	1	0	1
145	rs1	1:1	2:0.5235	rs2	1:2	2:0.2835	0	1000	0	0.999503	51.3217	82425.9	0.999715	20.8097	58178.3	0.999588	35.9733	69709.4	1	9.85729e-10	898593	0.99998	24.4325	966553	1	0	1
146	rs1	1:1	2:0.5235	rs2	1:2	2:0.2865	0	1000	0	0.999518	49.6392	82131.5	0.999717	20.5251	57945.1	0.999582	36.3736	69499.3	1	-6.38958e-09	2.19556e+06	0.999991	24.0322	2.22093e+06	1	0	1
147	rs1	1:1	2:0.52425	rs2	1:2	2:0.2845	0	1000	0	0.999517	49.775	82238.6	0.999698	21.9164	57992.2	0.999598	35.1145	69674.2	1	1.66608e-08	2.19557e+06	0.999991	25.2913	2.21784e+06	1	0	1
148	rs1	1:1	2:0.52275	rs2	1:2	2:0.288	0	1000	0	0.999509	50.4986	82041.5	0.999714	20.7007	57848.4	0.999583	36.3652	69534.2	1	1.41608e-09	1.55328e+06	0.999988	24.0406	1.58339e+06	1	0	1
149	rs1	1:1	2:0.52475	rs2	1:2	2:0.286	0	1000	0	0.999518	49.6634	82156.7	0.999712	20.955	57958.5	0.999587	35.967	69534.2	1	2.11486e-10	2.19556e+06	0.999991	24.4387	2.22035e+06	1	0	1
150	rs1	1:1	2:0.525	rs2	1:2	2:0.2875	0	1000	0	0.999511	50.4012	82161.4	0.999711	21.0014	57953.7	0.999588	35.9649	69569.1	1	2.30029e-09	1.55328e+06	0.999988	24.4408	1.58663e+06	1	0	1
151	rs1	1:1	2:0.52225	rs2	1:2	2:0.29125	0	1000	0	6.29216e-28	12.6836	1.1578	0.667851	2.04066	4.75569	6.67711e-28	12.6533	1.15559	0.999985	-23.3012	1.26697e+06	0.999971	47.7525	1.30108e+06	0	0	1
152	rs1	1:1	2:0.52325	rs2	1:2	2:0.28875	0	1000	0	0.999503	51.0473	81991.4	0.999706	21.2579	57777.5	0.999588	35.9512	69604.1	1	4.09924e-09	1.26888e+06	0.999985	24.4546	1.30066e+06	1	0	1
153	rs1	1:1	2:0.52425	rs2	1:2	2:0.28875	0	1000	0	0.999508	50.5902	82002.4	0.999707	21.2033	57797.8	0.999588	35.9544	69569.1	1	3.9475e-09	1.55328e+06	0.999988	24.4514	1.58072e+06	1	0	1
154	rs1	1:1	2:0.52575	rs2	1:2	2:0.2875	0	1000	0	0.999507	50.8084	82197.1	0.999711	21.0023	57979.6	0.999588	35.9649	69604.1	1	-2.42189e-09	1.26888e+06	0.999985	24.4408	1.30949e+06	1	0	1
155	rs1	1:1	2:0.52325	rs2	1:2	2:0.28625	0	1000	0	0.999502	51.3226	82265.9	0.999711	21.004	58030.5	0.999588	35.9649	69674.2	1	-2.39238e-09	983863	0.999981	24.4408	1.03571e+06	1	0	1
156	rs1	1:1	2:0.523	rs2	1:2	2:0.289	0	1000	0	0.999506	50.9303	82182.5	0.999702	21.6407	57942	0.999594	35.4478	69674.2	1	5.82348e-09	1.26889e+06	0.999985	24.958	1.30488e+06	1	0	1
157	rs1	1:1	2:0.524	rs2	1:2	2:0.28925	0	1000	0	0.999515	49.8644	82078.3	0.999701	21.6777	57858.8	0.999594	35.4457	69604.1	1	3.09463e-08	2.19557e+06	0.999991	24.9601	2.21579e+06	1	0	1
158	rs1	1:1	2:0.52375	rs2	1:2	2:0.286	0	1000	0	0.999506	50.8272	82140.8	0.999716	20.6179	57936.3	0.999583	36.3694	69569.1	1	-1.29158e-09	1.26888e+06	0.999985	24.0364	1.30864e+06	1	0	1
159	rs1	1:1	2:0.52475	rs2	1:2	2:0.289	0	1000	0	0.999503	51.2177	82177	0.999705	21.4175	57939.8	0.999592	35.671	69674.2	1	2.75742e-09	1.09944e+06	0.999983	24.7348	1.14079e+06	1	0	1
160	rs1	1:1	2:0.53	rs2	1:2	2:0.2855	0	1000	0	0.999509	50.4986	82041.5	0.999714	20.7007	57848.4	0.999583	36.3652	69534.2	1	-2.46314e-09	1.55328e+06	0.999988	24.0406	1.58339e+06	1	0	1
161	rs1	1:1	2:0.52675	rs2	1:2	2:0.2825	0	1000	0	5.50664e-28	12.694	1.15748	0.712969	1.88477	5.12344	5.79658e-28	12.668	1.15559	0.999985	-23.3012	1.26697e+06	0.999971	47.7378	1.31252e+06	0	0	1
162	rs1	1:1	2:0.52325	rs2	1:2	2:0.28825	0	1000	0	0.999514	60.4058	99186	1	-1.55431e-13	311655	0.999515	60.4058	99473.7	1	6.39488e-13	1.26888e+06	1	1.84741e-13	1.30898e+06	1	0	1
163	rs1	1:1	2:0.52275	rs2	1:2	2:0.289	0	1000	0	0.999502	51.2994	82241.2	0.999717	20.5751	58017.8	0.999583	36.3715	69639.1	1	2.83435e-10	983861	0.999982	24.0343	1.03683e+06	1	0	1
164	rs1	1:1	2:0.523	rs2	1:2	2:0.288	0	1000	0	0.999504	50.9407	82005.5	0.999723	20.047	57815.6	0.999575	37.0562	69534.2	1	3.28226e-09	1.26888e+06	0.999986	23.3496	1.3042e+06	1	0	1
165	rs1	1:1	2:0.5235	rs2	1:2	2:0.2895	0	1000	0	0.999507	50.8534	82246.6	0.999703	21.5586	58005.1	0.999594	35.452	69674.2	1	-9.76968e-10	1.26889e+06	0.999985	24.9538	1.30783e+06	1	0	1
