Outcome	Var1_ID	Var1_Pos	Var1_MAF	Var2_ID	Var2_Pos	Var2_MAF	Num_Missing	Num_Cases	Converged	Red_Var1_Het_Pval	Red_Var1_Het_beta	Red_Var1_Het_SE	Red_Var1_Hom_Pval	Red_Var1_Hom_beta	Red_Var1_Hom_SE	Red_Var2_Het_Pval	Red_Var2_Het_beta	Red_Var2_Het_SE	Red_Var2_Hom_Pval	Red_Var2_Hom_beta	Red_Var2_Hom_SE	Full_Var1_Het_Pval	Full_Var1_Het_beta	Full_Var1_Het_SE	Full_Var1_Hom_Pval	Full_Var1_Hom_beta	Full_Var1_Hom_SE	Full_Var2_Het_Pval	Full_Var2_Het_beta	Full_Var2_Het_SE	Full_Var2_Hom_Pval	Full_Var2_Hom_beta	Full_Var2_Hom_SE	Full_Var1_Het_Var2_Het_Pval	Full_Var1_Het_Var2_Het_beta	Full_Var1_Het_Var2_Het_SE	Full_Var1_Het_Var2_Hom_Pval	Full_Var1_Het_Var2_Hom_beta	Full_Var1_Het_Var2_Hom_SE	Full_Var1_Hom_Var2_Het_Pval	Full_Var1_Hom_Var2_Het_beta	Full_Var1_Hom_Var2_Het_SE	Full_Var1_Hom_Var2_Hom_Pval	Full_Var1_Hom_Var2_Hom_beta	Full_Var1_Hom_Var2_Hom_SE	Red_Model_Pval	Full_Model_Pval	Overall_Pval_(LRT)
1	rs1	1:1	2:0.52475	rs2	1:2	2:0.303	0	1000	0	0.999997	0.525842	129672	0.999231	55.8717	57969.2	0.999493	52.3565	82327.7	0.999682	52.828	132763	1	2.46951e-12	243814	1	-1.30385e-12	2.19581e+06	1	2.12697e-12	247569	1	-3.24504e-11	1.09993e+06	1	9.86447e-12	895963	nan	nan	nan	0.999978	60.4058	2.20961e+06	0.99998	60.4058	2.4636e+06	1	0	1
2	rs1	1:1	2:0.52175	rs2	1:2	2:0.303	0	1000	0	0.999998	0.321325	156617	0.999277	56.2128	61999	0.999491	53.1814	83290.9	0.99968	53.4489	133242	1	-2.99961e-12	263156	1	9.13047e-13	1.55361e+06	1	5.75145e-12	242500	1	-5.53396e-12	899165	1	1.1609e-12	900068	nan	nan	nan	0.999969	60.4058	1.57226e+06	0.999973	60.4058	1.80653e+06	1	0	1
3	rs1	1:1	2:0.52625	rs2	1:2	2:0.2985	0	1000	0	0.999914	16.3997	152385	0.999309	50.0113	57761.3	0.999648	31.2525	70789.6	0.999501	51.1065	81679.7	1	1.07462e-09	245180	1	3.21136e-09	1.26934e+06	1	-8.3125e-11	239238	1	1.51526e-09	1.26934e+06	1	-6.58495e-09	844572	nan	nan	nan	0.999977	37.0218	1.28936e+06	0.999973	60.4058	1.80917e+06	1	0	1
4	rs1	1:1	2:0.52275	rs2	1:2	2:0.3005	0	1000	0	0.999999	-0.218372	171391	0.999297	56.1319	63689.1	0.999469	53.7985	80858.7	0.999699	54.2746	143643	1	-2.70911e-12	266217	1	9.52838e-12	1.09987e+06	1	-1.85518e-12	258366	1	-1.41889e-11	1.26926e+06	1	5.55156e-12	816641	nan	nan	nan	0.999957	60.4058	1.12963e+06	0.999972	60.4058	1.69101e+06	1	0	1
5	rs1	1:1	2:0.5255	rs2	1:2	2:0.3055	0	1000	0	0.999998	-0.527213	170831	0.999305	56.3482	64728.6	0.999462	54.0107	80145.3	0.999707	54.536	148447	1	6.12549e-12	261741	1	9.30811e-12	984429	1	-1.54765e-12	240310	1	9.15357e-12	1.26933e+06	1	-7.71294e-12	664330	nan	nan	nan	0.999952	60.4058	1.01306e+06	0.99997	60.4058	1.61831e+06	1	0	1
6	rs1	1:1	2:0.5275	rs2	1:2	2:0.294	0	1000	0	0.999989	1.46593	110812	0.999241	55.8956	58750.1	0.999491	52.3617	82030.4	0.999734	52.968	158709	1	8.303e-12	228712	1	9.2335e-12	2.19583e+06	1	3.22112e-12	247703	1	-1.41012e-11	1.55365e+06	1	1.31328e-12	1.14524e+06	nan	nan	nan	0.999978	60.4058	2.20958e+06	0.999982	60.4058	2.69981e+06	1	0	1
7	rs1	1:1	2:0.527	rs2	1:2	2:0.3015	0	1000	0	0.999993	1.19619	140607	0.999304	56.2973	64500.6	0.99947	53.8105	81023	0.999694	54.2304	141422	1	-3.40877e-12	236966	1	2.82441e-12	1.09996e+06	1	5.59575e-12	246400	1	2.33774e-11	1.09996e+06	1	-8.68638e-13	1.14664e+06	nan	nan	nan	0.999957	60.4058	1.12695e+06	0.999969	60.4058	1.5682e+06	1	0	1
8	rs1	1:1	2:0.5245	rs2	1:2	2:0.2925	0	1000	0	1	-2.93321e-12	233460	0.999809	60.4058	251737	1	5.47118e-13	250231	1	2.04992e-12	351985	1	-1.27991e-11	246048	0.999818	60.4058	265229	1	-1.1724e-12	266257	1	-4.40536e-13	363552	1	9.90852e-12	779219	nan	nan	nan	nan	nan	nan	nan	nan	nan	1	0	1
9	rs1	1:1	2:0.524	rs2	1:2	2:0.2965	0	1000	0	0.999997	0.502533	147731	0.999282	56.0922	62339.4	0.999483	53.1253	81984.7	0.999731	53.7203	159273	1	4.04082e-12	248734	1	-1.51879e-11	1.55361e+06	1	1.1513e-13	251400	1	8.0862e-12	1.55361e+06	1	-1.20214e-11	960109	nan	nan	nan	0.999969	60.4058	1.57364e+06	0.999978	60.4058	2.20769e+06	1	0	1
10	rs1	1:1	2:0.52575	rs2	1:2	2:0.2955	0	1000	0	0.999999	0.131723	134893	0.999235	55.73	58133	0.999484	52.3392	80875.2	0.999673	52.5567	128338	1	1.25692e-11	240098	1	-8.66152e-12	2.1958e+06	1	-2.58199e-12	269722	1	-8.30483e-12	984377	1	-2.49439e-12	852343	nan	nan	nan	0.999978	60.4058	2.21217e+06	0.99998	60.4058	2.41599e+06	1	0	1
11	rs1	1:1	2:0.52375	rs2	1:2	2:0.29375	0	1000	0	1	0.00691569	157843	0.999282	56.0399	62235	0.999467	53.4749	79982.1	0.999712	53.8568	149055	1	-3.43191e-12	255491	1	-2.4194e-12	1.26927e+06	1	6.70508e-12	259928	1	1.54224e-11	1.26927e+06	1	5.2861e-12	853799	nan	nan	nan	0.999963	60.4058	1.29539e+06	0.999973	60.4058	1.8095e+06	1	0	1
12	rs1	1:1	2:0.52825	rs2	1:2	2:0.3	0	1000	0	0.99992	16.5031	165322	0.999333	50.5963	60513.6	0.99961	31.7647	65022.2	0.999468	51.8321	77761.2	1	2.20712e-09	246385	1	-1.29162e-10	899218	1	2.00312e-09	250274	1	3.4107e-09	1.09995e+06	1	9.9621e-09	745083	nan	nan	nan	0.999968	37.0108	930187	0.999966	60.4058	1.43639e+06	1	0	1
13	rs1	1:1	2:0.52425	rs2	1:2	2:0.30375	0	1000	0	1	-2.12463e-12	234929	0.999781	60.4058	220278	1	1.04805e-12	221486	1	2.2311e-12	310949	1	9.76264e-12	241633	0.99979	60.4058	229269	1	4.08917e-12	230770	1	-1.17115e-11	1.09998e+06	1	-8.73968e-13	1.03379e+06	nan	nan	nan	nan	nan	nan	nan	nan	nan	1	0	1
14	rs1	1:1	2:0.52375	rs2	1:2	2:0.29875	0	1000	0	0.999998	0.426628	157733	0.999298	56.3388	64039.8	0.999481	53.8663	82889.8	0.999769	54.6427	188823	1	2.50708e-12	257208	1	1.96358e-11	1.09994e+06	1	4.95115e-12	232630	1	-2.14029e-12	2.19582e+06	1	-5.40323e-12	895692	nan	nan	nan	0.999957	60.4058	1.12397e+06	0.99998	60.4058	2.46608e+06	1	0	1
15	rs1	1:1	2:0.52075	rs2	1:2	2:0.30075	0	1000	0	0.999997	-0.524379	161866	0.999223	55.7579	57291.4	0.999491	52.3425	82108.9	0.999713	53.0187	147365	1	-7.92866e-12	273099	1	-2.9619e-11	2.19578e+06	1	-1.58912e-12	251232	1	5.87289e-12	1.55358e+06	1	-2.27388e-12	754785	nan	nan	nan	0.999978	60.4058	2.21001e+06	0.999982	60.4058	2.69733e+06	1	0	1
16	rs1	1:1	2:0.52375	rs2	1:2	2:0.29775	0	1000	0	0.999999	0.148615	139138	0.999231	55.7861	57843.2	0.999488	52.3347	81635.4	0.999719	52.9832	150221	1	-1.03118e-11	250041	1	-2.52243e-13	2.1958e+06	1	2.81664e-12	252756	1	3.61728e-11	1.55361e+06	1	1.05763e-11	849999	nan	nan	nan	0.999978	60.4058	2.21018e+06	0.999982	60.4058	2.69806e+06	1	0	1
17	rs1	1:1	2:0.52275	rs2	1:2	2:0.2995	0	1000	0	0.999998	-0.356931	151362	0.999225	55.7911	57409.6	0.999492	52.3584	82230.7	0.9997	52.8619	140426	1	9.44046e-12	259982	1	4.1922e-12	2.19579e+06	1	3.67534e-12	251358	1	1.97035e-11	1.26928e+06	1	-4.77141e-12	750138	nan	nan	nan	0.999978	60.4058	2.21002e+06	0.999981	60.4058	2.54488e+06	1	0	1
18	rs1	1:1	2:0.522	rs2	1:2	2:0.2995	0	1000	0	0.999999	0.250438	141279	0.999227	55.8469	57667.5	0.999492	52.3701	82175.9	0.999676	52.6485	129733	1	-3.60711e-12	258475	1	2.73417e-11	2.19579e+06	1	3.399e-12	248691	1	2.64152e-11	1.09989e+06	1	-7.3811e-12	961985	1	-5.23844e-11	2.46706e+06	0.999978	60.4058	2.20971e+06	0.99998	60.4058	2.46487e+06	1	0	1
19	rs1	1:1	2:0.527	rs2	1:2	2:0.30525	0	1000	0	0.999997	-0.633961	157342	0.999276	56.1634	61877.5	0.999484	53.5495	82848.3	0.999698	54.0245	142778	1	8.85081e-12	250349	1	-1.68932e-11	1.26935e+06	1	2.18503e-12	241586	1	9.87177e-12	1.26935e+06	1	-1.31778e-11	644979	1	-3.3852e-11	2.54628e+06	0.999963	60.4058	1.29188e+06	0.999973	60.4058	1.80619e+06	1	0	1
20	rs1	1:1	2:0.524	rs2	1:2	2:0.301	0	1000	0	0.999998	-0.321715	168375	0.999296	56.1925	63704.5	0.999475	53.8322	81776.6	0.999705	54.3121	147064	1	3.06322e-12	261547	1	-3.19744e-14	1.0999e+06	1	7.18814e-12	251386	1	-1.79849e-11	1.26929e+06	1	-2.80398e-12	750682	nan	nan	nan	0.999957	60.4058	1.12804e+06	0.999972	60.4058	1.69168e+06	1	0	1
21	rs1	1:1	2:0.528	rs2	1:2	2:0.29975	0	1000	0	0.999916	16.599	157699	0.999323	50.4962	59493.2	0.999641	31.5095	69982.5	0.999496	51.5084	81591	1	4.74106e-09	241570	1	2.40246e-09	1.09997e+06	1	1.59411e-09	246446	1	2.40413e-09	1.09997e+06	1	-3.42836e-08	771133	nan	nan	nan	0.999974	37.0141	1.12457e+06	0.999969	60.4058	1.57041e+06	1	0	1
22	rs1	1:1	2:0.52275	rs2	1:2	2:0.29575	0	1000	0	0.999998	0.414257	154426	0.99928	56.1127	62209	0.99947	53.4934	80490.8	0.999699	53.8064	142835	1	1.00109e-12	258447	1	-9.14824e-12	1.26927e+06	1	8.8296e-13	252700	1	1.08912e-11	1.09989e+06	1	-8.42992e-12	963029	nan	nan	nan	0.999963	60.4058	1.29397e+06	0.999972	60.4058	1.6944e+06	1	0	1
23	rs1	1:1	2:0.52125	rs2	1:2	2:0.29925	0	1000	0	0.999997	-0.609934	174548	0.999277	56.0274	61798.1	0.999484	53.1171	82161.7	0.999753	53.9198	173831	1	-1.38574e-12	274919	1	3.67706e-12	1.55358e+06	1	-8.16625e-13	251232	1	1.16712e-11	2.19578e+06	1	-1.40007e-11	730900	nan	nan	nan	0.999969	60.4058	1.57362e+06	0.999982	60.4058	2.69776e+06	1	0	1
24	rs1	1:1	2:0.52475	rs2	1:2	2:0.303	0	1000	0	1	-1.19293e-11	232357	0.999778	60.4058	217330	1	-2.98428e-12	216748	1	-4.89209e-12	316787	1	-1.84344e-11	247780	0.99979	60.4058	229192	1	-5.4392e-12	230770	1	-7.70939e-13	1.55366e+06	1	9.6172e-12	714081	nan	nan	nan	nan	nan	nan	nan	nan	nan	1	0	1
25	rs1	1:1	2:0.5205	rs2	1:2	2:0.29975	0	1000	0	0.999931	14.5893	169273	0.999268	48.676	53089.9	0.999679	30.2643	75179.9	0.999524	50.0612	84000.7	1	-7.99536e-10	276842	1	1.09398e-09	2.19579e+06	1	-1.43856e-09	241179	1	-5.07204e-09	2.19579e+06	1	5.33943e-10	781378	nan	nan	nan	0.999987	37.0119	2.20768e+06	0.999985	60.4058	3.11262e+06	1	0	1
26	rs1	1:1	2:0.5275	rs2	1:2	2:0.30275	0	1000	0	0.999999	-0.12648	133742	0.999224	55.9335	57541.5	0.999502	52.4343	84015	0.999665	52.5465	125273	1	-3.75808e-12	238252	1	-1.64526e-11	2.19584e+06	1	4.14005e-12	244090	1	-1.43775e-11	779763	1	-6.51731e-12	693330	nan	nan	nan	0.999978	60.4058	2.2092e+06	0.999979	60.4058	2.3401e+06	1	0	1
27	rs1	1:1	2:0.52675	rs2	1:2	2:0.299	0	1000	0	0.999996	0.636652	142014	0.999288	56.1795	62919.4	0.999474	53.4971	81074.8	0.999718	54.0147	153028	1	-8.24543e-12	238093	1	2.35225e-11	1.26934e+06	1	-3.73368e-12	241539	1	1.14776e-11	2.19583e+06	1	3.30069e-12	1.03545e+06	1	-2.12041e-12	3.11256e+06	0.999963	60.4058	1.29185e+06	0.999981	60.4058	2.54511e+06	1	0	1
28	rs1	1:1	2:0.52725	rs2	1:2	2:0.2945	0	1000	0	1	-0.0901778	149287	0.999285	56.0317	62489.4	0.999467	53.4674	80030.3	0.999729	54.0096	158755	1	-4.06884e-12	240203	1	-4.01457e-12	1.26931e+06	1	1.27698e-12	260106	1	5.72364e-12	1.55362e+06	1	9.54448e-12	775244	nan	nan	nan	0.999963	60.4058	1.29543e+06	0.999976	60.4058	2.01866e+06	1	0	1
29	rs1	1:1	2:0.52725	rs2	1:2	2:0.296	0	1000	0	0.999999	0.165956	155536	0.999309	56.3432	65073.2	0.999458	54.014	79492	0.999712	54.3088	150481	1	-8.77382e-12	243920	1	-1.54792e-11	984440	1	9.65672e-12	246400	1	3.54716e-12	1.09996e+06	1	7.76335e-12	805788	nan	nan	nan	0.999952	60.4058	1.01443e+06	0.999968	60.4058	1.49466e+06	1	0	1
30	rs1	1:1	2:0.52675	rs2	1:2	2:0.29575	0	1000	0	0.999999	-0.179249	161621	0.999311	56.1695	65001.5	0.999451	53.9558	78420.2	0.999726	54.4937	158937	1	-7.19369e-12	247452	1	3.31823e-12	984384	1	-1.66245e-12	261574	1	5.6636e-11	1.55361e+06	1	3.93707e-12	778036	nan	nan	nan	0.999953	60.4058	1.01826e+06	0.999974	60.4058	1.85181e+06	1	0	1
31	rs1	1:1	2:0.524	rs2	1:2	2:0.3005	0	1000	0	0.999999	-0.260933	167098	0.999299	56.1995	63968.6	0.999475	53.8257	81812.1	0.999732	54.4686	162420	1	8.47886e-12	260037	1	-1.64242e-11	1.09991e+06	1	1.91225e-12	246178	1	-2.17057e-11	2.1958e+06	1	-1.85052e-12	810812	1	3.43758e-11	3.11431e+06	0.999957	60.4058	1.12689e+06	0.99998	60.4058	2.46438e+06	1	0	1
32	rs1	1:1	2:0.52775	rs2	1:2	2:0.30175	0	1000	0	0.999998	-0.350679	149693	0.999279	56.1903	62186.3	0.999491	53.1762	83427.5	0.999717	53.6789	151273	1	-1.4733e-11	241648	1	-1.42819e-11	1.55367e+06	1	-2.39891e-12	241648	1	3.71334e-12	1.26936e+06	1	4.49196e-12	657101	nan	nan	nan	0.999969	60.4058	1.57211e+06	0.999976	60.4058	2.01751e+06	1	0	1
33	rs1	1:1	2:0.52525	rs2	1:2	2:0.298	0	1000	0	0.999999	-0.18672	158734	0.99944	33.773	48115.7	0.999644	30.7809	69018.4	0.999813	54.1803	231121	0.999913	27.6024	253693	0.999443	33.7672	48374.9	0.999676	30.8416	76008.9	1	2.34248e+06	1.21152e+20	0.999967	-30.8415	737429	nan	nan	nan	nan	nan	nan	nan	nan	nan	1	0	1
34	rs1	1:1	2:0.52475	rs2	1:2	2:0.29825	0	1000	0	0.999996	-0.786717	164254	0.999278	55.9983	61868.3	0.999484	53.1506	82216.7	0.999687	53.4159	136261	1	-1.76801e-11	256983	1	-2.25953e-11	1.5536e+06	1	-3.3869e-12	264675	1	-3.542e-11	1.09989e+06	1	2.03604e-12	688640	1	3.83904e-11	2.4669e+06	0.999969	60.4058	1.57582e+06	0.999975	60.4058	1.91542e+06	1	0	1
35	rs1	1:1	2:0.525	rs2	1:2	2:0.29525	0	1000	0	0.999999	0.19113	158031	0.999301	56.1125	64063.8	0.999464	53.777	80089.3	0.999726	54.3249	157918	1	2.23863e-12	249984	1	-4.78195e-12	1.09989e+06	1	3.86424e-12	261492	1	1.37121e-11	1.5536e+06	1	1.40596e-11	901657	nan	nan	nan	0.999957	60.4058	1.13031e+06	0.999975	60.4058	1.91556e+06	1	0	1
36	rs1	1:1	2:0.52775	rs2	1:2	2:0.295	0	1000	0	0.999999	-0.114816	154397	0.999305	56.0609	64401.6	0.999463	53.7675	79849.5	0.999727	54.3199	158698	1	2.7478e-14	238993	1	-1.35572e-11	1.09991e+06	1	6.56586e-13	266390	1	4.86127e-11	2.1958e+06	1	4.05342e-13	850971	1	-3.87024e-12	3.11263e+06	0.999957	60.4058	1.13146e+06	0.99998	60.4058	2.4651e+06	1	0	1
37	rs1	1:1	2:0.5275	rs2	1:2	2:0.30375	0	1000	0	0.999998	-0.325619	137207	0.999228	55.8104	57694.3	0.999494	52.3689	82562.1	0.999672	52.7465	128207	1	-2.88856e-12	238077	1	-2.27836e-11	2.19583e+06	1	1.16824e-11	253001	1	-1.52293e-11	1.09996e+06	1	5.34991e-12	718336	1	1.21175e-11	2.46501e+06	0.999978	60.4058	2.21022e+06	0.99998	60.4058	2.46361e+06	1	0	1
38	rs1	1:1	2:0.528	rs2	1:2	2:0.2985	0	1000	0	0.999996	-0.742677	143778	0.999229	55.7283	57664.2	0.999491	52.3606	82123.3	0.999701	52.8185	140928	1	4.04436e-12	239145	1	-4.19931e-12	2.19582e+06	1	1.63941e-12	258685	1	6.05668e-12	1.55364e+06	1	4.60024e-12	679797	1	-1.3901e-11	2.20745e+06	0.999978	60.4058	2.21086e+06	0.999982	60.4058	2.69838e+06	1	0	1
39	rs1	1:1	2:0.526	rs2	1:2	2:0.29575	0	1000	0	0.999905	17.0317	143576	0.999324	49.0976	57942.7	0.999635	30.7243	67166.5	0.999485	50.7733	78612.2	1	-1.97749e-08	236704	1	-8.10946e-10	1.55361e+06	1	-1.38889e-12	261547	1	-1.67092e-09	2.1958e+06	1	4.56892e-08	1.58947e+06	nan	nan	nan	0.999981	37.0042	1.57361e+06	0.999982	60.4058	2.6976e+06	1	0	1
40	rs1	1:1	2:0.522	rs2	1:2	2:0.30375	0	1000	0	1	-5.97153e-12	245162	0.999783	60.4058	221899	1	-4.12115e-13	223324	1	2.49401e-12	306163	1	8.06311e-12	254323	0.999795	60.4058	235604	1	4.21352e-12	236888	1	2.7633e-11	833009	1	-1.59801e-11	957838	nan	nan	nan	nan	nan	nan	nan	nan	nan	1	0	1
41	rs1	1:1	2:0.53125	rs2	1:2	2:0.29675	0	1000	0	0.999997	0.492174	138556	0.999456	33.7804	49574.2	0.999634	31.1501	67853.8	0.99981	54.5517	228679	0.999902	28.0845	228717	0.999455	33.7735	49402.6	0.999663	31.3285	74184.9	0.999832	27.4987	130340	0.99997	-31.2395	829269	nan	nan	nan	nan	nan	nan	nan	nan	nan	1	0	1
42	rs1	1:1	2:0.5285	rs2	1:2	2:0.30075	0	1000	0	0.999908	-19.9683	173157	0.99944	33.9493	48407.5	0.999649	31.2507	71037	0.999681	53.2355	133091	1	-2.67535e-10	238236	1	2.93695e-09	1.26936e+06	1	-9.09688e-10	237125	0.999963	60.4058	1.28725e+06	1	-3.09429e-08	801245	0.999976	-60.4058	2.02868e+06	0.999977	37.013	1.28897e+06	nan	nan	nan	1	0	1
43	rs1	1:1	2:0.5255	rs2	1:2	2:0.29775	0	1000	0	0.999996	0.64044	143062	0.999287	55.9654	62618.4	0.999476	53.0784	80901.4	0.999714	53.6916	149607	1	-1.1008e-11	240039	1	-1.16422e-11	1.5536e+06	1	5.34583e-12	267965	1	-2.50894e-12	1.5536e+06	1	7.67436e-12	1.04246e+06	nan	nan	nan	0.999969	60.4058	1.5764e+06	0.999978	60.4058	2.20583e+06	1	0	1
44	rs1	1:1	2:0.52625	rs2	1:2	2:0.2955	0	1000	0	0.999999	0.293783	155179	0.999303	56.3506	64528.7	0.999483	53.8877	83144.1	0.999776	54.5467	194332	1	5.4789e-12	245241	1	1.70459e-11	1.09998e+06	1	-1.30562e-12	231764	0.999957	60.4058	1.1273e+06	1	3.88478e-12	892062	0.999981	-60.4058	2.47802e+06	0.999957	60.4058	1.12375e+06	nan	nan	nan	1	0	1
45	rs1	1:1	2:0.52525	rs2	1:2	2:0.305	0	1000	0	0.999996	0.727226	140347	0.999277	56.3451	62213.7	0.99949	53.5824	83787.2	0.999706	54.0506	146715	1	-1.33053e-12	246600	1	1.41043e-11	1.26937e+06	1	7.98139e-13	226040	1	1.67759e-11	1.1e+06	1	-2.01382e-11	890937	nan	nan	nan	0.999963	60.4058	1.28905e+06	0.999972	60.4058	1.69245e+06	1	0	1
46	rs1	1:1	2:0.52475	rs2	1:2	2:0.2975	0	1000	0	1	0.0661068	159828	0.999297	56.2741	63856.2	0.999479	53.8654	82412	0.999722	54.2989	155648	1	2.50686e-12	254280	1	-8.66152e-12	1.09993e+06	1	-1.44773e-13	243799	1	-6.93295e-12	1.26931e+06	1	1.21325e-12	808232	nan	nan	nan	0.999957	60.4058	1.12633e+06	0.999972	60.4058	1.69462e+06	1	0	1
47	rs1	1:1	2:0.519	rs2	1:2	2:0.29075	0	1000	0	1	-1.79107e-12	261886	0.999833	60.4058	288112	1	-4.27391e-12	287874	1	-3.15481e-12	363753	1	-6.9833e-13	269156	0.99984	60.4058	302225	1	-9.84102e-13	302580	1	-3.21698e-12	1.55351e+06	1	-2.93454e-12	1.1672e+06	nan	nan	nan	nan	nan	nan	nan	nan	nan	1	0	1
48	rs1	1:1	2:0.52375	rs2	1:2	2:0.2995	0	1000	0	0.999999	-0.284401	172951	0.999311	56.2877	65189	0.999458	53.9713	79480.7	0.999815	55.0371	237235	0.999853	51.0546	276227	0.999323	56.3701	66452.8	0.999488	54.1154	84280.3	1	756.885	4.54738e+19	0.999936	-53.9613	676731	nan	nan	nan	nan	nan	nan	nan	nan	nan	1	0	1
49	rs1	1:1	2:0.52425	rs2	1:2	2:0.29825	0	1000	0	0.999999	0.143866	137960	0.999238	55.7326	58369.8	0.999489	52.306	81661.4	0.999814	53.5646	229864	0.999849	49.3181	260215	0.999244	55.7711	58830.3	0.999581	52.764	100390	1	-1218.68	2.47624e+19	0.999946	-52.6356	774381	nan	nan	nan	nan	nan	nan	nan	nan	nan	1	0	1
50	rs1	1:1	2:0.52525	rs2	1:2	2:0.29525	0	1000	0	0.999998	-0.452473	157943	0.999282	55.9027	62144.6	0.999479	53.1126	81340.6	0.9997	53.5087	142252	1	5.29554e-12	248592	1	1.98952e-11	1.55359e+06	1	5.44975e-12	276804	1	-6.77805e-12	1.26926e+06	1	7.11653e-13	755251	nan	nan	nan	0.999969	60.4058	1.5779e+06	0.999976	60.4058	2.01718e+06	1	0	1
51	rs1	1:1	2:0.52825	rs2	1:2	2:0.29325	0	1000	0	0.999999	0.255193	148736	0.999312	56.0163	64961.5	0.999458	53.7175	79039.3	0.999816	54.8084	237183	0.999834	50.6191	242851	0.999324	56.1056	66251.3	0.999493	53.918	84791.7	1	-1740.27	6.53943e+19	0.999949	-53.8662	843814	nan	nan	nan	nan	nan	nan	nan	nan	nan	1	0	1
52	rs1	1:1	2:0.52625	rs2	1:2	2:0.29675	0	1000	0	0.999899	16.2572	128017	0.999292	48.7728	54986	0.999675	30.2412	74152.9	0.999523	50.0602	83692.5	1	1.24461e-09	235841	1	2.12114e-09	2.19582e+06	1	4.67862e-10	243890	1	2.16704e-09	2.19582e+06	1	1.42516e-08	1.14588e+06	nan	nan	nan	0.999987	37.0163	2.20797e+06	0.999985	60.4058	3.11301e+06	1	0	1
53	rs1	1:1	2:0.52575	rs2	1:2	2:0.298	0	1000	0	0.999997	-0.518876	157587	0.999279	56.0642	62034.6	0.999486	53.1437	82508	0.999731	53.73	159224	1	-4.92235e-12	250142	1	3.66569e-11	1.55362e+06	1	-1.94378e-12	252856	1	-1.7803e-12	1.55362e+06	1	7.14295e-12	681591	nan	nan	nan	0.999969	60.4058	1.57387e+06	0.999978	60.4058	2.20783e+06	1	0	1
54	rs1	1:1	2:0.52275	rs2	1:2	2:0.30525	0	1000	0	1	-0.087573	161738	0.999274	56.2088	61736	0.999483	53.5483	82664.5	0.999682	53.9149	135407	1	6.43106e-12	264825	1	8.83915e-12	1.26931e+06	1	2.74392e-12	239069	1	2.43934e-11	984406	1	9.63674e-12	776485	nan	nan	nan	0.999963	60.4058	1.29142e+06	0.99997	60.4058	1.61842e+06	1	0	1
55	rs1	1:1	2:0.52475	rs2	1:2	2:0.302	0	1000	0	0.999997	0.632609	157341	0.99931	56.3964	65193.6	0.999459	53.9822	79603.3	0.999759	54.785	181106	1	2.23402e-12	252987	1	-6.72173e-12	984436	1	1.70253e-12	232678	1	-1.95914e-11	2.19582e+06	1	3.52851e-12	956436	nan	nan	nan	0.999952	60.4058	1.01125e+06	0.99998	60.4058	2.41515e+06	1	0	1
56	rs1	1:1	2:0.52525	rs2	1:2	2:0.29925	0	1000	0	1	-0.0106685	137035	0.999224	55.9231	57495.2	0.9995	52.4096	83616.1	0.999702	52.7888	141374	1	7.10547e-12	246431	1	1.49569e-12	2.19583e+06	1	-6.57152e-12	239238	1	-1.14806e-11	1.09996e+06	1	-1.21105e-11	741449	nan	nan	nan	0.999978	60.4058	2.20865e+06	0.99998	60.4058	2.46636e+06	1	0	1
57	rs1	1:1	2:0.52725	rs2	1:2	2:0.29775	0	1000	0	0.999919	16.6466	163664	0.999331	50.5229	60221.6	0.99962	31.6287	66363	0.999477	51.6275	78782.2	1	2.37744e-09	246310	1	7.59023e-10	984418	1	1.08835e-09	252914	1	-1.10079e-09	1.09994e+06	1	2.03754e-08	808556	nan	nan	nan	0.999971	37.0163	1.01346e+06	0.999968	60.4058	1.49215e+06	1	0	1
58	rs1	1:1	2:0.523	rs2	1:2	2:0.297	0	1000	0	1	0.0436656	156841	0.999277	56.186	62015.6	0.99949	53.1762	83130.4	0.999725	53.6144	155632	1	-2.8187e-12	258586	1	3.87956e-11	1.55362e+06	1	-4.58333e-12	241356	1	-7.11251e-12	1.2693e+06	1	2.22761e-12	808878	nan	nan	nan	0.999969	60.4058	1.57204e+06	0.999976	60.4058	2.01951e+06	1	0	1
59	rs1	1:1	2:0.5205	rs2	1:2	2:0.30125	0	1000	0	0.999999	0.102824	148698	0.999221	55.9011	57286.6	0.999497	52.3946	83142.9	0.999683	52.7208	132609	1	9.30087e-12	269708	1	-6.27054e-12	2.1958e+06	1	3.71853e-12	241252	1	-1.56002e-11	984373	1	-6.29202e-12	852669	nan	nan	nan	0.999978	60.4058	2.20889e+06	0.99998	60.4058	2.41565e+06	1	0	1
60	rs1	1:1	2:0.5265	rs2	1:2	2:0.301	0	1000	0	0.999998	0.336517	143126	0.999284	56.1221	62574.9	0.999485	53.1155	82318.3	0.999752	53.9562	173738	1	-3.84744e-12	239176	1	-2.75584e-11	1.55364e+06	1	-7.11708e-13	245119	1	1.58873e-11	2.19582e+06	1	-1.04861e-12	844554	nan	nan	nan	0.999969	60.4058	1.57267e+06	0.999982	60.4058	2.69728e+06	1	0	1
61	rs1	1:1	2:0.5205	rs2	1:2	2:0.29575	0	1000	0	0.999998	0.447343	170146	0.999297	56.1888	63803.8	0.999469	53.7957	80819.7	0.999761	54.5463	181795	1	-1.37626e-11	274893	1	-2.28795e-11	1.09986e+06	1	-7.69007e-12	247238	1	6.07603e-12	2.19578e+06	1	5.71576e-12	1.04597e+06	nan	nan	nan	0.999957	60.4058	1.12709e+06	0.99998	60.4058	2.46566e+06	1	0	1
62	rs1	1:1	2:0.52225	rs2	1:2	2:0.30025	0	1000	0	0.999921	15.5997	156701	0.999264	49.4058	53578.7	0.99968	30.2696	75377.6	0.999526	50.0851	84334.2	1	-4.51361e-09	263156	1	-1.1963e-09	2.1958e+06	1	6.11498e-10	240143	1	1.28277e-09	1.55361e+06	1	4.45536e-09	810004	nan	nan	nan	0.999987	37.0119	2.20756e+06	0.999982	60.4058	2.69826e+06	1	0	1
63	rs1	1:1	2:0.5265	rs2	1:2	2:0.2915	0	1000	0	0.999998	0.293847	146332	0.999288	56.0115	62776	0.999463	53.4429	79363	0.999762	54.1618	181289	1	-9.29118e-14	240128	1	-2.1533e-11	1.26929e+06	1	1.23457e-12	261574	1	-3.10544e-11	2.1958e+06	1	1.35758e-12	898974	nan	nan	nan	0.999963	60.4058	1.29572e+06	0.999981	60.4058	2.54695e+06	1	0	1
64	rs1	1:1	2:0.5195	rs2	1:2	2:0.297	0	1000	0	0.999918	16.5409	160593	0.999313	48.8884	56756.3	0.999642	30.7826	68696.3	0.999492	50.6518	79512.2	1	-6.70395e-09	273125	1	-6.23508e-09	1.55359e+06	1	1.58071e-08	238815	1	-1.25585e-09	2.19578e+06	1	-3.04801e-08	1.59175e+06	nan	nan	nan	0.999981	37.0174	1.56999e+06	0.999982	60.4058	2.69878e+06	1	0	1
65	rs1	1:1	2:0.5255	rs2	1:2	2:0.29575	0	1000	0	1	0.0321609	162708	0.999309	56.1996	64916.2	0.999452	53.9862	78585.9	0.999676	54.1052	133047	1	9.39526e-13	251358	1	-2.04992e-11	984370	1	3.53428e-12	266323	1	5.22961e-11	899145	1	-3.31135e-12	854526	nan	nan	nan	0.999953	60.4058	1.01948e+06	0.999964	60.4058	1.35119e+06	1	0	1
66	rs1	1:1	2:0.533	rs2	1:2	2:0.2985	0	1000	0	0.999996	0.590784	133599	0.999306	56.381	64869.5	0.999481	53.8748	82874.3	0.999746	54.4718	170803	1	7.32514e-12	219329	1	-4.42313e-12	1.10007e+06	1	-2.50056e-12	236381	1	-1.63927e-11	1.55372e+06	1	-3.31379e-12	795503	nan	nan	nan	0.999957	60.4058	1.12474e+06	0.999975	60.4058	1.91711e+06	1	0	1
67	rs1	1:1	2:0.52525	rs2	1:2	2:0.29875	0	1000	0	0.999997	-0.48295	147097	0.999234	55.7373	58035.1	0.999492	52.3345	82160.2	0.999769	53.3023	184184	1	3.88335e-12	247510	1	3.44933e-11	2.19581e+06	1	4.50778e-13	250127	0.999978	60.4058	2.20575e+06	1	-3.25387e-12	745455	0.999985	-60.4058	3.12031e+06	0.999978	60.4058	2.20988e+06	nan	nan	nan	1	0	1
68	rs1	1:1	2:0.52375	rs2	1:2	2:0.307	0	1000	0	0.999996	0.737513	159864	0.999308	56.3537	65009.3	0.999457	53.9671	79322.3	0.999697	54.5446	143603	1	1.24749e-11	257122	1	2.95231e-12	984403	1	-3.44902e-12	240203	1	3.94706e-12	1.26931e+06	1	3.69793e-12	1.03972e+06	nan	nan	nan	0.999952	60.4058	1.01308e+06	0.99997	60.4058	1.61651e+06	1	0	1
69	rs1	1:1	2:0.5285	rs2	1:2	2:0.3045	0	1000	0	0.999999	0.132764	126911	0.999229	55.9244	57880.8	0.999499	52.4017	83458.7	0.999669	52.6958	126940	1	-1.36474e-13	231879	1	4.3876e-12	2.19585e+06	1	-4.84726e-12	242914	1	-6.3598e-12	984490	1	-1.41051e-12	766977	1	1.53879e-11	2.41507e+06	0.999978	60.4058	2.20908e+06	0.99998	60.4058	2.4147e+06	1	0	1
70	rs1	1:1	2:0.526	rs2	1:2	2:0.297	0	1000	0	1	-1.06412e-11	227588	0.999804	60.4058	245717	1	1.64135e-12	247011	1	4.13536e-12	326080	1	-1.75444e-11	233579	0.999952	60.4058	1.00689e+06	1	-4.2244e-13	261643	1	-5.04841e-12	984403	1	-1.5598e-11	1.14935e+06	1	-2.99565e-11	2.41523e+06	1	-4.74643e-12	1.04005e+06	nan	nan	nan	1	0	1
71	rs1	1:1	2:0.52275	rs2	1:2	2:0.3015	0	1000	0	1	0.037696	159692	0.999276	56.189	61904.8	0.99948	53.523	82168.6	0.99973	54.1709	159914	1	2.9222e-12	263211	1	1.10809e-11	1.26931e+06	1	2.19846e-12	236810	1	-1.16807e-12	1.55362e+06	1	-2.46647e-12	809022	nan	nan	nan	0.999963	60.4058	1.29098e+06	0.999976	60.4058	2.01708e+06	1	0	1
72	rs1	1:1	2:0.523	rs2	1:2	2:0.30075	0	1000	0	0.999999	0.241846	153787	0.999278	56.2057	62125.9	0.99949	53.1571	83092.4	0.999735	53.8042	161847	1	-5.7179e-12	257151	1	1.00187e-12	1.55363e+06	1	-6.93556e-13	236841	1	1.17342e-11	1.55363e+06	1	5.21361e-13	847495	nan	nan	nan	0.999969	60.4058	1.57138e+06	0.999978	60.4058	2.20733e+06	1	0	1
73	rs1	1:1	2:0.5215	rs2	1:2	2:0.302	0	1000	0	0.999999	-0.11445	149353	0.999224	55.8624	57416.3	0.999496	52.3737	82987.7	0.999704	52.9407	142920	1	2.31597e-12	264729	1	2.42117e-11	2.1958e+06	1	7.9603e-14	240113	1	-7.44677e-12	1.55361e+06	1	7.32636e-12	850777	1	2.71908e-11	2.70066e+06	0.999978	60.4058	2.20877e+06	0.999982	60.4058	2.6976e+06	1	0	1
74	rs1	1:1	2:0.52375	rs2	1:2	2:0.2965	0	1000	0	0.999999	0.141179	153284	0.999281	56.0936	62239.9	0.999485	53.1281	82276	0.999762	53.9136	180550	1	-6.5056e-12	252784	1	4.09273e-12	1.55361e+06	1	5.30853e-13	247452	1	-1.92291e-13	2.1958e+06	1	-8.2811e-12	849241	nan	nan	nan	0.999969	60.4058	1.57301e+06	0.999982	60.4058	2.6988e+06	1	0	1
75	rs1	1:1	2:0.52425	rs2	1:2	2:0.30125	0	1000	0	0.999999	0.196215	150611	0.999278	56.2462	62157.7	0.999492	53.1849	83511.7	0.999707	53.5885	146101	1	1.15209e-11	251618	1	8.75389e-12	1.55365e+06	1	-2.57644e-12	236950	1	-4.98815e-11	1.09995e+06	1	-8.25645e-12	805325	nan	nan	nan	0.999969	60.4058	1.57139e+06	0.999975	60.4058	1.91575e+06	1	0	1
76	rs1	1:1	2:0.5255	rs2	1:2	2:0.29775	0	1000	0	0.999993	-1.31377	141367	0.999288	50.0204	56043.8	0.999644	30.7813	68953.8	0.999489	50.6773	79070.4	1	4.12734e-09	252700	1	6.95784e-09	1.5536e+06	1	-3.03501e-08	267965	1	-4.57429e-09	1.26927e+06	1	5.23374e-08	728787	1	3.93612e-07	2.54652e+06	0.999981	37.0086	1.57469e+06	0.999976	60.4058	2.01706e+06	1	0	1
77	rs1	1:1	2:0.52625	rs2	1:2	2:0.3025	0	1000	0	0.999997	0.500824	140757	0.999281	56.3028	62436	0.999493	53.2134	83718.8	0.999673	53.2811	129894	1	2.45234e-12	240513	1	-3.09086e-13	1.55367e+06	1	-1.42281e-12	239365	1	-2.44277e-11	735621	1	1.30668e-12	843229	nan	nan	nan	0.999969	60.4058	1.57176e+06	0.999972	60.4058	1.73277e+06	1	0	1
78	rs1	1:1	2:0.52975	rs2	1:2	2:0.3005	0	1000	0	0.999997	0.46292	120579	0.999235	55.8899	58316.4	0.999494	52.3627	82504.6	0.999704	52.9124	142387	1	8.35636e-12	225117	1	3.51257e-11	2.19585e+06	1	-4.5598e-12	246600	1	-3.05067e-11	1.26937e+06	1	3.09619e-12	800297	nan	nan	nan	0.999978	60.4058	2.20948e+06	0.999981	60.4058	2.54472e+06	1	0	1
79	rs1	1:1	2:0.52575	rs2	1:2	2:0.296	0	1000	0	0.999998	0.338813	161836	0.999322	56.1572	66088.3	0.999438	54.0515	76740.5	0.999808	55.1151	229559	0.999842	51.0241	257470	0.99933	56.2156	66896.8	0.999473	54.2195	82127.6	1	395.821	1.44241e+19	0.999953	-54.1707	911488	nan	nan	nan	nan	nan	nan	nan	nan	nan	1	0	1
80	rs1	1:1	2:0.52575	rs2	1:2	2:0.3055	0	1000	0	0.999995	-0.998838	173939	0.999294	56.3178	63618.2	0.99949	53.9257	84375	0.999712	54.382	150564	1	-5.02132e-12	268277	1	3.71969e-12	1.09996e+06	1	3.9877e-12	236997	1	-6.90298e-12	1.26934e+06	1	4.53404e-12	592835	1	2.15146e-11	2.54811e+06	0.999957	60.4058	1.12491e+06	0.999972	60.4058	1.69257e+06	1	0	1
81	rs1	1:1	2:0.52175	rs2	1:2	2:0.29325	0	1000	0	0.999997	0.492094	155087	0.999281	56.0296	62153.6	0.999481	53.1347	81635.8	0.9997	53.4052	142197	1	-7.7524e-12	259820	1	-8.52651e-13	1.55358e+06	1	-3.14349e-12	262928	1	1.11777e-11	1.09986e+06	1	9.98812e-12	1.04595e+06	nan	nan	nan	0.999969	60.4058	1.57551e+06	0.999975	60.4058	1.91699e+06	1	0	1
82	rs1	1:1	2:0.528	rs2	1:2	2:0.294	0	1000	0	0.999999	-0.272634	150218	0.999293	55.9345	63090.1	0.999463	53.4229	79447.5	0.999819	54.5505	241075	0.999837	50.3213	246902	0.999307	56.0347	64554	0.999508	53.6588	87083.5	1	238.903	6.89925e+18	0.999937	-53.5686	679818	nan	nan	nan	nan	nan	nan	nan	nan	nan	1	0	1
83	rs1	1:1	2:0.52475	rs2	1:2	2:0.2965	0	1000	0	0.999998	0.287014	133689	0.99923	55.8463	57863.3	0.999491	52.3615	82091.2	0.999709	52.8307	144925	1	-6.10733e-12	245014	1	-1.7689e-11	2.19581e+06	1	2.57064e-12	248836	1	3.2433e-11	1.26931e+06	1	6.97692e-13	847340	nan	nan	nan	0.999978	60.4058	2.20972e+06	0.999981	60.4058	2.54614e+06	1	0	1
84	rs1	1:1	2:0.52575	rs2	1:2	2:0.2915	0	1000	0	0.999999	0.232505	156089	0.999306	55.9665	64363.9	0.999454	53.714	78432.9	0.999749	54.4107	173239	1	1.39713e-12	244724	1	-1.37952e-11	1.09986e+06	1	3.90643e-12	278669	1	1.94889e-11	2.19578e+06	1	-5.64326e-12	966631	nan	nan	nan	0.999958	60.4058	1.1344e+06	0.99998	60.4058	2.46542e+06	1	0	1
85	rs1	1:1	2:0.5275	rs2	1:2	2:0.29525	0	1000	0	0.999997	0.471871	139616	0.999286	56.1398	62714.9	0.999485	53.1537	82355.5	0.999714	53.518	149569	1	4.80918e-12	233736	1	5.72697e-12	1.55365e+06	1	3.79891e-12	248969	1	-4.17621e-12	1.55365e+06	1	1.86051e-12	955636	1	3.19625e-11	2.6978e+06	0.999969	60.4058	1.57324e+06	0.999978	60.4058	2.209e+06	1	0	1
86	rs1	1:1	2:0.522	rs2	1:2	2:0.2975	0	1000	0	0.999999	-0.184063	178512	0.999313	56.1299	65184.7	0.99945	53.9182	78240.8	0.999808	54.9923	227995	0.999856	50.8659	281308	0.999325	56.2101	66410.4	0.999482	54.067	83277.6	1	863.58	1.01636e+20	0.999944	-53.8913	768228	nan	nan	nan	nan	nan	nan	nan	nan	nan	1	0	1
87	rs1	1:1	2:0.52625	rs2	1:2	2:0.297	0	1000	0	0.99991	16.6208	147393	0.999318	49.6774	58132.5	0.999641	31.207	69350.7	0.999494	51.1237	80562.9	1	2.07487e-08	241462	1	1.42136e-09	1.26932e+06	1	-7.33199e-10	245089	1	-3.26152e-09	1.55364e+06	1	-8.38511e-09	1.03708e+06	nan	nan	nan	0.999977	37.0174	1.29046e+06	0.999976	60.4058	2.0182e+06	1	0	1
88	rs1	1:1	2:0.52475	rs2	1:2	2:0.2955	0	1000	0	0.999999	0.22582	150598	0.999279	56.1562	62173.3	0.999474	53.5202	81231.4	0.999707	53.8186	146799	1	-9.54975e-12	250156	1	-7.48557e-12	1.26931e+06	1	-5.34683e-13	247539	1	-5.0685e-11	1.09993e+06	1	8.88978e-12	848462	nan	nan	nan	0.999963	60.4058	1.29295e+06	0.999972	60.4058	1.69589e+06	1	0	1
89	rs1	1:1	2:0.5285	rs2	1:2	2:0.3	0	1000	0	0.999994	0.823295	119012	0.999241	55.8695	58743	0.99949	52.3518	81889.8	0.999686	52.7816	134224	1	4.5601e-12	226843	1	1.18234e-11	2.19583e+06	1	-6.27157e-12	249045	1	-1.52547e-11	1.55366e+06	1	-4.74393e-12	1.03469e+06	1	1.11547e-11	2.69721e+06	0.999978	60.4058	2.20976e+06	0.999982	60.4058	2.69746e+06	1	0	1
90	rs1	1:1	2:0.5285	rs2	1:2	2:0.299	0	1000	0	0.999999	0.249703	141105	0.999284	56.1344	62583.4	0.999473	53.4936	80940.2	0.999708	53.975	147619	1	2.9709e-12	233784	1	7.7307e-12	1.26934e+06	1	-4.53459e-12	250334	1	1.57052e-12	1.26934e+06	1	-2.0608e-12	803980	nan	nan	nan	0.999963	60.4058	1.29353e+06	0.999973	60.4058	1.80738e+06	1	0	1
