59
66
65
60
10
11
12
3
18
19
75
76
61
6
20
80
74
78
7
21
72
91
90
73
9
8
81
79
50
51
56
57
58
82
86
87
67
88
4
5
55
17
15
16
36
13
30
35
37
14
31
52
2
38
32
53
33
25
26
34
54
0
1
27
45
40
28
46
70
71
39
85
77
29
22
41
68
95
47
96
92
93
94
99
98
97
106
111
100
83
102
89
101
105
115
116
84
23
129
48
125
119
107
117
49
103
121
108
109
104
122
126
127
123
134
153
133
130
140
155
141
154
152
124
147
135
149
148
136
146
137
150
151
138
142
128
62
145
132
118
131
113
114
112
120
165
110
143
187
156
183
139
175
24
69
190
42
195
144
193
194
157
158
159
191
160
188
202
174
203
172
166
168
171
206
201
199
161
211
212
177
179
178
176
181
173
170
217
192
216
205
167
214
180
213
200
162
207
232
215
209
185
186
163
196
218
219
182
238
164
220
225
204
189
169
230
197
184
250
231
210
233
198
208
221
226
237
234
247
227
254
245
235
259
236
255
252
253
251
249
258
241
248
290
276
240
275
228
285
287
239
310
289
302
286
256
257
284
321
295
323
317
297
326
292
330
270
298
299
243
271
242
320
272
246
322
316
328
312
331
265
308
311
300
277
301
307
294
293
281
274
244
315
278
282
291
280
279
296
324
314
327
333
273
325
329
283
305
306
318
319
288
336
338
334
335
347
346
309
350
313
303
348
340
304
339
337
356
358
354
357
332
355
343
361
341
344
367
351
370
362
371
345
360
365
366
229
375
380
378
381
390
393
368
405
376
377
342
363
374
391
382
392
364
349
353
352
385
386
406
417
373
372
419
430
387
411
412
425
399
410
400
389
395
398
359
397
396
433
369
415
431
418
438
421
394
439
435
379
440
434
437
414
388
416
428
413
436
383
407
445
457
446
452
420
43
441
451
474
426
473
455
448
432
449
459
462
427
470
384
453
454
447
63
488
483
460
429
490
461
458
492
477
498
482
450
493
469
443
475
497
499
222
442
456
467
476
494
468
480
478
479
471
489
465
472
466
505
500
515
519
491
422
518
481
502
520
521
486
485
487
484
513
495
501
517
510
511
496
401
533
525
509
529
535
516
536
539
512
528
522
508
541
531
523
463
543
547
524
527
551
532
266
548
549
550
546
506
526
537
542
540
538
507
514
534
503
545
556
570
573
562
504
568
557
559
444
577
552
576
567
553
569
530
544
563
558
555
586
560
578
579
592
561
572
574
554
594
590
591
593
612
565
600
611
596
566
580
597
601
609
571
618
602
564
610
617
598
616
588
408
575
619
620
599
605
606
582
604
636
614
607
608
613
595
589
585
464
635
581
630
621
587
615
631
603
632
633
658
627
651
656
654
652
657
625
626
673
653
659
661
583
660
637
634
638
639
628
650
672
677
666
685
655
675
645
674
671
665
681
679
676
667
662
670
668
693
694
409
663
690
664
680
686
687
683
584
691
688
689
682
697
669
698
684
712
678
700
717
646
705
692
711
710
64
701
695
708
696
730
720
44
716
715
707
699
629
622
721
706
728
718
719
723
738
736
732
737
713
714
734
750
755
729
739
423
709
751
765
726
727
758
731
735
725
733
722
745
757
752
746
760
756
740
702
772
766
724
754
759
753
778
769
780
768
770
775
767
779
762
774
776
761
785
792
763
793
796
640
771
790
817
791
787
795
777
773
794
797
826
805
820
800
806
834
833
825
812
786
819
831
832
814
830
823
798
703
799
824
821
764
838
836
837
781
829
828
835
815
816
813
810
839
811
818
856
840
822
827
859
223
841
846
845
807
847
801
843
848
850
855
851
808
857
867
868
844
861
876
849
842
788
860
858
870
871
862
875
874
877
879
865
853
869
854
852
873
864
863
895
878
747
892
880
899
885
872
866
900
911
898
919
886
893
925
890
891
924
914
905
910
915
896
921
887
912
939
897
926
894
881
913
927
920
934
916
933
917
918
932
922
888
931
943
907
936
942
906
923
928
937
949
940
941
945
954
938
930
929
935
944
704
901
958
789
955
970
974
946
975
976
973
948
960
971
950
908
947
966
972
951
952
962
953
979
969
956
957
424
986
963
959
981
889
992
985
996
994
980
997
623
965
993
990
961
224
982
991
968
978
977
987
967
998
1002
964
1013
1001
1012
999
989
1000
1010
1005
995
1009
1008
809
1003
988
1014
1015
1031
1037
1026
1036
1025
1030
1004
1006
1011
1007
1020
1035
1018
1016
1019
1017
1033
1034
1038
1039
1032
1027
983
909
1021
624
984
1028
402
882
403
884
883
748
404
1029
741
782
802
902
647
749
