Outcome	Var1_ID	Var1_Pos	Var1_MAF	Var2_ID	Var2_Pos	Var2_MAF	Num_Missing	Num_Cases	Converged	Red_Var1_Pval	Red_Var1_beta	Red_Var1_SE	Red_Var2_Pval	Red_Var2_beta	Red_Var2_SE	Full_Var1_Pval	Full_Var1_beta	Full_Var1_SE	Full_Var2_Pval	Full_Var2_beta	Full_Var2_SE	Full_Var1_Var2_Pval	Full_Var1_Var2_beta	Full_Var1_Var2_SE	Red_Model_Pval	Full_Model_Pval	Overall_Pval_(LRT)
1	rs1	1:1	2:0.52675	rs2	1:2	2:0.3	0	1000	0	0.999045	47.4514	39655.2	0.999383	18.9472	24501.5	0.999988	1.93847	126552	0.99989	-30.7966	223037	0.999856	32.0715	177994	1	0	1
2	rs1	1:1	2:0.528	rs2	1:2	2:0.30375	0	1000	0	0.998964	52.5683	40490.8	0.999327	51.404	60978.1	0.999989	1.70824	121871	0.999829	-52.609	245292	0.999751	54.6737	175012	1	0	1
3	rs1	1:1	2:0.52525	rs2	1:2	2:0.295	0	1000	0	0.999015	52.4342	42483.5	0.99919	51.9109	51148.5	0.999989	1.50332	113456	0.999846	-52.3254	271251	0.999757	54.7272	179747	1	0	1
4	rs1	1:1	2:0.5255	rs2	1:2	2:0.297	0	1000	0	0.999001	52.432	41857	0.999195	51.4552	50985	0.999988	1.70062	111468	0.999854	-52.8022	288815	0.999764	54.7687	185050	1	0	1
5	rs1	1:1	2:0.52575	rs2	1:2	2:0.30125	0	1000	0	0.999008	52.7164	42388	0.999257	51.6965	55504	0.999989	1.60107	117322	0.99983	-52.9305	248069	0.999747	54.929	173354	1	0	1
6	rs1	1:1	2:0.5235	rs2	1:2	2:0.296	0	1000	0	0.999314	30.7265	35743.4	0.99965	20.1678	45918	0.999989	1.82131	135003	0.999911	-29.2125	261497	0.999863	31.3894	183155	1	0	1
7	rs1	1:1	2:0.524	rs2	1:2	2:0.30375	0	1000	0	0.998999	52.2661	41650.6	0.999172	51.4095	49525.9	0.999989	1.64415	115680	0.99983	-50.9575	238837	0.999745	53.8926	168739	1	0	1
8	rs1	1:1	2:0.52825	rs2	1:2	2:0.3015	0	1000	0	0.999008	52.7715	42430.6	0.999259	51.6864	55667.8	0.999989	1.60322	116108	0.999833	-53.1754	254117	0.999748	55.0513	174599	1	0	1
9	rs1	1:1	2:0.5255	rs2	1:2	2:0.294	0	1000	0	0.999006	52.7597	42367.3	0.9992	52.0008	51858.1	0.999991	1.33837	123154	0.999832	-52.489	249337	0.999754	54.9859	178274	1	0	1
10	rs1	1:1	2:0.52725	rs2	1:2	2:0.303	0	1000	0	0.999313	30.8444	35821.4	0.999647	20.3772	46122.9	0.999988	1.88183	130774	0.999907	-29.1988	250537	0.999858	31.3361	175720	1	0	1
11	rs1	1:1	2:0.526	rs2	1:2	2:0.30275	0	1000	0	0.999016	52.3274	42441	0.999206	51.5117	51747.1	0.999988	1.67134	113322	0.999837	-51.8979	253436	0.999749	54.3365	172434	1	0	1
12	rs1	1:1	2:0.5285	rs2	1:2	2:0.29875	0	1000	0	0.999013	52.9343	42777.4	0.999192	52.2383	51614.8	0.99999	1.42217	111548	0.999834	-52.9081	254543	0.999744	55.0926	172039	1	0	1
13	rs1	1:1	2:0.5205	rs2	1:2	2:0.2995	0	1000	0	0.998973	52.0073	40399.5	0.999222	50.91	52225.8	0.999988	1.79932	121274	0.999838	-51.2469	252234	0.999758	53.8977	177590	1	0	1
14	rs1	1:1	2:0.521	rs2	1:2	2:0.29775	0	1000	0	0.999351	54.416	66866.7	0.99998	1.92151	74921.8	0.999989	1.88458	138900	0.999832	-53.1948	253073	0.99977	54.8091	190331	1	0	1
15	rs1	1:1	2:0.52725	rs2	1:2	2:0.296	0	1000	0	0.999039	52.7609	43827.2	0.999229	52.3231	54130.8	0.99999	1.43756	110522	0.999843	-53.2265	270743	0.999752	55.2366	177713	1	0	1
16	rs1	1:1	2:0.5245	rs2	1:2	2:0.303	0	1000	0	0.998985	52.7071	41441.8	0.999202	51.5358	51525.6	0.999989	1.63095	116828	0.999826	-52.3847	239962	0.999744	54.6243	170024	1	0	1
17	rs1	1:1	2:0.525	rs2	1:2	2:0.301	0	1000	0	0.999087	58.2022	50844.7	0.998979	28.9506	22616.6	0.999987	1.68001	103194	0.999888	-31.2115	223346	0.999836	32.4879	158256	1	0	1
18	rs1	1:1	2:0.5245	rs2	1:2	2:0.30375	0	1000	0	0.999012	52.9305	42729.3	0.999246	52.1305	55136	0.999989	1.56737	112066	0.999824	-52.9484	240348	0.999738	54.9553	167065	1	0	1
19	rs1	1:1	2:0.5285	rs2	1:2	2:0.29775	0	1000	0	0.999089	57.9728	50760.1	0.999081	28.7624	24976.9	0.999988	1.67428	108493	0.999888	-30.7579	219018	0.999844	32.2826	165207	1	0	1
20	rs1	1:1	2:0.5265	rs2	1:2	2:0.2965	0	1000	0	0.99918	31.304	30442.3	0.999436	30.3851	42996.9	0.999989	1.53492	112280	0.999909	-30.251	265926	0.999848	32.1687	169332	1	0	1
21	rs1	1:1	2:0.529	rs2	1:2	2:0.30025	0	1000	0	0.998853	99.3449	69123.2	0.998667	49.1796	29429.1	0.999988	1.68967	108954	0.999815	-54.1099	233520	0.999746	55.4254	173866	1	0	1
22	rs1	1:1	2:0.52575	rs2	1:2	2:0.29975	0	1000	0	0.999003	52.9071	42357.2	0.999183	52.2082	51002	0.99999	1.45577	110769	0.999831	-52.6218	249119	0.999742	54.91	169575	1	0	1
23	rs1	1:1	2:0.5225	rs2	1:2	2:0.29375	0	1000	0	0.999007	51.9795	41770.6	0.999169	51.3888	49339.6	0.999989	1.63739	115166	0.999855	-51.3737	281992	0.999767	54.1226	184944	1	0	1
24	rs1	1:1	2:0.52625	rs2	1:2	2:0.2965	0	1000	0	0.999207	31.1287	31320.8	0.999485	30.1101	46649.6	0.99999	1.52527	120461	0.999905	-30.0467	253382	0.999849	32.0808	170026	1	0	1
25	rs1	1:1	2:0.526	rs2	1:2	2:0.29675	0	1000	0	0.999204	31.1941	31272.2	0.999494	30.1475	47576.7	0.99999	1.52658	120771	0.999904	-30.194	251625	0.999849	32.1524	169604	1	0	1
26	rs1	1:1	2:0.52775	rs2	1:2	2:0.298	0	1000	0	0.998469	98.8707	51535.5	0.998776	49.4407	32242.6	0.999988	1.6488	110315	0.999801	-54.4446	218354	0.999745	55.6395	173776	1	0	1
27	rs1	1:1	2:0.52725	rs2	1:2	2:0.3015	0	1000	0	0.999183	31.48	30756.8	0.999464	30.5014	45431.6	0.99999	1.49702	115012	0.999899	-30.2345	237751	0.99984	32.2008	160297	1	0	1
28	rs1	1:1	2:0.525	rs2	1:2	2:0.299	0	1000	0	0.999916	63.5337	605487	0.998761	29.0969	18744.4	0.999987	1.5726	95394.3	0.999887	-30.8417	218217	0.999833	32.3907	155042	1	0	1
29	rs1	1:1	2:0.52775	rs2	1:2	2:0.29675	0	1000	0	0.998988	52.4174	41331.9	0.999136	51.6763	47725.1	0.99999	1.44615	115681	0.999841	-50.8777	254893	0.999753	54.0656	174821	1	0	1
30	rs1	1:1	2:0.5245	rs2	1:2	2:0.296	0	1000	0	0.999014	52.0155	42100.5	0.999287	51.1106	57230.6	0.999989	1.66036	123810	0.999844	-51.8686	265141	0.999764	54.3579	183990	1	0	1
31	rs1	1:1	2:0.524	rs2	1:2	2:0.3035	0	1000	0	0.998992	52.6465	41670.1	0.999178	51.8549	50341.8	0.999988	1.63972	107917	0.999834	-52.1277	250129	0.999741	54.4692	167859	1	0	1
32	rs1	1:1	2:0.5255	rs2	1:2	2:0.2975	0	1000	0	0.999018	52.909	42977.1	0.999207	52.3142	52637.5	0.999991	1.36445	115995	0.999828	-52.7966	245589	0.999744	55.0969	171943	1	0	1
33	rs1	1:1	2:0.5225	rs2	1:2	2:0.29925	0	1000	0	0.998961	52.3409	40207.7	0.999285	51.2418	57202.2	0.999989	1.71239	124425	0.999832	-52.1155	247901	0.999756	54.4247	178218	1	0	1
34	rs1	1:1	2:0.52475	rs2	1:2	2:0.297	0	1000	0	0.999017	52.5281	42631.4	0.999204	51.9653	52089.8	0.999989	1.51518	113399	0.99984	-52.4171	261566	0.999752	54.7564	176009	1	0	1
35	rs1	1:1	2:0.52425	rs2	1:2	2:0.29825	0	1000	0	0.998957	52.5263	40189.7	0.999353	51.5515	63592.9	0.999989	1.70816	123492	0.999836	-52.9303	257473	0.999758	54.8393	180974	1	0	1
36	rs1	1:1	2:0.52025	rs2	1:2	2:0.29375	0	1000	0	0.999318	54.7051	63956.6	0.999981	1.30979	53691.6	0.999987	2.05445	128792	0.999825	-53.8115	245056	0.999777	54.9531	196309	1	0	1
37	rs1	1:1	2:0.5235	rs2	1:2	2:0.30325	0	1000	0	0.99896	52.7932	40505.5	0.99949	52.2193	81638	0.999989	1.74713	123938	0.999823	-53.3465	240495	0.99975	54.9966	175198	1	0	1
38	rs1	1:1	2:0.52775	rs2	1:2	2:0.303	0	1000	0	0.998967	52.8005	40802.3	0.999465	51.9626	77494.9	0.999989	1.70878	122340	0.999829	-53.4738	249363	0.999752	55.1042	176952	1	0	1
39	rs1	1:1	2:0.524	rs2	1:2	2:0.3	0	1000	0	0.999229	30.8125	31871.5	0.999479	30.056	46050.3	0.999988	1.65412	114981	0.999907	-29.3669	252282	0.999848	31.6089	165791	1	0	1
40	rs1	1:1	2:0.52625	rs2	1:2	2:0.29925	0	1000	0	0.999027	52.6459	43168.4	0.99927	51.7389	56549.2	0.99999	1.51105	121161	0.999829	-52.7503	246012	0.99975	54.9351	175348	1	0	1
41	rs1	1:1	2:0.52725	rs2	1:2	2:0.297	0	1000	0	0.99904	52.8245	43889.9	0.999234	52.3262	54471.9	0.999989	1.47141	108817	0.999844	-53.4258	273072	0.999751	55.2982	177509	1	0	1
42	rs1	1:1	2:0.5265	rs2	1:2	2:0.29625	0	1000	0	0.999001	52.2957	41778.1	0.999153	51.7482	48746.7	0.999989	1.5452	110739	0.999851	-51.6908	276220	0.999759	54.365	179775	1	0	1
43	rs1	1:1	2:0.523	rs2	1:2	2:0.29875	0	1000	0	0.999001	52.4758	41928.9	0.999181	51.8678	50514	0.999988	1.60437	109380	0.999842	-52.1662	263930	0.99975	54.5319	174288	1	0	1
44	rs1	1:1	2:0.522	rs2	1:2	2:0.295	0	1000	0	0.999007	51.9857	41750.4	0.999293	51.1309	57720.5	0.999989	1.74273	121954	0.999849	-52.0399	274357	0.999767	54.3594	186284	1	0	1
45	rs1	1:1	2:0.522	rs2	1:2	2:0.2995	0	1000	0	0.998588	97.6039	55162.7	0.999041	49.2383	40953	0.999986	1.96968	109949	0.999814	-53.5439	229696	0.999752	54.8667	176303	1	0	1
46	rs1	1:1	2:0.52275	rs2	1:2	2:0.30175	0	1000	0	0.999163	31.0446	29606	0.999386	30.4982	39652.2	0.999989	1.523	107908	0.999905	-28.6142	240585	0.99984	31.3511	156592	1	0	1
47	rs1	1:1	2:0.522	rs2	1:2	2:0.296	0	1000	0	0.999274	30.243	33227.6	0.999593	29.018	56937.6	0.999989	1.76009	122993	0.999912	-29.3793	266617	0.999859	31.1654	176838	1	0	1
48	rs1	1:1	2:0.524	rs2	1:2	2:0.29975	0	1000	0	0.999002	52.1667	41712.9	0.999144	52.0208	48503.8	0.999989	1.52163	106801	0.999843	-50.9421	258265	0.999747	53.9937	170443	1	0	1
49	rs1	1:1	2:0.52475	rs2	1:2	2:0.29525	0	1000	0	0.999247	31.1022	32977.5	0.999535	30.2134	51793.3	0.999989	1.60516	117020	0.99991	-30.5269	271396	0.999853	32.235	174645	1	0	1
50	rs1	1:1	2:0.5225	rs2	1:2	2:0.2985	0	1000	0	0.999205	30.7884	30901.4	0.999451	29.9915	43553.4	0.999989	1.63822	116482	0.999908	-29.1005	251195	0.999849	31.49	166498	1	0	1
51	rs1	1:1	2:0.525	rs2	1:2	2:0.29675	0	1000	0	0.999026	51.8639	42470.1	0.999188	51.4601	50583.1	0.999989	1.61246	115368	0.999849	-51.1276	269507	0.999761	54.0212	180078	1	0	1
52	rs1	1:1	2:0.524	rs2	1:2	2:0.2975	0	1000	0	0.998989	52.4713	41419.4	0.999415	51.6361	70384.1	0.999989	1.70789	123306	0.999839	-53.0343	262395	0.99976	54.89	182686	1	0	1
53	rs1	1:1	2:0.52175	rs2	1:2	2:0.295	0	1000	0	0.999539	101.618	175934	0.998521	49.2387	26563	0.999987	1.66801	103186	0.999811	-53.851	227537	0.999744	55.3078	172210	1	0	1
54	rs1	1:1	2:0.52325	rs2	1:2	2:0.2905	0	1000	0	0.999003	51.6611	41353.5	0.999189	50.772	49971.5	0.999991	1.51554	130374	0.999849	-50.6019	267351	0.999773	53.8812	189601	1	0	1
55	rs1	1:1	2:0.521	rs2	1:2	2:0.302	0	1000	0	0.99915	31.4032	29488.7	0.999506	30.2729	48887.1	0.999989	1.65667	118718	0.999896	-30.2834	231580	0.999841	32.0603	160905	1	0	1
56	rs1	1:1	2:0.5265	rs2	1:2	2:0.29925	0	1000	0	0.999037	52.8019	43760.8	0.999263	52.1511	56433.7	0.99999	1.48161	115084	0.999832	-53.0326	251238	0.999746	55.0964	173186	1	0	1
57	rs1	1:1	2:0.5245	rs2	1:2	2:0.3025	0	1000	0	0.998985	52.3248	41129.5	0.999301	51.2584	58471.4	0.999989	1.67936	124581	0.999827	-51.9032	238912	0.999752	54.3463	174947	1	0	1
58	rs1	1:1	2:0.52425	rs2	1:2	2:0.30275	0	1000	0	0.999358	53.7646	66850.2	0.999971	2.75774	75401.2	0.999988	1.95119	130911	0.999838	-51.8691	255844	0.999767	54.0733	184875	1	0	1
59	rs1	1:1	2:0.522	rs2	1:2	2:0.2985	0	1000	0	0.99906	52.1411	44247.3	0.999281	51.6897	57327.2	0.999988	1.67913	114088	0.999842	-52.1556	263186	0.999754	54.4589	176999	1	0	1
60	rs1	1:1	2:0.52225	rs2	1:2	2:0.29475	0	1000	0	0.999004	52.5222	42086.4	0.999188	51.9366	51040.8	0.99999	1.45331	118170	0.999837	-52.0785	254631	0.999753	54.6554	176820	1	0	1
61	rs1	1:1	2:0.526	rs2	1:2	2:0.2985	0	1000	0	0.999232	30.823	32008.9	0.999477	30.0485	45837.5	0.999989	1.5896	117001	0.999908	-29.4094	254772	0.999849	31.6982	168075	1	0	1
62	rs1	1:1	2:0.52725	rs2	1:2	2:0.29775	0	1000	0	0.998995	52.4767	41655	0.999395	51.5164	67890.1	0.999989	1.68107	122064	0.999842	-53.1153	269068	0.999762	54.9602	184096	1	0	1
63	rs1	1:1	2:0.525	rs2	1:2	2:0.30225	0	1000	0	0.998996	52.5813	41783.2	0.999429	51.7028	72225	0.999989	1.68471	124487	0.999826	-52.798	242352	0.999752	54.7877	176141	1	0	1
64	rs1	1:1	2:0.52	rs2	1:2	2:0.301	0	1000	0	0.999202	30.4952	30490.2	0.999488	29.4108	45809.1	0.999988	1.7535	113044	0.999906	-29.2742	248539	0.999848	31.1075	163236	1	0	1
65	rs1	1:1	2:0.52375	rs2	1:2	2:0.2925	0	1000	0	0.999029	52.3405	43008.8	0.999211	51.9702	52531.6	0.999989	1.5033	113837	0.999851	-52.5392	282150	0.999763	54.8369	184341	1	0	1
66	rs1	1:1	2:0.52675	rs2	1:2	2:0.30425	0	1000	0	0.999375	59.4861	75964.6	0.998887	29.3017	20998.1	0.999987	1.58181	96565.1	0.999887	-31.2944	219965	0.999828	32.615	151223	1	0	1
67	rs1	1:1	2:0.52475	rs2	1:2	2:0.2985	0	1000	0	0.998978	99.6691	77776.5	0.998659	49.1563	29252.2	0.999987	1.76985	106042	0.999814	-53.805	230498	0.999746	55.1882	173236	1	0	1
68	rs1	1:1	2:0.5225	rs2	1:2	2:0.294	0	1000	0	0.999339	53.3061	64294.9	0.999966	3.23354	75177.8	0.999989	1.85366	134041	0.99985	-51.6359	274920	0.999778	54.0707	194343	1	0	1
69	rs1	1:1	2:0.52475	rs2	1:2	2:0.299	0	1000	0	0.999019	52.9716	43062.9	0.999216	52.3485	53254.9	0.999991	1.37115	116299	0.999824	-52.8535	239673	0.999741	55.1148	170012	1	0	1
70	rs1	1:1	2:0.525	rs2	1:2	2:0.3035	0	1000	0	0.999351	54.3061	66798.7	0.999976	2.23424	75041.8	0.999988	1.97222	131312	0.999834	-52.9145	254529	0.999764	54.5781	184686	1	0	1
71	rs1	1:1	2:0.52375	rs2	1:2	2:0.2975	0	1000	0	0.999011	52.1062	42029.4	0.999182	51.4342	50177.3	0.999988	1.66089	113885	0.999847	-51.5741	269760	0.999759	54.1924	179250	1	0	1
72	rs1	1:1	2:0.52225	rs2	1:2	2:0.302	0	1000	0	0.998967	99.6106	76911.6	0.998651	49.1332	29068.5	0.999986	1.82106	104735	0.999805	-53.7334	219973	0.999738	55.0881	167719	1	0	1
73	rs1	1:1	2:0.526	rs2	1:2	2:0.30125	0	1000	0	0.999034	52.617	43482.1	0.999242	52.0553	54772.3	0.999989	1.57959	110001	0.999837	-52.7383	257548	0.999746	54.8412	172066	1	0	1
74	rs1	1:1	2:0.52225	rs2	1:2	2:0.29925	0	1000	0	0.999024	52.5622	42974.1	0.99927	51.7579	56596.3	0.99999	1.54355	122180	0.999826	-52.488	240611	0.999749	54.7667	174352	1	0	1
75	rs1	1:1	2:0.52225	rs2	1:2	2:0.303	0	1000	0	0.999007	99.7476	80147.1	0.99866	49.155	29278.6	0.999986	1.85379	102862	0.999804	-53.561	218258	0.999736	54.9626	166419	1	0	1
76	rs1	1:1	2:0.5245	rs2	1:2	2:0.29175	0	1000	0	0.999305	31.286	35894.8	0.999646	19.9918	45118.6	0.99999	1.71229	138191	0.999911	-30.5385	273716	0.999865	32.1543	190026	1	0	1
77	rs1	1:1	2:0.52775	rs2	1:2	2:0.29925	0	1000	0	0.998526	97.4913	52782.1	0.998942	49.0558	36988.3	0.999988	1.76753	116082	0.999816	-54.121	234993	0.999754	55.3697	179547	1	0	1
78	rs1	1:1	2:0.5255	rs2	1:2	2:0.30025	0	1000	0	0.998571	97.6067	54479	0.999011	49.1991	39674.2	0.999987	1.85184	113155	0.99981	-53.6942	225626	0.999751	55.0642	176380	1	0	1
79	rs1	1:1	2:0.52225	rs2	1:2	2:0.2975	0	1000	0	0.999026	99.8426	81805.6	0.998659	49.1736	29265.6	0.999987	1.74966	107229	0.999808	-53.7543	223284	0.999745	55.1809	172957	1	0	1
80	rs1	1:1	2:0.52175	rs2	1:2	2:0.29625	0	1000	0	0.999002	52.1035	41656.4	0.999323	51.2536	60420.7	0.999988	1.75555	121960	0.999845	-52.2399	268234	0.999764	54.4438	183999	1	0	1
81	rs1	1:1	2:0.51975	rs2	1:2	2:0.29575	0	1000	0	0.999015	52.2115	42291.6	0.999447	51.591	74477.5	0.999987	1.87184	118316	0.999851	-53.0034	283548	0.999767	54.7043	187484	1	0	1
82	rs1	1:1	2:0.52725	rs2	1:2	2:0.301	0	1000	0	0.999833	103.841	496902	0.998397	49.4404	24604.8	0.999987	1.57312	95983.6	0.999809	-53.9103	225140	0.99973	55.4035	163495	1	0	1
83	rs1	1:1	2:0.52375	rs2	1:2	2:0.3005	0	1000	0	0.998814	57.8912	38946.1	0.999159	28.9392	27450.4	0.999986	1.81245	104101	0.99988	-31.1511	207813	0.999837	32.3284	158581	1	0	1
84	rs1	1:1	2:0.521	rs2	1:2	2:0.2945	0	1000	0	0.998991	51.9155	41043.3	0.999243	50.9771	53737.3	0.999989	1.74022	122784	0.999848	-51.637	271413	0.999767	54.1613	185800	1	0	1
85	rs1	1:1	2:0.5245	rs2	1:2	2:0.29925	0	1000	0	0.998979	52.1819	40768	0.999272	51.1048	55973.5	0.999988	1.7488	120767	0.999841	-52.0567	261246	0.999759	54.3581	180334	1	0	1
86	rs1	1:1	2:0.521	rs2	1:2	2:0.29775	0	1000	0	0.999005	52.5184	42099.6	0.99917	52.3712	50315.9	0.999989	1.48691	104214	0.999843	-52.2431	265171	0.999746	54.6714	171821	1	0	1
87	rs1	1:1	2:0.525	rs2	1:2	2:0.29675	0	1000	0	0.999002	52.7132	42124.7	0.999195	51.9456	51455	0.99999	1.49805	114524	0.999838	-52.6077	258880	0.999751	54.8726	175749	1	0	1
88	rs1	1:1	2:0.52975	rs2	1:2	2:0.3	0	1000	0	0.999175	31.4816	30443.6	0.999622	30.0724	63402.7	0.99999	1.59654	126080	0.9999	-30.8453	245926	0.999849	32.4235	171028	1	0	1
89	rs1	1:1	2:0.52325	rs2	1:2	2:0.30075	0	1000	0	0.998995	52.8665	41975.3	0.999212	52.0176	52649.2	0.999989	1.56894	112156	0.99983	-52.7793	247698	0.999742	54.8752	169973	1	0	1
