Outcome	Var1_ID	Var1_Pos	Var1_MAF	Var2_ID	Var2_Pos	Var2_MAF	Num_Missing	Num_Cases	Converged	Red_Var1_Het_Pval	Red_Var1_Het_beta	Red_Var1_Het_SE	Red_Var1_Hom_Pval	Red_Var1_Hom_beta	Red_Var1_Hom_SE	Red_Var2_Het_Pval	Red_Var2_Het_beta	Red_Var2_Het_SE	Red_Var2_Hom_Pval	Red_Var2_Hom_beta	Red_Var2_Hom_SE	Full_Var1_Het_Pval	Full_Var1_Het_beta	Full_Var1_Het_SE	Full_Var1_Hom_Pval	Full_Var1_Hom_beta	Full_Var1_Hom_SE	Full_Var2_Het_Pval	Full_Var2_Het_beta	Full_Var2_Het_SE	Full_Var2_Hom_Pval	Full_Var2_Hom_beta	Full_Var2_Hom_SE	Full_Var1_Het_Var2_Het_Pval	Full_Var1_Het_Var2_Het_beta	Full_Var1_Het_Var2_Het_SE	Full_Var1_Het_Var2_Hom_Pval	Full_Var1_Het_Var2_Hom_beta	Full_Var1_Het_Var2_Hom_SE	Full_Var1_Hom_Var2_Het_Pval	Full_Var1_Hom_Var2_Het_beta	Full_Var1_Hom_Var2_Het_SE	Full_Var1_Hom_Var2_Hom_Pval	Full_Var1_Hom_Var2_Hom_beta	Full_Var1_Hom_Var2_Hom_SE	Red_Model_Pval	Full_Model_Pval	Overall_Pval_(LRT)
1	rs1	1:1	2:0.51075	rs2	1:2	2:0.28125	0	1000	0	0.55565	-0.60798	1.03167	0.999521	50.9771	84829	0.959485	0.0382075	0.752116	0.999731	-20.2834	60158.8	0.59173	-0.554594	1.03405	0.999623	33.9641	71928.2	0.929995	0.0662328	0.753918	0.999983	-26.3755	1.26697e+06	0.999981	-25.8871	1.09723e+06	nan	nan	nan	nan	nan	nan	nan	nan	nan	1	0	1
2	rs1	1:1	2:0.5085	rs2	1:2	2:0.28225	0	1000	0	0.35446	-0.948816	1.02467	6.1823e-19	10.087	1.13481	0.468591	0.400939	0.553193	0.924445	-0.23539	2.48208	0.420381	-0.8279	1.02748	0.99999	-26.6741	2.19446e+06	0.837538	0.127611	0.622361	0.999981	-26.6741	1.09723e+06	0.999972	-25.9738	731487	nan	nan	nan	0.999978	60.2782	2.19565e+06	0.999972	87.0799	2.47428e+06	0	0	1
3	rs1	1:1	2:0.51875	rs2	1:2	2:0.2865	0	1000	0	0.999905	-26.1131	218251	1.67363e-23	10.0358	1.00452	0.739195	0.256642	0.770885	0.742982	1.10409	3.36708	0.99991	-26.2251	232612	0.999987	-26.2251	1.55172e+06	0.999907	-26.2251	225147	0.99999	-26.2251	2.19446e+06	0.999971	26.2251	711411	nan	nan	nan	0.999956	86.6309	1.56961e+06	0.999974	86.6309	2.70483e+06	1	0	1
4	rs1	1:1	2:0.5175	rs2	1:2	2:0.28025	0	1000	0	0.0350665	1.24766	0.591986	1.09415e-31	9.10655	0.777477	0.0416689	1.20558	0.591895	0.530302	1.82708	2.91147	0.0357799	1.24894	0.594896	0.999984	-25.8976	1.26697e+06	0.861438	-0.183344	1.05042	0.999991	-25.8976	2.19446e+06	0.999974	-26.9632	829429	nan	nan	nan	0.999962	60.5891	1.26898e+06	0.999973	86.3034	2.55884e+06	0	0	1
5	rs1	1:1	2:0.51775	rs2	1:2	2:0.28225	0	1000	0	0.669534	0.326708	0.765504	7.90055e-26	9.67211	0.920415	0.216902	0.808155	0.654478	0.738234	0.811753	2.42899	0.680939	0.315606	0.767558	0.999987	-26.0696	1.55172e+06	0.750019	-0.332589	1.04386	0.999984	-26.0696	1.26697e+06	0.999977	-26.0526	895885	nan	nan	nan	0.999969	60.7384	1.55337e+06	0.999966	86.4754	2.0298e+06	0	0	1
6	rs1	1:1	2:0.51275	rs2	1:2	2:0.28925	0	1000	0	0.637122	0.361724	0.766809	2.29924e-38	8.25384	0.63728	0.000790347	1.65171	0.492144	0.263053	2.41843	2.16085	0.41124	0.63281	0.770109	0.999981	-26.0585	1.09723e+06	0.310921	0.658	0.649369	0.999991	-26.0585	2.19446e+06	0.999969	-27.3493	693950	nan	nan	nan	0.999957	59.7478	1.09961e+06	0.999972	86.4643	2.46926e+06	0	0	1
7	rs1	1:1	2:0.51925	rs2	1:2	2:0.285	0	1000	0	0.999907	-25.7414	222089	8.81036e-36	8.4107	0.673566	0.00296279	1.71853	0.578323	0.28635	1.87036	1.75429	0.99991	-25.992	230042	0.999981	-25.992	1.09723e+06	0.790759	-0.277744	1.04681	0.999984	-25.992	1.26697e+06	1	0.277744	1.12109e+06	nan	nan	nan	0.999956	60.6835	1.09958e+06	0.99996	86.3978	1.70294e+06	1	0	1
8	rs1	1:1	2:0.52	rs2	1:2	2:0.28925	0	1000	0	0.916183	-0.111541	1.05984	2.96655e-34	8.77053	0.718672	0.0142333	1.55482	0.63428	0.299247	2.15157	2.0727	0.912497	0.116548	1.06059	0.999984	-25.7031	1.2677e+06	0.982525	-0.0232142	1.05982	0.999987	-25.7043	1.55172e+06	0.999966	-25.7977	608634	nan	nan	nan	0.999977	37.0622	1.2677e+06	0.999966	86.1088	2.0247e+06	0	0	1
9	rs1	1:1	2:0.51125	rs2	1:2	2:0.283	0	1000	0	0.641863	-0.485383	1.04362	4.56396e-27	8.91704	0.82764	0.00637239	1.35755	0.497641	0.570832	1.20329	2.12285	0.700881	-0.398589	1.03764	0.999986	-26.2577	1.55172e+06	0.134094	0.854174	0.570152	0.99999	-26.2577	2.19446e+06	0.999983	-26.7133	1.26697e+06	1	0.398589	2.68766e+06	0.999969	59.5516	1.55339e+06	0.999974	86.6635	2.70483e+06	0	0	1
10	rs1	1:1	2:0.51375	rs2	1:2	2:0.28275	0	1000	0	0.646878	-0.475796	1.03862	1.19335e-37	7.94115	0.61921	8.08989e-05	1.8408	0.467004	0.270619	2.33003	2.11506	0.714117	-0.380773	1.03942	0.999981	-26.2016	1.09723e+06	0.11714	0.898912	0.573692	0.99999	-26.2016	2.19446e+06	0.999976	-26.7198	895885	nan	nan	nan	0.999957	59.5069	1.09959e+06	0.999972	86.6074	2.47304e+06	0	0	1
11	rs1	1:1	2:0.52175	rs2	1:2	2:0.2835	0	1000	0	0.882048	0.113554	0.765326	1.25907e-33	8.7044	0.720231	0.0552312	1.13236	0.590677	0.499831	1.20272	1.78245	0.743583	0.250958	0.767194	0.999984	-26.0819	1.26594e+06	0.785227	-0.28456	1.04421	0.999984	-26.0807	1.26697e+06	0.999967	-26.0471	633487	1	-0.250958	2.53395e+06	0.999976	37.3324	1.26594e+06	0.999962	86.4877	1.82004e+06	0	0	1
12	rs1	1:1	2:0.5155	rs2	1:2	2:0.28025	0	1000	0	0.874118	-0.166728	1.05237	4.33933e-26	9.26839	0.87729	0.0124055	1.53102	0.61231	0.528357	1.86814	2.96288	0.999919	-25.8731	255100	0.999987	-25.8734	1.55172e+06	0.96971	-0.0399114	1.05108	0.999991	-25.8734	2.19446e+06	0.999912	28.0453	255100	nan	nan	nan	0.999969	60.4457	1.55336e+06	0.999975	86.2791	2.70891e+06	0	0	1
13	rs1	1:1	2:0.5205	rs2	1:2	2:0.28975	0	1000	0	0.0721193	1.22446	0.680874	1.22578e-35	9.00113	0.722373	0.026666	1.37236	0.61919	0.999932	26.1076	304349	0.0210589	1.69361	0.73414	2.45877e-35	8.77816	0.707638	0.00891851	1.74593	0.667618	0.58031	-2.06184e+14	3.72891e+14	-nan	-1.21033e+18	0	nan	nan	nan	nan	nan	nan	nan	nan	nan	1	1	1
14	rs1	1:1	2:0.51225	rs2	1:2	2:0.284	0	1000	0	0.177595	0.756802	0.561344	4.32241e-27	9.44136	0.875897	0.230478	0.677148	0.564701	0.840791	0.390475	1.9438	0.173527	0.768294	0.564524	0.999986	-26.3901	1.55172e+06	0.981658	0.0173272	0.75367	0.999979	-26.3901	981393	0.999978	-27.1757	981393	nan	nan	nan	0.999969	60.3885	1.5534e+06	0.999963	86.7959	1.86015e+06	0	0	1
15	rs1	1:1	2:0.5195	rs2	1:2	2:0.28275	0	1000	0	0.51997	-0.673044	1.04609	3.02838e-35	8.11535	0.655088	0.000442183	1.85299	0.527387	0.247855	2.08662	1.8057	0.748832	-0.334202	1.04379	0.999981	-26.0598	1.09723e+06	0.48899	0.532217	0.769193	0.999987	-26.0598	1.55172e+06	0.999966	-26.2578	608634	nan	nan	nan	0.999957	59.8736	1.09959e+06	0.999964	86.4656	1.92378e+06	0	0	1
16	rs1	1:1	2:0.51525	rs2	1:2	2:0.28275	0	1000	0	0.609459	0.323625	0.633508	1.9883e-32	8.34416	0.703755	0.000956367	1.54892	0.468935	0.418037	1.26971	1.56787	0.928087	0.0682082	0.755748	0.999983	-26.328	1.26697e+06	0.313419	0.64275	0.637602	0.999981	-26.328	1.09723e+06	0.447978	1.08447	1.42921	nan	nan	nan	0.999962	59.763	1.26904e+06	0.999959	86.7338	1.70064e+06	0	0	1
17	rs1	1:1	2:0.52125	rs2	1:2	2:0.2855	0	1000	0	0.999906	-25.5935	218343	1.07718e-15	11.3739	1.41859	0.902798	0.131513	1.07685	0.91848	0.363621	3.55278	0.999909	-25.5853	225147	1.77738e-15	11.2875	1.41874	0.869738	0.174941	1.06677	0.999984	-25.5853	1.26697e+06	1	-0.174941	923743	nan	nan	nan	nan	nan	nan	nan	nan	nan	1	0	1
18	rs1	1:1	2:0.52225	rs2	1:2	2:0.2835	0	1000	0	0.146723	0.842191	0.580339	2.57659e-18	10.8127	1.23876	0.694909	0.299941	0.764761	0.819398	0.89842	3.93492	0.114266	0.926303	0.586526	0.999991	-25.9994	2.19446e+06	0.883683	-0.153261	1.04757	0.999991	-25.9994	2.19446e+06	0.999968	-26.7725	661655	nan	nan	nan	0.999978	60.5591	2.19565e+06	0.999978	86.4052	3.11656e+06	0	0	1
19	rs1	1:1	2:0.5165	rs2	1:2	2:0.2805	0	1000	0	0.359674	0.58656	0.640358	3.33914e-26	9.29261	0.877543	0.0596236	1.08757	0.577401	0.615762	1.1923	2.37573	0.806891	0.185978	0.760837	0.999987	-26.1992	1.55172e+06	0.743559	-0.340115	1.03965	0.999987	-26.1992	1.55172e+06	0.154277	2.36607	1.66088	nan	nan	nan	0.999969	60.7459	1.55339e+06	0.999969	86.605	2.21547e+06	0	0	1
20	rs1	1:1	2:0.51625	rs2	1:2	2:0.28325	0	1000	0	0.583909	-0.567331	1.03587	5.46187e-31	8.5444	0.738122	0.0103648	1.37436	0.536143	0.388517	1.64239	1.90464	0.582109	-0.570492	1.03668	0.999983	-26.2625	1.26697e+06	0.690153	0.302781	0.759522	0.999986	-26.2625	1.55172e+06	0.999979	-25.9948	981393	nan	nan	nan	0.999962	60.103	1.26905e+06	0.999966	86.6683	2.02167e+06	0	0	1
21	rs1	1:1	2:0.51525	rs2	1:2	2:0.28275	0	1000	0	0.999908	-26.2879	227506	4.93815e-23	9.93409	1.00518	0.822272	0.171254	0.762401	0.774679	0.949494	3.3169	0.999913	-26.3864	242338	0.999986	-26.3864	1.55172e+06	0.999911	-26.3864	236635	0.99999	-26.3864	2.19446e+06	0.999972	26.3864	743311	nan	nan	nan	0.999956	86.7922	1.5713e+06	0.999974	86.7922	2.70552e+06	1	0	1
22	rs1	1:1	2:0.52075	rs2	1:2	2:0.2805	0	1000	0	0.353404	0.606931	0.654016	5.09937e-32	8.81926	0.748824	0.00698711	1.49104	0.552756	0.540452	1.13211	1.84945	0.640077	0.360745	0.771497	0.999984	-25.992	1.26697e+06	0.879686	-0.158556	1.04749	0.999984	-25.992	1.26697e+06	0.326825	1.61081	1.64279	1	-0.360745	2.53395e+06	0.999962	60.5643	1.26898e+06	0.999962	86.3978	1.8268e+06	0	0	1
23	rs1	1:1	2:0.51575	rs2	1:2	2:0.2785	0	1000	0	0.867506	0.126319	0.757185	2.32353e-32	8.4685	0.715029	0.05074	1.11908	0.572809	0.00505375	3.45588	1.23266	0.858216	0.135087	0.756173	0.999981	-26.3183	1.09723e+06	0.999918	-26.3183	255101	0.0106135	3.19144	1.24901	1	-0.135087	816722	nan	nan	nan	0.999939	86.7241	1.12878e+06	0.99996	57.2143	1.14395e+06	0	0	1
24	rs1	1:1	2:0.5135	rs2	1:2	2:0.2845	0	1000	0	0.635351	-0.491181	1.03579	9.18812e-32	8.6571	0.738173	0.0183285	1.26021	0.534231	0.43757	1.54165	1.98589	0.690805	-0.412703	1.03756	0.999983	-26.2589	1.26697e+06	0.78565	0.206336	0.758693	0.999986	-26.2589	1.55172e+06	0.999975	-26.0525	829429	nan	nan	nan	0.999962	60.1995	1.26904e+06	0.999966	86.6647	2.0232e+06	0	0	1
25	rs1	1:1	2:0.51925	rs2	1:2	2:0.285	0	1000	0	0.360582	-0.941919	1.03026	5.30095e-31	8.93963	0.772094	0.195278	0.737808	0.569682	0.658071	0.872969	1.97246	0.434551	-0.807149	1.03292	0.999986	-26.4245	1.55465e+06	0.983904	0.0152094	0.753862	0.999983	-26.4149	1.26697e+06	0.999966	-25.623	608634	nan	nan	nan	0.999981	37.0292	1.55465e+06	0.999966	86.8303	2.02849e+06	0	0	1
26	rs1	1:1	2:0.51525	rs2	1:2	2:0.28475	0	1000	0	0.999857	-45.0859	252112	1.05253e-27	8.95972	0.821371	0.00377289	1.49966	0.517741	0.999887	24.117	170391	0.999915	-26.0745	245348	0.999987	-26.0745	1.55172e+06	0.117815	0.909499	0.581517	0.99997	60.4058	1.59005e+06	0.999999	-0.909499	736045	0.999982	-60.4058	2.72105e+06	0.999969	59.4963	1.55336e+06	nan	nan	nan	1	0	1
27	rs1	1:1	2:0.51125	rs2	1:2	2:0.28475	0	1000	0	0.527534	-0.651079	1.03055	5.30403e-19	10.0587	1.12946	0.224555	0.685632	0.564536	0.789933	0.884814	3.3214	0.585253	-0.564314	1.03406	0.99999	-26.3852	2.19446e+06	0.544469	0.383725	0.633137	0.99999	-26.3852	2.19446e+06	0.999977	-26.2046	895885	nan	nan	nan	0.999978	60.0221	2.19565e+06	0.999978	86.791	3.11702e+06	0	0	1
28	rs1	1:1	2:0.51425	rs2	1:2	2:0.278	0	1000	0	0.440903	0.489994	0.635803	2.97859e-30	8.89701	0.778426	0.10134	0.936502	0.571598	0.670779	0.837143	1.96938	0.296686	0.667829	0.639949	0.999986	-26.2559	1.5494e+06	0.641373	0.353931	0.759869	0.999987	-26.2517	1.55172e+06	0.99997	-27.2734	731487	1	-0.66783	2.68766e+06	0.999981	36.6959	1.5494e+06	0.999969	86.6617	2.21882e+06	0	0	1
29	rs1	1:1	2:0.51825	rs2	1:2	2:0.2845	0	1000	0	0.675313	-0.436301	1.04162	2.26285e-23	10.0491	1.00886	0.675067	0.323235	0.771068	0.734615	1.15533	3.40812	0.722109	-0.370374	1.04142	0.999987	-26.1425	1.55172e+06	0.999911	-26.1425	235271	0.999991	-26.1425	2.19446e+06	1	0.370374	631924	nan	nan	nan	0.999956	86.5482	1.57109e+06	0.999974	86.5482	2.70552e+06	0	0	1
30	rs1	1:1	2:0.515	rs2	1:2	2:0.28275	0	1000	0	0.169126	0.897752	0.652903	3.03774e-29	9.37671	0.835264	0.237787	0.776934	0.65812	0.719105	0.673724	1.87325	0.133559	0.978423	0.652189	0.999984	-26.0464	1.26697e+06	0.999915	-26.0464	245348	0.999981	-26.0464	1.09723e+06	0.999999	-0.978423	736045	1	-0.978423	2.45348e+06	0.999947	86.4522	1.2925e+06	0.99996	86.4522	1.70635e+06	0	0	1
31	rs1	1:1	2:0.51825	rs2	1:2	2:0.28725	0	1000	0	0.99991	-25.5801	226790	0.999784	60.3016	222797	0.999904	-25.5974	211774	0.999945	-25.5774	369911	0.999915	-25.7006	240873	0.999963	60.4058	1.30519e+06	0.999909	-25.7006	226341	0.999984	-25.7006	1.26697e+06	0.999977	25.7006	892862	0.999992	25.7006	2.54537e+06	1	2.38777e-08	1.3266e+06	nan	nan	nan	1	0	1
32	rs1	1:1	2:0.5195	rs2	1:2	2:0.2825	0	1000	0	0.807286	-0.183375	0.751755	7.69783e-32	8.68798	0.739862	0.0367758	1.09552	0.524613	0.492812	1.69102	2.46561	0.420482	-0.831984	1.03277	0.999983	-26.4099	1.26697e+06	0.529695	-0.649662	1.03372	0.99999	-26.4099	2.19446e+06	0.0955008	2.97205	1.7828	nan	nan	nan	0.999962	61.0555	1.26902e+06	0.999973	86.8157	2.55216e+06	0	0	1
33	rs1	1:1	2:0.5125	rs2	1:2	2:0.28375	0	1000	0	0.819424	-0.237714	1.0413	7.69529e-19	10.0203	1.13041	0.0461902	1.17373	0.588733	0.69689	1.30564	3.35189	0.972188	-0.0365391	1.04806	0.999991	-25.9628	2.19446e+06	0.177184	0.884392	0.655359	0.999991	-25.9628	2.19446e+06	0.999974	-26.8106	829429	nan	nan	nan	0.999978	59.5214	2.19564e+06	0.999978	86.3686	3.11805e+06	0	0	1
34	rs1	1:1	2:0.51975	rs2	1:2	2:0.2895	0	1000	0	0.922205	0.103568	1.06053	4.06002e-34	8.68596	0.713236	0.00923282	1.65119	0.634267	0.252318	2.67838	2.33974	0.963941	0.0479285	1.06017	0.999984	-25.6956	1.26644e+06	0.993538	-0.00858374	1.05987	0.999991	-25.7006	2.19446e+06	0.999977	-25.74	895885	nan	nan	nan	0.999977	37.0319	1.26644e+06	0.999973	86.1013	2.54762e+06	0	0	1
35	rs1	1:1	2:0.514	rs2	1:2	2:0.27975	0	1000	0	0.456316	-0.767473	1.03027	0.999521	50.9319	84773.8	0.888321	0.105621	0.752132	0.999731	-20.2902	60109.8	0.518491	-0.667268	1.03344	0.999624	33.8665	71851.1	0.834374	0.157807	0.754714	0.999983	-26.3815	1.26697e+06	0.999973	-25.8721	775859	nan	nan	nan	nan	nan	nan	nan	nan	nan	1	0	1
36	rs1	1:1	2:0.5115	rs2	1:2	2:0.28325	0	1000	0	0.727569	-0.363017	1.04207	5.10791e-16	11.5198	1.42064	0.493469	-0.712372	1.04026	0.978709	-0.125457	4.70089	0.754855	-0.323735	1.0368	0.99999	-26.3219	2.19446e+06	0.999906	-26.3219	223971	0.999978	60.4058	2.22107e+06	1	0.323735	729198	0.999975	-86.404	2.70942e+06	0.999969	86.7277	2.20702e+06	nan	nan	nan	0	0	1
37	rs1	1:1	2:0.51725	rs2	1:2	2:0.279	0	1000	0	0.9706	-0.0387659	1.05183	1.14141e-28	9.13577	0.822417	0.0839099	1.16359	0.673203	0.554598	1.44771	2.45007	0.906087	-0.123952	1.05066	0.999987	-25.8876	1.55031e+06	0.94254	-0.0757497	1.05094	0.999987	-25.8842	1.55172e+06	0.999984	-25.6845	1.26697e+06	nan	nan	nan	0.999981	37.1364	1.55031e+06	0.999969	86.2934	2.22144e+06	0	0	1
38	rs1	1:1	2:0.50925	rs2	1:2	2:0.27875	0	1000	0	0.0984613	0.932707	0.56447	1.69525e-18	10.8871	1.24057	0.85759	-0.13548	0.755	0.991103	-0.040693	3.64911	0.0627716	1.05613	0.567564	0.99999	-26.3587	2.19446e+06	0.611524	-0.525228	1.03412	0.999986	-26.3587	1.55172e+06	0.999966	-26.8896	633487	nan	nan	nan	0.999978	60.931	2.19564e+06	0.999974	86.7645	2.70891e+06	0	0	1
39	rs1	1:1	2:0.51275	rs2	1:2	2:0.284	0	1000	0	0.837083	-0.15427	0.750243	5.79612e-34	8.51572	0.700931	0.00834926	1.21726	0.461501	0.545124	1.24976	2.06544	0.547909	-0.620563	1.03273	0.999983	-26.454	1.26697e+06	0.665262	0.272786	0.630487	0.999986	-26.454	1.55172e+06	0.307401	1.61176	1.57908	nan	nan	nan	0.999962	60.133	1.26901e+06	0.999966	86.8598	2.03103e+06	0	0	1
40	rs1	1:1	2:0.51225	rs2	1:2	2:0.28425	0	1000	0	0.581529	0.34555	0.626958	9.81512e-19	10.8971	1.23309	0.690631	-0.297787	0.74821	0.950165	0.260615	4.16984	0.521118	0.40423	0.630012	0.99999	-26.5028	2.19446e+06	0.395931	-0.874644	1.03031	0.99999	-26.5028	2.19446e+06	0.999969	-26.0324	661655	nan	nan	nan	0.999978	61.2804	2.19565e+06	0.999978	86.9086	3.11892e+06	0	0	1
41	rs1	1:1	2:0.516	rs2	1:2	2:0.285	0	1000	0	0.776488	-0.295776	1.04184	8.28187e-30	9.33889	0.823511	0.269129	0.72537	0.656402	0.635683	1.18046	2.49177	0.784747	-0.284595	1.04194	0.999984	-26.1437	1.26697e+06	0.999906	-26.1437	222814	0.999987	-26.1437	1.55172e+06	1	0.284595	728843	nan	nan	nan	0.999946	86.5495	1.2884e+06	0.999966	86.5495	2.0304e+06	0	0	1
42	rs1	1:1	2:0.516	rs2	1:2	2:0.28125	0	1000	0	0.0581665	1.09992	0.580605	2.17309e-31	9.0578	0.777184	0.0680551	1.06251	0.58231	0.554503	1.37843	2.33227	0.0429238	1.19185	0.588728	0.999987	-25.9792	1.55204e+06	0.538571	0.474894	0.772216	0.999987	-25.9785	1.55172e+06	0.999973	-27.6452	829429	nan	nan	nan	0.999981	36.5725	1.55204e+06	0.999969	86.385	2.21949e+06	0	0	1
43	rs1	1:1	2:0.515	rs2	1:2	2:0.285	0	1000	0	0.690342	-0.414038	1.03927	0.999817	54.7227	238756	0.999853	-43.8895	238756	0.999901	-21.8633	176557	0.690342	-0.414038	1.03927	0.999869	37.0434	225147	0.999907	-26.2102	225147	0.999987	-26.2102	1.55172e+06	1	0.414033	859444	nan	nan	nan	nan	nan	nan	nan	nan	nan	1	0	1
44	rs1	1:1	2:0.51975	rs2	1:2	2:0.28425	0	1000	0	0.368063	-0.930521	1.03379	9.01352e-35	8.35941	0.679605	0.0287997	1.15851	0.529916	0.414583	1.54176	1.88975	0.463638	-0.75714	1.03312	0.999981	-26.4062	1.09723e+06	0.555212	-0.609982	1.03392	0.999986	-26.4062	1.55172e+06	0.999965	-25.039	566608	nan	nan	nan	0.999956	61.0158	1.0996e+06	0.999964	86.812	1.92336e+06	0	0	1
45	rs1	1:1	2:0.509	rs2	1:2	2:0.2765	0	1000	0	0.500618	-0.497504	0.738666	2.75381e-40	7.54944	0.568183	0.00230498	1.22883	0.403181	0.461514	1.25405	1.70304	0.622135	-0.36541	0.741457	0.999983	-26.8055	1.26829e+06	0.0989598	0.768294	0.465656	0.999986	-26.7955	1.55172e+06	0.999974	-27.1984	829429	nan	nan	nan	0.999978	35.5834	1.26829e+06	0.999966	87.2113	2.03547e+06	0	0	1
46	rs1	1:1	2:0.52075	rs2	1:2	2:0.2865	0	1000	0	0.999899	-26.1828	207627	8.40285e-26	9.64691	0.918525	0.311667	0.661372	0.653703	0.763517	0.708935	2.35632	0.999905	-26.2376	220552	0.999987	-26.2376	1.55172e+06	0.584882	-0.567352	1.0386	0.999983	-26.2376	1.26697e+06	0.999999	0.567352	670782	nan	nan	nan	0.999969	60.9731	1.55338e+06	0.999966	86.6434	2.02716e+06	1	0	1
47	rs1	1:1	2:0.5215	rs2	1:2	2:0.28775	0	1000	0	0.268164	0.88721	0.801236	6.92482e-33	8.95685	0.749863	0.0676172	1.27612	0.698268	0.330855	2.14618	2.20711	0.273384	0.874973	0.79884	0.999984	-25.5913	1.26694e+06	0.99991	-25.5902	227556	0.999987	-25.5903	1.55172e+06	0.999999	-0.874978	730307	nan	nan	nan	0.999962	61.9448	1.28722e+06	0.999966	85.9971	2.02623e+06	0	0	1
48	rs1	1:1	2:0.51975	rs2	1:2	2:0.2815	0	1000	0	0.748329	-0.336594	1.04909	1.48559e-22	9.89607	1.0127	0.380241	0.688739	0.784931	0.726181	0.903636	2.58027	0.999911	-25.9718	233910	0.999991	-25.9794	2.19738e+06	0.99992	-25.9717	260420	0.999987	-25.9724	1.55172e+06	0.999877	53.7761	350046	0.999992	25.9718	2.69782e+06	0.999977	63.0253	2.21276e+06	0.999975	86.3852	2.70825e+06	0	0	1
49	rs1	1:1	2:0.52225	rs2	1:2	2:0.288	0	1000	0	0.113193	1.0724	0.677018	4.22818e-39	8.44312	0.645449	0.00258329	1.7471	0.579775	0.216616	1.84819	1.49581	0.161204	0.934841	0.667252	0.999979	-25.8234	981393	0.99991	-25.8234	228788	0.999984	-25.8234	1.26697e+06	0.999999	-0.934841	860405	1	-0.934841	2.53395e+06	0.999932	86.2292	1.01028e+06	0.999958	86.2292	1.62831e+06	0	0	1
50	rs1	1:1	2:0.5145	rs2	1:2	2:0.28075	0	1000	0	0.0595863	1.08804	0.577564	7.38731e-40	8.13651	0.615798	0.00343858	1.47109	0.502843	0.34646	1.61169	1.71187	0.0727068	1.03206	0.57507	0.999979	-26.2004	981393	0.655547	-0.463435	1.03893	0.999983	-26.2004	1.26697e+06	0.999976	-26.769	895885	nan	nan	nan	0.999951	60.8692	984009	0.999958	86.6062	1.63718e+06	0	0	1
51	rs1	1:1	2:0.512	rs2	1:2	2:0.277	0	1000	0	0.741663	-0.343105	1.04081	7.46414e-40	7.61046	0.576019	0.000103708	1.77109	0.456262	0.293557	1.6161	1.53863	0.532604	-0.644266	1.03242	0.999979	-26.4283	981393	0.448806	0.478737	0.632075	0.999983	-26.4283	1.26697e+06	nan	nan	nan	nan	nan	nan	0.999951	59.9271	984011	0.999958	86.8341	1.63885e+06	0	0	1
52	rs1	1:1	2:0.51775	rs2	1:2	2:0.28075	0	1000	0	0.857756	0.136539	0.7618	4.67697e-37	8.03982	0.632144	0.000246057	1.77974	0.485428	0.00445073	3.28228	1.15398	0.58401	-0.568603	1.03848	0.999981	-26.2176	1.09723e+06	0.756813	0.235769	0.761361	0.0147445	2.88666	1.18374	0.128122	2.52635	1.66038	nan	nan	nan	0.999956	60.17	1.09957e+06	0.99996	57.5191	1.14952e+06	0	0	1
53	rs1	1:1	2:0.51725	rs2	1:2	2:0.28225	0	1000	0	0.046057	1.38968	0.696625	4.55093e-26	9.4286	0.892832	0.00332539	1.88766	0.642949	0.399655	1.85815	2.20621	0.160328	1.13802	0.810576	0.999987	-25.4142	1.55172e+06	0.61573	0.540186	1.07626	0.999984	-25.4142	1.26697e+06	0.487554	1.16456	1.67755	nan	nan	nan	0.999969	59.8656	1.55338e+06	0.999966	85.82	2.025e+06	0	0	1
54	rs1	1:1	2:0.515	rs2	1:2	2:0.27825	0	1000	0	0.568062	-0.592609	1.03801	2.73053e-35	8.08948	0.652562	0.00110521	1.65403	0.507018	0.384492	1.37547	1.58163	0.668348	-0.444408	1.03733	0.0252996	2.56375	1.14617	0.629615	0.366522	0.759995	0.999981	-26.2529	1.09723e+06	0.999973	-26.175	775859	nan	nan	nan	0.999653	31.2227	71697.5	0.99996	57.842	1.14714e+06	0	0	1
55	rs1	1:1	2:0.521	rs2	1:2	2:0.2805	0	1000	0	0.9999	-25.8329	206514	1.92624e-43	7.30122	0.528302	1.85598e-07	2.66452	0.51111	0.999932	27.7499	327166	1	90.1089	3.336e+17	2.3174e-43	7.30471	0.529064	1.92922e-07	2.66438	0.511788	0.69383	1.4075e+15	3.57539e+15	-nan	228397	0	nan	nan	nan	nan	nan	nan	nan	nan	nan	1	1	1
56	rs1	1:1	2:0.514	rs2	1:2	2:0.28375	0	1000	0	0.99991	-26.2242	232998	1.72466e-18	10.2291	1.16584	0.249024	0.748293	0.649153	0.831582	0.627003	2.94819	0.999915	-26.1943	246896	0.99999	-26.1944	2.19446e+06	0.710321	0.282851	0.761528	0.999987	-26.1943	1.55172e+06	1	-0.282851	772031	nan	nan	nan	0.999978	60.1229	2.19564e+06	0.999974	86.6001	2.7042e+06	1	0	1
57	rs1	1:1	2:0.51575	rs2	1:2	2:0.282	0	1000	0	0.527527	-0.652764	1.0332	5.61408e-23	9.93894	1.00698	0.808159	0.18561	0.764454	0.912327	0.25692	2.33343	0.539507	-0.634196	1.03364	0.999986	-26.3827	1.55172e+06	0.999916	-26.3827	250082	0.999981	-26.3827	1.09723e+06	0.999999	0.634196	737636	nan	nan	nan	0.999956	86.7885	1.57339e+06	0.999964	86.7885	1.92468e+06	0	0	1
58	rs1	1:1	2:0.5175	rs2	1:2	2:0.2795	0	1000	0	0.418194	0.522388	0.645276	1.58021e-26	8.88588	0.833638	0.00112384	1.65676	0.508595	0.513952	1.35442	2.07511	0.68879	0.307339	0.767393	0.999987	-26.0561	1.55172e+06	0.148747	0.941338	0.65191	0.999991	-26.0561	2.19446e+06	0.50896	0.952204	1.44173	1	-0.307339	3.10344e+06	0.999969	59.4645	1.55338e+06	0.999974	86.4619	2.70626e+06	0	0	1
59	rs1	1:1	2:0.5205	rs2	1:2	2:0.2805	0	1000	0	0.943492	0.0751726	1.06053	2.39122e-31	8.94519	0.76806	0.0649174	1.26457	0.685099	0.999944	25.9853	370971	0	-264681	1.07431	0	63391.6	0.768941	0	-12387.6	0.696034	0	4.32522e+21	4.41763e+15	0	-inf	3.62306e+25	nan	nan	nan	nan	nan	nan	nan	nan	nan	1	0	1
60	rs1	1:1	2:0.51675	rs2	1:2	2:0.28825	0	1000	0	0.99991	-25.9815	229922	3.8139e-31	8.93077	0.769454	0.0387111	1.2481	0.603749	0.431912	1.66533	2.11895	0.999915	-25.9858	243829	0.999987	-25.9853	1.55359e+06	0.614712	0.388412	0.771642	0.999987	-25.9858	1.55172e+06	1	-0.388412	813271	nan	nan	nan	0.999981	36.6448	1.55359e+06	0.999969	86.3911	2.21399e+06	1	0	1
61	rs1	1:1	2:0.52025	rs2	1:2	2:0.28775	0	1000	0	0.984821	0.0201625	1.05977	5.91437e-16	11.4864	1.41964	0.965785	-0.0454415	1.05937	0.999937	23.318	293278	0.917486	0.110471	1.0663	1.80224e-15	11.422	1.43597	0.973189	0.0361476	1.07554	0.925199	8.74151e+13	9.31069e+14	0.868792	-5.64894	34.196	nan	nan	nan	nan	nan	nan	nan	nan	nan	1	0	1
62	rs1	1:1	2:0.5215	rs2	1:2	2:0.284	0	1000	0	0.999898	-26.2089	204521	2.74357e-25	9.54843	0.918972	0.238322	0.771917	0.654616	0.75315	0.734926	2.33689	0.999905	-26.2301	219446	0.999987	-26.2301	1.55172e+06	0.659388	-0.458012	1.03915	0.999983	-26.2301	1.26697e+06	0.999999	0.458012	626205	nan	nan	nan	0.999969	60.8638	1.55337e+06	0.999966	86.6359	2.02868e+06	1	0	1
63	rs1	1:1	2:0.51875	rs2	1:2	2:0.283	0	1000	0	0.551433	-0.617335	1.03647	5.32295e-16	11.5093	1.42022	0.527325	-0.659251	1.04296	0.942038	-0.318464	4.38002	0.56993	-0.589037	1.03676	0.99999	-26.2921	2.19446e+06	0.999908	-26.2921	228788	0.999986	-26.2921	1.55172e+06	0.999999	0.589037	594410	nan	nan	nan	0.999969	86.6979	2.20751e+06	0.999974	86.6979	2.71177e+06	0	0	1
64	rs1	1:1	2:0.514	rs2	1:2	2:0.27725	0	1000	0	0.56568	-0.42609	0.741766	4.44948e-31	8.31561	0.717269	0.0189082	1.11672	0.475738	0.535427	1.16858	1.88559	0.605143	-0.384438	0.743566	0.999983	-26.6753	1.26697e+06	0.575741	0.349531	0.62459	0.999986	-26.6753	1.55172e+06	0.999976	-26.6404	895885	nan	nan	nan	0.999962	60.0563	1.26904e+06	0.999966	87.0811	2.02582e+06	0	0	1
65	rs1	1:1	2:0.515	rs2	1:2	2:0.27975	0	1000	0	0.474152	-0.738239	1.03143	0.999524	50.4536	84660.9	0.879753	0.114025	0.75372	0.999736	-19.8302	60015.8	0.545175	-0.626161	1.03497	0.999623	33.9042	71697.5	0.8198	0.172347	0.756566	0.999986	-26.3292	1.55172e+06	0.999972	-25.8754	731487	nan	nan	nan	nan	nan	nan	nan	nan	nan	1	0	1
66	rs1	1:1	2:0.516	rs2	1:2	2:0.2785	0	1000	0	0.414608	-0.840938	1.0308	0.999523	50.6258	84669	0.911018	0.0841267	0.752778	0.999733	-20.0863	60015.1	0.440873	-0.796042	1.03285	0.99997	60.4058	1.58824e+06	0.886347	0.107827	0.754409	0.999986	-26.3938	1.55172e+06	0.999981	-25.7056	1.09723e+06	1	0.796042	2.68766e+06	0.999987	-26.5016	1.58986e+06	nan	nan	nan	1	0	1
67	rs1	1:1	2:0.51775	rs2	1:2	2:0.283	0	1000	0	0.16433	0.922296	0.66321	0.99952	50.7701	84308.2	0.805684	-0.257893	1.04835	0.999737	-19.7132	59744.6	0.152722	0.95427	0.667329	0.999611	34.7672	71355.7	0.867359	-0.176091	1.05435	0.999984	-25.8146	1.26697e+06	0.999983	-26.5928	1.26697e+06	nan	nan	nan	nan	nan	nan	nan	nan	nan	1	0	1
68	rs1	1:1	2:0.50975	rs2	1:2	2:0.28325	0	1000	0	0.999917	-26.3882	252800	2.74015e-25	9.55506	0.919599	0.383919	0.559854	0.642994	0.927066	0.179246	1.95818	0.999922	-26.4199	270120	0.999986	-26.4199	1.55172e+06	0.545775	-0.623726	1.03248	0.999976	-26.4199	895885	0.999999	0.623726	779768	nan	nan	nan	0.999969	61.0295	1.55338e+06	0.999962	86.8257	1.81899e+06	1	0	1
69	rs1	1:1	2:0.51625	rs2	1:2	2:0.28675	0	1000	0	0.695568	0.298828	0.76366	7.28533e-37	8.64442	0.68154	0.0297201	1.17899	0.542362	0.450006	1.59243	2.10805	0.75861	-0.32015	1.04179	0.999984	-26.156	1.26737e+06	0.580051	-0.575675	1.04042	0.999987	-26.1536	1.55172e+06	0.139315	2.64254	1.78749	nan	nan	nan	0.999976	37.6248	1.26737e+06	0.999966	86.5618	2.03005e+06	0	0	1
70	rs1	1:1	2:0.5185	rs2	1:2	2:0.28925	0	1000	0	0.999909	-25.8458	225954	2.49272e-26	9.73938	0.917366	0.115682	1.08306	0.688463	0.682489	0.949506	2.32114	0.999918	-25.8184	250082	0.999987	-25.8184	1.55172e+06	0.834205	-0.220647	1.05416	0.999981	-25.8184	1.09723e+06	1	0.220647	619343	nan	nan	nan	0.999969	60.6264	1.55336e+06	0.999964	86.2242	1.92905e+06	1	0	1
71	rs1	1:1	2:0.51475	rs2	1:2	2:0.288	0	1000	0	0.0877349	0.983854	0.576206	1.49707e-28	9.46689	0.85409	0.054403	1.02787	0.534345	0.693424	0.828305	2.10116	0.0338522	1.25091	0.589542	0.999987	-25.9945	1.55172e+06	0.269783	0.722062	0.654301	0.999981	-25.9945	1.09723e+06	0.999965	-27.9674	633487	nan	nan	nan	0.999969	59.6837	1.55339e+06	0.999964	86.4003	1.92564e+06	0	0	1
72	rs1	1:1	2:0.5145	rs2	1:2	2:0.2815	0	1000	0	0.897044	-0.0970211	0.749797	6.0551e-19	10.3342	1.16232	0.575949	0.352632	0.630474	0.999942	23.7167	327166	0.87587	0.1181	0.756047	5.8167e-18	10.2342	1.18504	0.441728	0.492644	0.640398	0.886687	-1.54715e+14	1.08574e+15	0.99536	-15.9128	2736.51	nan	nan	nan	nan	nan	nan	nan	nan	nan	1	0	1
73	rs1	1:1	2:0.5135	rs2	1:2	2:0.2775	0	1000	0	0.838063	-0.15256	0.746487	2.49627e-25	9.57295	0.920534	0.572531	0.355082	0.629211	0.794143	0.836271	3.20491	0.870677	-0.12185	0.748469	0.999986	-26.5406	1.55172e+06	0.462662	-0.756501	1.02999	0.99999	-26.5406	2.19446e+06	0.999974	-25.6622	775859	nan	nan	nan	0.999969	61.1623	1.55338e+06	0.999974	86.9463	2.70997e+06	0	0	1
74	rs1	1:1	2:0.51275	rs2	1:2	2:0.27725	0	1000	0	0.927094	0.0691291	0.755493	2.38586e-31	8.64198	0.742013	0.0227651	1.19898	0.526481	0.575509	1.22572	2.18895	0.722716	0.268679	0.757203	0.999983	-26.3099	1.26697e+06	0.735823	0.255434	0.757087	0.999986	-26.3099	1.55172e+06	0.999969	-26.834	693950	nan	nan	nan	0.999962	60.1504	1.26899e+06	0.999966	86.7157	2.03465e+06	0	0	1
75	rs1	1:1	2:0.51675	rs2	1:2	2:0.28825	0	1000	0	0.999908	-26.0526	225439	1.02034e-26	9.34751	0.873618	0.0502653	1.16974	0.597506	0.616491	0.990236	1.97719	0.999913	-26.0696	238023	0.999987	-26.0696	1.55172e+06	0.670447	0.326656	0.767637	0.999981	-26.0696	1.09723e+06	1	-0.326656	862906	0.999992	26.0696	2.465e+06	0.999969	60.0791	1.55339e+06	0.999964	86.4754	1.92182e+06	1	0	1
76	rs1	1:1	2:0.5125	rs2	1:2	2:0.28575	0	1000	0	0.335248	0.613485	0.636662	0.999516	51.4093	84724.6	0.423395	-0.825642	1.03135	0.999725	-20.6685	60069.6	0.297967	0.666349	0.640225	0.999963	60.4058	1.30764e+06	0.511222	-0.680725	1.03621	0.999983	-26.2785	1.26697e+06	0.999973	-26.2641	775859	1	-0.666349	2.53395e+06	0.999984	-25.5977	1.30961e+06	nan	nan	nan	1	0	1
77	rs1	1:1	2:0.52	rs2	1:2	2:0.28775	0	1000	0	0.834271	-0.219512	1.04915	6.21557e-32	9.05731	0.770128	0.0297961	1.33223	0.613141	0.520665	1.11846	1.74128	0.830081	-0.225394	1.05031	0.999984	-25.9174	1.26697e+06	0.813959	-0.247134	1.0502	0.999977	-25.9174	895885	0.999974	-25.4449	775859	nan	nan	nan	0.999962	60.6529	1.269e+06	0.999956	86.3232	1.58246e+06	0	0	1
78	rs1	1:1	2:0.5185	rs2	1:2	2:0.27975	0	1000	0	0.770498	0.222693	0.76337	1.23951e-15	11.3617	1.42013	0.737533	-0.350933	1.04718	0.994233	0.0290247	4.01598	0.787499	0.205852	0.763662	0.999991	-26.1363	2.19446e+06	0.999916	-26.1363	248474	0.999987	-26.1363	1.55172e+06	1	-0.205852	865847	nan	nan	nan	0.999969	86.5421	2.20965e+06	0.999974	86.5421	2.70707e+06	0	0	1
79	rs1	1:1	2:0.513	rs2	1:2	2:0.282	0	1000	0	0.396864	0.538876	0.636041	2.49462e-27	9.19984	0.849515	0.0408273	1.07369	0.524959	0.604316	1.46183	2.82095	0.715444	0.276806	0.759299	0.999986	-26.2625	1.55172e+06	0.825098	0.167607	0.758426	0.99999	-26.2625	2.19446e+06	0.381152	1.29873	1.48295	nan	nan	nan	0.999969	60.2382	1.55338e+06	0.999974	86.6683	2.70626e+06	0	0	1
80	rs1	1:1	2:0.518	rs2	1:2	2:0.28175	0	1000	0	0.999905	-25.9587	216970	1.6318e-18	9.75114	1.11058	0.0031937	1.68159	0.570329	0.681026	1.15768	2.8163	0.999911	-25.8023	231317	0.999991	-25.8023	2.19446e+06	0.0244256	1.35608	0.602604	0.999987	-25.8023	1.55172e+06	0.999999	-1.35608	809608	nan	nan	nan	0.999979	59.0497	2.19562e+06	0.999975	86.2081	2.70942e+06	1	0	1
81	rs1	1:1	2:0.51475	rs2	1:2	2:0.276	0	1000	0	0.37255	-0.916526	1.02783	9.44319e-18	10.5714	1.23203	0.985703	0.0134681	0.751582	0.947246	0.270967	4.09528	0.392727	-0.879733	1.02931	0.99999	-26.5393	2.19446e+06	0.509162	-0.680244	1.03045	0.99999	-26.5393	2.19446e+06	0.999974	-24.9794	775859	nan	nan	nan	0.999978	61.086	2.19563e+06	0.999978	86.9451	3.12327e+06	0	0	1
82	rs1	1:1	2:0.51575	rs2	1:2	2:0.27775	0	1000	0	0.9999	-26.5353	211765	1.51957e-25	9.14564	0.87547	0.168909	0.776998	0.564795	0.846817	0.382315	1.97905	0.999902	-26.5932	216227	0.999986	-26.5932	1.55172e+06	0.99869	-0.00122926	0.748464	0.999981	-26.5932	1.09723e+06	1	0.00122926	1.11833e+06	nan	nan	nan	0.999969	60.407	1.55339e+06	0.999964	86.999	1.92723e+06	1	0	1
83	rs1	1:1	2:0.51875	rs2	1:2	2:0.28575	0	1000	0	0.551157	-0.617735	1.03642	5.44412e-24	10.1517	1.00498	0.931265	0.0660755	0.766058	0.898529	0.34331	2.69222	0.522761	-0.662376	1.03643	0.999986	-26.3009	1.55172e+06	0.999905	-26.3009	220552	0.999983	-26.3009	1.26697e+06	0.999999	0.662376	806598	nan	nan	nan	0.999956	86.7067	1.56896e+06	0.999966	86.7067	2.02868e+06	0	0	1
84	rs1	1:1	2:0.5155	rs2	1:2	2:0.28275	0	1000	0	0.63159	-0.49704	1.0366	1.55037e-18	10.8324	1.23293	0.863855	0.131167	0.764961	0.897145	-0.389353	3.01196	0.668964	-0.444305	1.03914	0.99999	-26.2164	2.19446e+06	0.599027	-0.546088	1.03858	0.999979	-26.2164	981393	0.999972	-25.226	731487	nan	nan	nan	0.999978	60.9519	2.19562e+06	0.999972	86.6222	2.43237e+06	0	0	1
85	rs1	1:1	2:0.51475	rs2	1:2	2:0.28625	0	1000	0	0.670751	0.323907	0.761923	1.11444e-18	10.3404	1.17199	0.220409	0.797447	0.650743	0.890619	0.321057	2.3346	0.568566	0.438073	0.768329	0.999991	-26.0512	2.19446e+06	0.536291	0.475345	0.76863	0.999979	-26.0512	981393	0.999974	-26.9647	829429	nan	nan	nan	0.999978	59.9304	2.19566e+06	0.999972	86.457	2.41952e+06	0	0	1
86	rs1	1:1	2:0.5165	rs2	1:2	2:0.28225	0	1000	0	0.210194	0.817427	0.652359	3.91323e-19	10.1565	1.13615	0.0444589	1.18598	0.590116	0.7548	0.939413	3.00788	0.469634	0.561905	0.777106	0.999991	-25.8915	2.19446e+06	0.460382	0.573739	0.777196	0.999987	-25.8915	1.55172e+06	0.463936	1.09632	1.49693	nan	nan	nan	0.999978	59.8321	2.19563e+06	0.999975	86.2973	2.70707e+06	0	0	1
87	rs1	1:1	2:0.512	rs2	1:2	2:0.28625	0	1000	0	0.805206	-0.256996	1.04209	3.05425e-33	8.58738	0.71487	0.00295025	1.53578	0.516598	0.999933	25.9923	307319	0.84598	0.205115	1.05593	1.01357e-32	8.53234	0.716226	0.00200717	1.62865	0.527214	0.902514	-2.66363e+14	2.17464e+15	-nan	-1.24408e+31	0	nan	nan	nan	nan	nan	nan	nan	nan	nan	1	1	1
88	rs1	1:1	2:0.51375	rs2	1:2	2:0.27975	0	1000	0	0.394405	0.540384	0.63451	0.999826	55.1855	253131	0.999857	-45.2111	253131	0.999904	-22.5469	186462	0.394405	0.540384	0.63451	0.999881	36.3535	243815	0.999914	-26.3791	243815	0.999983	-26.3791	1.26697e+06	0.999999	-0.540348	735535	nan	nan	nan	nan	nan	nan	nan	nan	nan	1	0	1
89	rs1	1:1	2:0.519	rs2	1:2	2:0.28525	0	1000	0	0.999901	-26.2414	211139	3.2835e-18	10.7255	1.23265	0.838813	0.155929	0.766567	0.969912	-0.107063	2.83843	0.999905	-26.2934	220552	0.99999	-26.2934	2.19446e+06	0.576467	-0.579117	1.03682	0.999981	-26.2934	1.09723e+06	0.999999	0.579117	764014	nan	nan	nan	0.999978	60.9849	2.19564e+06	0.999972	86.6992	2.47266e+06	1	0	1
90	rs1	1:1	2:0.51825	rs2	1:2	2:0.27475	0	1000	0	0.551263	-0.446586	0.74947	4.39351e-32	8.44366	0.716169	0.198963	0.716378	0.557704	0.568439	1.5675	2.74831	0.561279	-0.432395	0.744297	0.999983	-26.6413	1.26646e+06	0.459464	-0.760899	1.02862	0.999963	60.4008	1.31314e+06	0.999977	-25.453	895885	0.999973	-86.6147	2.55734e+06	0.999976	37.7983	1.26646e+06	nan	nan	nan	0	0	1
91	rs1	1:1	2:0.51825	rs2	1:2	2:0.2805	0	1000	0	0.999908	-25.7855	223094	1.87406e-25	9.09843	0.872614	0.00532341	1.74077	0.624652	0.443136	2.09641	2.73359	0.999913	-25.7829	235271	0.999987	-25.7829	1.55172e+06	0.294089	0.822732	0.784157	0.999991	-25.7829	2.19446e+06	0.999999	-0.822732	926263	nan	nan	nan	0.999969	59.5831	1.55337e+06	0.999975	86.1886	2.70517e+06	1	0	1
92	rs1	1:1	2:0.5155	rs2	1:2	2:0.28425	0	1000	0	0.520768	-0.663502	1.03323	3.09421e-18	10.7473	1.2342	0.919103	0.077291	0.761009	0.949268	-0.182264	2.8646	0.578532	-0.575134	1.03529	0.99999	-26.3354	2.19446e+06	0.578532	-0.575134	1.03529	0.999981	-26.3354	1.09723e+06	0.999968	-25.1851	633487	nan	nan	nan	0.999978	60.9809	2.19564e+06	0.999972	86.7412	2.47304e+06	0	0	1
93	rs1	1:1	2:0.51475	rs2	1:2	2:0.28625	0	1000	0	0.721064	0.271219	0.759636	2.52365e-27	9.47664	0.875161	0.121375	0.896425	0.578702	0.65395	1.10582	2.46679	0.687722	-0.417735	1.03928	0.999987	-26.2139	1.55172e+06	0.572697	-0.585727	1.03837	0.999987	-26.2139	1.55172e+06	0.0902116	3.04654	1.79813	nan	nan	nan	0.999969	60.9915	1.55339e+06	0.999969	86.6197	2.21507e+06	0	0	1
94	rs1	1:1	2:0.51175	rs2	1:2	2:0.282	0	1000	0	0.788086	-0.279955	1.04151	3.22264e-18	9.69285	1.11369	0.0101526	1.38526	0.538887	0.687424	1.02744	2.55359	0.769754	-0.304878	1.04162	0.999991	-26.1133	2.19446e+06	0.0560313	1.10642	0.579036	0.999987	-26.1133	1.55172e+06	0.99999	-26.9149	2.19446e+06	nan	nan	nan	0.999978	59.2994	2.19565e+06	0.999974	86.5191	2.7028e+06	0	0	1
95	rs1	1:1	2:0.51475	rs2	1:2	2:0.286	0	1000	0	0.999914	-25.9722	240297	3.48131e-18	10.7009	1.23076	0.527258	0.492627	0.779231	0.81094	0.949401	3.96885	0.99992	-25.9736	258620	0.999991	-25.9736	2.19446e+06	0.787901	-0.281596	1.04668	0.999991	-25.9736	2.19446e+06	1	0.281596	740574	0.999993	25.9736	3.11419e+06	0.999978	60.6874	2.19563e+06	0.999978	86.3794	3.11862e+06	1	0	1
96	rs1	1:1	2:0.5175	rs2	1:2	2:0.28275	0	1000	0	0.982097	0.0236696	1.05482	1.18764e-15	11.3707	1.42033	0.983743	0.0216612	1.06301	0.907622	0.456216	3.93159	0.992659	0.00970881	1.05518	0.999991	-25.7865	2.19446e+06	0.999916	-25.7865	245348	0.999987	-25.7865	1.55172e+06	1	-0.00970882	864955	nan	nan	nan	0.999969	86.1923	2.2093e+06	0.999975	86.1923	2.70517e+06	0	0	1
97	rs1	1:1	2:0.51825	rs2	1:2	2:0.28425	0	1000	0	0.359617	0.71982	0.785748	7.16396e-30	9.32166	0.821073	0.121228	1.04604	0.67502	0.517581	1.88938	2.91986	0.510485	0.511239	0.77686	0.999984	-25.9075	1.26697e+06	0.999907	-25.9075	221674	0.999991	-25.9075	2.19446e+06	1	-0.511239	1.28622e+06	nan	nan	nan	0.999947	86.3133	1.28821e+06	0.999973	86.3133	2.55409e+06	0	0	1
98	rs1	1:1	2:0.521	rs2	1:2	2:0.28725	0	1000	0	0.975419	0.0326872	1.06084	1.06858e-23	10.1062	1.00709	0.306728	0.823727	0.805908	0.704511	0.86808	2.28901	0.988889	-0.0147604	1.05988	0.999987	-25.7068	1.55172e+06	0.999912	-25.7068	233930	0.999981	-25.7068	1.09723e+06	1	0.0147604	861786	1	0.0147605	2.45348e+06	0.999956	86.1126	1.57089e+06	0.999964	86.1126	1.92378e+06	0	0	1
99	rs1	1:1	2:0.51625	rs2	1:2	2:0.28225	0	1000	0	0.899443	-0.0953177	0.754306	4.39011e-33	8.60331	0.717991	0.0111282	1.25603	0.494763	0.505364	1.68889	2.5356	0.557594	-0.607038	1.03516	0.999983	-26.344	1.26697e+06	0.956565	0.0411581	0.755681	0.99999	-26.344	2.19446e+06	0.234801	1.93984	1.63275	nan	nan	nan	0.999962	60.3646	1.269e+06	0.999973	86.7498	2.55648e+06	0	0	1
100	rs1	1:1	2:0.51125	rs2	1:2	2:0.28075	0	1000	0	0.503389	-0.689213	1.02996	6.23869e-16	11.4676	1.41845	0.40799	-0.861415	1.04106	0.736549	-1.12438	3.34211	0.500373	-0.694369	1.03037	0.99999	-26.5406	2.19446e+06	0.999909	-26.5406	232612	0.999976	-26.5406	895885	0.999999	0.694369	809979	nan	nan	nan	0.999969	86.9463	2.20791e+06	0.999971	86.9463	2.39835e+06	0	0	1
101	rs1	1:1	2:0.51425	rs2	1:2	2:0.285	0	1000	0	0.615106	-0.520371	1.03495	2.00744e-18	10.7877	1.23191	0.928372	0.0683082	0.759881	0.886983	0.575155	4.04687	0.662597	-0.452655	1.03741	0.99999	-26.2735	2.19446e+06	0.553653	-0.613923	1.03652	0.99999	-26.2735	2.19446e+06	0.999971	-25.2069	693950	nan	nan	nan	0.999978	61.0197	2.19564e+06	0.999978	86.6793	3.11862e+06	0	0	1
102	rs1	1:1	2:0.5165	rs2	1:2	2:0.282	0	1000	0	0.847919	-0.200776	1.04693	0.999609	33.8262	69068.1	0.363351	0.706632	0.777375	0.00332986	3.71172	1.26442	0.973149	-0.0355067	1.05491	0.999624	33.8272	71812.6	0.310826	0.7945	0.783925	0.00323675	3.72569	1.26539	0.999974	-26.543	829429	nan	nan	nan	nan	nan	nan	nan	nan	nan	1	0	1
103	rs1	1:1	2:0.513	rs2	1:2	2:0.2895	0	1000	0	0.889298	-0.10428	0.749182	2.96817e-19	10.0233	1.11744	0.12526	0.793409	0.517532	0.913207	0.25376	2.3282	0.837588	0.155084	0.75658	0.00721342	3.85639	1.43529	0.245158	0.657713	0.565925	0.999983	-26.3465	1.26697e+06	0.999966	-27.1593	633487	1	-0.155084	2.53395e+06	0.999675	29.5452	72514.8	0.999965	56.5494	1.29827e+06	0	0	1
104	rs1	1:1	2:0.51675	rs2	1:2	2:0.28425	0	1000	0	0.999903	-26.4039	216838	7.86632e-50	7.18257	0.483943	7.50992e-08	2.51105	0.466866	0.103561	2.60479	1.60016	0.999918	-26.1499	253395	0.999975	-26.1499	829429	0.129504	0.874973	0.577136	0.999987	-26.1499	1.55172e+06	0.999999	-0.874973	638893	nan	nan	nan	0.999943	59.5308	832496	0.999962	86.5557	1.7961e+06	1	0	1
105	rs1	1:1	2:0.51525	rs2	1:2	2:0.28375	0	1000	0	0.954872	-0.0425031	0.751076	2.52791e-18	10.7795	1.23464	0.972635	-0.0259589	0.75674	0.935761	-0.229994	2.85355	0.973606	0.0249389	0.753758	0.00790695	3.80913	1.43415	0.539966	-0.633523	1.03371	0.999983	-26.3938	1.26697e+06	0.99997	-25.7852	693950	1	-0.0249392	2.53395e+06	0.999659	30.8364	72161.1	0.999965	56.5967	1.30234e+06	0	0	1
106	rs1	1:1	2:0.51125	rs2	1:2	2:0.2795	0	1000	0	0.701075	-0.284885	0.742138	2.19267e-30	8.84953	0.772476	0.351492	0.515725	0.553532	0.641989	1.19225	2.56442	0.77073	-0.217035	0.744748	0.999986	-26.668	1.55332e+06	0.807944	-0.181103	0.745037	0.99999	-26.6704	2.19446e+06	0.999973	-26.2723	775859	nan	nan	nan	0.999981	37.207	1.55332e+06	0.999974	87.0737	2.70609e+06	0	0	1
107	rs1	1:1	2:0.51825	rs2	1:2	2:0.28325	0	1000	0	0.999904	-26.1234	216677	1.5109e-26	9.31186	0.87326	0.0603969	1.10895	0.590529	0.684413	0.912451	2.24494	0.999908	-26.1499	227555	0.999987	-26.1499	1.55172e+06	0.725004	0.268837	0.76422	0.999984	-26.1499	1.26697e+06	1	-0.268837	860077	0.999992	26.1499	2.54414e+06	0.999969	60.137	1.55337e+06	0.999966	86.5557	2.0304e+06	1	0	1
108	rs1	1:1	2:0.5135	rs2	1:2	2:0.27775	0	1000	0	0.0430282	1.04977	0.518805	5.44414e-31	9.00295	0.777716	0.157565	0.799797	0.565904	0.64566	1.06824	2.32328	0.0351277	1.09958	0.521899	0.999983	-26.3183	1.26697e+06	0.639684	-0.484857	1.03571	0.999986	-26.3183	1.55172e+06	0.999972	-26.933	775859	nan	nan	nan	0.999962	60.8906	1.269e+06	0.999966	86.7241	2.03168e+06	0	0	1
109	rs1	1:1	2:0.51425	rs2	1:2	2:0.28075	0	1000	0	0.528036	-0.651246	1.03208	1.27345e-25	9.62552	0.919932	0.429149	0.506046	0.640038	0.904591	0.275426	2.29782	0.999912	-26.3893	238034	0.00782688	3.81404	1.43415	0.535609	-0.640305	1.03364	0.999981	-26.3889	1.09723e+06	0.999903	28.8977	238034	nan	nan	nan	0.00020687	7.48512	2.01729	0.999961	56.5917	1.1508e+06	0	0	1
110	rs1	1:1	2:0.513	rs2	1:2	2:0.282	0	1000	0	0.548209	-0.620964	1.03417	9.59003e-31	8.91351	0.77324	0.138273	0.847071	0.571476	0.58182	1.47511	2.67847	0.693565	-0.408289	1.03621	0.999986	-26.3265	1.55248e+06	0.872885	0.12097	0.756084	0.99999	-26.3207	2.19446e+06	0.999967	-26.0334	633487	nan	nan	nan	0.999981	36.9283	1.55248e+06	0.999974	86.7323	2.70793e+06	0	0	1
111	rs1	1:1	2:0.516	rs2	1:2	2:0.286	0	1000	0	0.217312	0.80194	0.650025	5.55503e-19	10.3837	1.16663	0.226478	0.789214	0.652522	0.780955	0.823325	2.96081	0.2061	0.828257	0.65508	0.999991	-25.9846	2.19446e+06	0.583867	0.422792	0.771878	0.999987	-25.9846	1.55172e+06	0.99998	-27.2357	1.09723e+06	nan	nan	nan	0.999978	59.983	2.19565e+06	0.999974	86.3904	2.70207e+06	0	0	1
112	rs1	1:1	2:0.5205	rs2	1:2	2:0.2835	0	1000	0	0.739701	-0.347585	1.04616	3.84958e-18	10.6947	1.23166	0.497663	0.526293	0.776047	0.99994	23.8836	316777	0.88574	-0.15152	1.05444	6.09145e-18	10.608	1.22908	0.421194	0.629555	0.782687	-nan	-8.60145e+16	0	0.926837	-7.21074	78.5267	nan	nan	nan	nan	nan	nan	nan	nan	nan	1	1	1
113	rs1	1:1	2:0.51775	rs2	1:2	2:0.28425	0	1000	0	0.999911	-25.7891	230036	2.36861e-15	11.2342	1.4184	0.954404	0.0608962	1.06505	0.890918	0.504564	3.67913	0.999915	-25.8794	242338	0.999991	-25.8794	2.19446e+06	0.999918	-25.8794	251722	0.999987	-25.8794	1.55172e+06	0.999975	25.8794	810657	nan	nan	nan	0.999969	86.2852	2.21002e+06	0.999975	86.2852	2.7028e+06	1	0	1
114	rs1	1:1	2:0.5145	rs2	1:2	2:0.2895	0	1000	0	0.692717	-0.411622	1.04163	6.98577e-19	10.1049	1.13857	0.0601105	1.10937	0.590095	0.773111	0.683826	2.37186	0.931054	-0.0906544	1.0478	0.999991	-25.9761	2.19446e+06	0.18961	0.859538	0.655269	0.999984	-25.9761	1.26697e+06	0.999968	-26.7449	661655	1	0.0906544	2.53395e+06	0.999978	59.5463	2.19566e+06	0.999973	86.3819	2.54853e+06	0	0	1
115	rs1	1:1	2:0.5245	rs2	1:2	2:0.28475	0	1000	0	0.303562	-1.06026	1.03055	1.2143e-28	9.14496	0.823654	0.421904	0.515598	0.641991	0.700813	0.754753	1.96436	0.306839	-1.05327	1.03072	0.999983	-26.4855	1.26697e+06	0.999913	-26.4855	243829	0.999983	-26.4855	1.26697e+06	0.999999	1.05327	678791	1	1.05327	2.53395e+06	0.999946	86.8913	1.29225e+06	0.999962	86.8913	1.8148e+06	0	0	1
116	rs1	1:1	2:0.5115	rs2	1:2	2:0.28025	0	1000	0	0.807851	-0.253494	1.04233	3.98527e-18	10.0966	1.16331	0.131775	0.982199	0.651698	0.999935	24.3481	298660	0.945043	0.0722949	1.04878	1.64824e-17	10.02	1.17658	0.0973409	1.0934	0.659515	0.908187	8.29916e+13	7.19626e+14	0.985039	-15.5458	829.013	nan	nan	nan	nan	nan	nan	nan	nan	nan	1	0	1
117	rs1	1:1	2:0.51325	rs2	1:2	2:0.28325	0	1000	0	0.472467	0.553464	0.770335	4.8545e-19	10.4222	1.169	0.203223	0.835591	0.656693	0.766377	1.11892	3.76593	0.992716	-0.00956945	1.04825	0.999991	-25.964	2.19446e+06	0.828356	-0.226982	1.04691	0.999991	-25.964	2.19446e+06	0.20432	2.27825	1.79483	nan	nan	nan	0.999978	60.6328	2.19563e+06	0.999978	86.3698	3.11956e+06	0	0	1
118	rs1	1:1	2:0.5185	rs2	1:2	2:0.28375	0	1000	0	0.490255	-0.713447	1.03413	1.87705e-18	10.8048	1.2328	0.938581	0.0586777	0.761517	0.97319	-0.108979	3.24267	0.533356	-0.645611	1.03648	0.99999	-26.2946	2.19446e+06	0.55396	-0.613523	1.03664	0.999983	-26.2946	1.26697e+06	0.999968	-25.0355	633487	nan	nan	nan	0.999978	61.0193	2.19563e+06	0.999973	86.7004	2.55648e+06	0	0	1
119	rs1	1:1	2:0.5165	rs2	1:2	2:0.27875	0	1000	0	0.840504	-0.211327	1.05007	4.44724e-31	8.56942	0.739159	0.00109361	1.86117	0.56999	0.403174	1.50076	1.79524	0.960168	-0.0524902	1.051	0.999984	-25.8734	1.26697e+06	0.328996	0.760004	0.778583	0.999981	-25.8734	1.09723e+06	0.999974	-26.5809	829429	nan	nan	nan	0.999963	59.6458	1.26898e+06	0.99996	86.2791	1.71074e+06	0	0	1
120	rs1	1:1	2:0.5175	rs2	1:2	2:0.28575	0	1000	0	0.994501	-0.00728107	1.05644	1.57064e-18	10.8728	1.23772	0.423234	0.635629	0.79372	0.911408	0.343111	3.0838	0.867899	0.176456	1.06089	0.999991	-25.6957	2.19446e+06	0.997237	-0.00366973	1.05987	0.999984	-25.6957	1.26697e+06	0.999967	-25.8685	633487	1	-0.176457	2.53395e+06	0.999978	60.4095	2.19562e+06	0.999973	86.1015	2.55648e+06	0	0	1
121	rs1	1:1	2:0.5095	rs2	1:2	2:0.2815	0	1000	0	0.466884	-0.748571	1.02888	4.76448e-27	9.07279	0.842405	0.0828449	0.89115	0.513805	0.0112289	3.13321	1.23574	0.569544	-0.586841	1.03186	0.999986	-26.4857	1.55172e+06	0.615376	0.316027	0.629015	0.0151804	3.02408	1.24548	0.999971	-26.2149	731487	nan	nan	nan	0.999969	60.0898	1.55338e+06	0.999971	57.3817	1.5874e+06	0	0	1
122	rs1	1:1	2:0.52175	rs2	1:2	2:0.28375	0	1000	0	0.00393401	1.92427	0.66736	1.95959e-26	10.016	0.941428	0.0318569	1.53887	0.717021	0.587416	1.20217	2.21563	0.0406047	1.4651	0.715538	0.999987	-25.3038	1.55172e+06	0.999911	-25.304	227554	0.999991	-25.3038	2.19446e+06	0.999905	27.1286	227554	1	-1.4651	3.10344e+06	0.999956	85.7098	1.56993e+06	0.999975	85.7096	2.70891e+06	0	0	1
123	rs1	1:1	2:0.51675	rs2	1:2	2:0.28425	0	1000	0	0.573115	-0.584022	1.03647	9.42895e-41	7.80311	0.58376	0.00325076	1.48517	0.504651	0.232614	1.79269	1.50185	0.588031	-0.560842	1.03535	0.999979	-26.3319	981746	0.588031	-0.560842	1.03535	0.999983	-26.3329	1.26697e+06	0.999974	-25.2112	775859	nan	nan	nan	0.999969	37.5925	981746	0.999958	86.7377	1.62944e+06	0	0	1
124	rs1	1:1	2:0.5175	rs2	1:2	2:0.28025	0	1000	0	0.323328	-1.01563	1.02834	3.69569e-30	8.81889	0.772858	0.17312	0.771339	0.566226	0.739715	0.613515	1.84665	0.395263	-0.875881	1.03031	0.999986	-26.4971	1.55002e+06	0.935028	0.0612436	0.751263	0.999981	-26.5041	1.09723e+06	0.999968	-25.6894	633487	nan	nan	nan	0.999981	36.972	1.55002e+06	0.999964	86.9029	1.92704e+06	0	0	1
125	rs1	1:1	2:0.50825	rs2	1:2	2:0.28075	0	1000	0	0.763923	-0.223082	0.742781	5.92681e-27	8.85866	0.824063	0.0486837	0.928402	0.470947	0.999934	24.9989	301464	0.976776	0.0218184	0.749505	5.3703e-26	8.8039	0.834907	0.0340691	1.01436	0.478639	0.682835	8.5181e+13	2.08471e+14	-nan	-7.18759e+31	0	nan	nan	nan	nan	nan	nan	nan	nan	nan	1	1	1
126	rs1	1:1	2:0.5185	rs2	1:2	2:0.2825	0	1000	0	0.9999	-26.3201	210719	2.28312e-31	8.59062	0.737365	0.0181676	1.266	0.535944	0.511468	1.20341	1.83292	0.999906	-26.3428	222814	0.999983	-26.3428	1.26697e+06	0.833743	0.158808	0.756577	0.999983	-26.3428	1.26697e+06	1	-0.158808	764670	nan	nan	nan	0.999962	60.247	1.26902e+06	0.999962	86.7486	1.81793e+06	1	0	1
127	rs1	1:1	2:0.51775	rs2	1:2	2:0.28225	0	1000	0	0.999905	-26.0516	218658	0.999519	50.9619	84508.2	0.1024	1.08172	0.662282	0.999737	-19.7868	59934.2	0.999911	-25.889	232612	0.999628	33.435	71659.3	0.1024	1.08172	0.662282	0.999984	-25.889	1.26697e+06	0.999999	-1.08172	731898	nan	nan	nan	nan	nan	nan	nan	nan	nan	1	0	1
128	rs1	1:1	2:0.5155	rs2	1:2	2:0.286	0	1000	0	0.681163	-0.427513	1.04049	1.03093e-33	8.65727	0.715359	0.00343495	1.51741	0.518617	0.480156	1.26058	1.7854	0.809016	-0.252414	1.04435	0.999984	-26.0733	1.26697e+06	0.306752	0.663877	0.649547	0.999981	-26.0733	1.09723e+06	0.999971	-26.4847	731487	nan	nan	nan	0.999962	59.7419	1.269e+06	0.99996	86.4791	1.70768e+06	0	0	1
129	rs1	1:1	2:0.51875	rs2	1:2	2:0.2825	0	1000	0	0.568089	-0.594421	1.04126	1.28916e-25	9.1882	0.878233	0.0248121	1.33208	0.593533	0.626375	0.897773	1.8441	0.727199	-0.364068	1.04361	0.999987	-26.0561	1.55172e+06	0.431298	0.605832	0.769826	0.999979	-26.0561	981393	0.999968	-26.2979	661655	nan	nan	nan	0.999969	59.8	1.55339e+06	0.999963	86.4619	1.86015e+06	0	0	1
130	rs1	1:1	2:0.51325	rs2	1:2	2:0.28075	0	1000	0	0.380147	-0.902203	1.028	5.66027e-27	9.10113	0.846284	0.0823911	0.896209	0.515959	0.733436	0.806785	2.369	0.467316	-0.749348	1.03095	0.999986	-26.4979	1.55172e+06	0.59154	0.337703	0.629331	0.999986	-26.4979	1.55172e+06	0.99997	-26.0863	693950	nan	nan	nan	0.999969	60.0681	1.55338e+06	0.999969	86.9037	2.21984e+06	0	0	1
131	rs1	1:1	2:0.519	rs2	1:2	2:0.2795	0	1000	0	0.80432	0.190095	0.767254	9.99248e-30	8.80684	0.777721	0.0247689	1.32544	0.590401	0.446174	1.94958	2.55915	0.642702	0.356156	0.767704	0.999984	-26.0512	1.26697e+06	0.926172	-0.0968498	1.04519	0.999991	-26.0512	2.19446e+06	0.999968	-26.3106	661655	nan	nan	nan	0.999962	60.5026	1.26901e+06	0.999973	86.457	2.55288e+06	0	0	1
132	rs1	1:1	2:0.5125	rs2	1:2	2:0.28225	0	1000	0	0.0199347	1.36901	0.588172	1.44076e-27	9.57194	0.8798	0.0638686	1.09112	0.588811	0.760934	0.666625	2.19101	0.0146991	1.4565	0.596997	0.999987	-25.8842	1.55172e+06	0.518861	0.500987	0.776601	0.999979	-25.8842	981393	0.999975	-27.8417	895885	nan	nan	nan	0.999969	59.9048	1.55336e+06	0.999963	86.29	1.87113e+06	0	0	1
133	rs1	1:1	2:0.5165	rs2	1:2	2:0.2825	0	1000	0	0.956403	-0.0411471	0.752672	5.27798e-33	8.56028	0.715312	0.00922271	1.28608	0.493947	0.581388	0.896073	1.62521	0.452107	-0.776728	1.03301	0.0220523	2.69937	1.17904	0.97331	0.025222	0.753853	0.999979	-26.4049	981393	0.077771	2.94005	1.66691	nan	nan	nan	0.999653	31.2763	72005.6	0.999955	57.7064	1.03125e+06	0	0	1
134	rs1	1:1	2:0.51675	rs2	1:2	2:0.28025	0	1000	0	0.406679	-0.854823	1.03022	2.96956e-35	8.39723	0.677756	0.0641063	0.966299	0.521918	0.655647	0.721263	1.61743	0.37441	-0.915042	1.03017	0.999983	-26.5071	1.26558e+06	0.924529	-0.0710714	0.750251	0.999978	-26.5128	981393	0.999981	-25.5267	1.09723e+06	nan	nan	nan	0.999977	37.1099	1.26558e+06	0.999958	86.9129	1.63777e+06	0	0	1
135	rs1	1:1	2:0.515	rs2	1:2	2:0.278	0	1000	0	0.510399	-0.680339	1.03361	0.999532	49.5723	84438.8	0.307954	0.651717	0.639236	0.999747	-19.0067	59830.3	0.665325	-0.449441	1.03899	0.999626	33.4737	71393.4	0.25385	0.73407	0.64333	0.99999	-26.198	2.19446e+06	0.999968	-26.4826	661655	nan	nan	nan	nan	nan	nan	nan	nan	nan	1	0	1
136	rs1	1:1	2:0.51175	rs2	1:2	2:0.289	0	1000	0	0.335986	-0.990484	1.02947	2.57592e-43	7.78634	0.564259	0.0231993	1.02816	0.452905	0.363038	1.25636	1.38124	0.432928	-0.805943	1.02774	0.999978	-26.6895	981004	0.599572	-0.390427	0.743647	0.999983	-26.6913	1.26697e+06	0.999969	-25.495	661655	1	0.805943	2.00326e+06	0.99997	37.4082	981004	0.999957	87.0953	1.62723e+06	0	0	1
137	rs1	1:1	2:0.5195	rs2	1:2	2:0.29075	0	1000	0	0.999905	-25.9674	217135	1.17566e-18	10.8572	1.23139	0.685793	0.315662	0.78024	0.925135	0.292491	3.1127	0.99991	-26.0145	231317	0.999991	-26.0145	2.19446e+06	0.669618	-0.446338	1.04609	0.999984	-26.0145	1.26697e+06	0.999999	0.446338	700924	0.999992	26.0145	2.54448e+06	0.999978	60.8521	2.19564e+06	0.999973	86.4203	2.55182e+06	1	0	1
138	rs1	1:1	2:0.513	rs2	1:2	2:0.2865	0	1000	0	0.703043	0.238772	0.626342	5.0729e-28	9.64033	0.878436	0.573363	0.314353	0.558249	0.95685	0.122964	2.27261	0.956128	-0.0412239	0.749355	0.999986	-26.5678	1.55172e+06	0.331251	-0.999652	1.02888	0.999981	-26.5678	1.09723e+06	0.240864	1.90336	1.62288	nan	nan	nan	0.999968	61.4054	1.55338e+06	0.999964	86.9736	1.9304e+06	0	0	1
139	rs1	1:1	2:0.5125	rs2	1:2	2:0.27875	0	1000	0	0.341659	-0.975413	1.02579	2.99258e-26	9.27364	0.874905	0.290093	0.59097	0.558616	0.920709	0.207933	2.08894	0.364331	-0.932116	1.02753	0.999986	-26.6352	1.55172e+06	0.845017	-0.145878	0.746258	0.999981	-26.6352	1.09723e+06	0.999975	-25.5572	829429	nan	nan	nan	0.999969	60.5517	1.55338e+06	0.999964	87.041	1.9304e+06	0	0	1
140	rs1	1:1	2:0.517	rs2	1:2	2:0.27925	0	1000	0	0.509403	-0.684784	1.03792	7.30744e-31	8.53756	0.739127	0.00995806	1.37851	0.534869	0.456	1.62194	2.17578	0.581305	-0.571708	1.03668	0.999983	-26.2637	1.26697e+06	0.678565	0.314811	0.759638	0.99999	-26.2637	2.19446e+06	0.999975	-26.0068	829429	1	0.571708	3.10344e+06	0.999962	60.091	1.26901e+06	0.999973	86.6695	2.55367e+06	0	0	1
141	rs1	1:1	2:0.51575	rs2	1:2	2:0.2815	0	1000	0	0.999907	-26.3897	226480	1.10726e-44	7.29949	0.520489	3.8541e-05	1.92399	0.467434	0.999935	27.194	334688	0.984263	-13.0268	660.42	1.71408e-44	7.30298	0.521893	4.0628e-05	1.92147	0.468207	0.801497	-1.37861e+14	5.4835e+14	1	-702.757	inf	nan	nan	nan	nan	nan	nan	nan	nan	nan	1	1	1
142	rs1	1:1	2:0.51875	rs2	1:2	2:0.283	0	1000	0	0.655752	0.343332	0.770173	2.82912e-29	9.29663	0.827667	0.199815	0.843273	0.657738	0.602137	1.21896	2.33817	0.637533	0.36179	0.767886	0.999984	-26.0683	1.26697e+06	0.999912	-26.0683	235271	0.999991	-26.0683	2.19446e+06	1	-0.36179	768392	1	-0.36179	3.10344e+06	0.999947	86.4741	1.29062e+06	0.999973	86.4741	2.55409e+06	0	0	1
143	rs1	1:1	2:0.5165	rs2	1:2	2:0.28475	0	1000	0	0.222578	0.805101	0.66008	4.17306e-42	7.94157	0.584069	2.57437e-05	2.06895	0.49165	0.195411	1.85076	1.42945	0.108973	1.06133	0.662159	0.999979	-25.8964	981393	0.165481	0.916495	0.660836	0.999984	-25.8964	1.26697e+06	0.99997	-27.8742	731487	1	-1.06133	2.53395e+06	0.999952	59.4893	984012	0.999958	86.3022	1.63427e+06	0	0	1
144	rs1	1:1	2:0.51075	rs2	1:2	2:0.2795	0	1000	0	0.999908	-26.5987	231856	1.8737e-25	9.12339	0.875006	0.183873	0.746351	0.561621	0.721583	0.803074	2.25365	0.999912	-26.6146	242338	0.999986	-26.6146	1.55172e+06	0.96156	-0.0360027	0.747003	0.999986	-26.6146	1.55172e+06	1	0.0360027	864106	nan	nan	nan	0.999969	60.4418	1.5534e+06	0.999969	87.0203	2.21433e+06	1	0	1
145	rs1	1:1	2:0.51675	rs2	1:2	2:0.28325	0	1000	0	0.455737	-0.77108	1.03378	0.99953	50.0772	85031.9	0.290802	0.675798	0.63974	0.999748	-19.0308	60364.7	0.999908	-26.2694	228826	0.999626	33.8536	72239.2	0.708802	0.283615	0.759414	0.99999	-26.2686	2.19446e+06	0.999904	27.4351	228826	nan	nan	nan	nan	nan	nan	nan	nan	nan	1	0	1
146	rs1	1:1	2:0.51375	rs2	1:2	2:0.282	0	1000	0	0.61221	0.389507	0.768378	2.73759e-27	9.00147	0.831852	0.00110868	1.69953	0.521107	0.616023	0.907191	1.80898	0.925602	-0.0978353	1.04771	0.999987	-25.97	1.55172e+06	0.158487	0.924791	0.655798	0.999977	-25.97	895885	0.363928	1.46003	1.60813	nan	nan	nan	0.999969	59.481	1.55336e+06	0.999962	86.3758	1.82506e+06	0	0	1
147	rs1	1:1	2:0.514	rs2	1:2	2:0.28125	0	1000	0	0.664385	-0.449852	1.03684	0.999613	34.7363	71675	0.607275	-0.532686	1.03642	0.999999	-0.532217	331433	0.70781	-0.389543	1.03934	0.999991	41.4964	3.57113e+06	0.649285	-0.472431	1.03887	0.999997	-5.62067	1.7857e+06	0.999968	-24.8897	620683	nan	nan	nan	nan	nan	nan	nan	nan	nan	1	0	1
148	rs1	1:1	2:0.51575	rs2	1:2	2:0.287	0	1000	0	0.999912	-25.9086	233696	2.77526e-44	7.54063	0.540201	5.59427e-06	2.31675	0.510166	0.0768282	2.74381	1.5507	0.999918	-26.0549	253395	0.999977	-26.0549	895885	0.635607	0.363817	0.76779	0.999987	-26.0549	1.55172e+06	1	-0.363817	931031	nan	nan	nan	0.999947	60.042	898796	0.999962	86.4607	1.81298e+06	1	0	1
149	rs1	1:1	2:0.515	rs2	1:2	2:0.28075	0	1000	0	0.999911	-26.1352	235065	5.88706e-35	8.32891	0.675239	0.00648049	1.49925	0.550706	0.392294	1.70871	1.9974	0.999917	-26.1943	251722	0.999981	-26.1943	1.09723e+06	0.684469	-0.422272	1.03913	0.999987	-26.1943	1.55172e+06	1	0.422272	815673	nan	nan	nan	0.999956	60.8281	1.09956e+06	0.999964	86.6001	1.9304e+06	1	0	1
150	rs1	1:1	2:0.50875	rs2	1:2	2:0.27375	0	1000	0	0.982336	0.0136839	0.618061	3.95004e-30	8.47038	0.742694	0.0918088	0.851917	0.505309	0.704372	0.689592	1.81746	0.81907	0.141728	0.619602	0.999983	-26.7653	1.26697e+06	0.969805	-0.0281709	0.744213	0.999983	-26.7653	1.26697e+06	0.999971	-26.8789	731487	nan	nan	nan	0.999962	60.434	1.26903e+06	0.999962	87.1711	1.82076e+06	0	0	1
151	rs1	1:1	2:0.52	rs2	1:2	2:0.2815	0	1000	0	0.182755	0.884316	0.663742	3.39884e-31	9.08813	0.782348	0.0267476	1.33702	0.603571	0.492043	1.63397	2.3782	0.126405	1.02065	0.667777	0.999984	-25.8035	1.26697e+06	0.994447	-0.00734397	1.05519	0.999987	-25.8035	1.55172e+06	0.999968	-26.8168	661655	nan	nan	nan	0.999962	60.4131	1.26899e+06	0.999966	86.2093	2.03168e+06	0	0	1
152	rs1	1:1	2:0.517	rs2	1:2	2:0.285	0	1000	0	0.883703	-0.114748	0.784461	1.16341e-32	8.51404	0.71538	0.00247542	1.54302	0.509865	0.00326235	3.67713	1.24993	0.616144	0.385047	0.768062	0.999984	-26.0683	1.26697e+06	0.231187	0.778816	0.650474	0.00412987	4.13455	1.44158	0.999966	-27.2322	633487	0.999989	-30.5879	2.19446e+06	0.999963	59.627	1.26902e+06	0.999966	56.2712	1.30302e+06	0	0	1
153	rs1	1:1	2:0.51775	rs2	1:2	2:0.286	0	1000	0	0.733697	-0.355524	1.04501	1.86187e-18	10.2796	1.17275	0.11755	1.0415	0.665435	0.823841	0.528418	2.37376	0.903344	-0.12759	1.05066	0.999991	-25.8878	2.19446e+06	0.383868	0.677475	0.777999	0.999981	-25.8878	1.09723e+06	0.99997	-26.4377	693950	1	0.12759	2.45348e+06	0.999978	59.7283	2.19565e+06	0.999972	86.2936	2.46979e+06	0	0	1
154	rs1	1:1	2:0.51975	rs2	1:2	2:0.28525	0	1000	0	0.895608	0.0998299	0.760834	5.88747e-24	10.1738	1.00793	0.894649	0.101267	0.764724	0.841737	0.58782	2.94392	0.897639	0.0978322	0.760489	0.999987	-26.2339	1.55172e+06	0.999907	-26.2339	223971	0.99999	-26.2339	2.19446e+06	1	-0.0978322	729198	1	-0.0978321	3.10344e+06	0.999956	86.6396	1.56944e+06	0.999974	86.6396	2.70626e+06	0	0	1
155	rs1	1:1	2:0.51425	rs2	1:2	2:0.277	0	1000	0	0.842932	-0.148157	0.747719	0.999526	50.3384	84739.7	0.487394	-0.714476	1.02882	0.999735	-19.916	60058.6	0.905062	-0.0894386	0.749884	0.999978	60.4058	2.22107e+06	0.560714	-0.600264	1.03177	0.99999	-26.4857	2.19446e+06	0.99997	-25.796	693950	1	0.0894387	3.10344e+06	0.999991	-25.8854	2.22223e+06	nan	nan	nan	1	0	1
156	rs1	1:1	2:0.51375	rs2	1:2	2:0.28225	0	1000	0	0.650115	0.345794	0.762327	1.04163e-18	10.325	1.16923	0.229029	0.780205	0.648623	0.820754	0.688931	3.04063	0.496823	0.522498	0.768948	0.999991	-26.0428	2.19446e+06	0.529077	0.483784	0.768623	0.999987	-26.0428	1.55172e+06	0.99997	-27.0491	731487	nan	nan	nan	0.999978	59.922	2.19564e+06	0.999974	86.4486	2.70483e+06	0	0	1
157	rs1	1:1	2:0.5165	rs2	1:2	2:0.2855	0	1000	0	0.613095	-0.527508	1.04321	3.99064e-27	9.16051	0.849264	0.00964334	1.43013	0.552522	0.593926	1.05236	1.97383	0.999915	-26.0646	243856	0.999987	-26.0647	1.55172e+06	0.623458	0.377039	0.76797	0.999981	-26.0647	1.09723e+06	0.999911	27.3409	243856	nan	nan	nan	0.999969	60.0288	1.55338e+06	0.999964	86.4704	1.92615e+06	0	0	1
158	rs1	1:1	2:0.5165	rs2	1:2	2:0.2895	0	1000	0	0.859916	-0.184742	1.04681	0.999518	51.2513	84879.5	0.528881	0.488611	0.775923	0.999739	-19.7263	60272.3	0.995375	-0.00611623	1.05519	0.999624	34.0206	72200.1	0.456294	0.582891	0.782442	0.999984	-25.8023	1.26697e+06	0.999971	-26.3791	731487	nan	nan	nan	nan	nan	nan	nan	nan	nan	1	0	1
159	rs1	1:1	2:0.521	rs2	1:2	2:0.2855	0	1000	0	0.988062	-0.0159326	1.06482	1.04684e-31	9.06947	0.774064	0.00835556	1.71522	0.650357	0.399967	2.37317	2.81956	0.87431	0.168749	1.06677	0.999984	-25.5915	1.26697e+06	0.94907	0.068106	1.06625	0.999991	-25.5915	2.19446e+06	0.999967	-25.8284	633487	nan	nan	nan	0.999962	60.3377	1.26898e+06	0.999973	85.9973	2.55595e+06	0	0	1
160	rs1	1:1	2:0.514	rs2	1:2	2:0.283	0	1000	0	0.165694	0.90524	0.653049	0.99953	49.8468	84604.7	0.0503244	1.15196	0.588579	0.999753	-18.5646	60002.8	0.329277	0.764561	0.783707	0.999626	33.5702	71697.5	0.11663	1.04792	0.66786	0.999991	-25.7877	2.19446e+06	0.716987	0.523293	1.44361	nan	nan	nan	nan	nan	nan	nan	nan	nan	1	0	1
161	rs1	1:1	2:0.5195	rs2	1:2	2:0.285	0	1000	0	0.999847	-45.7027	238581	6.69149e-25	9.46117	0.918118	0.168612	0.901979	0.655186	0.999882	23.6499	159964	0.999911	-26.1449	233930	0.999987	-26.1449	1.55172e+06	0.720337	-0.37284	1.04143	0.99997	60.4058	1.58186e+06	1	0.37284	652042	0.999976	-60.4058	2.04015e+06	0.999969	60.7786	1.55338e+06	nan	nan	nan	1	0	1
162	rs1	1:1	2:0.51925	rs2	1:2	2:0.29475	0	1000	0	0.270921	0.8946	0.812574	1.02668e-37	8.88099	0.691865	0.00271294	1.89221	0.631048	0.230231	2.28608	1.90544	0.166672	1.12151	0.810943	0.999981	-25.4705	1.09723e+06	0.996252	0.00504415	1.07376	0.999991	-25.4705	2.19446e+06	0.999967	-26.597	633487	1	-1.12151	3.10344e+06	0.999956	60.4007	1.09959e+06	0.999972	85.8763	2.47006e+06	0	0	1
163	rs1	1:1	2:0.518	rs2	1:2	2:0.28275	0	1000	0	0.89506	-0.138316	1.0486	7.96662e-29	9.1638	0.822566	0.0964232	1.11507	0.670739	0.497122	1.56812	2.30936	0.836698	-0.215818	1.04705	0.999984	-25.9761	1.26697e+06	0.999914	-25.9761	242338	0.999987	-25.9761	1.55172e+06	1	0.215818	928083	nan	nan	nan	0.999947	86.3819	1.29194e+06	0.999966	86.3819	2.02625e+06	0	0	1
164	rs1	1:1	2:0.51825	rs2	1:2	2:0.2865	0	1000	0	0.999902	-26.2613	213885	2.32756e-32	8.72076	0.736337	0.0280665	1.18331	0.538759	0.485605	1.43808	2.0623	0.999908	-26.2934	227555	0.999983	-26.2934	1.26697e+06	0.937558	0.0593723	0.757886	0.999986	-26.2934	1.55172e+06	1	-0.0593723	730306	nan	nan	nan	0.999962	60.3464	1.26902e+06	0.999966	86.6992	2.0254e+06	1	0	1
165	rs1	1:1	2:0.5245	rs2	1:2	2:0.284	0	1000	0	0.999897	-25.8811	200255	4.53046e-25	9.49524	0.918088	0.0566297	1.31381	0.689246	0.574142	1.4458	2.57277	0.999906	-25.8209	219446	0.999987	-25.8209	1.55172e+06	1	5.45199e-14	1.05534	0.999987	-25.8209	1.55172e+06	1	-4.61124e-08	590877	nan	nan	nan	0.999969	60.4058	1.55336e+06	0.999969	86.2267	2.21819e+06	1	0	1
166	rs1	1:1	2:0.5175	rs2	1:2	2:0.28575	0	1000	0	0.31193	0.651746	0.64454	1.17276e-32	8.81602	0.740795	0.0204578	1.24264	0.536119	0.99993	25.7054	293278	0	3884.01	0.667892	0	2270.87	0.738196	0	-1003.96	0.55767	0	-7.00063e+17	2.07239e+14	0	-inf	2.30804e+21	nan	nan	nan	nan	nan	nan	nan	nan	nan	1	0	1
167	rs1	1:1	2:0.51175	rs2	1:2	2:0.27825	0	1000	0	0.854331	0.140268	0.764007	1.23919e-39	7.65826	0.581318	3.20973e-05	1.92087	0.461964	0.282286	1.47487	1.37172	0.747352	-0.333918	1.03658	0.999979	-26.3027	981393	0.702485	0.289271	0.757316	0.999981	-26.3027	1.09723e+06	0.226428	1.99893	1.65254	1	0.333918	2.45348e+06	0.999951	60.1165	984003	0.999954	86.7085	1.51244e+06	0	0	1
168	rs1	1:1	2:0.51175	rs2	1:2	2:0.2855	0	1000	0	0.999904	-26.6408	221996	1.18573e-18	9.80969	1.11271	0.145276	0.744674	0.511303	0.857553	0.467778	2.60614	0.999909	-26.5981	233930	0.99999	-26.5981	2.19446e+06	0.386657	0.480191	0.554689	0.999986	-26.5981	1.55172e+06	1	-0.480191	767982	nan	nan	nan	0.999978	59.9256	2.19566e+06	0.999974	87.0039	2.70255e+06	1	0	1
169	rs1	1:1	2:0.51325	rs2	1:2	2:0.28	0	1000	0	0.534248	-0.643008	1.03455	4.56898e-26	8.92081	0.844777	0.0144829	1.2925	0.528618	0.999934	25.3488	307319	0.786053	-0.282671	1.04138	1.80383e-25	8.86993	0.850403	0.010449	1.37141	0.535581	0.870111	8.62921e+13	5.27725e+14	0	2.06317e+18	0.219699	nan	nan	nan	nan	nan	nan	nan	nan	nan	1	1	1
170	rs1	1:1	2:0.515	rs2	1:2	2:0.2835	0	1000	0	0.437022	-0.800291	1.02967	5.39121e-29	9.19106	0.82245	0.524482	0.406828	0.639213	0.854653	0.321099	1.75287	0.404415	-0.858348	1.02949	0.999983	-26.5504	1.26697e+06	0.999912	-26.5504	239435	0.999976	-26.5504	895885	0.999999	0.858348	927329	nan	nan	nan	0.999946	86.9562	1.29142e+06	0.999956	86.9562	1.5802e+06	0	0	1
171	rs1	1:1	2:0.52025	rs2	1:2	2:0.28675	0	1000	0	0.830067	-0.225566	1.05102	1.29282e-23	10.1119	1.00955	0.466099	0.576945	0.791593	0.858046	0.388593	2.17259	0.871087	-0.17048	1.05054	0.999987	-25.9075	1.55172e+06	0.999914	-25.9075	239435	0.999975	-25.9075	829429	1	0.17048	654037	nan	nan	nan	0.999956	86.3133	1.57171e+06	0.999961	86.3133	1.78777e+06	0	0	1
172	rs1	1:1	2:0.5135	rs2	1:2	2:0.27875	0	1000	0	0.498722	-0.700339	1.03523	9.52082e-38	7.88039	0.613635	0.00345211	1.44813	0.495201	0.328069	2.08359	2.13043	0.601636	-0.539297	1.03304	0.999979	-26.4247	981393	0.575377	-0.578518	1.03279	0.99999	-26.4247	2.19446e+06	0.999971	-25.3069	693950	nan	nan	nan	0.999951	60.9843	984017	0.999971	86.8305	2.42607e+06	0	0	1
173	rs1	1:1	2:0.51875	rs2	1:2	2:0.2825	0	1000	0	0.999901	-26.1317	210481	2.45577e-18	9.71265	1.11204	0.00626398	1.51166	0.552985	0.695699	1.05216	2.69003	0.999907	-25.9895	223971	0.999991	-25.9895	2.19446e+06	0.040735	1.20521	0.588992	0.999987	-25.9895	1.55172e+06	0.999999	-1.20521	765008	nan	nan	nan	0.999978	59.2006	2.19563e+06	0.999975	86.3953	2.70626e+06	1	0	1
174	rs1	1:1	2:0.5205	rs2	1:2	2:0.28025	0	1000	0	0.0766097	0.935224	0.528164	4.08973e-26	9.88805	0.935452	0.510225	0.422704	0.641932	0.810642	0.693975	2.89642	0.039473	1.09563	0.532061	0.999987	-26.1524	1.55172e+06	0.759519	-0.318906	1.04179	0.999987	-26.1524	1.55172e+06	0.99996	-26.9291	532235	nan	nan	nan	0.999969	60.7247	1.55337e+06	0.999969	86.5581	2.22173e+06	0	0	1
175	rs1	1:1	2:0.5165	rs2	1:2	2:0.28525	0	1000	0	0.677824	-0.432706	1.04158	4.03848e-31	8.95517	0.771883	0.0582007	1.11684	0.589616	0.515136	1.32535	2.0363	0.752049	-0.329092	1.04163	0.999984	-26.1375	1.26697e+06	0.692332	-0.41198	1.04116	0.999987	-26.1375	1.55172e+06	0.999972	-25.3965	731487	1	0.329092	2.68766e+06	0.999962	60.8178	1.26901e+06	0.999966	86.5433	2.02582e+06	0	0	1
176	rs1	1:1	2:0.52075	rs2	1:2	2:0.283	0	1000	0	0.499807	0.527755	0.782098	0.999512	51.6715	84419.9	0.973322	0.0351773	1.05188	0.999729	-20.3008	59861.5	0.445792	0.601534	0.78895	0.999615	34.5336	71621.1	0.870632	0.172773	1.0609	0.999977	-25.6994	895885	0.999976	-26.4737	895885	nan	nan	nan	nan	nan	nan	nan	nan	nan	1	0	1
177	rs1	1:1	2:0.5185	rs2	1:2	2:0.2865	0	1000	0	0.999901	-26.3909	211900	3.43321e-35	8.36962	0.676163	0.0301559	1.15555	0.532993	0.385323	1.9491	2.24517	0.999907	-26.4087	227555	0.999981	-26.4087	1.09723e+06	0.487997	-0.71662	1.03334	0.99999	-26.4087	2.19446e+06	0.999999	0.716619	766065	0.999992	26.4087	2.69727e+06	0.999956	61.1224	1.09961e+06	0.999972	86.8144	2.47035e+06	1	0	1
