Outcome	Var1_ID	Var1_Pos	Var1_MAF	Var2_ID	Var2_Pos	Var2_MAF	Num_Missing	Num_Cases	Converged	Red_Var1_Pval	Red_Var1_beta	Red_Var1_SE	Red_Var2_Pval	Red_Var2_beta	Red_Var2_SE	Full_Var1_Pval	Full_Var1_beta	Full_Var1_SE	Full_Var2_Pval	Full_Var2_beta	Full_Var2_SE	Full_Var1_Var2_Pval	Full_Var1_Var2_beta	Full_Var1_Var2_SE	Red_Model_Pval	Full_Model_Pval	Overall_Pval_(LRT)
1	rs1	1:1	2:0.51075	rs2	1:2	2:0.28125	0	1000	1	3.33857e-59	5.19267	0.320034	1.57096e-55	5.11474	0.325829	0.59173	-0.554594	1.03405	0.966192	0.0319437	0.753658	3.37453e-13	9.85032	1.35334	0	0	1.23718e-32
2	rs1	1:1	2:0.5085	rs2	1:2	2:0.28225	0	1000	1	8.80487e-65	4.58675	0.269874	1.39281e-57	4.44522	0.277919	0.413231	-0.840639	1.0274	0.89241	0.084126	0.621981	3.01771e-13	8.96745	1.2295	0	0	4.15568e-35
3	rs1	1:1	2:0.51875	rs2	1:2	2:0.2865	0	1000	0	1.5564e-57	5.35345	0.334847	6.68159e-56	5.29031	0.335855	0.999909	-26.2255	230023	0.999907	-26.2251	223950	0.999849	60.8361	321036	0	0	1
4	rs1	1:1	2:0.5175	rs2	1:2	2:0.28025	0	1000	1	6.72854e-54	5.93801	0.384154	4.2028e-55	5.6823	0.363434	0.0411245	1.21425	0.594558	0.853079	-0.194517	1.05036	2.05752e-11	8.23127	1.2282	0	0	2.99368e-21
5	rs1	1:1	2:0.51775	rs2	1:2	2:0.28225	0	1000	1	3.4604e-55	5.70764	0.364766	1.40621e-56	5.6742	0.357994	0.701767	0.293866	0.767404	0.725474	-0.366491	1.04368	2.5739e-12	9.30581	1.32955	0	0	2.66042e-26
6	rs1	1:1	2:0.51275	rs2	1:2	2:0.28925	0	1000	1	1.27282e-60	5.5199	0.336073	2.18037e-50	5.19854	0.348251	0.455096	0.574822	0.769563	0.318387	0.647847	0.64929	1.64767e-13	7.50869	1.01817	0	0	8.94604e-22
7	rs1	1:1	2:0.51925	rs2	1:2	2:0.285	0	1000	0	6.33669e-54	5.97231	0.386276	5.18622e-54	6.09096	0.393622	0.999908	-25.9922	225141	0.766433	-0.310896	1.04663	0.999872	36.0223	225141	0	0	1
8	rs1	1:1	2:0.52	rs2	1:2	2:0.28925	0	1000	1	4.95196e-52	5.93674	0.391143	3.14959e-49	5.79865	0.393171	0.94006	0.0797337	1.06038	0.966339	-0.0447204	1.05971	4.3614e-09	8.7212	1.48576	0	0	2.15443e-18
9	rs1	1:1	2:0.51125	rs2	1:2	2:0.283	0	1000	1	7.21606e-59	5.24668	0.32431	9.4322e-55	5.27454	0.338471	0.682609	-0.424232	1.03748	0.139241	0.842874	0.57004	1.27156e-12	8.80367	1.24041	0	0	6.16941e-28
10	rs1	1:1	2:0.51375	rs2	1:2	2:0.28275	0	1000	1	2.0672e-58	5.30526	0.329253	1.14025e-55	5.40406	0.343816	0.679323	-0.429563	1.03913	0.121693	0.887739	0.573583	2.01412e-12	8.63887	1.22825	0	0	9.83798e-27
11	rs1	1:1	2:0.52175	rs2	1:2	2:0.2835	0	1000	1	1.06663e-53	5.30413	0.343807	7.99673e-59	5.40798	0.334412	0.774051	0.220187	0.766988	0.758855	-0.320492	1.044	5.62745e-11	8.47503	1.29324	0	0	1.76565e-23
12	rs1	1:1	2:0.5155	rs2	1:2	2:0.28025	0	1000	0	3.2614e-51	5.70635	0.379065	3.83844e-49	5.73762	0.389385	0.999918	-25.8733	251731	0.960168	-0.0524902	1.051	0.999889	34.9538	251731	0	0	1
13	rs1	1:1	2:0.5205	rs2	1:2	2:0.28975	0	1000	0	1.16011e-53	6.44709	0.418038	5.23299e-53	5.93397	0.387217	0.111762	1.07488	0.675884	0.999902	-25.7267	209221	0.999871	33.8264	209221	0	0	1
14	rs1	1:1	2:0.51225	rs2	1:2	2:0.284	0	1000	1	3.02117e-61	5.21351	0.315746	4.09886e-58	5.00248	0.311281	0.186885	0.744763	0.564279	0.960474	-0.0373312	0.753273	1.50405e-16	8.37941	1.01493	0	0	2.63019e-30
15	rs1	1:1	2:0.5195	rs2	1:2	2:0.28275	0	1000	1	8.68121e-52	5.15412	0.340407	7.50389e-57	5.4509	0.343053	0.716718	-0.378654	1.04356	0.510896	0.505549	0.768962	1.2227e-10	8.34292	1.29619	0	0	1.41711e-22
16	rs1	1:1	2:0.51525	rs2	1:2	2:0.28275	0	1000	1	8.6731e-56	4.94509	0.314269	6.1117e-61	5.18421	0.314783	0.962609	0.0354184	0.755511	0.353211	0.591456	0.637085	3.08041e-15	8.05406	1.0211	0	0	1.27484e-27
17	rs1	1:1	2:0.52125	rs2	1:2	2:0.2855	0	1000	0	6.09219e-49	6.3912	0.434662	7.79828e-49	6.59449	0.448999	0.999909	-25.5849	225146	0.89538	0.140256	1.06658	0.999876	35.015	225146	0	0	1
18	rs1	1:1	2:0.52225	rs2	1:2	2:0.2835	0	1000	1	1.8232e-51	5.46011	0.361784	7.92929e-62	5.59081	0.336953	0.117936	0.916914	0.586451	0.874084	-0.166	1.04749	4.06842e-11	7.94525	1.20354	0	0	1.26905e-21
19	rs1	1:1	2:0.5165	rs2	1:2	2:0.2805	0	1000	1	1.75397e-53	5.32403	0.345817	1.01409e-58	5.45568	0.337667	0.829059	0.164238	0.760681	0.724942	-0.365758	1.03949	2.30825e-12	9.30304	1.32626	0	0	4.46089e-28
20	rs1	1:1	2:0.51625	rs2	1:2	2:0.28325	0	1000	1	1.1132e-53	5.1819	0.335943	2.09984e-59	5.46881	0.336464	0.560776	-0.602927	1.03651	0.715444	0.276806	0.759299	9.44665e-13	9.54562	1.33723	0	0	7.295e-30
21	rs1	1:1	2:0.51525	rs2	1:2	2:0.28275	0	1000	0	1.99843e-57	4.99825	0.312936	3.39103e-56	4.95469	0.313696	0.999912	-26.3866	239450	0.999911	-26.3865	235297	0.999855	61.0813	335710	0	0	1
22	rs1	1:1	2:0.52075	rs2	1:2	2:0.2805	0	1000	1	2.90908e-52	5.46047	0.35894	1.32593e-57	5.576	0.34855	0.669388	0.329328	0.771284	0.851669	-0.195827	1.04727	6.83314e-11	8.48513	1.30055	0	0	2.28426e-22
23	rs1	1:1	2:0.51575	rs2	1:2	2:0.2785	0	1000	1	5.8626e-54	4.99792	0.32315	1.82703e-59	5.13457	0.315734	0.906157	0.0891022	0.755823	0.666716	-0.446142	1.03595	4.529e-12	9.04974	1.30784	0	0	8.59436e-29
24	rs1	1:1	2:0.5135	rs2	1:2	2:0.2845	0	1000	1	2.20785e-57	5.22256	0.327107	2.90566e-55	5.21059	0.332764	0.66412	-0.450443	1.03733	0.80955	0.182806	0.758511	3.48205e-12	9.15431	1.31589	0	0	2.23807e-28
25	rs1	1:1	2:0.51925	rs2	1:2	2:0.285	0	1000	1	2.97644e-58	4.81821	0.299445	3.00957e-62	5.01308	0.30108	0.423209	-0.82715	1.03282	0.980212	-0.0186921	0.753608	4.72856e-12	8.88129	1.28463	0	0	4.39585e-30
26	rs1	1:1	2:0.51525	rs2	1:2	2:0.28475	0	1000	0	1.89386e-60	5.40669	0.329664	1.71428e-52	5.45743	0.357926	0.999914	-26.0734	242301	0.117815	0.909499	0.581517	0.999889	33.785	242301	0	0	1
27	rs1	1:1	2:0.51125	rs2	1:2	2:0.28475	0	1000	1	2.61674e-61	5.12035	0.309941	5.49035e-56	5.04383	0.319956	0.576994	-0.576737	1.03398	0.555686	0.37303	0.633047	4.17247e-13	9.11517	1.25729	0	0	4.68266e-31
28	rs1	1:1	2:0.51425	rs2	1:2	2:0.278	0	1000	1	1.82386e-54	4.93967	0.317842	1.27704e-57	4.98998	0.311873	0.314726	0.643137	0.639711	0.666944	0.326903	0.759628	1.2045e-13	7.46984	1.00722	0	0	7.9594e-24
29	rs1	1:1	2:0.51825	rs2	1:2	2:0.2845	0	1000	0	7.82166e-55	5.30999	0.340484	9.79945e-55	5.20989	0.334374	0.705219	-0.393904	1.04129	0.999911	-26.1416	233957	0.999881	34.8495	233957	0	0	1
30	rs1	1:1	2:0.515	rs2	1:2	2:0.28275	0	1000	0	4.01929e-54	5.51063	0.355742	3.07668e-52	5.15652	0.339041	0.150275	0.9376	0.651763	0.999913	-26.0468	239432	0.999888	33.7594	239432	0	0	1
31	rs1	1:1	2:0.51825	rs2	1:2	2:0.28725	0	1000	0	4.86655e-51	6.36731	0.423717	6.97224e-48	6.1944	0.426087	0.999915	-25.7006	240904	0.999908	-25.701	222837	0.999852	60.7232	328163	0	0	1
32	rs1	1:1	2:0.5195	rs2	1:2	2:0.2825	0	1000	1	1.98954e-56	4.93771	0.311957	1.7392e-63	5.18037	0.307987	0.404415	-0.860971	1.03263	0.522285	-0.661358	1.03365	1.98816e-11	9.90029	1.47614	0	0	1.24659e-32
33	rs1	1:1	2:0.5125	rs2	1:2	2:0.28375	0	1000	1	9.07762e-56	5.62736	0.357693	3.5819e-50	5.57225	0.374116	0.961693	-0.0503324	1.04797	0.182846	0.872831	0.655257	3.15885e-11	8.36334	1.25974	0	0	5.31782e-22
34	rs1	1:1	2:0.51975	rs2	1:2	2:0.2895	0	1000	1	2.05096e-51	6.265	0.415329	1.02667e-50	6.22827	0.415835	0.989734	0.0136394	1.05999	0.985311	-0.0195128	1.05982	3.68907e-10	9.45893	1.50941	0	0	1.74417e-20
35	rs1	1:1	2:0.514	rs2	1:2	2:0.27975	0	1000	1	3.1537e-56	4.9178	0.31127	1.65458e-59	5.09027	0.312893	0.518491	-0.667268	1.03344	0.873546	0.120067	0.754399	2.15217e-12	9.17566	1.30628	0	0	1.99488e-30
36	rs1	1:1	2:0.5115	rs2	1:2	2:0.28325	0	1000	0	3.33335e-61	5.20206	0.315166	1.45004e-49	4.71198	0.318362	0.743996	-0.338551	1.0367	0.999906	-26.3221	223969	0.999875	34.9463	223969	0	0	1
37	rs1	1:1	2:0.51725	rs2	1:2	2:0.279	0	1000	1	4.49548e-51	6.01912	0.400406	3.64277e-52	6.07296	0.399588	0.888559	-0.147209	1.05053	0.924076	-0.100141	1.05079	5.80646e-11	10.0744	1.5384	0	0	1.91475e-24
38	rs1	1:1	2:0.50925	rs2	1:2	2:0.27875	0	1000	1	1.62865e-59	4.92383	0.302644	1.49535e-51	4.49708	0.297716	0.0665695	1.04086	0.567359	0.59462	-0.550229	1.03397	7.53874e-11	7.75317	1.19105	0	0	1.45762e-24
39	rs1	1:1	2:0.51275	rs2	1:2	2:0.284	0	1000	1	1.15017e-63	4.88659	0.290099	2.21642e-56	4.75747	0.300699	0.524043	-0.657835	1.0325	0.688866	0.252377	0.630321	2.58545e-12	8.55392	1.22223	0	0	6.09162e-30
40	rs1	1:1	2:0.51225	rs2	1:2	2:0.28425	0	1000	1	8.61153e-64	4.93141	0.292463	8.82645e-57	4.60825	0.290206	0.533768	0.39196	0.629892	0.390391	-0.884901	1.03026	1.35455e-12	8.67858	1.2243	0	0	2.8967e-31
41	rs1	1:1	2:0.516	rs2	1:2	2:0.285	0	1000	0	3.00839e-58	5.58884	0.347353	1.36369e-52	5.26577	0.345018	0.756644	-0.322816	1.04171	0.999905	-26.1434	220535	0.999873	35.1155	220535	0	0	1
42	rs1	1:1	2:0.516	rs2	1:2	2:0.28125	0	1000	1	2.64125e-55	5.64486	0.360358	1.6778e-55	5.4788	0.349115	0.0471647	1.16804	0.588488	0.558554	0.451637	0.772041	7.68782e-14	7.41487	0.991882	0	0	6.78011e-21
43	rs1	1:1	2:0.515	rs2	1:2	2:0.285	0	1000	0	1.6198e-58	5.53218	0.343015	7.18118e-54	5.26438	0.340666	0.690342	-0.414038	1.03927	0.999906	-26.2104	222796	0.999873	35.4293	222796	0	0	1
44	rs1	1:1	2:0.51975	rs2	1:2	2:0.28425	0	1000	1	8.34435e-56	4.76815	0.302977	8.84428e-62	4.96888	0.299588	0.439555	-0.798383	1.03291	0.539639	-0.63408	1.03378	1.34568e-10	9.4087	1.46509	0	0	4.4512e-30
45	rs1	1:1	2:0.509	rs2	1:2	2:0.2765	0	1000	1	1.08279e-61	4.20274	0.253581	2.0733e-65	4.41523	0.258495	0.590068	-0.399311	0.741198	0.109508	0.744763	0.465359	3.1072e-17	7.7368	0.916415	0	0	1.74572e-34
46	rs1	1:1	2:0.52075	rs2	1:2	2:0.2865	0	1000	0	7.24277e-58	5.28001	0.329274	7.4526e-59	5.40692	0.334256	0.999904	-26.2376	218372	0.563989	-0.5991	1.03844	0.999871	35.2087	218372	0	0	1
47	rs1	1:1	2:0.5215	rs2	1:2	2:0.28775	0	1000	0	6.55652e-49	6.31486	0.429616	2.40904e-50	5.99081	0.401504	0.292931	0.839881	0.798583	0.999909	-25.5901	225179	0.99988	33.7757	225179	0	0	1
48	rs1	1:1	2:0.51975	rs2	1:2	2:0.2815	0	1000	0	2.14346e-48	5.37247	0.367514	1.37299e-53	5.60347	0.363594	0.999911	-25.9716	232617	0.999919	-25.9723	256818	0.999861	60.5051	346505	0	0	1
49	rs1	1:1	2:0.52225	rs2	1:2	2:0.288	0	1000	0	3.1454e-52	6.17502	0.406046	3.33687e-56	5.95284	0.376868	0.185449	0.883016	0.666849	0.999909	-25.8228	225124	0.999879	34.1345	225124	0	0	1
50	rs1	1:1	2:0.5145	rs2	1:2	2:0.28075	0	1000	1	8.03726e-58	5.48797	0.342381	6.96181e-56	5.20992	0.330807	0.0912966	0.969927	0.574398	0.632091	-0.497337	1.03875	2.18044e-12	8.62568	1.2283	0	0	1.20609e-26
51	rs1	1:1	2:0.512	rs2	1:2	2:0.277	0	1000	0	1.20093e-56	5.1563	0.325116	2.16121e-58	5.31648	0.330006	0.495926	-0.702763	1.03209	0.483768	0.44237	0.631726	0.999611	34.2379	70214.5	0	0	1
52	rs1	1:1	2:0.51775	rs2	1:2	2:0.28075	0	1000	1	1.27758e-56	5.31589	0.33526	1.22609e-59	5.57801	0.342488	0.556957	-0.609846	1.03827	0.345028	0.606549	0.642342	5.83438e-13	9.08538	1.26111	0	0	1.65677e-28
53	rs1	1:1	2:0.51725	rs2	1:2	2:0.28225	0	1000	1	1.34908e-44	6.39875	0.456719	2.35546e-47	6.36532	0.440376	0.169853	1.11238	0.810373	0.643337	0.498222	1.07599	1.58204e-09	8.12987	1.34695	0	0	5.76586e-15
54	rs1	1:1	2:0.515	rs2	1:2	2:0.27825	0	1000	1	3.43172e-54	5.04919	0.32574	6.64914e-58	5.18621	0.323317	0.791508	0.200537	0.758596	0.680788	0.312455	0.759514	7.36188e-14	8.24516	1.10211	0	0	2.93679e-26
55	rs1	1:1	2:0.521	rs2	1:2	2:0.2805	0	1000	0	1.27798e-52	5.58205	0.36564	2.15847e-55	6.15146	0.392377	0.999905	-25.9023	218383	0.0299783	1.29222	0.595389	0.999876	33.8572	218383	0	0	1
56	rs1	1:1	2:0.514	rs2	1:2	2:0.28375	0	1000	0	2.39568e-56	5.22613	0.330423	7.99741e-54	5.28625	0.342235	0.999915	-26.1945	245359	0.733674	0.259041	0.761342	0.999887	34.6374	245359	0	0	1
57	rs1	1:1	2:0.51575	rs2	1:2	2:0.282	0	1000	0	1.77311e-55	4.95242	0.315643	1.51243e-58	4.99684	0.309741	0.524855	-0.657185	1.03351	0.999914	-26.3829	243856	0.999884	35.4462	243856	0	0	1
58	rs1	1:1	2:0.5175	rs2	1:2	2:0.2795	0	1000	1	3.9202e-52	5.28108	0.347594	1.26524e-58	5.62555	0.348475	0.709266	0.286061	0.767246	0.154539	0.927915	0.651772	5.65449e-14	7.74296	1.03022	0	0	1.33188e-22
59	rs1	1:1	2:0.5205	rs2	1:2	2:0.2805	0	1000	0	2.8705e-51	6.32868	0.420169	1.59903e-52	6.24358	0.409364	0.885893	-0.151318	1.05446	0.99991	-25.8107	227570	0.999875	35.6413	227570	0	0	1
60	rs1	1:1	2:0.51675	rs2	1:2	2:0.28825	0	1000	0	1.78604e-56	5.66635	0.357838	9.3716e-52	5.68302	0.375463	0.999914	-25.9859	240865	0.634374	0.366906	0.771492	0.999886	34.5325	240865	0	0	1
61	rs1	1:1	2:0.52025	rs2	1:2	2:0.28775	0	1000	0	5.06646e-51	6.36617	0.423717	4.46197e-51	6.18844	0.411657	0.986085	-0.0184848	1.05988	0.999908	-25.7108	222811	0.999875	35.0399	222811	0	0	1
62	rs1	1:1	2:0.5215	rs2	1:2	2:0.284	0	1000	0	5.19659e-55	5.10384	0.326719	1.96282e-59	5.35923	0.329638	0.999904	-26.2299	217270	0.63506	-0.493104	1.03895	0.999872	34.9484	217270	0	0	1
63	rs1	1:1	2:0.51875	rs2	1:2	2:0.283	0	1000	0	1.17003e-57	5.1066	0.319053	4.90404e-57	5.00322	0.314351	0.562693	-0.600087	1.0367	0.999907	-26.2924	226372	0.999877	34.9213	226372	0	0	1
64	rs1	1:1	2:0.514	rs2	1:2	2:0.27725	0	1000	1	2.37814e-54	4.35454	0.2805	4.7836e-69	4.83345	0.275216	0.577583	-0.413997	0.74337	0.605855	0.322132	0.62429	3.52565e-17	8.70602	1.03303	0	0	6.48733e-36
65	rs1	1:1	2:0.515	rs2	1:2	2:0.27975	0	1000	1	2.0973e-56	4.99676	0.315754	5.04579e-59	5.15381	0.318137	0.545175	-0.626161	1.03497	0.844913	0.147956	0.756369	3.7962e-12	9.04218	1.30205	0	0	3.62725e-29
66	rs1	1:1	2:0.516	rs2	1:2	2:0.2785	0	1000	1	6.88548e-56	5.04052	0.320036	3.43885e-62	5.32375	0.319892	0.440873	-0.796042	1.03285	0.911913	0.0834352	0.754212	2.06024e-13	9.79883	1.33411	0	0	2.49057e-33
67	rs1	1:1	2:0.51775	rs2	1:2	2:0.283	0	1000	1	4.36074e-53	6.44538	0.420264	4.80396e-53	6.20586	0.404813	0.152722	0.95427	0.667329	0.844433	-0.206863	1.0542	1.74902e-12	9.43589	1.33783	0	0	4.7802e-23
68	rs1	1:1	2:0.50975	rs2	1:2	2:0.28325	0	1000	0	1.37062e-60	4.97979	0.303272	4.07909e-51	4.70574	0.312903	0.999921	-26.4204	266147	0.5011	-0.694344	1.03208	0.999893	35.5881	266147	0	0	1
69	rs1	1:1	2:0.51625	rs2	1:2	2:0.28675	0	1000	1	2.61275e-60	5.53167	0.337687	3.19942e-53	5.25377	0.342118	0.731481	-0.357422	1.04157	0.567306	-0.595093	1.04033	1.34708e-10	9.49554	1.47865	0	0	8.58306e-27
70	rs1	1:1	2:0.5185	rs2	1:2	2:0.28925	0	1000	0	1.77597e-55	5.85965	0.373468	1.14675e-47	5.65004	0.389557	0.999917	-25.8193	246893	0.805249	-0.259867	1.05397	0.999888	34.6523	246893	0	0	1
71	rs1	1:1	2:0.51475	rs2	1:2	2:0.288	0	1000	1	1.44953e-60	5.5759	0.339645	1.551e-53	5.21583	0.338614	0.0375883	1.22526	0.589263	0.296991	0.682056	0.653995	2.58693e-14	6.70476	0.880182	0	0	2.52123e-19
72	rs1	1:1	2:0.5145	rs2	1:2	2:0.2815	0	1000	1	3.73833e-59	4.85615	0.299423	2.64469e-58	4.82786	0.299909	0.948012	0.0491592	0.753932	0.972304	0.0261697	0.753757	7.05832e-14	8.05559	1.07598	0	0	1.02659e-27
73	rs1	1:1	2:0.5135	rs2	1:2	2:0.2775	0	1000	1	1.62363e-58	4.75803	0.295018	3.58037e-61	4.79712	0.290709	0.847063	-0.144323	0.7483	0.455578	-0.768477	1.02993	6.11142e-13	9.37916	1.30303	0	0	5.38783e-34
74	rs1	1:1	2:0.51275	rs2	1:2	2:0.27725	0	1000	1	4.3331e-56	4.92741	0.312274	4.3331e-56	4.92741	0.312274	0.76176	0.229458	0.756864	0.76176	0.229458	0.756864	1.83369e-13	8.01805	1.08935	0	0	5.47957e-26
75	rs1	1:1	2:0.51675	rs2	1:2	2:0.28825	0	1000	0	4.59506e-57	5.58804	0.351005	9.72211e-54	5.64685	0.365879	0.999912	-26.0702	235283	0.712102	0.283171	0.767329	0.999882	34.7335	235283	0	0	1
76	rs1	1:1	2:0.5125	rs2	1:2	2:0.28575	0	1000	1	1.50634e-62	5.40523	0.323827	8.52701e-54	4.9531	0.320753	0.297967	0.666349	0.640225	0.492994	-0.710283	1.03607	2.62999e-12	8.65871	1.23763	0	0	9.91584e-28
77	rs1	1:1	2:0.52	rs2	1:2	2:0.28775	0	1000	1	1.78449e-55	5.97479	0.380815	3.30668e-54	5.9165	0.381634	0.806055	-0.257829	1.05014	0.768039	-0.309654	1.04989	1.03745e-10	9.66818	1.4963	0	0	4.84603e-24
78	rs1	1:1	2:0.5185	rs2	1:2	2:0.27975	0	1000	0	1.89156e-52	5.47253	0.359068	1.37515e-58	5.54812	0.343788	0.79805	0.195381	0.76359	0.999915	-26.1366	245354	0.999886	34.9536	245354	0	0	1
79	rs1	1:1	2:0.513	rs2	1:2	2:0.282	0	1000	1	1.54432e-58	5.17651	0.320904	2.32318e-55	5.0608	0.322905	0.740416	0.251488	0.759088	0.836832	0.156178	0.758339	6.02804e-14	8.22303	1.09531	0	0	1.71363e-26
80	rs1	1:1	2:0.518	rs2	1:2	2:0.28175	0	1000	0	8.50303e-54	5.73018	0.37107	8.25081e-52	6.13947	0.405395	0.99991	-25.8028	230024	0.0269554	1.33255	0.602374	0.999883	33.6851	230024	0	0	1
81	rs1	1:1	2:0.51475	rs2	1:2	2:0.276	0	1000	1	2.02471e-55	4.65911	0.297109	3.43352e-63	4.91201	0.292735	0.387034	-0.890315	1.02926	0.501127	-0.693147	1.03037	1.20291e-11	10.0521	1.48264	0	0	6.04036e-35
82	rs1	1:1	2:0.51575	rs2	1:2	2:0.27775	0	1000	0	1.57872e-54	4.64342	0.298603	1.97968e-66	5.12104	0.297441	0.999901	-26.5932	214158	0.942584	-0.053873	0.748001	0.999867	35.7539	214158	0	0	1
83	rs1	1:1	2:0.51875	rs2	1:2	2:0.28575	0	1000	0	8.16148e-60	5.45852	0.33464	5.36068e-59	5.34805	0.330203	0.50986	-0.682995	1.03632	0.999903	-26.3009	217299	0.999869	35.697	217299	0	0	1
84	rs1	1:1	2:0.5155	rs2	1:2	2:0.28275	0	1000	1	2.03696e-59	5.43554	0.334378	5.01829e-55	5.2669	0.337109	0.660671	-0.456139	1.03907	0.564366	-0.598456	1.03832	5.38044e-11	9.73449	1.48391	0	0	1.12685e-28
85	rs1	1:1	2:0.51475	rs2	1:2	2:0.28625	0	1000	1	7.75387e-55	5.52686	0.354377	1.69172e-54	5.51281	0.354611	0.579266	0.425952	0.768233	0.589933	0.413976	0.76814	1.39586e-13	8.25642	1.11623	0	0	1.13749e-23
86	rs1	1:1	2:0.5165	rs2	1:2	2:0.28225	0	1000	1	1.09335e-53	5.75347	0.372971	1.09335e-53	5.75347	0.372971	0.478881	0.550209	0.777018	0.478881	0.550209	0.777018	5.9391e-13	8.02419	1.11418	0	0	6.41592e-21
87	rs1	1:1	2:0.512	rs2	1:2	2:0.28625	0	1000	1	7.03636e-60	5.59821	0.343014	9.7109e-49	5.40845	0.368618	0.996314	-0.00484262	1.04835	0.0792203	1.03059	0.587155	7.50428e-11	7.8969	1.213	0	0	5.80546e-21
88	rs1	1:1	2:0.51375	rs2	1:2	2:0.27975	0	1000	0	8.27255e-58	4.95947	0.309444	3.17389e-56	4.72897	0.299326	0.394405	0.540384	0.63451	0.999912	-26.3784	239413	0.999886	34.0634	239413	0	0	1
89	rs1	1:1	2:0.519	rs2	1:2	2:0.28525	0	1000	0	1.09218e-57	5.25363	0.328151	1.42834e-59	5.40339	0.331957	0.999904	-26.2936	219444	0.54778	-0.62308	1.03658	0.999871	35.5195	219444	0	0	1
90	rs1	1:1	2:0.51825	rs2	1:2	2:0.27475	0	1000	1	1.53485e-53	4.43476	0.287894	5.71523e-70	4.89697	0.276938	0.536645	-0.459794	0.744129	0.459464	-0.760899	1.02862	1.81267e-13	9.57925	1.30119	0	0	5.60791e-37
91	rs1	1:1	2:0.51825	rs2	1:2	2:0.2805	0	1000	0	9.17782e-49	5.83617	0.397666	3.17465e-51	6.23332	0.414021	0.999912	-25.7832	232612	0.302073	0.809127	0.784039	0.999882	34.4981	232612	0	0	1
92	rs1	1:1	2:0.5155	rs2	1:2	2:0.28425	0	1000	1	3.87867e-58	5.029	0.312864	5.93374e-57	4.98721	0.31358	0.570806	-0.58683	1.03522	0.548442	-0.621119	1.03503	1.20338e-10	9.47913	1.47217	0	0	2.84329e-29
93	rs1	1:1	2:0.51475	rs2	1:2	2:0.28625	0	1000	1	1.45573e-59	5.53055	0.339793	1.37646e-54	5.33568	0.342926	0.670697	-0.441833	1.03914	0.559358	-0.606136	1.03827	2.4132e-11	9.98165	1.49458	0	0	1.52019e-29
94	rs1	1:1	2:0.51175	rs2	1:2	2:0.282	0	1000	1	2.14588e-53	5.57501	0.362426	2.10718e-53	5.77978	0.37571	0.760749	-0.317148	1.04155	0.0616944	1.08142	0.578766	2.63993e-11	10.2139	1.53238	0	0	3.35404e-28
95	rs1	1:1	2:0.51475	rs2	1:2	2:0.286	0	1000	0	1.50027e-55	5.63921	0.359174	1.10181e-48	5.45394	0.371936	0.999919	-25.9743	256852	0.779866	-0.292525	1.04662	0.999891	34.9929	256852	0	0	1
96	rs1	1:1	2:0.5175	rs2	1:2	2:0.28275	0	1000	0	2.41063e-49	6.0768	0.411527	1.32737e-50	5.9926	0.400558	0.998176	-0.00241255	1.05511	0.999915	-25.7867	242348	0.999884	35.1564	242348	0	0	1
97	rs1	1:1	2:0.51825	rs2	1:2	2:0.28425	0	1000	0	2.05418e-53	6.3634	0.413603	6.50905e-53	6.09809	0.398296	0.538474	0.477716	0.776619	0.999906	-25.9073	220543	0.999871	35.5211	220543	0	0	1
98	rs1	1:1	2:0.521	rs2	1:2	2:0.28725	0	1000	0	5.39635e-50	6.30893	0.424358	1.38765e-51	6.21356	0.411217	0.972525	-0.0365004	1.05977	0.99991	-25.7067	228772	0.999878	35.0575	228772	0	0	1
99	rs1	1:1	2:0.51625	rs2	1:2	2:0.28225	0	1000	1	2.63613e-59	5.00504	0.308195	2.63453e-58	5.03643	0.31286	0.535732	-0.640939	1.03498	0.968088	0.030229	0.755602	6.28878e-12	8.87223	1.29089	0	0	7.6404e-29
100	rs1	1:1	2:0.51125	rs2	1:2	2:0.28075	0	1000	0	1.13439e-62	4.95354	0.296466	1.96413e-55	4.66583	0.297501	0.492512	-0.707108	1.03029	0.999906	-26.5402	225150	0.999873	35.7157	225150	0	0	1
101	rs1	1:1	2:0.51425	rs2	1:2	2:0.285	0	1000	1	1.16484e-59	5.26854	0.323424	1.88603e-54	5.07626	0.326676	0.65391	-0.465078	1.03734	0.546818	-0.624505	1.03646	8.32329e-11	9.60596	1.47906	0	0	6.58457e-29
102	rs1	1:1	2:0.5165	rs2	1:2	2:0.282	0	1000	1	8.72243e-51	5.74721	0.38344	5.36816e-52	6.04503	0.398417	0.973149	-0.0355067	1.05491	0.0793618	1.17365	0.668973	8.08455e-11	8.22845	1.26611	0	0	1.74116e-19
103	rs1	1:1	2:0.513	rs2	1:2	2:0.2895	0	1000	1	2.98155e-64	4.99902	0.295376	1.63664e-56	4.80056	0.303057	0.389291	0.548279	0.636864	0.267243	0.62756	0.565657	4.76383e-16	6.99906	0.862232	0	0	6.55285e-25
104	rs1	1:1	2:0.51675	rs2	1:2	2:0.28425	0	1000	0	1.28135e-60	5.17694	0.3152	3.47479e-53	5.23419	0.340962	0.999914	-26.1497	242335	0.138658	0.854353	0.576952	0.999889	33.5989	242335	0	0	1
105	rs1	1:1	2:0.51525	rs2	1:2	2:0.28375	0	1000	1	8.13574e-59	4.96692	0.307158	2.00686e-59	4.87231	0.299714	0.508265	0.419104	0.633527	0.51793	-0.668208	1.03351	3.24091e-12	8.54585	1.22664	0	0	5.89673e-29
106	rs1	1:1	2:0.51125	rs2	1:2	2:0.2795	0	1000	1	7.71581e-60	4.47491	0.274282	6.39931e-62	4.53716	0.273238	0.746902	-0.240292	0.744566	0.79534	-0.193224	0.744938	1.63794e-15	8.64812	1.08562	0	0	1.38312e-34
107	rs1	1:1	2:0.51825	rs2	1:2	2:0.28325	0	1000	0	1.2319e-56	5.43047	0.342437	7.41076e-57	5.61976	0.353662	0.999907	-26.15	225149	0.758073	0.235314	0.763975	0.999877	34.7799	225149	0	0	1
108	rs1	1:1	2:0.5135	rs2	1:2	2:0.27775	0	1000	1	5.00282e-57	5.09506	0.320146	2.18989e-58	4.92227	0.305552	0.0414649	1.06321	0.521476	0.622471	-0.509858	1.03556	7.32123e-12	8.13628	1.18756	0	0	1.48809e-26
109	rs1	1:1	2:0.51425	rs2	1:2	2:0.28075	0	1000	1	4.72995e-59	5.08607	0.313879	1.86073e-57	5.02997	0.314834	0.535609	-0.640305	1.03364	0.50694	-0.685767	1.03339	2.10336e-11	9.94823	1.48511	0	0	3.68984e-32
110	rs1	1:1	2:0.513	rs2	1:2	2:0.282	0	1000	1	5.77932e-59	4.94445	0.305371	1.34068e-53	4.82046	0.312755	0.674356	-0.435318	1.03604	0.884931	0.109409	0.755996	3.70291e-11	8.53068	1.2895	0	0	1.55252e-26
111	rs1	1:1	2:0.516	rs2	1:2	2:0.286	0	1000	1	5.44899e-55	5.89912	0.377701	4.1374e-55	5.81539	0.371923	0.212219	0.817084	0.654985	0.603718	0.400569	0.771718	6.53547e-15	8.50494	1.09133	0	0	4.97788e-24
112	rs1	1:1	2:0.5205	rs2	1:2	2:0.2835	0	1000	1	1.19067e-52	5.69313	0.372803	7.15702e-55	5.79274	0.371304	0.805588	-0.258448	1.05008	0.871087	-0.17048	1.05054	5.35619e-10	9.22113	1.48529	0	0	2.07143e-22
113	rs1	1:1	2:0.51775	rs2	1:2	2:0.28425	0	1000	0	2.22553e-49	5.75839	0.389822	7.29997e-51	5.82997	0.388654	0.999914	-25.8795	240876	0.999917	-25.8799	248473	0.99986	60.7824	346064	0	0	1
114	rs1	1:1	2:0.5145	rs2	1:2	2:0.2895	0	1000	1	6.81751e-57	5.43586	0.341976	5.4216e-51	5.39051	0.358886	0.921005	-0.1039	1.04772	0.207468	0.825636	0.654977	1.51706e-10	7.91182	1.23552	0	0	1.01743e-20
115	rs1	1:1	2:0.5245	rs2	1:2	2:0.28475	0	1000	0	1.4806e-54	4.75987	0.30601	2.94516e-68	5.14882	0.294911	0.295405	-1.07837	1.03062	0.999912	-26.4853	239454	0.999881	35.6037	239454	0	0	1
116	rs1	1:1	2:0.5115	rs2	1:2	2:0.28025	0	1000	1	4.05853e-52	5.29338	0.348455	9.58932e-50	5.28064	0.356115	0.983169	-0.0220555	1.04548	0.43617	0.599118	0.769406	2.4446e-10	8.29998	1.31112	0	0	1.55592e-21
117	rs1	1:1	2:0.51325	rs2	1:2	2:0.28325	0	1000	1	7.81166e-55	5.68671	0.364638	3.94611e-49	5.43575	0.368946	0.981919	-0.0237541	1.04815	0.819848	-0.238411	1.04685	6.82712e-10	9.19752	1.49067	0	0	7.42698e-23
118	rs1	1:1	2:0.5185	rs2	1:2	2:0.28375	0	1000	1	1.0932e-58	5.17774	0.320557	4.94479e-59	5.19018	0.320358	0.526717	-0.656082	1.03642	0.533356	-0.645611	1.03648	6.65311e-11	9.61464	1.47277	0	0	1.62359e-29
119	rs1	1:1	2:0.5165	rs2	1:2	2:0.27875	0	1000	1	2.01799e-50	5.65706	0.378836	2.49584e-52	5.85721	0.384765	0.932271	-0.0893042	1.05079	0.364775	0.705196	0.7781	6.7437e-11	8.66139	1.32716	0	0	2.70516e-21
120	rs1	1:1	2:0.5175	rs2	1:2	2:0.28575	0	1000	1	2.90661e-52	5.98382	0.39334	8.60197e-48	5.76154	0.396705	0.877595	0.163384	1.06081	0.972821	-0.036105	1.05971	4.77197e-09	8.71166	1.48792	0	0	2.82824e-18
121	rs1	1:1	2:0.5095	rs2	1:2	2:0.2815	0	1000	1	6.93106e-63	4.80289	0.286946	1.07984e-55	4.70834	0.299487	0.552066	-0.613509	1.03168	0.297726	0.58173	0.558645	1.99377e-12	8.43422	1.19891	0	0	5.26347e-30
122	rs1	1:1	2:0.52175	rs2	1:2	2:0.28375	0	1000	0	3.56677e-44	7.11081	0.510063	1.08881e-49	6.71291	0.452965	0.0435649	1.44382	0.71538	0.999911	-25.3038	226331	0.999881	33.866	226331	0	0	1
123	rs1	1:1	2:0.51675	rs2	1:2	2:0.28425	0	1000	1	2.47772e-57	5.10146	0.319666	4.20554e-58	5.12918	0.319196	0.550024	-0.618662	1.03503	0.564821	-0.595933	1.03515	4.15175e-11	9.77592	1.48152	0	0	1.49484e-30
124	rs1	1:1	2:0.5175	rs2	1:2	2:0.28025	0	1000	1	1.49427e-55	4.56482	0.290739	6.64706e-64	4.88341	0.289354	0.384298	-0.89629	1.03021	0.989426	0.00995033	0.750825	4.25153e-12	8.90471	1.28522	0	0	2.85147e-31
125	rs1	1:1	2:0.50825	rs2	1:2	2:0.28075	0	1000	1	1.8269e-62	4.57217	0.274108	7.96768e-59	4.53328	0.280319	0.89853	-0.0952001	0.746557	0.364781	0.501487	0.553338	2.34432e-16	7.9737	0.972045	0	0	7.00718e-32
126	rs1	1:1	2:0.5185	rs2	1:2	2:0.2825	0	1000	0	8.73959e-56	4.98935	0.317091	3.63808e-61	5.31871	0.322336	0.999904	-26.3427	219443	0.871387	0.122441	0.756285	0.999874	34.7717	219443	0	0	1
127	rs1	1:1	2:0.51775	rs2	1:2	2:0.28225	0	1000	0	4.13379e-52	5.48185	0.360891	7.186e-53	5.86876	0.383478	0.999911	-25.8884	232602	0.115079	1.04301	0.661904	0.999884	33.7503	232602	0	0	1
128	rs1	1:1	2:0.5155	rs2	1:2	2:0.286	0	1000	1	8.08086e-60	5.55333	0.34044	1.86172e-53	5.47673	0.355824	0.781777	-0.289228	1.04413	0.337212	0.623055	0.649226	8.59815e-12	8.48917	1.24325	0	0	3.50341e-24
129	rs1	1:1	2:0.51875	rs2	1:2	2:0.2825	0	1000	1	3.62659e-51	5.19978	0.345575	2.79512e-57	5.54081	0.34736	0.711587	-0.385808	1.0435	0.486008	0.535873	0.76919	6.90216e-11	8.49046	1.30166	0	0	4.44307e-23
130	rs1	1:1	2:0.51325	rs2	1:2	2:0.28075	0	1000	1	2.83879e-60	4.74708	0.289881	6.93796e-60	4.83278	0.296099	0.45371	-0.772338	1.03082	0.616614	0.314975	0.629126	1.08381e-12	8.74324	1.22808	0	0	1.91041e-31
131	rs1	1:1	2:0.519	rs2	1:2	2:0.2795	0	1000	1	8.16138e-50	5.22885	0.352365	8.27302e-58	5.46121	0.34075	0.673849	0.323004	0.767465	0.915389	-0.111034	1.04509	9.31713e-11	8.43341	1.30193	0	0	9.52183e-23
132	rs1	1:1	2:0.5125	rs2	1:2	2:0.28225	0	1000	1	1.1139e-56	5.99782	0.378062	3.51902e-50	5.51998	0.370577	0.0166724	1.42833	0.596665	0.564277	0.447499	0.776232	1.20433e-13	7.54172	1.01691	0	0	5.27752e-20
133	rs1	1:1	2:0.5165	rs2	1:2	2:0.2825	0	1000	1	4.7336e-59	5.15835	0.31834	6.30261e-62	5.2596	0.316729	0.879601	-0.11404	0.752862	0.967542	-0.0306584	0.753439	3.56575e-16	9.21875	1.13079	0	0	3.81818e-33
134	rs1	1:1	2:0.51675	rs2	1:2	2:0.28025	0	1000	1	3.73256e-59	4.95521	0.305529	1.07036e-63	5.15831	0.306153	0.35911	-0.9446	1.03003	0.864891	-0.127584	0.749825	4.76425e-14	10.0374	1.33153	0	0	7.52621e-37
135	rs1	1:1	2:0.515	rs2	1:2	2:0.278	0	1000	1	3.78646e-55	5.02692	0.32138	5.73932e-57	5.23997	0.32943	0.665325	-0.449441	1.03899	0.261986	0.721492	0.643207	2.45283e-11	8.22353	1.23178	0	0	1.24064e-24
136	rs1	1:1	2:0.51175	rs2	1:2	2:0.289	0	1000	1	6.56095e-67	4.57445	0.264713	3.01801e-56	4.30293	0.272305	0.396815	-0.870481	1.02733	0.571861	-0.42028	0.743448	1.58419e-12	9.04363	1.27972	0	0	6.02822e-35
137	rs1	1:1	2:0.5195	rs2	1:2	2:0.29075	0	1000	0	3.16356e-58	5.73283	0.356371	3.13577e-53	5.64231	0.367388	0.99991	-26.0145	230028	0.649704	-0.475048	1.04596	0.999878	35.0877	230028	0	0	1
138	rs1	1:1	2:0.513	rs2	1:2	2:0.2865	0	1000	1	1.37271e-66	4.80994	0.279028	3.32228e-55	4.41146	0.281882	0.929558	-0.0662252	0.749147	0.31307	-1.03775	1.0287	4.41817e-12	8.84993	1.27832	0	0	4.22322e-32
139	rs1	1:1	2:0.5125	rs2	1:2	2:0.27875	0	1000	1	1.26002e-59	4.61373	0.28331	1.27224e-62	4.74683	0.284211	0.353076	-0.954095	1.02741	0.7953	-0.193506	0.745877	1.6092e-13	9.6508	1.30808	0	0	5.44269e-37
140	rs1	1:1	2:0.517	rs2	1:2	2:0.27925	0	1000	1	3.09844e-53	5.02762	0.327347	5.66777e-60	5.34682	0.327345	0.559986	-0.604143	1.03651	0.691333	0.301566	0.759522	4.70415e-12	9.05086	1.30902	0	0	4.21084e-28
141	rs1	1:1	2:0.51575	rs2	1:2	2:0.2815	0	1000	0	2.52104e-58	4.9657	0.308414	1.80477e-55	4.99955	0.31867	0.999913	-26.3292	242338	0.905794	0.0894594	0.755916	0.999886	34.5171	242338	0	0	1
142	rs1	1:1	2:0.51875	rs2	1:2	2:0.283	0	1000	0	3.42032e-54	5.57594	0.359717	4.57197e-56	5.45275	0.345642	0.669277	0.327888	0.767636	0.999911	-26.0687	233922	0.999882	34.4654	233922	0	0	1
143	rs1	1:1	2:0.5165	rs2	1:2	2:0.28475	0	1000	1	1.21721e-56	5.66281	0.357071	1.56173e-53	5.53197	0.359148	0.131254	0.998412	0.661561	0.181136	0.883343	0.660558	8.42917e-14	7.01279	0.939619	0	0	6.83231e-19
144	rs1	1:1	2:0.51075	rs2	1:2	2:0.2795	0	1000	0	1.08817e-56	4.51147	0.284347	8.2515e-61	4.72244	0.287061	0.999911	-26.615	239441	0.933492	-0.06232	0.746771	0.999883	35.2022	239441	0	0	1
145	rs1	1:1	2:0.51675	rs2	1:2	2:0.28325	0	1000	0	1.04874e-53	4.90871	0.318153	1.34341e-58	5.23545	0.324385	0.999908	-26.2685	228795	0.721446	0.270712	0.759304	0.99988	34.3368	228795	0	0	1
146	rs1	1:1	2:0.51375	rs2	1:2	2:0.282	0	1000	1	8.85019e-56	5.63353	0.358049	1.35745e-51	5.64265	0.373398	0.905917	-0.123811	1.04755	0.192317	0.854174	0.655164	1.96657e-11	8.44825	1.25934	0	0	1.85622e-22
147	rs1	1:1	2:0.514	rs2	1:2	2:0.28125	0	1000	1	4.12318e-57	5.37179	0.337278	8.2633e-55	5.20806	0.334023	0.690207	0.303604	0.761727	0.649285	-0.472431	1.03887	7.13566e-12	8.98388	1.31058	0	0	6.72921e-27
148	rs1	1:1	2:0.51575	rs2	1:2	2:0.287	0	1000	0	5.9225e-56	5.64342	0.3581	4.09513e-52	5.66888	0.373189	0.999915	-26.0547	243826	0.656554	0.341344	0.767626	0.999886	34.9622	243826	0	0	1
149	rs1	1:1	2:0.515	rs2	1:2	2:0.28075	0	1000	0	4.91671e-56	5.33795	0.338463	1.7687e-53	5.31913	0.345511	0.999915	-26.1946	245346	0.667871	-0.445803	1.03899	0.999885	35.4611	245346	0	0	1
150	rs1	1:1	2:0.50875	rs2	1:2	2:0.27375	0	1000	1	1.80784e-54	4.10208	0.263939	8.07304e-65	4.37737	0.257477	0.864897	0.105361	0.619246	0.920765	-0.0739804	0.743742	8.84259e-16	8.08419	1.00525	0	0	5.55114e-33
151	rs1	1:1	2:0.52	rs2	1:2	2:0.2815	0	1000	1	2.83984e-51	5.80477	0.385369	4.87135e-55	5.7221	0.3662	0.13918	0.987128	0.667496	0.976226	-0.0314415	1.05505	1.7895e-10	7.93945	1.24474	0	0	6.36435e-19
152	rs1	1:1	2:0.517	rs2	1:2	2:0.285	0	1000	1	5.37802e-57	5.18592	0.325948	1.69516e-56	5.33148	0.336621	0.648161	0.350361	0.767801	0.0702745	1.05494	0.582794	2.52438e-13	7.05288	0.963823	0	0	1.02944e-20
153	rs1	1:1	2:0.51775	rs2	1:2	2:0.286	0	1000	1	5.54651e-52	5.53091	0.364583	4.32187e-53	5.69711	0.37146	0.894527	-0.139286	1.0506	0.420647	0.626181	0.777576	1.90432e-10	8.32393	1.30697	0	0	1.74354e-20
154	rs1	1:1	2:0.51975	rs2	1:2	2:0.28525	0	1000	0	5.8942e-58	5.40128	0.336568	2.73391e-59	5.28231	0.325313	0.919114	0.077213	0.760349	0.999906	-26.2339	222841	0.999876	34.6184	222841	0	0	1
155	rs1	1:1	2:0.51425	rs2	1:2	2:0.277	0	1000	1	4.48304e-55	4.63854	0.296754	1.25463e-61	4.80211	0.289901	0.905062	-0.0894386	0.749884	0.552066	-0.613509	1.03168	5.28894e-12	8.90676	1.29128	0	0	1.20426e-30
156	rs1	1:1	2:0.51375	rs2	1:2	2:0.28225	0	1000	1	1.63955e-54	5.406	0.347696	4.8362e-53	5.34613	0.348741	0.507591	0.509426	0.768837	0.550476	0.458782	0.76842	8.55645e-13	7.88526	1.10254	0	0	3.68923e-22
157	rs1	1:1	2:0.5165	rs2	1:2	2:0.2855	0	1000	0	2.68295e-56	5.37803	0.340181	9.73908e-53	5.43386	0.35552	0.999914	-26.0641	240844	0.665781	0.331576	0.767633	0.999886	34.2785	240844	0	0	1
158	rs1	1:1	2:0.5165	rs2	1:2	2:0.2895	0	1000	1	1.07908e-54	5.93444	0.381027	1.60953e-50	5.87045	0.39273	0.995375	-0.00611623	1.05519	0.481613	0.550455	0.782218	8.48894e-11	8.55371	1.31764	0	0	2.99031e-20
159	rs1	1:1	2:0.521	rs2	1:2	2:0.2855	0	1000	1	9.84024e-51	6.19446	0.4135	3.693e-49	6.11076	0.414636	0.899974	0.134064	1.06659	0.956973	0.0575238	1.06619	3.3906e-09	8.83261	1.49415	0	0	1.6075e-17
160	rs1	1:1	2:0.514	rs2	1:2	2:0.283	0	1000	1	2.09418e-54	5.84546	0.37634	1.81614e-50	5.77711	0.386694	0.329277	0.764561	0.783707	0.120616	1.0365	0.667762	9.97888e-13	7.42736	1.04159	0	0	2.38968e-18
161	rs1	1:1	2:0.5195	rs2	1:2	2:0.285	0	1000	0	8.00705e-54	5.11696	0.331277	2.68563e-55	5.27152	0.336547	0.99991	-26.144	231253	0.720337	-0.37284	1.04143	0.99988	34.6948	231253	0	0	1
162	rs1	1:1	2:0.51925	rs2	1:2	2:0.29475	0	1000	1	2.30178e-52	6.51583	0.427882	9.92602e-47	5.98651	0.417036	0.187252	1.06887	0.810516	0.997201	-0.00376648	1.07373	1.37385e-09	8.00008	1.32047	0	0	4.3612e-15
163	rs1	1:1	2:0.518	rs2	1:2	2:0.28275	0	1000	0	7.25115e-52	5.84578	0.385787	1.02303e-53	5.81689	0.376977	0.810881	-0.250503	1.04686	0.999913	-25.975	239409	0.999882	35.5552	239409	0	0	1
164	rs1	1:1	2:0.51825	rs2	1:2	2:0.2865	0	1000	0	2.44854e-59	5.19889	0.320043	1.45093e-58	5.32283	0.329896	0.999906	-26.2938	223971	0.959668	0.0383189	0.75774	0.999876	34.752	223971	0	0	1
165	rs1	1:1	2:0.5245	rs2	1:2	2:0.284	0	1000	0	1.52452e-49	5.55506	0.37541	2.18666e-53	5.89759	0.383427	0.999905	-25.8216	217299	0.981331	-0.0246926	1.0552	0.999874	34.3524	217299	0	0	1
166	rs1	1:1	2:0.5175	rs2	1:2	2:0.28575	0	1000	1	1.28069e-57	5.55091	0.346935	3.89381e-57	5.44622	0.341874	0.2714	0.714887	0.649989	0.71812	0.276987	0.767334	1.91358e-14	7.82763	1.02238	0	0	2.19407e-23
167	rs1	1:1	2:0.51175	rs2	1:2	2:0.27825	0	1000	1	4.40371e-56	5.00054	0.316929	3.0859e-54	4.99375	0.322021	0.696684	-0.403877	1.03611	0.754551	0.236627	0.756858	1.18026e-11	8.87555	1.30857	0	0	1.71304e-27
168	rs1	1:1	2:0.51175	rs2	1:2	2:0.2855	0	1000	0	3.89804e-62	4.63254	0.278484	9.80781e-61	4.76122	0.289603	0.999909	-26.5986	232631	0.408339	0.458451	0.554476	0.999882	34.4291	232631	0	0	1
169	rs1	1:1	2:0.51325	rs2	1:2	2:0.28	0	1000	1	5.93986e-55	4.9745	0.318613	2.04872e-56	5.15712	0.325857	0.670035	-0.442004	1.03733	0.26937	0.707252	0.640329	1.35262e-11	8.37753	1.23875	0	0	9.27505e-26
170	rs1	1:1	2:0.515	rs2	1:2	2:0.2835	0	1000	0	1.86773e-59	4.92675	0.30298	4.01259e-61	4.93146	0.298975	0.386812	-0.890783	1.02932	0.999908	-26.5498	231323	0.999875	36.1869	231323	0	0	1
171	rs1	1:1	2:0.52025	rs2	1:2	2:0.28675	0	1000	0	1.70603e-52	5.74777	0.37696	5.30477e-53	5.63253	0.367568	0.854065	-0.193208	1.05042	0.99991	-25.9073	230020	0.99988	34.7267	230020	0	0	1
172	rs1	1:1	2:0.5135	rs2	1:2	2:0.27875	0	1000	1	1.74721e-56	4.80786	0.303597	5.93412e-57	4.82387	0.303309	0.558714	-0.603836	1.03263	0.566964	-0.591257	1.03271	9.61069e-11	9.55723	1.47649	0	0	1.72824e-30
173	rs1	1:1	2:0.51875	rs2	1:2	2:0.2825	0	1000	0	3.49454e-54	5.38894	0.347684	5.69728e-56	5.86635	0.372188	0.999907	-25.989	222817	0.0448919	1.18082	0.58874	0.999879	33.716	222817	0	0	1
174	rs1	1:1	2:0.5205	rs2	1:2	2:0.28025	0	1000	1	1.17522e-53	5.06396	0.328372	1.95793e-61	5.03414	0.304401	0.0432563	1.07501	0.531861	0.74128	-0.343907	1.04164	2.38171e-10	7.37378	1.16407	0	0	1.8292e-21
175	rs1	1:1	2:0.5165	rs2	1:2	2:0.28525	0	1000	1	1.57605e-56	5.41476	0.34178	1.76686e-54	5.33335	0.343129	0.725645	-0.36546	1.04142	0.67644	-0.434453	1.04104	1.78364e-10	9.45431	1.48212	0	0	2.63426e-26
176	rs1	1:1	2:0.52075	rs2	1:2	2:0.283	0	1000	1	5.83201e-49	6.20277	0.421762	5.78972e-54	6.31445	0.408251	0.445792	0.601534	0.78895	0.927277	0.0967873	1.06044	3.21892e-11	8.90911	1.3425	0	0	5.82573e-20
177	rs1	1:1	2:0.5185	rs2	1:2	2:0.2865	0	1000	0	1.40133e-58	4.98438	0.308878	3.49449e-60	5.1065	0.31207	0.999905	-26.4089	222820	0.481362	-0.727549	1.03328	0.999873	35.4213	222820	0	0	1
