Outcome	Var1_ID	Var1_Pos	Var1_MAF	Var2_ID	Var2_Pos	Var2_MAF	Num_Missing	Num_Cases	Converged	Red_Var1_Pval	Red_Var1_beta	Red_Var1_SE	Red_Var2_Pval	Red_Var2_beta	Red_Var2_SE	Full_Var1_Pval	Full_Var1_beta	Full_Var1_SE	Full_Var2_Pval	Full_Var2_beta	Full_Var2_SE	Full_Var1_Var2_Pval	Full_Var1_Var2_beta	Full_Var1_Var2_SE	Red_Model_Pval	Full_Model_Pval	Overall_Pval_(LRT)
1	rs1	1:1	2:0.51075	rs2	1:2	2:0.28125	0	1000	0	0.999521	50.9778	84844.2	0.999731	-20.2482	60170.1	0.999622	34.0631	71928.2	0.999983	-26.3427	1.26697e+06	0.999984	26.3427	1.30795e+06	1	0	1
2	rs1	1:1	2:0.5085	rs2	1:2	2:0.28225	0	1000	0	4.69778e-24	10.4778	1.03578	0.874724	-0.425479	2.69869	1.80409e-24	10.4003	1.01872	0.999981	-26.6324	1.09723e+06	0.999965	50.0055	1.14298e+06	0	0	1
3	rs1	1:1	2:0.51875	rs2	1:2	2:0.2865	0	1000	0	1.0542e-42	10.3647	0.7567	0.778972	1.0125	3.60759	8.44004e-43	10.342	0.754149	0.999991	-26.0062	2.19446e+06	0.999982	50.0638	2.21547e+06	0	0	1
4	rs1	1:1	2:0.5175	rs2	1:2	2:0.28025	0	1000	0	2.59291e-55	9.90187	0.632071	0.768567	1.02297	3.47653	2.40596e-55	9.88479	0.630789	0.999991	-26.0717	2.19446e+06	0.999982	50.521	2.22315e+06	0	0	1
5	rs1	1:1	2:0.51775	rs2	1:2	2:0.28225	0	1000	0	1.85681e-42	10.3196	0.755678	0.903519	0.338947	2.79621	1.26638e-42	10.2818	0.751379	0.999984	-26.0727	1.26697e+06	0.999969	50.124	1.30853e+06	0	0	1
6	rs1	1:1	2:0.51275	rs2	1:2	2:0.28925	0	1000	0	4.26171e-65	9.47113	0.555869	0.622508	1.37815	2.79941	4.27101e-65	9.45045	0.55466	0.99999	-26.1905	2.19446e+06	0.999982	50.9553	2.21209e+06	0	0	1
7	rs1	1:1	2:0.51925	rs2	1:2	2:0.285	0	1000	0	1.99786e-65	9.81935	0.574814	0.709799	0.88372	2.37479	2.64643e-65	9.78896	0.573586	0.999984	-25.8671	1.26697e+06	0.999969	50.6168	1.30234e+06	0	0	1
8	rs1	1:1	2:0.52	rs2	1:2	2:0.28925	0	1000	0	6.17783e-65	9.97953	0.586456	0.651862	1.21314	2.68883	8.50445e-65	9.95488	0.585652	0.999987	-25.6991	1.55172e+06	0.999974	50.4509	1.57871e+06	0	0	1
9	rs1	1:1	2:0.51125	rs2	1:2	2:0.283	0	1000	0	3.50484e-41	10.0425	0.747188	0.911752	0.280172	2.52796	1.95254e-41	9.99703	0.741419	0.999983	-26.3447	1.26697e+06	0.999969	50.4088	1.30302e+06	0	0	1
10	rs1	1:1	2:0.51375	rs2	1:2	2:0.28275	0	1000	0	5.83485e-65	9.37506	0.550825	0.673962	1.21061	2.8775	5.58906e-65	9.3559	0.549618	0.99999	-26.2959	2.19446e+06	0.999982	51.0499	2.2163e+06	0	0	1
11	rs1	1:1	2:0.52175	rs2	1:2	2:0.2835	0	1000	0	1.54954e-65	9.61925	0.562612	0.797651	0.55824	2.17732	1.79781e-65	9.58459	0.560869	0.999981	-26.0758	1.09723e+06	0.999965	50.8212	1.14395e+06	0	0	1
12	rs1	1:1	2:0.5155	rs2	1:2	2:0.28025	0	1000	0	3.11409e-43	10.5172	0.762913	0.805549	0.969094	3.93666	2.67811e-43	10.4978	0.76091	0.999991	-25.8631	2.19446e+06	0.999982	49.908	2.22044e+06	0	0	1
13	rs1	1:1	2:0.5205	rs2	1:2	2:0.28975	0	1000	0	3.5174e-65	9.87416	0.579142	0.999935	24.7476	304349	3.5174e-65	9.87416	0.579142	0.999935	24.7476	304349	nan	nan	nan	1	0	1
14	rs1	1:1	2:0.51225	rs2	1:2	2:0.284	0	1000	0	2.28081e-40	9.91966	0.745777	0.988065	-0.0320525	2.14271	9.55588e-41	9.85608	0.7374	0.999978	-26.4802	981393	0.999961	50.5497	1.02583e+06	0	0	1
15	rs1	1:1	2:0.5195	rs2	1:2	2:0.28275	0	1000	0	1.99159e-65	9.60453	0.562232	0.687883	1.00066	2.49088	2.20365e-65	9.57804	0.560875	0.999987	-26.0737	1.55172e+06	0.999974	50.8278	1.5802e+06	0	0	1
16	rs1	1:1	2:0.51525	rs2	1:2	2:0.28275	0	1000	0	2.07109e-53	9.53898	0.620027	0.861456	0.353527	2.0257	1.26088e-53	9.48991	0.615554	0.999981	-26.4377	1.09723e+06	0.999964	50.9159	1.13444e+06	0	0	1
17	rs1	1:1	2:0.52125	rs2	1:2	2:0.2855	0	1000	0	9.8596e-28	11.594	1.06229	0.925375	0.346021	3.6942	6.76519e-28	11.5513	1.05507	0.999984	-25.4964	1.26697e+06	0.99997	48.8545	1.30302e+06	0	0	1
18	rs1	1:1	2:0.52225	rs2	1:2	2:0.2835	0	1000	0	5.37134e-26	10.9356	1.03707	0.869546	0.66135	4.02685	3.54666e-26	10.9013	1.03	0.999991	-26.1304	2.19446e+06	0.999982	49.5045	2.21298e+06	0	0	1
19	rs1	1:1	2:0.5165	rs2	1:2	2:0.2805	0	1000	0	1.04543e-41	10.1358	0.749156	0.85058	0.539276	2.86273	6.7983e-42	10.1003	0.74479	0.999987	-26.2436	1.55172e+06	0.999975	50.3055	1.58128e+06	0	0	1
20	rs1	1:1	2:0.51625	rs2	1:2	2:0.28325	0	1000	0	2.44752e-54	9.71377	0.625791	0.723109	0.868176	2.45035	1.90092e-54	9.67971	0.622946	0.999987	-26.2446	1.55172e+06	0.999974	50.7261	1.57542e+06	0	0	1
21	rs1	1:1	2:0.51525	rs2	1:2	2:0.28275	0	1000	0	5.05545e-42	10.1825	0.749655	0.795716	0.902849	3.48731	3.80411e-42	10.1586	0.746747	0.99999	-26.1885	2.19446e+06	0.999982	50.2472	2.2163e+06	0	0	1
22	rs1	1:1	2:0.52075	rs2	1:2	2:0.2805	0	1000	0	2.9565e-55	9.91626	0.633327	0.89915	0.310796	2.45233	2.59636e-55	9.88177	0.630791	0.999981	-26.0748	1.09723e+06	0.999965	50.524	1.15355e+06	0	0	1
23	rs1	1:1	2:0.51575	rs2	1:2	2:0.2785	0	1000	0	3.07584e-65	9.41275	0.551825	0.00810352	3.27567	1.23717	3.62614e-65	9.41048	0.552004	0.00882505	3.26415	1.24645	0.999947	21.4856	323590	0	0	1
24	rs1	1:1	2:0.5135	rs2	1:2	2:0.2845	0	1000	0	2.10761e-54	9.71782	0.625665	0.741334	0.825001	2.49934	1.6555e-54	9.68515	0.622941	0.999987	-26.2446	1.55172e+06	0.999974	50.7206	1.57737e+06	0	0	1
25	rs1	1:1	2:0.51925	rs2	1:2	2:0.285	0	1000	0	5.18307e-54	9.62924	0.622278	0.830207	0.489666	2.28351	3.68406e-54	9.59056	0.6189	0.999983	-26.3457	1.26697e+06	0.999969	50.8152	1.30302e+06	0	0	1
26	rs1	1:1	2:0.51525	rs2	1:2	2:0.28475	0	1000	0	2.34234e-42	10.2483	0.751391	0.827815	0.812366	3.73494	1.85403e-42	10.2275	0.748924	0.999991	-26.1314	2.19446e+06	0.999982	50.1783	2.22173e+06	0	0	1
27	rs1	1:1	2:0.51125	rs2	1:2	2:0.28475	0	1000	0	4.17351e-25	10.6781	1.03167	0.892397	0.516647	3.81932	2.58786e-25	10.6402	1.0235	0.99999	-26.3882	2.19446e+06	0.999982	49.7656	2.21363e+06	0	0	1
28	rs1	1:1	2:0.51425	rs2	1:2	2:0.278	0	1000	0	3.79865e-54	9.63594	0.621908	0.875454	0.377164	2.40639	2.80239e-54	9.60129	0.618891	0.999983	-26.3457	1.26697e+06	0.999969	50.8045	1.31145e+06	0	0	1
29	rs1	1:1	2:0.51825	rs2	1:2	2:0.2845	0	1000	0	1.00862e-42	10.3664	0.756646	0.785466	0.99158	3.6428	8.11299e-43	10.3441	0.754148	0.999991	-26.0062	2.19446e+06	0.999982	50.0617	2.2163e+06	0	0	1
30	rs1	1:1	2:0.515	rs2	1:2	2:0.28275	0	1000	0	3.9828e-55	9.91427	0.633967	0.889236	0.306779	2.20274	3.39031e-55	9.87121	0.6308	0.999979	-26.0758	981393	0.999961	50.5346	1.03229e+06	0	0	1
31	rs1	1:1	2:0.51825	rs2	1:2	2:0.28725	0	1000	0	0.999515	51.262	84334.5	0.999738	-19.6775	59804.9	0.99961	34.9094	71507	0.999981	-25.4964	1.09723e+06	0.999982	25.4964	1.14338e+06	1	0	1
32	rs1	1:1	2:0.5195	rs2	1:2	2:0.2825	0	1000	0	4.323e-54	9.61465	0.620867	0.725631	1.05919	3.01812	3.5003e-54	9.59257	0.618898	0.99999	-26.3437	2.19446e+06	0.999982	50.8132	2.21547e+06	0	0	1
33	rs1	1:1	2:0.5125	rs2	1:2	2:0.28375	0	1000	0	3.0984e-26	11.001	1.03819	0.879856	0.634237	4.19604	2.12613e-26	10.9694	1.03178	0.999991	-26.0697	2.19446e+06	0.999982	49.4364	2.21507e+06	0	0	1
34	rs1	1:1	2:0.51975	rs2	1:2	2:0.2895	0	1000	0	9.28964e-65	9.96299	0.586307	0.587658	1.66606	3.07259	1.17269e-64	9.94401	0.585662	0.999991	-25.698	2.19446e+06	0.999982	50.4618	2.21054e+06	0	0	1
35	rs1	1:1	2:0.514	rs2	1:2	2:0.27975	0	1000	0	0.999521	50.9327	84790.5	0.999731	-20.2466	60121.3	0.999622	34.0631	71851.1	0.999983	-26.3427	1.26697e+06	0.999984	26.3427	1.30962e+06	1	0	1
36	rs1	1:1	2:0.5115	rs2	1:2	2:0.28325	0	1000	0	7.42784e-26	10.9028	1.03695	0.981561	0.0846291	3.66171	4.50351e-26	10.8613	1.02841	0.999987	-26.1885	1.55172e+06	0.999975	49.5445	1.58912e+06	0	0	1
37	rs1	1:1	2:0.51725	rs2	1:2	2:0.279	0	1000	0	1.11267e-55	10.1165	0.643567	0.79729	0.782373	3.04596	1.11876e-55	10.0935	0.642119	0.999987	-25.8651	1.55172e+06	0.999975	50.3123	1.59102e+06	0	0	1
38	rs1	1:1	2:0.50925	rs2	1:2	2:0.27875	0	1000	0	5.72122e-25	10.6568	1.03263	0.994347	-0.024316	3.4323	3.18473e-25	10.6098	1.02252	0.999986	-26.4336	1.55172e+06	0.999975	49.796	1.58824e+06	0	0	1
39	rs1	1:1	2:0.51275	rs2	1:2	2:0.284	0	1000	0	1.87116e-53	9.49454	0.616876	0.835084	0.533987	2.56496	1.34239e-53	9.46448	0.614066	0.999986	-26.4782	1.55172e+06	0.999974	50.9413	1.5874e+06	0	0	1
40	rs1	1:1	2:0.51225	rs2	1:2	2:0.28425	0	1000	0	7.82603e-25	10.5955	1.0297	0.916549	0.4048	3.86327	4.898e-25	10.5586	1.02164	0.99999	-26.4752	2.19446e+06	0.999982	49.8472	2.2163e+06	0	0	1
41	rs1	1:1	2:0.516	rs2	1:2	2:0.285	0	1000	0	2.19655e-55	9.96864	0.635905	0.785969	0.775495	2.85583	2.04585e-55	9.94302	0.634088	0.999987	-26.0082	1.55172e+06	0.999975	50.4628	1.5866e+06	0	0	1
42	rs1	1:1	2:0.516	rs2	1:2	2:0.28125	0	1000	0	7.95481e-55	9.7848	0.627459	0.801758	0.686203	2.73308	6.69687e-55	9.75751	0.625268	0.999987	-26.1905	1.55172e+06	0.999975	50.6483	1.5866e+06	0	0	1
43	rs1	1:1	2:0.515	rs2	1:2	2:0.285	0	1000	0	3.40803e-26	11.0158	1.04046	0.94786	0.235745	3.60494	2.05435e-26	10.9727	1.03178	0.999987	-26.0707	1.55172e+06	0.999975	49.4331	1.58308e+06	0	0	1
44	rs1	1:1	2:0.51975	rs2	1:2	2:0.28425	0	1000	0	7.17191e-65	9.37821	0.551402	0.701222	0.902032	2.35106	6.8401e-65	9.3495	0.549625	0.999986	-26.2969	1.55172e+06	0.999974	51.0563	1.57969e+06	0	0	1
45	rs1	1:1	2:0.509	rs2	1:2	2:0.2765	0	1000	0	4.28407e-71	8.59469	0.482089	0.795798	0.551749	2.13205	3.46738e-71	8.5679	0.480268	0.999986	-26.8575	1.55172e+06	0.999974	51.8379	1.59204e+06	0	0	1
46	rs1	1:1	2:0.52075	rs2	1:2	2:0.2865	0	1000	0	2.09413e-42	10.3164	0.755928	0.884973	0.394127	2.72435	1.39772e-42	10.2765	0.751383	0.999984	-26.0727	1.26697e+06	0.999969	50.1293	1.30444e+06	0	0	1
47	rs1	1:1	2:0.5215	rs2	1:2	2:0.28775	0	1000	0	8.4575e-72	9.85449	0.549962	0.619144	1.32506	2.66578	1.41559e-71	9.83246	0.549612	0.999987	-25.6047	1.55172e+06	0.999974	50.5733	1.58128e+06	0	0	1
48	rs1	1:1	2:0.51975	rs2	1:2	2:0.2815	0	1000	0	4.18584e-43	10.5249	0.764657	0.865742	0.486642	2.87836	3.18607e-43	10.4884	0.760917	0.999984	-25.8651	1.26697e+06	0.999969	49.9174	1.30519e+06	0	0	1
49	rs1	1:1	2:0.52225	rs2	1:2	2:0.288	0	1000	0	1.82868e-73	9.5933	0.529123	0.660412	0.89851	2.04512	3.43839e-73	9.55844	0.528213	0.999981	-25.8691	1.09723e+06	0.999964	50.8474	1.13444e+06	0	0	1
50	rs1	1:1	2:0.5145	rs2	1:2	2:0.28075	0	1000	0	4.35004e-74	9.16619	0.503378	0.751366	0.676011	2.13361	5.24713e-74	9.13724	0.502071	0.999983	-26.2989	1.26697e+06	0.999969	51.2686	1.31043e+06	0	0	1
51	rs1	1:1	2:0.512	rs2	1:2	2:0.277	0	1000	0	1.08496e-73	9.02593	0.497043	0.780063	0.582836	2.08724	1.17346e-73	8.99641	0.495535	0.999983	-26.4387	1.26697e+06	0.999969	51.4094	1.31252e+06	0	0	1
52	rs1	1:1	2:0.51775	rs2	1:2	2:0.28075	0	1000	0	2.5443e-65	9.41782	0.551764	0.0138077	2.87132	1.16615	3.16338e-65	9.41481	0.552	0.0152454	2.85768	1.1777	0.999949	21.8867	342754	0	0	1
53	rs1	1:1	2:0.51725	rs2	1:2	2:0.28225	0	1000	0	1.97252e-43	10.6877	0.773434	0.828525	0.630642	2.91163	1.64078e-43	10.6512	0.770055	0.999984	-25.698	1.26697e+06	0.999969	49.7546	1.30108e+06	0	0	1
54	rs1	1:1	2:0.515	rs2	1:2	2:0.27825	0	1000	0	3.3628e-65	9.4481	0.554067	0.836591	0.438055	2.12384	3.37686e-65	9.41274	0.552002	0.999981	-26.2476	1.09723e+06	0.999965	50.993	1.14714e+06	0	0	1
55	rs1	1:1	2:0.521	rs2	1:2	2:0.2805	0	1000	0	5.36993e-81	9.24781	0.485184	0.999939	25.1488	327166	5.36993e-81	9.24781	0.485184	0.999939	25.1488	327166	nan	nan	nan	1	0	1
56	rs1	1:1	2:0.514	rs2	1:2	2:0.28375	0	1000	0	5.89857e-26	10.9522	1.03951	0.94108	0.256388	3.46883	3.38783e-26	10.9056	1.03	0.999987	-26.1314	1.55172e+06	0.999975	49.5001	1.5802e+06	0	0	1
57	rs1	1:1	2:0.51575	rs2	1:2	2:0.282	0	1000	0	1.28382e-41	10.1487	0.75095	0.940338	0.180607	2.41306	7.05549e-42	10.0983	0.744791	0.999981	-26.2456	1.09723e+06	0.999965	50.3075	1.13866e+06	0	0	1
58	rs1	1:1	2:0.5175	rs2	1:2	2:0.2795	0	1000	0	9.48667e-42	10.1387	0.748972	0.864835	0.497016	2.9198	6.27915e-42	10.1046	0.744787	0.999987	-26.2436	1.55172e+06	0.999975	50.3012	1.58372e+06	0	0	1
59	rs1	1:1	2:0.5205	rs2	1:2	2:0.2805	0	1000	0	4.01583e-65	9.98022	0.585629	0.999947	24.7285	370971	4.01583e-65	9.98022	0.585629	0.999947	24.7285	370971	nan	nan	nan	1	0	1
60	rs1	1:1	2:0.51675	rs2	1:2	2:0.28825	0	1000	0	2.47716e-55	10.0253	0.639834	0.717022	0.974416	2.68848	2.372e-55	9.99595	0.637845	0.999987	-25.9392	1.55172e+06	0.999974	50.4098	1.57737e+06	0	0	1
61	rs1	1:1	2:0.52025	rs2	1:2	2:0.28775	0	1000	0	1.14212e-27	11.4436	1.0498	0.999936	23.3634	293278	1.14212e-27	11.4436	1.0498	0.999936	23.3634	293278	nan	nan	nan	1	0	1
62	rs1	1:1	2:0.5215	rs2	1:2	2:0.284	0	1000	0	1.94848e-42	10.3183	0.755779	0.895976	0.361688	2.76634	1.3173e-42	10.2797	0.75138	0.999984	-26.0727	1.26697e+06	0.999969	50.1261	1.30679e+06	0	0	1
63	rs1	1:1	2:0.51875	rs2	1:2	2:0.283	0	1000	0	4.42995e-26	10.9621	1.0378	0.98743	0.059981	3.80723	2.80378e-26	10.9238	1.02999	0.999987	-26.1314	1.55172e+06	0.999975	49.482	1.59311e+06	0	0	1
64	rs1	1:1	2:0.514	rs2	1:2	2:0.27725	0	1000	0	4.02816e-52	9.29515	0.611866	0.812191	0.553603	2.32998	2.46591e-52	9.25903	0.608203	0.999986	-26.6674	1.55172e+06	0.999974	51.1468	1.58073e+06	0	0	1
65	rs1	1:1	2:0.515	rs2	1:2	2:0.27975	0	1000	0	0.999525	50.4541	84670.6	0.999737	-19.7881	60022.5	0.99962	34.1129	71697.5	0.999986	-26.2929	1.55172e+06	0.999987	26.2929	1.58902e+06	1	0	1
66	rs1	1:1	2:0.516	rs2	1:2	2:0.2785	0	1000	0	0.999521	50.8366	84682.1	0.999731	-20.2434	60024.7	0.999621	34.0631	71697.5	0.999983	-26.3427	1.26697e+06	0.999984	26.3427	1.31341e+06	1	0	1
67	rs1	1:1	2:0.51775	rs2	1:2	2:0.283	0	1000	0	0.99952	50.7707	84319.4	0.999735	-19.8289	59754.9	0.999615	34.4686	71355.7	0.999984	-25.9372	1.26697e+06	0.999984	25.9372	1.31557e+06	1	0	1
68	rs1	1:1	2:0.50975	rs2	1:2	2:0.28325	0	1000	0	2.45549e-41	10.1084	0.750624	0.968473	-0.0866571	2.19254	1.16075e-41	10.0471	0.743022	0.999977	-26.2989	895885	0.999958	50.3587	949163	0	0	1
69	rs1	1:1	2:0.51625	rs2	1:2	2:0.28675	0	1000	0	1.82405e-65	9.55055	0.558905	0.733625	0.873822	2.56774	1.9359e-65	9.52598	0.55758	0.999987	-26.1344	1.55172e+06	0.999974	50.8798	1.58583e+06	0	0	1
70	rs1	1:1	2:0.5185	rs2	1:2	2:0.28925	0	1000	0	1.62707e-43	10.6994	0.77351	0.898454	0.365989	2.86794	1.34982e-43	10.6619	0.770048	0.999981	-25.6991	1.09723e+06	0.999965	49.7439	1.14603e+06	0	0	1
71	rs1	1:1	2:0.51475	rs2	1:2	2:0.288	0	1000	0	1.21912e-41	10.1499	0.750822	0.947609	0.160094	2.4364	6.78054e-42	10.1004	0.74479	0.999981	-26.2456	1.09723e+06	0.999965	50.3054	1.14028e+06	0	0	1
72	rs1	1:1	2:0.5145	rs2	1:2	2:0.2815	0	1000	0	2.24118e-25	10.6541	1.02349	0.999943	23.3645	327166	2.24118e-25	10.6541	1.02349	0.999943	23.3645	327166	nan	nan	nan	1	0	1
73	rs1	1:1	2:0.5135	rs2	1:2	2:0.2775	0	1000	0	9.50171e-41	9.89923	0.740605	0.851131	0.645241	3.43807	6.72294e-41	9.87516	0.737386	0.99999	-26.4762	2.19446e+06	0.999982	50.5306	2.22173e+06	0	0	1
74	rs1	1:1	2:0.51275	rs2	1:2	2:0.27725	0	1000	0	3.11395e-54	9.63336	0.621229	0.844959	0.533845	2.72991	2.45017e-54	9.60655	0.618886	0.999986	-26.3447	1.55172e+06	0.999975	50.7992	1.59204e+06	0	0	1
75	rs1	1:1	2:0.51675	rs2	1:2	2:0.28825	0	1000	0	1.73284e-42	10.3853	0.760209	0.915335	0.249225	2.34429	1.0444e-42	10.3304	0.754158	0.999979	-26.0102	981393	0.999961	50.0754	1.02214e+06	0	0	1
76	rs1	1:1	2:0.5125	rs2	1:2	2:0.28575	0	1000	0	0.999518	51.2179	84738.5	0.999728	-20.4852	60082.7	0.999621	34.1109	71812.6	0.999981	-26.2949	1.09723e+06	0.999982	26.2949	1.1462e+06	1	0	1
77	rs1	1:1	2:0.52	rs2	1:2	2:0.28775	0	1000	0	1.61624e-55	10.1233	0.644971	0.872953	0.34878	2.18112	1.65322e-55	10.0778	0.642131	0.999977	-25.8691	895885	0.999958	50.328	948127	0	0	1
78	rs1	1:1	2:0.5185	rs2	1:2	2:0.27975	0	1000	0	3.24326e-26	11.0176	1.04018	0.955823	0.202835	3.66159	1.98668e-26	10.9759	1.03178	0.999987	-26.0707	1.55172e+06	0.999975	49.4299	1.5851e+06	0	0	1
79	rs1	1:1	2:0.513	rs2	1:2	2:0.282	0	1000	0	2.42538e-41	10.0283	0.744624	0.812259	0.806392	3.39515	1.73767e-41	10.0033	0.741415	0.99999	-26.3427	2.19446e+06	0.999982	50.4025	2.21721e+06	0	0	1
80	rs1	1:1	2:0.518	rs2	1:2	2:0.28175	0	1000	0	1.12331e-26	11.1539	1.04331	0.95704	0.209554	3.8901	7.39078e-27	11.1169	1.03609	0.999987	-25.9372	1.55172e+06	0.999975	49.2889	1.58912e+06	0	0	1
81	rs1	1:1	2:0.51475	rs2	1:2	2:0.276	0	1000	0	4.56405e-25	10.6458	1.02941	0.943241	0.295302	4.14766	3.04975e-25	10.614	1.02252	0.99999	-26.4326	2.19446e+06	0.999982	49.7918	2.22242e+06	0	0	1
82	rs1	1:1	2:0.51575	rs2	1:2	2:0.27775	0	1000	0	1.69072e-40	9.91749	0.744363	0.995928	0.0119376	2.3393	8.16109e-41	9.86465	0.737393	0.999981	-26.4792	1.09723e+06	0.999965	50.5411	1.14298e+06	0	0	1
83	rs1	1:1	2:0.51875	rs2	1:2	2:0.28575	0	1000	0	3.38849e-42	10.2576	0.753558	0.90318	0.331642	2.72629	2.20853e-42	10.218	0.748931	0.999984	-26.1334	1.26697e+06	0.999969	50.1878	1.30679e+06	0	0	1
84	rs1	1:1	2:0.5155	rs2	1:2	2:0.28275	0	1000	0	5.67027e-26	10.9819	1.04196	0.886413	-0.441559	3.09118	2.83027e-26	10.9229	1.02999	0.999979	-26.1344	981393	0.999962	49.4829	1.04917e+06	0	0	1
85	rs1	1:1	2:0.51475	rs2	1:2	2:0.28625	0	1000	0	1.00231e-25	10.9727	1.04642	0.960631	-0.131845	2.67101	3.91322e-26	10.8918	1.03001	0.999979	-26.1344	981393	0.999961	49.514	1.01902e+06	0	0	1
86	rs1	1:1	2:0.5165	rs2	1:2	2:0.28225	0	1000	0	3.24326e-26	11.0176	1.04018	0.955823	0.202835	3.66159	1.98668e-26	10.9759	1.03178	0.999987	-26.0707	1.55172e+06	0.999975	49.4299	1.5851e+06	0	0	1
87	rs1	1:1	2:0.512	rs2	1:2	2:0.28625	0	1000	0	4.9638e-55	9.81026	0.62788	0.999936	24.4642	307319	4.9638e-55	9.81026	0.62788	0.999936	24.4642	307319	nan	nan	nan	1	0	1
88	rs1	1:1	2:0.51375	rs2	1:2	2:0.27975	0	1000	0	2.63451e-41	10.0491	0.746502	0.953593	0.155941	2.67963	1.57019e-41	10.0088	0.741411	0.999983	-26.3447	1.26697e+06	0.999969	50.397	1.31252e+06	0	0	1
89	rs1	1:1	2:0.519	rs2	1:2	2:0.28525	0	1000	0	7.10518e-26	10.971	1.04303	0.964389	-0.13286	2.97578	3.34511e-26	10.9069	1.03	0.999981	-26.1334	1.09723e+06	0.999965	49.4989	1.13946e+06	0	0	1
90	rs1	1:1	2:0.51825	rs2	1:2	2:0.27475	0	1000	0	7.49415e-64	9.11658	0.540405	0.735108	0.965636	2.85405	6.46423e-64	9.09783	0.539015	0.99999	-26.5582	2.19446e+06	0.999982	51.308	2.22173e+06	0	0	1
91	rs1	1:1	2:0.51825	rs2	1:2	2:0.2805	0	1000	0	2.40867e-43	10.5901	0.767175	0.771384	1.11122	3.82434	2.09626e-43	10.5694	0.765117	0.999991	-25.7831	2.19446e+06	0.999982	49.8364	2.21588e+06	0	0	1
92	rs1	1:1	2:0.5155	rs2	1:2	2:0.28425	0	1000	0	1.71459e-25	10.8613	1.04085	0.945509	-0.199072	2.91264	7.69858e-26	10.7946	1.02699	0.999981	-26.2446	1.09723e+06	0.999965	49.6112	1.14028e+06	0	0	1
93	rs1	1:1	2:0.51475	rs2	1:2	2:0.28625	0	1000	0	6.17425e-42	10.1895	0.750975	0.841851	0.575918	2.88644	4.11334e-42	10.1543	0.74675	0.999987	-26.1895	1.55172e+06	0.999975	50.2515	1.58073e+06	0	0	1
94	rs1	1:1	2:0.51175	rs2	1:2	2:0.282	0	1000	0	1.55532e-25	10.8382	1.03771	0.940284	0.247601	3.30521	8.33962e-26	10.7869	1.027	0.999987	-26.2426	1.55172e+06	0.999975	49.6189	1.57781e+06	0	0	1
95	rs1	1:1	2:0.51475	rs2	1:2	2:0.286	0	1000	0	7.88332e-27	11.2216	1.04643	0.923537	0.360075	3.75159	5.07261e-27	11.1814	1.03875	0.999987	-25.8631	1.55172e+06	0.999975	49.2244	1.58186e+06	0	0	1
96	rs1	1:1	2:0.5175	rs2	1:2	2:0.28275	0	1000	0	2.69748e-27	11.388	1.05227	0.909594	0.443452	3.9053	1.84543e-27	11.3506	1.04546	0.999987	-25.696	1.55172e+06	0.999975	49.0552	1.58186e+06	0	0	1
97	rs1	1:1	2:0.51825	rs2	1:2	2:0.28425	0	1000	0	1.35216e-55	10.1039	0.643267	0.721376	1.23675	3.46798	1.34736e-55	10.0861	0.642125	0.999991	-25.8641	2.19446e+06	0.999982	50.3197	2.21769e+06	0	0	1
98	rs1	1:1	2:0.521	rs2	1:2	2:0.28725	0	1000	0	1.49004e-43	10.7918	0.779834	0.877748	0.406252	2.64101	1.27414e-43	10.7466	0.775935	0.999979	-25.6047	981393	0.999961	49.6592	1.02583e+06	0	0	1
99	rs1	1:1	2:0.51625	rs2	1:2	2:0.28225	0	1000	0	3.20928e-54	9.6231	0.620645	0.766329	0.944737	3.17901	2.66245e-54	9.6033	0.618889	0.99999	-26.3437	2.19446e+06	0.999982	50.8025	2.22044e+06	0	0	1
100	rs1	1:1	2:0.51125	rs2	1:2	2:0.28075	0	1000	0	5.31377e-25	10.7316	1.03917	0.813568	-0.652293	2.76601	2.15994e-25	10.6577	1.02349	0.999977	-26.3932	895885	0.999959	49.7481	967681	0	0	1
101	rs1	1:1	2:0.51425	rs2	1:2	2:0.285	0	1000	0	7.42909e-26	10.8843	1.0352	0.892603	0.556021	4.11834	4.98121e-26	10.8516	1.02841	0.99999	-26.1875	2.19446e+06	0.999982	49.5541	2.21588e+06	0	0	1
102	rs1	1:1	2:0.5165	rs2	1:2	2:0.282	0	1000	0	0.9996	34.4591	68772.1	0.00368632	3.64766	1.25615	0.999616	34.5437	71812.6	0.00368632	3.64766	1.25615	0.999991	-3.64766	312707	1	0	1
103	rs1	1:1	2:0.513	rs2	1:2	2:0.2895	0	1000	0	1.05702e-24	10.6686	1.03973	0.939875	-0.20101	2.66496	3.9708e-25	10.5884	1.02253	0.999981	-26.4356	1.09723e+06	0.999965	49.8174	1.13322e+06	0	0	1
104	rs1	1:1	2:0.51675	rs2	1:2	2:0.28425	0	1000	0	0	8.93303	0.448175	0.657134	1.02954	2.31945	0	8.91362	0.44775	0.999987	-26.1946	1.55172e+06	0.999974	51.4922	1.59311e+06	0	0	1
105	rs1	1:1	2:0.51525	rs2	1:2	2:0.28375	0	1000	0	4.20546e-25	10.7612	1.03977	0.937661	-0.219378	2.80499	1.75342e-25	10.6891	1.02455	0.999981	-26.3447	1.09723e+06	0.999965	49.7167	1.13789e+06	0	0	1
106	rs1	1:1	2:0.51125	rs2	1:2	2:0.2795	0	1000	0	1.88755e-52	9.32284	0.611692	0.747676	0.911519	2.8334	1.34864e-52	9.29839	0.60921	0.99999	-26.6314	2.19446e+06	0.999982	51.1074	2.21588e+06	0	0	1
107	rs1	1:1	2:0.51825	rs2	1:2	2:0.28325	0	1000	0	1.95265e-42	10.3251	0.756281	0.945535	0.178981	2.61996	1.265e-42	10.2819	0.751379	0.999981	-26.0737	1.09723e+06	0.999965	50.1239	1.14603e+06	0	0	1
108	rs1	1:1	2:0.5135	rs2	1:2	2:0.27775	0	1000	0	1.04517e-53	9.5384	0.618213	0.835189	0.542228	2.60622	7.71127e-54	9.50918	0.615537	0.999986	-26.4356	1.55172e+06	0.999974	50.8966	1.58824e+06	0	0	1
109	rs1	1:1	2:0.51425	rs2	1:2	2:0.28075	0	1000	0	1.63199e-41	10.1037	0.7486	0.994156	0.0186165	2.54178	9.36136e-42	10.0587	0.743014	0.999981	-26.2969	1.09723e+06	0.999965	50.3471	1.1508e+06	0	0	1
110	rs1	1:1	2:0.513	rs2	1:2	2:0.282	0	1000	0	2.07668e-54	9.6701	0.622555	0.750656	1.005	3.16264	1.74483e-54	9.64995	0.620811	0.99999	-26.2949	2.19446e+06	0.999982	50.7558	2.21872e+06	0	0	1
111	rs1	1:1	2:0.516	rs2	1:2	2:0.286	0	1000	0	6.72293e-26	10.9471	1.04024	0.921805	0.329061	3.35228	3.70741e-26	10.897	1.03001	0.999987	-26.1314	1.55172e+06	0.999975	49.5088	1.57655e+06	0	0	1
112	rs1	1:1	2:0.5205	rs2	1:2	2:0.2835	0	1000	0	4.80263e-27	11.1866	1.03874	0.999941	23.3581	316777	4.80263e-27	11.1866	1.03874	0.999941	23.3581	316777	nan	nan	nan	1	0	1
113	rs1	1:1	2:0.51775	rs2	1:2	2:0.28425	0	1000	0	3.04067e-27	11.3824	1.05282	0.890157	0.52004	3.76554	2.01955e-27	11.342	1.04546	0.999987	-25.696	1.55172e+06	0.999975	49.0638	1.57781e+06	0	0	1
114	rs1	1:1	2:0.5145	rs2	1:2	2:0.2895	0	1000	0	5.68877e-26	11.0243	1.04602	0.993332	0.0237765	2.84488	2.51236e-26	10.9534	1.03179	0.999981	-26.0727	1.09723e+06	0.999965	49.4524	1.13049e+06	0	0	1
115	rs1	1:1	2:0.5245	rs2	1:2	2:0.28475	0	1000	0	3.88622e-54	9.67944	0.624774	0.840147	0.422435	2.09432	2.69075e-54	9.63293	0.620826	0.999981	-26.2979	1.09723e+06	0.999964	50.7729	1.13444e+06	0	0	1
116	rs1	1:1	2:0.5115	rs2	1:2	2:0.28025	0	1000	0	2.12778e-26	10.9694	1.03178	0.999938	23.3677	298660	2.12778e-26	10.9694	1.03178	0.999938	23.3677	298660	nan	nan	nan	1	0	1
117	rs1	1:1	2:0.51325	rs2	1:2	2:0.28325	0	1000	0	1.78712e-26	11.0696	1.03962	0.888255	0.613728	4.36777	1.27015e-26	11.0404	1.0338	0.999991	-26.0052	2.19446e+06	0.999982	49.3654	2.21721e+06	0	0	1
118	rs1	1:1	2:0.5185	rs2	1:2	2:0.28375	0	1000	0	8.52642e-26	10.9107	1.039	0.972828	-0.112342	3.2982	4.60151e-26	10.8593	1.02841	0.999983	-26.1895	1.26697e+06	0.99997	49.5465	1.31145e+06	0	0	1
119	rs1	1:1	2:0.5165	rs2	1:2	2:0.27875	0	1000	0	1.55833e-55	10.0485	0.640111	0.866912	0.416598	2.48593	1.5007e-55	10.0142	0.63783	0.999981	-25.9412	1.09723e+06	0.999965	50.3915	1.14952e+06	0	0	1
120	rs1	1:1	2:0.5175	rs2	1:2	2:0.28575	0	1000	0	2.76025e-27	11.4061	1.05414	0.996852	-0.0136584	3.46175	1.70452e-27	11.3581	1.04545	0.999981	-25.698	1.09723e+06	0.999966	49.0476	1.1483e+06	0	0	1
121	rs1	1:1	2:0.5095	rs2	1:2	2:0.2815	0	1000	0	6.87955e-41	9.87228	0.737265	0.0139743	3.03934	1.23655	7.41091e-41	9.86988	0.73739	0.0146232	3.03255	1.24204	0.99995	21.0262	334688	0	0	1
122	rs1	1:1	2:0.52175	rs2	1:2	2:0.28375	0	1000	0	1.04809e-43	10.7874	0.778092	0.83285	0.743811	3.52437	9.57651e-44	10.7624	0.775925	0.999987	-25.6017	1.55172e+06	0.999975	49.6434	1.58824e+06	0	0	1
123	rs1	1:1	2:0.51675	rs2	1:2	2:0.28425	0	1000	0	1.25189e-81	9.02334	0.471515	0.628862	0.935895	1.93635	2.04255e-81	8.99231	0.470519	0.999983	-26.2486	1.26697e+06	0.999968	51.4135	1.30047e+06	0	0	1
124	rs1	1:1	2:0.5175	rs2	1:2	2:0.28025	0	1000	0	1.3597e-53	9.54698	0.619452	0.918772	0.219821	2.1555	8.81154e-54	9.50396	0.615542	0.999981	-26.4377	1.09723e+06	0.999965	50.9018	1.14497e+06	0	0	1
125	rs1	1:1	2:0.50825	rs2	1:2	2:0.28075	0	1000	0	9.04029e-40	9.66751	0.732512	0.999936	24.0738	301464	9.04029e-40	9.66751	0.732512	0.999936	24.0738	301464	nan	nan	nan	1	0	1
126	rs1	1:1	2:0.5185	rs2	1:2	2:0.2825	0	1000	0	1.72536e-54	9.73077	0.625982	0.822066	0.52852	2.35014	1.32647e-54	9.69387	0.622934	0.999983	-26.2456	1.26697e+06	0.999969	50.7119	1.30371e+06	0	0	1
127	rs1	1:1	2:0.51775	rs2	1:2	2:0.28225	0	1000	0	0.999519	50.9631	84533.9	0.999736	-19.8353	59945.7	0.999616	34.4686	71659.3	0.999984	-25.9372	1.26697e+06	0.999984	25.9372	1.30794e+06	1	0	1
128	rs1	1:1	2:0.5155	rs2	1:2	2:0.286	0	1000	0	5.65207e-55	9.85108	0.630827	0.873519	0.369017	2.31808	4.67118e-55	9.81266	0.627877	0.999981	-26.1354	1.09723e+06	0.999965	50.5931	1.14497e+06	0	0	1
129	rs1	1:1	2:0.51875	rs2	1:2	2:0.2825	0	1000	0	2.68655e-42	10.3239	0.757489	0.942417	0.170427	2.35945	1.57029e-42	10.2702	0.751387	0.999979	-26.0748	981393	0.999961	50.1356	1.02583e+06	0	0	1
130	rs1	1:1	2:0.51325	rs2	1:2	2:0.28075	0	1000	0	1.19724e-40	9.90648	0.742103	0.908811	0.324836	2.83605	7.26588e-41	9.87095	0.737389	0.999986	-26.4772	1.55172e+06	0.999975	50.5348	1.5874e+06	0	0	1
131	rs1	1:1	2:0.519	rs2	1:2	2:0.2795	0	1000	0	3.63089e-55	9.89167	0.632284	0.719081	1.1691	3.25031	3.32137e-55	9.87202	0.6308	0.999991	-26.0717	2.19446e+06	0.999982	50.5338	2.2163e+06	0	0	1
132	rs1	1:1	2:0.5125	rs2	1:2	2:0.28225	0	1000	0	3.05464e-42	10.2719	0.754189	0.982483	-0.0560176	2.55135	1.88313e-42	10.2266	0.748924	0.999979	-26.1354	981393	0.999962	50.1792	1.04562e+06	0	0	1
133	rs1	1:1	2:0.5165	rs2	1:2	2:0.2825	0	1000	0	9.18567e-54	9.5942	0.621494	0.93726	0.159792	2.03004	5.81927e-54	9.54525	0.617148	0.999979	-26.3942	981393	0.999961	50.8605	1.03125e+06	0	0	1
134	rs1	1:1	2:0.51675	rs2	1:2	2:0.28025	0	1000	0	2.03403e-64	9.25981	0.546406	0.916409	0.203784	1.94156	1.71588e-64	9.21854	0.54365	0.999978	-26.4397	981393	0.999961	51.1872	1.03953e+06	0	0	1
135	rs1	1:1	2:0.515	rs2	1:2	2:0.278	0	1000	0	0.999532	49.5726	84443.9	0.999746	-19.0362	59829.1	0.999618	34.1652	71393.4	0.99999	-26.2406	2.19446e+06	0.999991	26.2406	2.22588e+06	1	0	1
136	rs1	1:1	2:0.51175	rs2	1:2	2:0.289	0	1000	0	1.01798e-80	8.67209	0.455777	0.727461	0.536494	1.53941	1.31119e-80	8.62583	0.453663	0.999978	-26.602	981393	0.99996	51.78	1.02147e+06	0	0	1
137	rs1	1:1	2:0.5195	rs2	1:2	2:0.29075	0	1000	0	9.94544e-27	11.2354	1.04983	0.994332	0.0223165	3.14131	5.29846e-27	11.1773	1.03875	0.999981	-25.8651	1.09723e+06	0.999965	49.2285	1.13789e+06	0	0	1
138	rs1	1:1	2:0.513	rs2	1:2	2:0.2865	0	1000	0	2.46038e-40	9.87887	0.743027	0.977673	-0.0666301	2.38081	1.20503e-40	9.82812	0.736259	0.999981	-26.52	1.09723e+06	0.999965	50.5777	1.1483e+06	0	0	1
139	rs1	1:1	2:0.5125	rs2	1:2	2:0.27875	0	1000	0	4.07802e-40	9.83945	0.742175	0.970912	-0.0860033	2.35857	1.94815e-40	9.78783	0.735215	0.999981	-26.5593	1.09723e+06	0.999965	50.618	1.1483e+06	0	0	1
140	rs1	1:1	2:0.517	rs2	1:2	2:0.27925	0	1000	0	1.47392e-54	9.7272	0.625347	0.78924	0.705843	2.64066	1.19136e-54	9.6981	0.62293	0.999987	-26.2446	1.55172e+06	0.999974	50.7077	1.58372e+06	0	0	1
141	rs1	1:1	2:0.51575	rs2	1:2	2:0.2815	0	1000	0	0	8.85413	0.444479	0.99994	25.3051	334688	0	8.85413	0.444479	0.99994	25.3051	334688	nan	nan	nan	1	0	1
142	rs1	1:1	2:0.51875	rs2	1:2	2:0.283	0	1000	0	2.38756e-55	9.96633	0.635973	0.773024	0.810355	2.80961	2.21695e-55	9.93983	0.634091	0.999987	-26.0082	1.55172e+06	0.999975	50.466	1.5844e+06	0	0	1
143	rs1	1:1	2:0.5165	rs2	1:2	2:0.28475	0	1000	0	3.38199e-74	9.33113	0.512048	0.745963	0.654242	2.01947	4.90934e-74	9.29768	0.510785	0.999981	-26.1374	1.09723e+06	0.999964	51.1081	1.14298e+06	0	0	1
144	rs1	1:1	2:0.51075	rs2	1:2	2:0.2795	0	1000	0	2.70965e-40	9.85716	0.741797	0.869422	0.434726	2.64443	1.50336e-40	9.8161	0.736268	0.999986	-26.518	1.55172e+06	0.999974	50.5897	1.57969e+06	0	0	1
145	rs1	1:1	2:0.51675	rs2	1:2	2:0.28325	0	1000	0	0.99953	50.0775	85037.6	0.999748	-19.0539	60361.8	0.999623	34.1652	72239.2	0.99999	-26.2406	2.19446e+06	0.999991	26.2406	2.21448e+06	1	0	1
146	rs1	1:1	2:0.51375	rs2	1:2	2:0.282	0	1000	0	3.52572e-42	10.2741	0.754932	0.963324	-0.110121	2.39485	2.03468e-42	10.2224	0.748927	0.999977	-26.1364	895885	0.999958	50.1834	960743	0	0	1
147	rs1	1:1	2:0.514	rs2	1:2	2:0.28125	0	1000	0	0.999619	34.2774	71697.5	1	7.1033e-11	331438	0.999619	34.2774	71697.5	1	7.1033e-11	331438	nan	nan	nan	1	0	1
148	rs1	1:1	2:0.51575	rs2	1:2	2:0.287	0	1000	0	7.28071e-81	9.25181	0.485797	0.548417	1.32463	2.20723	1.26836e-80	9.22646	0.485207	0.999987	-26.0112	1.55172e+06	0.999974	51.1793	1.57616e+06	0	0	1
149	rs1	1:1	2:0.515	rs2	1:2	2:0.28075	0	1000	0	1.34881e-65	9.61414	0.562048	0.743589	0.866844	2.65005	1.47961e-65	9.59086	0.560863	0.999987	-26.0737	1.55172e+06	0.999974	50.8149	1.58824e+06	0	0	1
150	rs1	1:1	2:0.50875	rs2	1:2	2:0.27375	0	1000	0	1.80285e-51	9.20696	0.610018	0.917786	0.219594	2.12737	9.72448e-52	9.16393	0.605536	0.999983	-26.7669	1.26697e+06	0.999969	51.2419	1.30764e+06	0	0	1
151	rs1	1:1	2:0.52	rs2	1:2	2:0.2815	0	1000	0	1.51424e-55	10.0397	0.639471	0.78932	0.784861	2.93742	1.46535e-55	10.0152	0.637829	0.999987	-25.9392	1.55172e+06	0.999975	50.3906	1.58824e+06	0	0	1
152	rs1	1:1	2:0.517	rs2	1:2	2:0.285	0	1000	0	7.5202e-55	9.75022	0.625097	0.00727166	3.32856	1.24008	8.55366e-55	9.74787	0.625276	0.00780386	3.31922	1.24762	0.999945	21.1482	304349	0	0	1
153	rs1	1:1	2:0.51775	rs2	1:2	2:0.286	0	1000	0	2.08542e-26	11.1652	1.05002	0.981228	-0.0668071	2.83932	9.43977e-27	11.0936	1.03611	0.999979	-25.9402	981393	0.999961	49.3122	1.02147e+06	0	0	1
154	rs1	1:1	2:0.51975	rs2	1:2	2:0.28525	0	1000	0	3.15953e-42	10.2505	0.752757	0.854042	0.551685	2.99888	2.2112e-42	10.2179	0.748931	0.999987	-26.1324	1.55172e+06	0.999975	50.1879	1.58372e+06	0	0	1
155	rs1	1:1	2:0.51425	rs2	1:2	2:0.277	0	1000	0	0.999525	50.4102	84750.2	0.999735	-19.9294	60070.6	0.999622	33.9732	71735.8	0.999986	-26.4326	1.55172e+06	0.999987	26.4326	1.59074e+06	1	0	1
156	rs1	1:1	2:0.51375	rs2	1:2	2:0.28225	0	1000	0	5.70701e-26	10.9535	1.03932	0.946117	0.23663	3.5013	3.31271e-26	10.9078	1.03	0.999987	-26.1314	1.55172e+06	0.999975	49.498	1.58128e+06	0	0	1
157	rs1	1:1	2:0.5165	rs2	1:2	2:0.2855	0	1000	0	2.20912e-42	10.3222	0.75657	0.92659	0.235078	2.55141	1.39602e-42	10.2765	0.751382	0.999981	-26.0737	1.09723e+06	0.999965	50.1292	1.14115e+06	0	0	1
158	rs1	1:1	2:0.5165	rs2	1:2	2:0.2895	0	1000	0	0.999518	51.2521	84896.2	0.999738	-19.7724	60282.5	0.999618	34.5427	72200.1	0.999984	-25.8631	1.26697e+06	0.999984	25.8631	1.2988e+06	1	0	1
159	rs1	1:1	2:0.521	rs2	1:2	2:0.2855	0	1000	0	1.51468e-55	10.3716	0.660616	0.727143	1.31752	3.77591	1.65186e-55	10.3558	0.659843	0.999991	-25.6017	2.19446e+06	0.999982	50.0499	2.21984e+06	0	0	1
160	rs1	1:1	2:0.514	rs2	1:2	2:0.283	0	1000	0	0.99953	49.8469	84605.6	0.999749	-18.8699	59995.2	0.999618	34.3371	71697.5	0.999991	-26.0687	2.19446e+06	0.999991	26.0687	2.21885e+06	1	0	1
161	rs1	1:1	2:0.5195	rs2	1:2	2:0.285	0	1000	0	1.24067e-42	10.3803	0.758496	0.874023	0.436554	2.7534	8.58709e-43	10.341	0.75415	0.999984	-26.0082	1.26697e+06	0.999969	50.0648	1.30371e+06	0	0	1
162	rs1	1:1	2:0.51925	rs2	1:2	2:0.29475	0	1000	0	1.69122e-64	10.0737	0.594051	0.63925	1.27856	2.72762	2.44773e-64	10.0491	0.593363	0.999987	-25.6037	1.55172e+06	0.999975	50.3567	1.57781e+06	0	0	1
163	rs1	1:1	2:0.518	rs2	1:2	2:0.28275	0	1000	0	1.57175e-55	10.1064	0.643819	0.741824	0.934314	2.83608	1.5774e-55	10.0797	0.64213	0.999987	-25.8651	1.55172e+06	0.999975	50.3261	1.58128e+06	0	0	1
164	rs1	1:1	2:0.51825	rs2	1:2	2:0.2865	0	1000	0	1.06667e-54	9.77712	0.627721	0.759674	0.794919	2.59855	8.79068e-55	9.74679	0.625277	0.999987	-26.1905	1.55172e+06	0.999974	50.659	1.5802e+06	0	0	1
165	rs1	1:1	2:0.5245	rs2	1:2	2:0.284	0	1000	0	1.55399e-43	10.6889	0.772562	0.825027	0.744281	3.36652	1.35253e-43	10.6618	0.770048	0.999987	-25.697	1.55172e+06	0.999975	49.744	1.5851e+06	0	0	1
166	rs1	1:1	2:0.5175	rs2	1:2	2:0.28575	0	1000	0	8.82445e-55	9.74664	0.625277	0.999933	24.4706	293278	8.82445e-55	9.74664	0.625277	0.999933	24.4706	293278	nan	nan	nan	1	0	1
167	rs1	1:1	2:0.51175	rs2	1:2	2:0.27825	0	1000	0	5.23314e-74	9.12526	0.501409	0.852859	0.350269	1.88854	6.39489e-74	9.08856	0.499694	0.999979	-26.3497	981393	0.999961	51.3172	1.04094e+06	0	0	1
168	rs1	1:1	2:0.51175	rs2	1:2	2:0.2855	0	1000	0	2.2909e-24	10.5243	1.03322	0.973633	0.101014	3.05623	1.08358e-24	10.4645	1.02008	0.999986	-26.5562	1.55172e+06	0.999975	49.9413	1.57737e+06	0	0	1
169	rs1	1:1	2:0.51325	rs2	1:2	2:0.28	0	1000	0	1.08052e-41	10.051	0.74302	0.999938	24.0619	307319	1.08052e-41	10.051	0.74302	0.999938	24.0619	307319	nan	nan	nan	1	0	1
170	rs1	1:1	2:0.515	rs2	1:2	2:0.2835	0	1000	0	1.1947e-53	9.59482	0.622219	0.946457	0.126703	1.88669	7.042e-54	9.53777	0.617154	0.999977	-26.3952	895885	0.999957	50.868	944356	0	0	1
171	rs1	1:1	2:0.52025	rs2	1:2	2:0.28675	0	1000	0	3.07835e-43	10.6202	0.770343	0.973571	0.0794691	2.39874	2.2081e-43	10.5665	0.765118	0.999975	-25.7891	829429	0.999955	49.8392	887862	0	0	1
172	rs1	1:1	2:0.5135	rs2	1:2	2:0.27875	0	1000	0	6.27663e-74	9.10439	0.500536	0.652487	1.24625	2.76753	6.71465e-74	9.08725	0.499696	0.99999	-26.3457	2.19446e+06	0.999982	51.3185	2.21872e+06	0	0	1
173	rs1	1:1	2:0.51875	rs2	1:2	2:0.2825	0	1000	0	3.35236e-26	11.0164	1.04037	0.950487	0.224994	3.62334	2.03154e-26	10.9738	1.03178	0.999987	-26.0707	1.55172e+06	0.999975	49.432	1.58372e+06	0	0	1
174	rs1	1:1	2:0.5205	rs2	1:2	2:0.28025	0	1000	0	1.34368e-41	10.0925	0.746971	0.900737	0.376216	3.01624	9.01984e-42	10.0607	0.743013	0.999986	-26.2949	1.55172e+06	0.999975	50.345	1.59005e+06	0	0	1
175	rs1	1:1	2:0.5165	rs2	1:2	2:0.28525	0	1000	0	4.3567e-55	9.9022	0.633427	0.793987	0.633511	2.42597	3.78947e-55	9.8668	0.630804	0.999984	-26.0737	1.26697e+06	0.999969	50.539	1.30234e+06	0	0	1
176	rs1	1:1	2:0.52075	rs2	1:2	2:0.283	0	1000	0	0.999512	51.673	84450.7	0.999729	-20.3753	59885.6	0.999614	34.6197	71621.1	0.999977	-25.7861	895885	0.999978	25.7861	951861	1	0	1
177	rs1	1:1	2:0.5185	rs2	1:2	2:0.2865	0	1000	0	5.46756e-65	9.43329	0.554123	0.725137	0.745427	2.12009	5.43478e-65	9.39763	0.552016	0.999983	-26.2466	1.26697e+06	0.999969	51.0082	1.29933e+06	0	0	1
