Outcome	Var1_ID	Var1_Pos	Var1_MAF	Var2_ID	Var2_Pos	Var2_MAF	Num_Missing	Num_Cases	Converged	Red_Var1_Pval	Red_Var1_beta	Red_Var1_SE	Red_Var2_Pval	Red_Var2_beta	Red_Var2_SE	Full_Var1_Pval	Full_Var1_beta	Full_Var1_SE	Full_Var2_Pval	Full_Var2_beta	Full_Var2_SE	Full_Var1_Var2_Pval	Full_Var1_Var2_beta	Full_Var1_Var2_SE	Red_Model_Pval	Full_Model_Pval	Overall_Pval_(LRT)
1	rs1	1:1	2:0.43175	rs2	1:2	2:0.43125	0	1000	1	2.82454e-31	1.24964	0.107429	3.70744e-28	1.18939	0.108099	0.20731	-0.22376	0.177447	0.020741	-0.447824	0.19364	1.79028e-26	1.9183	0.180164	0	0	7.05745e-40
2	rs1	1:1	2:0.418	rs2	1:2	2:0.415	0	1000	1	1.77185e-24	1.13222	0.110883	1.01731e-26	1.19394	0.111583	0.0395425	-0.387429	0.18821	0.0547432	-0.368453	0.191812	1.28795e-26	1.89372	0.177345	0	0	4.43637e-39
3	rs1	1:1	2:0.4185	rs2	1:2	2:0.4255	0	1000	1	1.50262e-27	1.17616	0.108144	8.47609e-29	1.20559	0.108271	0.0292828	-0.418094	0.191816	0.181025	-0.233029	0.174213	1.79519e-25	1.9099	0.183103	0	0	2.44373e-39
4	rs1	1:1	2:0.419	rs2	1:2	2:0.412	0	1000	1	3.05567e-21	1.04898	0.110877	5.21081e-34	1.35917	0.111794	0.0823653	-0.31755	0.182802	0.808961	-0.0433902	0.179471	9.70366e-23	1.74965	0.178263	0	0	4.99217e-33
5	rs1	1:1	2:0.425	rs2	1:2	2:0.4295	0	1000	1	1.33584e-25	1.13676	0.108689	1.34406e-31	1.27333	0.108874	0.0269794	-0.435741	0.197006	0.60168	-0.0893811	0.171233	3.14995e-25	1.80949	0.174372	0	0	7.22516e-37
6	rs1	1:1	2:0.4155	rs2	1:2	2:0.414	0	1000	1	5.29429e-26	1.14647	0.10871	1.31399e-34	1.35155	0.110152	0.773967	-0.0488295	0.170025	0.435824	0.130686	0.167704	4.75722e-18	1.6686	0.192701	0	0	3.19948e-29
7	rs1	1:1	2:0.41475	rs2	1:2	2:0.41275	0	1000	1	1.6726e-24	1.10712	0.108366	1.10067e-26	1.15468	0.107987	0.0158807	-0.446835	0.185282	0.0362939	-0.384068	0.183447	1.94244e-28	1.87177	0.169225	0	0	1.85648e-40
8	rs1	1:1	2:0.41925	rs2	1:2	2:0.41275	0	1000	1	1.5561e-19	1.00058	0.110675	1.83211e-34	1.36518	0.111508	0.0111111	-0.483289	0.190332	0.536599	-0.111744	0.180826	8.43796e-25	1.8475	0.179671	0	0	1.88907e-36
9	rs1	1:1	2:0.41575	rs2	1:2	2:0.41225	0	1000	1	5.63046e-30	1.25609	0.110435	1.66685e-24	1.13114	0.110713	0.89696	-0.0220638	0.170374	0.123244	-0.289786	0.188014	8.09216e-23	1.67348	0.170185	0	0	1.62563e-31
10	rs1	1:1	2:0.413	rs2	1:2	2:0.42175	0	1000	1	1.18126e-20	0.995784	0.106862	7.94551e-36	1.35472	0.10842	0.00411351	-0.57604	0.200758	0.927007	0.0151449	0.165317	2.84557e-25	1.77644	0.171028	0	0	8.19967e-36
11	rs1	1:1	2:0.41375	rs2	1:2	2:0.4205	0	1000	1	3.69647e-28	1.18565	0.107757	2.20283e-29	1.19709	0.106366	0.126553	-0.284307	0.186085	0.867727	-0.0267923	0.16087	2.72967e-23	1.71757	0.172757	0	0	2.4212e-34
12	rs1	1:1	2:0.4255	rs2	1:2	2:0.41825	0	1000	1	2.0157e-24	1.10346	0.108199	2.62915e-28	1.19937	0.108701	0.00792963	-0.489644	0.18442	0.00269821	-0.606785	0.20225	4.34378e-30	2.06022	0.180774	0	0	1.2749e-45
13	rs1	1:1	2:0.4235	rs2	1:2	2:0.42225	0	1000	1	1.92839e-20	0.985263	0.106328	8.93993e-40	1.41498	0.107207	0.041807	-0.374513	0.183996	0.261686	0.181537	0.161738	5.3061e-23	1.56254	0.158221	0	0	4.2312e-30
14	rs1	1:1	2:0.4245	rs2	1:2	2:0.42475	0	1000	1	1.34291e-23	1.08506	0.108371	2.45427e-33	1.30787	0.108712	0.0203045	-0.44484	0.191686	0.706877	-0.0643942	0.171237	2.90672e-25	1.77229	0.170662	0	0	1.20333e-35
15	rs1	1:1	2:0.41425	rs2	1:2	2:0.419	0	1000	1	1.48887e-29	1.21486	0.107615	1.78026e-29	1.22268	0.108459	0.620727	-0.0861404	0.174084	0.87478	-0.0265764	0.168642	2.71729e-21	1.61429	0.170408	0	0	9.86672e-30
16	rs1	1:1	2:0.434	rs2	1:2	2:0.43	0	1000	1	6.65592e-31	1.24248	0.107491	6.63788e-29	1.18248	0.105988	0.063733	-0.342433	0.184695	0.0359481	-0.396797	0.189175	8.95361e-27	1.98382	0.185198	0	0	9.49011e-43
17	rs1	1:1	2:0.40725	rs2	1:2	2:0.40875	0	1000	1	1.74708e-24	1.12543	0.110204	2.02563e-28	1.21424	0.109815	0.208453	-0.226956	0.180435	0.702148	-0.0650627	0.170133	1.44478e-22	1.68047	0.171919	0	0	1.38565e-32
18	rs1	1:1	2:0.422	rs2	1:2	2:0.4255	0	1000	1	2.88683e-28	1.21094	0.109833	1.33978e-26	1.16459	0.1091	0.116299	-0.295404	0.188096	0.189585	-0.234128	0.178478	1.32316e-25	1.76654	0.16889	0	0	6.50279e-36
19	rs1	1:1	2:0.4305	rs2	1:2	2:0.42325	0	1000	1	2.0502e-20	1.01538	0.109656	1.65798e-38	1.45849	0.112393	0.0572854	-0.354955	0.186708	0.937098	0.0143557	0.181908	8.20767e-23	1.77145	0.180175	0	0	1.2135e-33
20	rs1	1:1	2:0.415	rs2	1:2	2:0.41875	0	1000	1	8.18735e-20	1.00852	0.110697	5.39376e-35	1.37756	0.111617	0.0129759	-0.503037	0.202476	0.51732	0.108143	0.167021	2.82268e-23	1.71039	0.172092	0	0	1.3286e-32
21	rs1	1:1	2:0.4155	rs2	1:2	2:0.4155	0	1000	1	2.39865e-27	1.17182	0.10817	3.02999e-30	1.23039	0.107664	0.111378	-0.288723	0.181356	0.390987	-0.147621	0.172087	1.0118e-22	1.86407	0.190002	0	0	5.93395e-37
22	rs1	1:1	2:0.43775	rs2	1:2	2:0.431	0	1000	1	5.10285e-25	1.131	0.109477	1.63066e-37	1.41216	0.110321	0.201008	-0.233534	0.182637	0.760666	0.0536387	0.176092	4.95976e-22	1.70492	0.176692	0	0	1.18673e-31
23	rs1	1:1	2:0.419	rs2	1:2	2:0.41275	0	1000	1	1.80208e-25	1.13664	0.108974	3.39532e-29	1.22044	0.108811	0.065674	-0.331638	0.180175	0.0973267	-0.307492	0.185465	1.6409e-25	1.88305	0.180382	0	0	1.31406e-38
24	rs1	1:1	2:0.4245	rs2	1:2	2:0.42475	0	1000	1	1.94495e-28	1.20917	0.109321	2.71666e-28	1.19922	0.108717	0.246693	-0.209895	0.181191	0.283811	-0.191435	0.178612	1.96237e-24	1.72115	0.168724	0	0	4.65635e-34
25	rs1	1:1	2:0.419	rs2	1:2	2:0.421	0	1000	1	2.27995e-21	1.03055	0.108578	1.27597e-34	1.3449	0.109588	0.00401763	-0.571475	0.198651	0.577675	-0.0963139	0.172982	2.21558e-25	1.9054	0.183023	0	0	9.26406e-39
26	rs1	1:1	2:0.428	rs2	1:2	2:0.42425	0	1000	1	7.21341e-31	1.26273	0.109309	1.90461e-28	1.19929	0.108409	0.611373	-0.0888866	0.174934	0.370558	-0.160334	0.179058	1.53846e-22	1.73252	0.177359	0	0	1.0708e-33
27	rs1	1:1	2:0.40775	rs2	1:2	2:0.4095	0	1000	1	1.45255e-23	1.09368	0.109316	7.28366e-29	1.23209	0.110516	0.0734857	-0.326587	0.182471	0.229849	-0.215655	0.1796	1.45354e-24	1.79732	0.175689	0	0	1.14247e-35
28	rs1	1:1	2:0.41825	rs2	1:2	2:0.4125	0	1000	1	1.55031e-29	1.19238	0.105657	2.72054e-26	1.1213	0.105698	0.195486	-0.217981	0.168388	0.0109419	-0.483239	0.189912	5.3837e-27	1.88275	0.174995	0	0	1.01318e-40
29	rs1	1:1	2:0.42575	rs2	1:2	2:0.42925	0	1000	1	1.79348e-28	1.21481	0.109759	3.14515e-30	1.23077	0.107729	0.0509232	-0.381389	0.195371	0.67592	-0.0699115	0.167238	5.08151e-24	1.82449	0.180496	0	0	3.80887e-36
30	rs1	1:1	2:0.42775	rs2	1:2	2:0.428	0	1000	1	1.50628e-21	0.998828	0.104759	7.36406e-36	1.32227	0.105772	0.000815055	-0.655202	0.195721	0.225345	-0.20974	0.17299	1.42162e-29	1.90662	0.168833	0	0	1.23175e-42
31	rs1	1:1	2:0.42675	rs2	1:2	2:0.42725	0	1000	1	8.31751e-36	1.3797	0.110452	1.94339e-22	1.07299	0.11011	0.880077	-0.0261795	0.173522	0.00810515	-0.538491	0.203384	2.61868e-24	1.90128	0.186896	0	0	1.52195e-37
32	rs1	1:1	2:0.4065	rs2	1:2	2:0.405	0	1000	1	1.44923e-32	1.32872	0.111816	3.1949e-19	1.00661	0.112323	0.527519	0.103708	0.164148	0.0113996	-0.500526	0.19782	1.04694e-22	1.71076	0.174437	0	0	4.81331e-32
33	rs1	1:1	2:0.422	rs2	1:2	2:0.419	0	1000	1	2.83124e-31	1.27069	0.10924	1.4555e-24	1.12878	0.11034	0.982829	-0.00359991	0.167262	0.0472694	-0.386464	0.194802	6.0995e-24	1.71389	0.169856	0	0	2.41006e-33
34	rs1	1:1	2:0.409	rs2	1:2	2:0.40975	0	1000	1	4.60787e-33	1.31985	0.110185	7.39125e-21	1.02616	0.109539	0.482728	-0.123027	0.175271	0.0103353	-0.492668	0.192118	4.42453e-24	1.91101	0.188802	0	0	3.03301e-38
35	rs1	1:1	2:0.40175	rs2	1:2	2:0.40475	0	1000	1	2.74768e-28	1.15307	0.104542	4.18276e-25	1.07828	0.104181	0.0438801	-0.353102	0.175216	0.0255748	-0.386553	0.17314	1.7711e-26	1.93263	0.181493	0	0	2.264e-43
36	rs1	1:1	2:0.42875	rs2	1:2	2:0.43025	0	1000	1	3.55204e-23	1.16388	0.117376	5.12145e-34	1.42493	0.117189	0.382757	-0.173846	0.199176	0.174914	0.239443	0.176504	1.0289e-18	1.55912	0.176532	0	0	5.75933e-25
37	rs1	1:1	2:0.418	rs2	1:2	2:0.42325	0	1000	1	1.22566e-29	1.24066	0.109735	8.23673e-30	1.24547	0.109822	0.848625	0.0331135	0.173484	0.611075	0.0852739	0.167684	1.74989e-19	1.49565	0.165669	0	0	3.04811e-26
38	rs1	1:1	2:0.42525	rs2	1:2	2:0.42125	0	1000	1	1.38249e-18	0.973496	0.110639	3.90329e-35	1.37308	0.111021	9.44403e-05	-0.831237	0.212895	0.266714	-0.201801	0.181694	4.3005e-29	2.02358	0.180753	0	0	1.15128e-42
39	rs1	1:1	2:0.41675	rs2	1:2	2:0.413	0	1000	1	1.3997e-26	1.13039	0.105937	1.38929e-31	1.25762	0.107556	0.733408	-0.0559708	0.164332	0.904398	-0.0205319	0.170946	8.64095e-22	1.55598	0.162217	0	0	7.11597e-30
40	rs1	1:1	2:0.42325	rs2	1:2	2:0.4205	0	1000	1	5.22205e-24	1.09252	0.108111	6.17091e-35	1.35034	0.109508	0.0398604	-0.383385	0.186545	0.463564	-0.131409	0.179278	1.72343e-23	1.91097	0.19133	0	0	9.14148e-38
41	rs1	1:1	2:0.412	rs2	1:2	2:0.409	0	1000	1	2.41646e-30	1.23827	0.108168	2.45152e-24	1.10729	0.108778	0.872299	-0.0265703	0.165301	0.0835715	-0.317855	0.183696	2.85765e-23	1.68337	0.169395	0	0	1.25711e-32
42	rs1	1:1	2:0.42925	rs2	1:2	2:0.42775	0	1000	1	6.55588e-27	1.16849	0.108791	3.46721e-31	1.25939	0.10843	0.0455207	-0.377493	0.188764	0.26612	-0.1988	0.17877	1.65489e-25	1.86397	0.178568	0	0	4.76567e-38
43	rs1	1:1	2:0.41425	rs2	1:2	2:0.4115	0	1000	1	4.38299e-33	1.27214	0.106165	2.98627e-23	1.05963	0.106676	0.756191	-0.0506325	0.163075	0.0129338	-0.469569	0.188917	2.63729e-25	1.78566	0.171796	0	0	5.61662e-37
44	rs1	1:1	2:0.414	rs2	1:2	2:0.41325	0	1000	1	1.85557e-28	1.17671	0.106346	2.19303e-27	1.15561	0.106593	0.337418	-0.162615	0.169518	0.163102	-0.244969	0.175641	1.85996e-24	1.72398	0.168915	0	0	3.21722e-35
45	rs1	1:1	2:0.40925	rs2	1:2	2:0.41075	0	1000	1	7.83345e-21	1.0114	0.108034	1.057e-32	1.29111	0.108411	0.00184816	-0.6126	0.196749	0.46505	-0.123576	0.169154	5.30771e-26	1.91596	0.181678	0	0	6.04939e-40
46	rs1	1:1	2:0.4165	rs2	1:2	2:0.421	0	1000	1	1.73052e-34	1.31973	0.107754	2.46712e-22	1.04627	0.107636	0.929336	0.0147733	0.166591	0.0483707	-0.360811	0.182773	3.56144e-24	1.68412	0.166039	0	0	5.73075e-34
47	rs1	1:1	2:0.42425	rs2	1:2	2:0.42075	0	1000	1	2.6564e-37	1.41671	0.111006	1.52508e-18	0.971572	0.110559	0.272621	0.177479	0.161779	0.00174692	-0.655443	0.209394	6.43964e-24	1.73941	0.172476	0	0	2.12362e-33
48	rs1	1:1	2:0.42475	rs2	1:2	2:0.4215	0	1000	1	3.09394e-32	1.22544	0.103679	1.68955e-24	1.06067	0.103829	0.443513	-0.125367	0.163605	0.0145203	-0.453719	0.185636	7.44387e-28	1.7229	0.15749	0	0	1.31543e-38
49	rs1	1:1	2:0.40925	rs2	1:2	2:0.4115	0	1000	1	2.73946e-31	1.24246	0.106787	9.31985e-26	1.10226	0.105048	0.745592	-0.0547447	0.168727	0.550029	-0.0972687	0.162734	4.17351e-22	1.61423	0.166987	0	0	6.57586e-32
50	rs1	1:1	2:0.43525	rs2	1:2	2:0.4235	0	1000	1	7.82343e-28	1.15657	0.105766	1.17761e-29	1.2036	0.106424	0.0508386	-0.33871	0.173445	0.00478773	-0.570621	0.202278	2.5997e-28	2.02819	0.183801	0	0	4.86136e-45
51	rs1	1:1	2:0.41675	rs2	1:2	2:0.4155	0	1000	1	3.25253e-24	1.09352	0.107717	1.46941e-30	1.23587	0.107554	0.0228384	-0.421301	0.185096	0.27649	-0.188707	0.173406	6.86369e-26	1.8351	0.174411	0	0	3.11683e-38
52	rs1	1:1	2:0.42525	rs2	1:2	2:0.42675	0	1000	1	4.47077e-30	1.27824	0.112183	2.71708e-27	1.21508	0.112282	0.332803	-0.18135	0.187251	0.210034	-0.235806	0.188122	4.93766e-23	1.82751	0.184916	0	0	3.6159e-34
53	rs1	1:1	2:0.4365	rs2	1:2	2:0.43875	0	1000	1	8.83922e-30	1.2487	0.110167	6.53403e-29	1.21589	0.108969	0.0193394	-0.472458	0.201998	0.0773368	-0.330277	0.186983	2.67053e-27	1.98672	0.18356	0	0	2.72952e-41
54	rs1	1:1	2:0.41775	rs2	1:2	2:0.40875	0	1000	1	5.66857e-25	1.12282	0.108791	1.2466e-31	1.28086	0.109458	0.654426	-0.0748148	0.167138	0.871557	-0.0283998	0.175653	4.05367e-21	1.59604	0.16923	0	0	1.5759e-29
55	rs1	1:1	2:0.4185	rs2	1:2	2:0.41625	0	1000	1	6.05315e-27	1.14077	0.106137	2.76689e-29	1.19867	0.106697	0.186838	-0.227213	0.172132	0.135269	-0.268142	0.179522	2.28285e-25	1.78535	0.171539	0	0	1.27011e-37
56	rs1	1:1	2:0.41925	rs2	1:2	2:0.41325	0	1000	1	3.54782e-23	1.09657	0.110587	4.46217e-30	1.27966	0.112307	0.101949	-0.295269	0.18054	0.120882	-0.300318	0.193618	1.23126e-24	1.85956	0.181488	0	0	1.42722e-36
57	rs1	1:1	2:0.41125	rs2	1:2	2:0.4135	0	1000	1	1.65667e-33	1.34463	0.111468	7.02088e-22	1.06128	0.110397	0.917761	-0.0180218	0.174539	0.0659442	-0.341294	0.185607	6.60729e-22	1.7976	0.186868	0	0	9.47492e-34
58	rs1	1:1	2:0.42325	rs2	1:2	2:0.41875	0	1000	1	1.25503e-31	1.26111	0.107775	1.64751e-26	1.12735	0.105802	0.195307	-0.229296	0.177057	0.0549626	-0.351661	0.183236	1.6688e-24	1.92714	0.188626	0	0	2.90069e-40
59	rs1	1:1	2:0.401	rs2	1:2	2:0.41275	0	1000	1	9.40506e-33	1.25026	0.104895	1.36591e-23	1.03389	0.103277	0.381011	-0.150814	0.172155	0.243234	-0.185754	0.15918	4.10547e-24	1.69572	0.167411	0	0	6.0067e-36
60	rs1	1:1	2:0.4015	rs2	1:2	2:0.40325	0	1000	1	1.61404e-26	1.1515	0.108049	8.50319e-26	1.13663	0.108235	0.297458	-0.180278	0.173029	0.298158	-0.178501	0.171571	1.80913e-23	1.6749	0.167776	0	0	3.54707e-33
61	rs1	1:1	2:0.425	rs2	1:2	2:0.42125	0	1000	1	8.24675e-27	1.16247	0.108445	1.85542e-30	1.22845	0.107096	0.0678428	-0.333149	0.182442	0.232575	-0.211006	0.176759	2.26396e-25	1.83122	0.175932	0	0	1.38744e-37
62	rs1	1:1	2:0.42075	rs2	1:2	2:0.41775	0	1000	1	1.76467e-26	1.14606	0.107622	1.89674e-27	1.18491	0.109162	0.0641207	-0.330184	0.178349	0.00886995	-0.516295	0.197283	2.11939e-27	1.97907	0.182496	0	0	1.91419e-42
63	rs1	1:1	2:0.42025	rs2	1:2	2:0.42275	0	1000	1	1.7172e-22	1.07345	0.110015	1.20386e-32	1.31215	0.110278	0.0181791	-0.4637	0.196321	0.630848	-0.0837615	0.174309	4.24808e-25	1.79748	0.173694	0	0	8.45021e-36
64	rs1	1:1	2:0.41975	rs2	1:2	2:0.4255	0	1000	1	1.178e-24	1.1449	0.111693	4.28798e-32	1.3158	0.111583	0.0366339	-0.42396	0.202869	0.985298	-0.00315875	0.171417	6.42087e-23	1.8235	0.185004	0	0	1.88797e-34
65	rs1	1:1	2:0.41525	rs2	1:2	2:0.41875	0	1000	1	4.27152e-33	1.32717	0.110739	3.58197e-21	1.04184	0.110316	0.678785	-0.0725364	0.175157	0.0153884	-0.466332	0.192452	1.15611e-24	1.81251	0.176791	0	0	4.8466e-36
66	rs1	1:1	2:0.42125	rs2	1:2	2:0.416	0	1000	1	1.62473e-25	1.12438	0.107697	7.57495e-30	1.22601	0.108037	0.083853	-0.305985	0.176998	0.123423	-0.28112	0.182479	8.78334e-26	1.82553	0.173886	0	0	8.5193e-38
67	rs1	1:1	2:0.4125	rs2	1:2	2:0.4075	0	1000	1	2.27053e-24	1.14269	0.112174	3.55974e-30	1.29471	0.113432	0.473809	-0.126792	0.177012	0.752394	-0.0575928	0.182554	1.55127e-20	1.69862	0.182856	0	0	3.63648e-30
68	rs1	1:1	2:0.41325	rs2	1:2	2:0.4165	0	1000	1	1.20587e-24	1.05674	0.103115	1.45035e-32	1.23449	0.103887	0.00676148	-0.494028	0.182408	0.22986	-0.198556	0.165364	5.03244e-27	1.88898	0.175473	0	0	6.14994e-42
69	rs1	1:1	2:0.41825	rs2	1:2	2:0.42625	0	1000	1	2.11898e-25	1.17333	0.112658	6.96414e-28	1.23676	0.11299	0.0127647	-0.524045	0.210437	0.204348	-0.232125	0.182882	8.89802e-26	1.93382	0.184222	0	0	6.32445e-38
70	rs1	1:1	2:0.4175	rs2	1:2	2:0.41975	0	1000	1	4.74721e-24	1.08361	0.10713	3.48403e-32	1.25582	0.106339	0.0058665	-0.532897	0.193418	0.546593	-0.099499	0.165041	1.92689e-26	1.8355	0.172498	0	0	1.2464e-38
71	rs1	1:1	2:0.41525	rs2	1:2	2:0.4135	0	1000	1	1.20774e-28	1.20299	0.108344	8.25017e-26	1.14356	0.108866	0.425345	-0.137024	0.171885	0.113633	-0.289249	0.182829	2.08348e-24	1.72319	0.16902	0	0	1.61787e-34
72	rs1	1:1	2:0.422	rs2	1:2	2:0.421	0	1000	1	1.5385e-32	1.25678	0.105807	3.55521e-24	1.05273	0.103788	0.46995	-0.12185	0.168636	0.0358619	-0.375962	0.179158	1.94999e-26	1.70506	0.160256	0	0	1.26118e-36
73	rs1	1:1	2:0.41375	rs2	1:2	2:0.4155	0	1000	1	6.63658e-30	1.24934	0.10998	1.41437e-28	1.21243	0.109334	0.362406	-0.16406	0.18013	0.470398	-0.125343	0.173645	4.47813e-19	1.93115	0.216388	0	0	1.66002e-35
74	rs1	1:1	2:0.41925	rs2	1:2	2:0.418	0	1000	1	2.43987e-31	1.27562	0.109545	1.14629e-26	1.17456	0.109885	0.267181	0.18104	0.163161	0.971398	0.00623093	0.173782	2.99154e-19	1.41032	0.157243	0	0	6.36998e-25
75	rs1	1:1	2:0.41	rs2	1:2	2:0.40575	0	1000	1	3.44137e-25	1.16273	0.112139	1.92633e-29	1.26673	0.112436	0.689301	-0.0696783	0.174281	0.938664	-0.0136224	0.177031	9.39594e-20	1.65176	0.181598	0	0	3.45711e-29
76	rs1	1:1	2:0.4175	rs2	1:2	2:0.42575	0	1000	1	2.04605e-30	1.24012	0.108194	1.56412e-27	1.14525	0.105338	0.143665	-0.274188	0.187507	0.703661	-0.060832	0.159923	6.2814e-24	1.69165	0.1677	0	0	8.66139e-34
77	rs1	1:1	2:0.41725	rs2	1:2	2:0.42575	0	1000	1	1.11754e-31	1.30725	0.111624	2.68343e-28	1.21926	0.110522	0.835404	0.0374206	0.1801	0.539701	0.101311	0.1652	7.0142e-19	1.54865	0.174503	0	0	1.01036e-26
78	rs1	1:1	2:0.4265	rs2	1:2	2:0.4165	0	1000	1	2.19254e-21	1.06995	0.11268	4.92535e-29	1.2659	0.113196	0.00409407	-0.564384	0.196593	0.0171392	-0.495469	0.207856	9.09471e-29	2.03781	0.183113	0	0	2.1596e-42
79	rs1	1:1	2:0.4165	rs2	1:2	2:0.41425	0	1000	1	8.25341e-21	1.02209	0.10924	3.05193e-34	1.34185	0.109974	0.0207176	-0.438432	0.189543	0.95535	0.00948371	0.169384	7.12325e-24	1.74934	0.173631	0	0	1.66118e-34
80	rs1	1:1	2:0.4255	rs2	1:2	2:0.4255	0	1000	1	2.72793e-25	1.17097	0.112692	1.71124e-29	1.27818	0.113348	0.0301575	-0.433551	0.199976	0.0966084	-0.323941	0.194966	1.6651e-24	2.03769	0.199442	0	0	4.19396e-40
81	rs1	1:1	2:0.41625	rs2	1:2	2:0.422	0	1000	1	1.15665e-29	1.21506	0.107422	1.27494e-23	1.06961	0.106773	0.0481269	-0.370365	0.187408	0.0247153	-0.40567	0.180633	1.2818e-28	1.82823	0.164734	0	0	6.99535e-40
82	rs1	1:1	2:0.41725	rs2	1:2	2:0.41875	0	1000	1	8.27563e-30	1.2406	0.109396	1.50639e-25	1.12048	0.107249	0.0949635	-0.310131	0.185732	0.112524	-0.279561	0.176162	2.95664e-25	1.85649	0.178797	0	0	4.85694e-38
83	rs1	1:1	2:0.41425	rs2	1:2	2:0.41475	0	1000	1	8.0137e-34	1.34947	0.111318	7.12727e-21	1.04589	0.111599	0.670189	0.0716851	0.168319	0.0321399	-0.417238	0.194728	8.78891e-23	1.71991	0.175055	0	0	1.54708e-32
84	rs1	1:1	2:0.41275	rs2	1:2	2:0.415	0	1000	1	3.9522e-27	1.15749	0.107301	1.3045e-28	1.18858	0.107113	0.116626	-0.283471	0.180659	0.450663	-0.127073	0.168462	1.89667e-24	1.71622	0.168185	0	0	1.42388e-34
85	rs1	1:1	2:0.43275	rs2	1:2	2:0.4285	0	1000	1	3.53965e-27	1.20437	0.111542	5.89813e-32	1.31827	0.112048	0.263379	-0.206355	0.184502	0.37913	-0.166517	0.189331	5.55043e-23	1.80412	0.182767	0	0	1.36671e-33
86	rs1	1:1	2:0.42025	rs2	1:2	2:0.42075	0	1000	1	1.38966e-28	1.26215	0.113801	1.26486e-26	1.23225	0.115381	0.98376	0.00358977	0.176353	0.329188	-0.188575	0.193262	1.10621e-20	1.72049	0.184497	0	0	1.49187e-30
87	rs1	1:1	2:0.42375	rs2	1:2	2:0.4105	0	1000	1	3.58649e-22	1.05057	0.108504	9.78322e-37	1.3977	0.110398	0.28779	-0.179864	0.169207	0.837645	-0.0373325	0.182192	2.88124e-21	1.73591	0.183365	0	0	2.59834e-32
88	rs1	1:1	2:0.41975	rs2	1:2	2:0.4205	0	1000	1	3.95444e-29	1.22156	0.109041	2.20816e-26	1.14863	0.108076	0.242926	-0.210366	0.180153	0.182066	-0.237476	0.177962	7.53587e-25	1.73001	0.168068	0	0	1.00149e-34
89	rs1	1:1	2:0.424	rs2	1:2	2:0.4255	0	1000	1	1.5531e-18	0.997226	0.113505	5.52824e-35	1.40899	0.114183	0.000647146	-0.753873	0.221009	0.90447	-0.021316	0.177609	1.06475e-25	1.92093	0.183291	0	0	2.32948e-37
90	rs1	1:1	2:0.42225	rs2	1:2	2:0.416	0	1000	1	4.55277e-23	1.0536	0.106521	5.34314e-34	1.30626	0.10746	0.0145592	-0.448522	0.183582	0.23309	-0.212669	0.178348	4.95025e-25	1.96163	0.189824	0	0	1.43072e-41
91	rs1	1:1	2:0.435	rs2	1:2	2:0.438	0	1000	1	1.19087e-28	1.25393	0.11292	1.57939e-31	1.30387	0.111616	0.095388	-0.337624	0.202456	0.724264	-0.06279	0.177993	1.07482e-22	1.86896	0.190619	0	0	5.82651e-35
92	rs1	1:1	2:0.4065	rs2	1:2	2:0.412	0	1000	1	1.09549e-24	1.11961	0.10915	1.01359e-30	1.24655	0.108182	0.0116679	-0.491553	0.194903	0.628671	-0.0796682	0.164741	8.71427e-23	1.93574	0.197005	0	0	5.54301e-38
93	rs1	1:1	2:0.425	rs2	1:2	2:0.42275	0	1000	1	4.4169e-19	0.967356	0.108375	1.13893e-42	1.48703	0.108609	0.0247589	-0.427786	0.190538	0.0509229	0.30688	0.157203	1.34094e-21	1.60933	0.168577	0	0	5.96676e-30
94	rs1	1:1	2:0.425	rs2	1:2	2:0.42	0	1000	1	2.52474e-25	1.10563	0.106328	1.95685e-34	1.31663	0.107589	0.122742	-0.268013	0.173655	0.377319	-0.156838	0.17765	2.18186e-23	1.83597	0.184253	0	0	1.67083e-36
95	rs1	1:1	2:0.41025	rs2	1:2	2:0.413	0	1000	1	9.50498e-28	1.18327	0.108382	3.49979e-27	1.16739	0.108107	0.151105	-0.257974	0.179692	0.23367	-0.206376	0.173286	9.28071e-24	1.80664	0.179783	0	0	3.67377e-36
96	rs1	1:1	2:0.418	rs2	1:2	2:0.415	0	1000	1	5.00389e-34	1.32682	0.109103	6.18295e-24	1.10024	0.109054	0.615022	0.0822772	0.1636	0.0921413	-0.31912	0.189478	6.80736e-22	1.73351	0.180263	0	0	1.88647e-33
97	rs1	1:1	2:0.409	rs2	1:2	2:0.42175	0	1000	1	8.7062e-39	1.48127	0.113717	1.16838e-16	0.924698	0.111594	0.916396	0.0190818	0.181776	0.0131816	-0.467019	0.188403	1.12126e-22	1.83504	0.187241	0	0	9.737e-35
98	rs1	1:1	2:0.42775	rs2	1:2	2:0.42225	0	1000	1	2.07302e-26	1.1235	0.105653	8.74331e-34	1.28111	0.105742	0.146609	-0.252442	0.173904	0.475568	-0.123398	0.17296	1.30028e-24	1.74974	0.170858	0	0	3.5699e-36
99	rs1	1:1	2:0.42825	rs2	1:2	2:0.42625	0	1000	1	2.8226e-23	1.11479	0.112166	1.56241e-28	1.25557	0.113315	0.00303127	-0.608554	0.205277	0.00826652	-0.545254	0.206458	4.27612e-29	2.12707	0.189989	0	0	1.34342e-44
100	rs1	1:1	2:0.42675	rs2	1:2	2:0.422	0	1000	1	2.43109e-24	1.07572	0.105668	3.1031e-34	1.29472	0.106124	0.0373788	-0.374548	0.179932	0.478595	-0.12125	0.171121	2.33153e-25	1.81251	0.174181	0	0	1.5909e-38
101	rs1	1:1	2:0.41625	rs2	1:2	2:0.4145	0	1000	1	4.62657e-31	1.25449	0.108239	1.19715e-25	1.13114	0.108045	0.59571	-0.0899458	0.169523	0.0859235	-0.313088	0.182313	3.7661e-23	1.79159	0.180786	0	0	3.03335e-35
102	rs1	1:1	2:0.42225	rs2	1:2	2:0.4245	0	1000	1	1.3802e-23	1.05255	0.105152	1.04573e-35	1.33366	0.106922	0.108147	-0.286071	0.178062	0.666552	0.0704535	0.163509	2.59837e-23	1.59862	0.160714	0	0	9.86262e-32
103	rs1	1:1	2:0.41575	rs2	1:2	2:0.41725	0	1000	1	1.40064e-34	1.33488	0.108839	2.43372e-22	1.04913	0.107915	0.696183	-0.067376	0.172547	0.0341845	-0.389333	0.183831	1.00834e-23	1.80945	0.18021	0	0	8.80304e-36
104	rs1	1:1	2:0.40975	rs2	1:2	2:0.4175	0	1000	1	2.59841e-23	1.09798	0.110383	1.07564e-30	1.26041	0.109434	0.00613754	-0.558887	0.203948	0.966175	-0.00689895	0.162687	4.35685e-24	1.84258	0.182015	0	0	3.66656e-36
105	rs1	1:1	2:0.4165	rs2	1:2	2:0.42	0	1000	1	2.24725e-27	1.22126	0.112672	8.93874e-29	1.25169	0.112458	0.246611	-0.220217	0.190068	0.683698	-0.0720006	0.176722	4.87094e-21	1.80991	0.192299	0	0	5.15143e-33
106	rs1	1:1	2:0.4215	rs2	1:2	2:0.41925	0	1000	1	4.39996e-25	1.1339	0.109606	5.15717e-27	1.18623	0.110216	0.0174986	-0.447539	0.188353	0.00806154	-0.523546	0.197603	3.85737e-29	1.97345	0.176124	0	0	5.02074e-42
107	rs1	1:1	2:0.41125	rs2	1:2	2:0.41625	0	1000	1	1.46648e-26	1.17366	0.110037	3.81278e-25	1.14335	0.110374	0.00938815	-0.510653	0.196588	0.0100537	-0.488046	0.189608	1.56826e-27	2.0771	0.191052	0	0	6.99184e-44
108	rs1	1:1	2:0.4305	rs2	1:2	2:0.4315	0	1000	1	3.08892e-32	1.23524	0.104507	6.03604e-30	1.19424	0.105053	0.58789	-0.0903574	0.166743	0.156283	-0.252937	0.178415	7.53819e-25	1.73147	0.16821	0	0	3.36509e-36
109	rs1	1:1	2:0.422	rs2	1:2	2:0.42525	0	1000	1	3.75718e-30	1.23286	0.108057	8.13311e-26	1.13529	0.108064	0.0628895	-0.348909	0.187588	0.0170311	-0.454116	0.190322	1.53534e-27	1.9592	0.180175	0	0	5.75206e-42
110	rs1	1:1	2:0.41325	rs2	1:2	2:0.40925	0	1000	1	6.88054e-26	1.11662	0.106128	7.41632e-31	1.23547	0.106971	0.35264	-0.157368	0.169307	0.721845	-0.0603609	0.169556	5.01774e-23	1.61321	0.163259	0	0	7.78266e-32
111	rs1	1:1	2:0.426	rs2	1:2	2:0.42675	0	1000	1	8.67693e-33	1.27515	0.106923	2.7975e-25	1.09818	0.105711	0.266374	-0.195817	0.176182	0.0413085	-0.37095	0.181801	2.11146e-26	1.80746	0.169999	0	0	2.78491e-38
112	rs1	1:1	2:0.427	rs2	1:2	2:0.42575	0	1000	1	2.39562e-31	1.26765	0.108845	3.28808e-24	1.08701	0.107087	0.025425	-0.423056	0.189297	0.00228316	-0.606995	0.19897	7.94837e-29	2.08813	0.187432	0	0	6.70699e-46
113	rs1	1:1	2:0.41375	rs2	1:2	2:0.4195	0	1000	1	3.53754e-25	1.18717	0.114524	2.52524e-29	1.28086	0.113931	0.0412286	-0.41916	0.205347	0.458814	-0.134765	0.181918	6.00418e-23	1.90607	0.193249	0	0	1.29415e-34
114	rs1	1:1	2:0.4165	rs2	1:2	2:0.41475	0	1000	1	2.11293e-32	1.23039	0.103817	1.87725e-22	1.02309	0.104952	0.0839331	-0.289489	0.167498	4.25245e-05	-0.836434	0.204341	6.55394e-30	2.12104	0.186698	0	0	1.58225e-49
115	rs1	1:1	2:0.4115	rs2	1:2	2:0.42525	0	1000	1	6.26233e-29	1.17504	0.105272	3.01651e-27	1.12752	0.104283	0.0198164	-0.449116	0.192769	0.372215	-0.141863	0.15898	6.77435e-27	1.75911	0.163826	0	0	9.01717e-38
116	rs1	1:1	2:0.40975	rs2	1:2	2:0.408	0	1000	1	7.99485e-21	1.00772	0.107666	6.18142e-33	1.30372	0.109061	0.0194651	-0.432309	0.185024	0.634795	-0.0812634	0.171085	1.93833e-24	1.80161	0.17659	0	0	7.76721e-37
117	rs1	1:1	2:0.40975	rs2	1:2	2:0.413	0	1000	1	7.66569e-36	1.33406	0.106743	4.438e-21	1.00002	0.10614	0.900113	-0.0206205	0.164282	0.00950348	-0.483245	0.186337	2.61906e-24	1.84408	0.181273	0	0	1.80205e-38
118	rs1	1:1	2:0.42125	rs2	1:2	2:0.4215	0	1000	1	2.26623e-32	1.30468	0.11014	1.37593e-26	1.15827	0.108533	0.889045	0.0242675	0.173945	0.604022	-0.0903207	0.174154	3.0696e-21	1.57954	0.166965	0	0	5.64012e-29
119	rs1	1:1	2:0.41975	rs2	1:2	2:0.423	0	1000	1	3.00603e-26	1.09236	0.103061	6.06244e-30	1.1863	0.104358	0.0277662	-0.390979	0.177671	0.0829488	-0.300067	0.173066	1.01279e-28	1.79501	0.161435	0	0	1.4932e-40
120	rs1	1:1	2:0.4165	rs2	1:2	2:0.4085	0	1000	1	2.38471e-24	1.0836	0.106422	9.79869e-30	1.20519	0.106413	0.03615	-0.366809	0.175068	0.0825491	-0.313227	0.180422	5.20321e-27	1.84318	0.171268	0	0	1.37647e-39
121	rs1	1:1	2:0.42	rs2	1:2	2:0.41725	0	1000	1	3.31299e-23	1.07107	0.10794	5.09741e-31	1.2481	0.107764	0.00987808	-0.48944	0.1897	0.195349	-0.229514	0.177242	3.24083e-27	1.87348	0.173382	0	0	3.39964e-40
122	rs1	1:1	2:0.42275	rs2	1:2	2:0.437	0	1000	1	2.69838e-29	1.28609	0.114456	4.51999e-24	1.15701	0.114333	0.0446069	-0.429382	0.213799	0.135652	-0.275101	0.184362	1.34976e-25	1.8829	0.180048	0	0	3.68439e-36
123	rs1	1:1	2:0.41325	rs2	1:2	2:0.41275	0	1000	1	9.0911e-35	1.34861	0.109646	1.14885e-21	1.02864	0.10757	0.533735	-0.108866	0.174937	0.0158527	-0.454642	0.188469	4.36507e-23	1.93452	0.1955	0	0	1.60178e-38
124	rs1	1:1	2:0.426	rs2	1:2	2:0.42825	0	1000	1	1.09541e-32	1.29402	0.108682	5.99311e-28	1.18555	0.108177	0.603937	-0.0918049	0.176974	0.329156	-0.172892	0.177177	1.23633e-22	1.74985	0.178728	0	0	8.41691e-34
125	rs1	1:1	2:0.42225	rs2	1:2	2:0.4285	0	1000	1	9.00757e-29	1.256	0.112853	1.113e-25	1.17975	0.112614	0.109251	-0.315124	0.196759	0.129415	-0.282574	0.186344	6.38053e-25	1.85552	0.17998	0	0	7.20387e-36
126	rs1	1:1	2:0.427	rs2	1:2	2:0.432	0	1000	1	3.30641e-26	1.16862	0.110349	2.95936e-29	1.24622	0.110989	0.00662155	-0.555495	0.20458	0.0611401	-0.350599	0.187237	1.85563e-27	2.02861	0.186855	0	0	7.35048e-42
127	rs1	1:1	2:0.419	rs2	1:2	2:0.4185	0	1000	1	5.43768e-25	1.1105	0.107555	3.23887e-33	1.29813	0.108108	0.206616	-0.223582	0.177035	0.997211	0.000589968	0.168762	1.44608e-22	1.65629	0.169447	0	0	7.17213e-32
128	rs1	1:1	2:0.40925	rs2	1:2	2:0.4145	0	1000	1	1.13666e-26	1.16408	0.108897	2.33889e-27	1.17164	0.10813	0.083885	-0.325211	0.188138	0.545902	-0.100501	0.166417	3.83593e-24	1.74146	0.171814	0	0	3.49668e-35
129	rs1	1:1	2:0.428	rs2	1:2	2:0.429	0	1000	1	1.38113e-34	1.39311	0.113576	2.35199e-22	1.08684	0.111754	0.169531	-0.266259	0.193825	0.00780868	-0.539221	0.202697	5.61557e-25	2.05575	0.199166	0	0	1.13287e-39
130	rs1	1:1	2:0.4225	rs2	1:2	2:0.41625	0	1000	1	1.04824e-24	1.13961	0.111054	1.28059e-28	1.22547	0.110421	0.0534013	-0.356533	0.184573	0.063873	-0.355239	0.191703	3.08443e-26	1.8875	0.17812	0	0	3.46164e-38
131	rs1	1:1	2:0.417	rs2	1:2	2:0.42075	0	1000	1	3.73438e-33	1.28717	0.107301	1.28865e-22	1.04533	0.106815	0.135068	-0.26943	0.180291	0.00535168	-0.527846	0.189527	1.56981e-27	1.94884	0.179256	0	0	3.54585e-42
132	rs1	1:1	2:0.424	rs2	1:2	2:0.42875	0	1000	1	4.65084e-33	1.31589	0.109861	2.18849e-24	1.11763	0.109675	0.204785	-0.234911	0.185256	0.0202218	-0.444058	0.191222	4.07614e-25	1.96927	0.190221	0	0	6.91933e-40
133	rs1	1:1	2:0.4125	rs2	1:2	2:0.42175	0	1000	1	4.94189e-30	1.25044	0.109828	6.88708e-29	1.22093	0.109466	0.862656	-0.0307347	0.177663	0.722538	0.0585242	0.164825	8.22328e-20	1.58176	0.173625	0	0	2.64461e-28
134	rs1	1:1	2:0.4255	rs2	1:2	2:0.42225	0	1000	1	4.22419e-39	1.40479	0.107391	1.48996e-21	1.02972	0.107987	0.194036	0.20274	0.156106	0.0116958	-0.500678	0.198588	3.14971e-23	1.69575	0.170808	0	0	6.69434e-33
135	rs1	1:1	2:0.418	rs2	1:2	2:0.42525	0	1000	1	6.76209e-31	1.27148	0.110013	1.10923e-27	1.17362	0.107637	0.146907	-0.279103	0.192413	0.544557	-0.101378	0.167307	6.86461e-23	1.82058	0.184833	0	0	2.03254e-35
136	rs1	1:1	2:0.40225	rs2	1:2	2:0.41375	0	1000	1	1.00972e-32	1.31343	0.11025	4.39253e-21	1.0226	0.108524	0.624999	-0.0883263	0.180708	0.201958	-0.217102	0.170144	4.18671e-23	1.64184	0.165852	0	0	1.4199e-31
137	rs1	1:1	2:0.41475	rs2	1:2	2:0.41225	0	1000	1	4.50937e-20	0.989835	0.107882	3.38407e-38	1.41704	0.109661	0.0460415	-0.368562	0.184742	0.555523	0.0986592	0.16736	7.29858e-22	1.75494	0.182628	0	0	5.62712e-34
138	rs1	1:1	2:0.4165	rs2	1:2	2:0.40925	0	1000	1	4.77006e-21	0.980431	0.104145	5.49197e-36	1.3187	0.105291	0.0335655	-0.367346	0.172848	0.857133	-0.0295923	0.164378	9.42767e-25	1.72251	0.167691	0	0	1.25046e-36
139	rs1	1:1	2:0.41175	rs2	1:2	2:0.4145	0	1000	1	4.21437e-27	1.20579	0.11184	6.1563e-30	1.25995	0.11085	0.475011	-0.130821	0.183133	0.742	0.0553197	0.16804	8.87434e-20	1.67094	0.183581	0	0	1.79362e-29
140	rs1	1:1	2:0.41625	rs2	1:2	2:0.41175	0	1000	1	1.02834e-27	1.16761	0.107018	8.49452e-28	1.18492	0.108432	0.365583	-0.151495	0.167439	0.0654345	-0.344377	0.18693	2.33984e-24	1.81322	0.178048	0	0	9.43068e-37
141	rs1	1:1	2:0.4205	rs2	1:2	2:0.4175	0	1000	1	2.73982e-25	1.12159	0.107944	8.23318e-34	1.31538	0.108526	0.237588	-0.208048	0.176157	0.890328	-0.0237031	0.171899	5.50559e-22	1.73185	0.179683	0	0	2.57749e-33
142	rs1	1:1	2:0.415	rs2	1:2	2:0.4175	0	1000	1	7.34523e-31	1.22151	0.105755	6.86966e-25	1.07801	0.104636	0.0378587	-0.379409	0.182726	0.0158638	-0.433839	0.179864	7.4383e-28	1.96079	0.179235	0	0	8.22866e-44
143	rs1	1:1	2:0.4015	rs2	1:2	2:0.41075	0	1000	1	7.77504e-33	1.35236	0.11331	2.27274e-22	1.0812	0.111134	0.601818	0.0927849	0.177821	0.954073	-0.0095536	0.165881	1.27762e-18	1.55379	0.176413	0	0	9.84571e-27
144	rs1	1:1	2:0.41575	rs2	1:2	2:0.4205	0	1000	1	5.7979e-31	1.23814	0.107006	9.85238e-29	1.17213	0.105392	0.595761	-0.0923706	0.174118	0.953009	-0.00944952	0.160356	8.34874e-22	1.63358	0.170244	0	0	3.61114e-32
145	rs1	1:1	2:0.422	rs2	1:2	2:0.421	0	1000	1	5.59647e-28	1.16222	0.105989	1.11792e-25	1.12357	0.107255	0.0150551	-0.440257	0.181097	0.000520257	-0.694883	0.200248	1.56894e-30	2.09843	0.18271	0	0	4.38731e-48
146	rs1	1:1	2:0.4195	rs2	1:2	2:0.42125	0	1000	1	1.42413e-31	1.26647	0.108333	9.9561e-27	1.1582	0.108223	0.584211	-0.0947123	0.173071	0.135348	-0.271871	0.182055	2.64996e-23	1.78757	0.179745	0	0	2.50724e-35
147	rs1	1:1	2:0.421	rs2	1:2	2:0.4275	0	1000	1	4.48971e-28	1.23267	0.11221	1.91412e-25	1.15949	0.111226	0.0255916	-0.455869	0.20421	0.161673	-0.251615	0.179794	7.69845e-26	1.90155	0.180913	0	0	4.12536e-38
148	rs1	1:1	2:0.43475	rs2	1:2	2:0.438	0	1000	1	3.38691e-25	1.13221	0.109179	1.57988e-33	1.31337	0.108841	0.00124423	-0.694433	0.215092	0.190235	-0.23673	0.180726	1.32408e-28	2.01896	0.181968	0	0	1.48105e-42
149	rs1	1:1	2:0.415	rs2	1:2	2:0.4135	0	1000	1	6.2339e-30	1.22523	0.107805	1.77118e-27	1.17889	0.108545	0.952078	0.0100059	0.166495	0.59187	-0.0932372	0.173908	2.1915e-21	1.56664	0.164988	0	0	3.04959e-29
150	rs1	1:1	2:0.42725	rs2	1:2	2:0.41975	0	1000	1	6.50985e-28	1.18521	0.10822	7.66713e-27	1.16223	0.108354	0.0320852	-0.389461	0.181707	0.00118521	-0.687381	0.211997	1.57298e-28	2.12756	0.192022	0	0	1.16011e-46
151	rs1	1:1	2:0.431	rs2	1:2	2:0.423	0	1000	1	7.7486e-26	1.16808	0.111137	1.99418e-31	1.29781	0.111286	0.220588	-0.222566	0.181692	0.355386	-0.174062	0.18834	1.19163e-23	1.77312	0.176882	0	0	5.53454e-34
152	rs1	1:1	2:0.4115	rs2	1:2	2:0.41075	0	1000	1	5.0938e-30	1.24501	0.109377	9.42905e-25	1.11544	0.108591	0.815148	0.0390532	0.167044	0.457254	-0.129769	0.174567	1.08215e-21	1.53752	0.160682	0	0	2.43393e-29
153	rs1	1:1	2:0.42875	rs2	1:2	2:0.425	0	1000	1	1.72543e-28	1.20489	0.108829	1.44587e-27	1.18774	0.109174	0.0710587	-0.330446	0.183062	0.0168142	-0.469689	0.196461	3.01449e-27	1.96012	0.181289	0	0	4.85445e-41
154	rs1	1:1	2:0.43375	rs2	1:2	2:0.42725	0	1000	1	5.04731e-29	1.21067	0.108279	7.98877e-32	1.26498	0.107753	0.445698	-0.133624	0.175221	0.59152	-0.0950503	0.177123	3.44286e-23	1.68328	0.169703	0	0	7.02651e-33
155	rs1	1:1	2:0.413	rs2	1:2	2:0.42125	0	1000	1	4.51872e-34	1.32692	0.109037	3.74358e-22	1.04107	0.107572	0.285514	-0.195448	0.183001	0.0520961	-0.343048	0.176616	4.94036e-25	1.80969	0.175119	0	0	2.53035e-36
156	rs1	1:1	2:0.4075	rs2	1:2	2:0.4135	0	1000	1	1.49339e-27	1.24216	0.114206	1.41423e-25	1.18728	0.113579	0.512501	-0.123358	0.188348	0.866613	-0.0292181	0.173956	1.55563e-20	1.63653	0.176177	0	0	1.12725e-28
157	rs1	1:1	2:0.4205	rs2	1:2	2:0.41975	0	1000	1	3.80012e-28	1.14849	0.104403	4.35277e-33	1.26068	0.105204	0.524668	-0.106417	0.167279	0.820334	0.0367605	0.161859	5.07544e-22	1.58955	0.164776	0	0	2.21935e-31
158	rs1	1:1	2:0.4115	rs2	1:2	2:0.4135	0	1000	1	3.77611e-29	1.25912	0.112353	2.61677e-24	1.13336	0.111408	0.327747	-0.180024	0.183949	0.14001	-0.271647	0.184074	7.6045e-23	1.83013	0.185997	0	0	6.54585e-35
159	rs1	1:1	2:0.42875	rs2	1:2	2:0.43075	0	1000	1	5.45555e-28	1.25393	0.114328	5.7102e-29	1.26714	0.11344	0.180627	-0.265219	0.198098	0.549519	-0.109681	0.183266	1.57979e-22	1.81326	0.185676	0	0	2.59497e-33
160	rs1	1:1	2:0.428	rs2	1:2	2:0.42825	0	1000	1	8.74533e-35	1.36778	0.111176	3.7433e-23	1.08402	0.109379	0.91414	0.0189226	0.175505	0.0816885	-0.332837	0.191179	1.58305e-23	1.68892	0.168956	0	0	1.21727e-32
161	rs1	1:1	2:0.423	rs2	1:2	2:0.42175	0	1000	1	1.34358e-24	1.13508	0.110872	5.63987e-30	1.28775	0.11322	0.136048	-0.277261	0.185997	0.215044	-0.237851	0.191844	2.14614e-24	1.81152	0.177734	0	0	4.35463e-35
162	rs1	1:1	2:0.4295	rs2	1:2	2:0.43225	0	1000	1	1.63056e-30	1.24249	0.108215	1.26671e-27	1.19267	0.109505	0.396811	-0.149567	0.176515	0.0561258	-0.3658	0.191513	1.68269e-25	1.8085	0.17328	0	0	7.78822e-37
163	rs1	1:1	2:0.42075	rs2	1:2	2:0.4195	0	1000	1	2.71309e-29	1.22624	0.109134	1.92845e-24	1.12166	0.109938	0.234772	-0.210671	0.177309	0.0189079	-0.457288	0.194811	2.8728e-26	1.86316	0.175713	0	0	8.53456e-39
164	rs1	1:1	2:0.41875	rs2	1:2	2:0.42475	0	1000	1	3.13184e-23	1.10123	0.110917	1.3731e-30	1.28217	0.111526	0.0113145	-0.515538	0.203542	0.530494	-0.109495	0.174563	5.19219e-25	1.86011	0.18008	0	0	5.35031e-37
165	rs1	1:1	2:0.422	rs2	1:2	2:0.4135	0	1000	1	1.44905e-18	0.939017	0.106785	3.02998e-39	1.43382	0.109399	0.00175942	-0.594005	0.189893	0.338337	-0.174615	0.182374	4.47709e-25	2.02386	0.195665	0	0	8.7295e-42
166	rs1	1:1	2:0.4195	rs2	1:2	2:0.42125	0	1000	1	1.65693e-27	1.2392	0.114034	5.53037e-27	1.23176	0.114514	0.590046	-0.0990588	0.183861	0.47152	-0.133942	0.186029	2.84603e-21	1.71238	0.180855	0	0	1.20226e-30
167	rs1	1:1	2:0.41825	rs2	1:2	2:0.419	0	1000	1	8.36992e-30	1.22219	0.107782	1.72866e-25	1.12017	0.107354	0.414219	-0.141002	0.172693	0.104991	-0.290185	0.179002	5.68189e-25	1.69058	0.163805	0	0	3.8025e-34
168	rs1	1:1	2:0.4105	rs2	1:2	2:0.41525	0	1000	1	2.54059e-29	1.17565	0.104578	3.51261e-30	1.1938	0.10458	0.134031	-0.262684	0.17531	0.379047	-0.144601	0.164384	1.97077e-22	1.87249	0.192182	0	0	1.57399e-38
169	rs1	1:1	2:0.41325	rs2	1:2	2:0.4125	0	1000	1	1.08653e-23	1.08642	0.10828	1.19062e-27	1.16871	0.10725	0.00137075	-0.626972	0.195884	0.0351883	-0.378626	0.179769	8.20236e-29	2.03388	0.182609	0	0	2.06949e-45
170	rs1	1:1	2:0.416	rs2	1:2	2:0.42375	0	1000	1	2.18622e-30	1.24661	0.108814	6.33636e-25	1.12409	0.109027	0.192408	-0.238228	0.182762	0.0953448	-0.296462	0.177751	3.39483e-25	1.78831	0.17245	0	0	9.03809e-36
171	rs1	1:1	2:0.40825	rs2	1:2	2:0.407	0	1000	1	2.42058e-28	1.14982	0.10414	1.21722e-26	1.10222	0.103171	0.00897016	-0.465658	0.178195	0.00950816	-0.457602	0.176461	1.88477e-27	2.06036	0.189805	0	0	1.68356e-46
172	rs1	1:1	2:0.41025	rs2	1:2	2:0.41075	0	1000	1	6.90845e-28	1.19631	0.109287	9.71126e-24	1.09446	0.108961	0.064197	-0.338766	0.183036	0.0123733	-0.474194	0.189578	8.77199e-27	1.95232	0.182226	0	0	1.73699e-41
173	rs1	1:1	2:0.41775	rs2	1:2	2:0.417	0	1000	1	2.65097e-27	1.19154	0.110084	6.61553e-28	1.20589	0.110123	0.227318	-0.218179	0.180717	0.189072	-0.241205	0.183659	3.68884e-24	1.77946	0.175497	0	0	8.97305e-35
174	rs1	1:1	2:0.423	rs2	1:2	2:0.426	0	1000	1	1.26825e-29	1.23163	0.108965	5.11085e-27	1.16035	0.107802	0.106417	-0.302582	0.187415	0.150799	-0.255721	0.17799	1.47079e-25	1.83529	0.175632	0	0	5.9988e-38
175	rs1	1:1	2:0.406	rs2	1:2	2:0.4215	0	1000	1	2.1741e-29	1.23768	0.109961	7.5175e-27	1.16113	0.108234	0.127136	-0.298605	0.195743	0.928954	0.0140704	0.157808	5.40576e-22	1.71325	0.177718	0	0	2.77514e-32
176	rs1	1:1	2:0.41425	rs2	1:2	2:0.42075	0	1000	1	6.96493e-29	1.20055	0.107649	8.60555e-26	1.1438	0.10893	0.0757549	-0.326319	0.183752	0.0428244	-0.367088	0.18124	1.3397e-26	1.86873	0.175064	0	0	1.75586e-38
177	rs1	1:1	2:0.408	rs2	1:2	2:0.41375	0	1000	1	1.13208e-24	1.11149	0.108392	3.84647e-30	1.22925	0.10776	0.0192973	-0.448327	0.191614	0.479684	-0.117943	0.166866	3.43841e-24	1.87466	0.184761	0	0	6.60504e-38
178	rs1	1:1	2:0.40275	rs2	1:2	2:0.4125	0	1000	1	3.11911e-27	1.15945	0.107266	3.18417e-28	1.16668	0.105904	0.0431461	-0.378835	0.187329	0.45156	-0.121663	0.16161	1.32437e-23	1.85132	0.184875	0	0	1.23907e-37
179	rs1	1:1	2:0.42075	rs2	1:2	2:0.41175	0	1000	1	2.28719e-23	1.0844	0.108879	6.43075e-30	1.23721	0.108886	0.0339213	-0.386166	0.182067	0.117767	-0.29114	0.186125	3.35446e-26	1.88388	0.17791	0	0	6.64095e-40
180	rs1	1:1	2:0.4145	rs2	1:2	2:0.41525	0	1000	1	3.63824e-20	1.04202	0.113285	2.37917e-30	1.29211	0.112858	0.001548	-0.660185	0.208554	0.377808	-0.158263	0.179449	1.10296e-26	1.89711	0.177424	0	0	1.58743e-37
181	rs1	1:1	2:0.43125	rs2	1:2	2:0.434	0	1000	1	1.12172e-28	1.24441	0.112008	6.71634e-28	1.2218	0.111589	0.0267899	-0.445881	0.20134	0.0595801	-0.360585	0.191404	2.07573e-26	2.00275	0.188339	0	0	5.58853e-40
182	rs1	1:1	2:0.41725	rs2	1:2	2:0.4075	0	1000	1	6.14809e-18	0.954119	0.110562	6.82103e-41	1.51291	0.112979	0.0551001	-0.350979	0.182984	0.362164	0.159386	0.174909	1.64779e-19	1.78858	0.197973	0	0	1.0561e-31
183	rs1	1:1	2:0.42475	rs2	1:2	2:0.42925	0	1000	1	1.87752e-36	1.3622	0.108032	9.49832e-26	1.11447	0.106231	0.881	-0.0259261	0.173184	0.165635	-0.245715	0.177237	2.58699e-22	1.8	0.185269	0	0	1.29529e-35
184	rs1	1:1	2:0.42275	rs2	1:2	2:0.4205	0	1000	1	2.42398e-29	1.20213	0.106894	2.85217e-25	1.11166	0.107027	0.0493617	-0.349951	0.178051	0.00177693	-0.614	0.196468	2.62716e-29	2.00006	0.177959	0	0	3.52992e-44
185	rs1	1:1	2:0.4145	rs2	1:2	2:0.41525	0	1000	1	2.20491e-29	1.23855	0.110051	7.47759e-25	1.12909	0.109682	0.510618	-0.116009	0.176339	0.176262	-0.245171	0.181292	1.17576e-23	1.6963	0.169196	0	0	3.73269e-33
186	rs1	1:1	2:0.4075	rs2	1:2	2:0.4085	0	1000	1	6.42169e-30	1.22726	0.108009	4.38156e-23	1.05884	0.107009	0.43649	-0.133357	0.17138	0.0712774	-0.320961	0.177945	6.91684e-25	1.7159	0.166563	0	0	1.6108e-35
