Outcome	Var1_ID	Var1_Pos	Var1_MAF	Var2_ID	Var2_Pos	Var2_MAF	Num_Missing	Num_Cases	Converged	Red_Var1_Het_Pval	Red_Var1_Het_beta	Red_Var1_Het_SE	Red_Var1_Hom_Pval	Red_Var1_Hom_beta	Red_Var1_Hom_SE	Red_Var2_Het_Pval	Red_Var2_Het_beta	Red_Var2_Het_SE	Red_Var2_Hom_Pval	Red_Var2_Hom_beta	Red_Var2_Hom_SE	Full_Var1_Het_Pval	Full_Var1_Het_beta	Full_Var1_Het_SE	Full_Var1_Hom_Pval	Full_Var1_Hom_beta	Full_Var1_Hom_SE	Full_Var2_Het_Pval	Full_Var2_Het_beta	Full_Var2_Het_SE	Full_Var2_Hom_Pval	Full_Var2_Hom_beta	Full_Var2_Hom_SE	Full_Var1_Het_Var2_Het_Pval	Full_Var1_Het_Var2_Het_beta	Full_Var1_Het_Var2_Het_SE	Full_Var1_Het_Var2_Hom_Pval	Full_Var1_Het_Var2_Hom_beta	Full_Var1_Het_Var2_Hom_SE	Full_Var1_Hom_Var2_Het_Pval	Full_Var1_Hom_Var2_Het_beta	Full_Var1_Hom_Var2_Het_SE	Full_Var1_Hom_Var2_Hom_Pval	Full_Var1_Hom_Var2_Hom_beta	Full_Var1_Hom_Var2_Hom_SE	Red_Model_Pval	Full_Model_Pval	Overall_Pval_(LRT)
1	rs1	1:1	2:0.43175	rs2	1:2	2:0.43125	0	1000	0	0.992734	-0.00162301	0.178228	3.72358e-07	2.72515	0.536175	0.785821	-0.0484998	0.178478	7.64744e-08	2.96876	0.552302	0.89848	0.0245826	0.192682	0.589348	-0.417485	0.773434	0.70269	-0.0743388	0.194761	0.99997	-28.9156	775859	0.970527	-0.0175265	0.474368	1	-0.0245826	1.48566e+06	0.99999	-28.4238	2.19446e+06	0.999938	60.8233	780094	0	0	1
2	rs1	1:1	2:0.418	rs2	1:2	2:0.415	0	1000	0	0.815708	0.0407423	0.174808	0.000193879	1.94961	0.523124	0.701306	-0.0683345	0.178159	2.48266e-10	3.72914	0.589302	0.840816	0.0389876	0.194114	0.352335	-0.983252	1.05718	0.919227	0.0200504	0.197721	0.999968	-28.9889	731487	0.600569	-0.23136	0.441878	nan	nan	nan	0.99998	-28.0257	1.09723e+06	0.999933	61.389	736123	0	0	1
3	rs1	1:1	2:0.4185	rs2	1:2	2:0.4255	0	1000	0	0.407672	-0.148052	0.178807	7.08514e-10	3.88251	0.629851	0.215754	0.200965	0.162344	0.00058499	1.96466	0.571375	0.319398	-0.204796	0.205681	0.837695	-0.162832	0.794911	0.533667	0.112111	0.180122	0.999968	-28.9794	731487	0.556068	0.243511	0.413647	1	0.204796	1.71549e+06	0.999989	31.4771	2.19469e+06	0.999934	60.5686	736116	0	0	1
4	rs1	1:1	2:0.419	rs2	1:2	2:0.412	0	1000	0	0.481645	-0.123239	0.175141	0.0124679	1.55265	0.621403	0.766497	0.0523382	0.176247	2.15321e-10	4.90332	0.772177	0.592433	-0.102659	0.191774	0.969814	-0.030497	0.805913	0.749788	0.0620958	0.194707	0.0493181	1.50995	0.768096	0.884564	-0.0663063	0.456697	0.999989	-30.3879	2.19446e+06	0.999989	-29.0122	2.19446e+06	0.999711	29.9457	82598.4	0	0	1
5	rs1	1:1	2:0.425	rs2	1:2	2:0.4295	0	1000	0	0.128758	-0.294595	0.193938	2.66194e-08	2.90386	0.522058	0.781091	0.0489251	0.176055	1.52469e-08	2.9562	0.52241	0.321865	-0.210933	0.212927	0.796257	0.173479	0.671893	0.703934	0.072674	0.191239	0.163907	0.802087	0.576191	0.499632	-0.332619	0.492719	0.999985	-29.522	1.55172e+06	0.221939	1.71909	1.40749	0.999702	30.4994	81565.2	0	0	1
6	rs1	1:1	2:0.4155	rs2	1:2	2:0.414	0	1000	0	0.403203	0.145006	0.17347	2.47558e-06	2.40714	0.511056	0.015074	0.402491	0.165593	4.31192e-10	3.56219	0.570654	0.829757	0.0420531	0.195584	0.626888	0.286693	0.589769	0.135307	0.275843	0.184696	0.516429	0.450996	0.69506	0.296194	0.441401	0.422543	0.999989	-29.3976	2.19446e+06	0.999989	30.9387	2.19469e+06	0.999703	30.7635	82774.5	0	0	1
7	rs1	1:1	2:0.41475	rs2	1:2	2:0.41275	0	1000	0	0.457003	-0.12862	0.172925	9.74971e-07	2.6392	0.538983	0.346017	-0.167802	0.178069	6.80591e-08	2.89597	0.536666	0.529337	-0.119727	0.19034	0.450143	-0.809558	1.07201	0.430025	-0.155913	0.197571	0.677326	0.289055	0.694652	0.6453	0.19897	0.43226	0.75214	-0.419269	1.32756	0.99998	-28.1011	1.09723e+06	0.999695	31.8598	83309.5	0	0	1
8	rs1	1:1	2:0.41925	rs2	1:2	2:0.41275	0	1000	0	0.45654	-0.129888	0.17445	0.000400673	1.9738	0.557626	0.2387	0.201285	0.170835	4.36771e-10	3.84977	0.616922	0.555685	-0.114018	0.193492	0.999968	-28.9767	731682	0.295832	0.198877	0.190238	0.599059	-0.569493	1.08319	0.962974	-0.020046	0.431823	0.199255	1.90578	1.48462	0.999968	29.307	731682	0.999934	60.9714	736349	0	0	1
9	rs1	1:1	2:0.41575	rs2	1:2	2:0.41225	0	1000	0	0.254207	0.190145	0.166766	0.00010492	2.37516	0.612324	0.459811	-0.132016	0.178603	8.30711e-08	3.5845	0.668709	0.177936	0.243039	0.180411	0.867425	0.13698	0.820581	0.79019	-0.0522623	0.196428	0.704073	0.319301	0.840647	0.62279	-0.223696	0.454759	0.999985	-29.5296	1.55172e+06	0.999982	-29.052	1.26697e+06	0.999702	30.9822	82892.5	0	0	1
10	rs1	1:1	2:0.413	rs2	1:2	2:0.42175	0	1000	0	0.0933137	-0.321765	0.191736	0.00144734	1.5225	0.478018	0.0649588	0.292336	0.158401	7.20437e-14	4.144	0.553707	0.487013	-0.143497	0.20645	0.999962	-28.9606	609058	0.0696753	0.308948	0.170312	0.888001	-0.157886	1.12107	0.536083	-0.291588	0.471256	0.959766	-0.0796466	1.5788	0.999962	29.1869	609058	0.999921	60.5498	614673	0	0	1
11	rs1	1:1	2:0.41375	rs2	1:2	2:0.4205	0	1000	0	0.736287	0.0589264	0.174973	6.02006e-09	2.96735	0.510186	0.495433	0.1158	0.169871	3.31538e-08	2.64945	0.479634	0.654627	0.086435	0.193219	0.999967	-28.9533	694155	0.549717	0.111757	0.186827	0.213877	0.63908	0.514154	0.739881	-0.146898	0.44245	0.999985	-29.6832	1.55172e+06	0.999965	30.0868	694155	0.999932	59.7623	699073	0	0	1
12	rs1	1:1	2:0.4255	rs2	1:2	2:0.41825	0	1000	0	0.0960106	-0.298574	0.179377	8.94172e-06	2.65832	0.598545	0.131542	-0.280777	0.186186	3.95707e-07	3.16622	0.624376	0.0842591	-0.340302	0.197106	0.679751	0.286802	0.694767	0.0849028	-0.359825	0.208846	0.795535	0.217809	0.840542	0.291874	0.47325	0.448996	0.999982	-28.9463	1.26697e+06	0.999985	-28.9958	1.55172e+06	0.999701	30.8324	82307.5	0	0	1
13	rs1	1:1	2:0.4235	rs2	1:2	2:0.42225	0	1000	0	0.172264	-0.246209	0.180378	0.000304471	1.82809	0.50619	0.105355	0.266464	0.164542	4.43e-12	3.91277	0.565206	0.931474	0.0162423	0.188885	0.33637	-1.0116	1.05226	0.0121275	0.439013	0.175016	0.114294	1.06784	0.676198	0.0249645	-1.30434	0.581787	0.999978	-29.996	1.09723e+06	0.999982	-28.3393	1.26697e+06	0.999696	31.4376	82423.5	0	0	1
14	rs1	1:1	2:0.4245	rs2	1:2	2:0.42475	0	1000	0	0.779932	-0.049049	0.175546	0.000223054	1.87344	0.507519	0.520254	0.108774	0.169178	7.40347e-12	3.89233	0.568253	0.963523	-0.00885693	0.193668	0.999968	-28.9242	730963	0.395688	0.158348	0.186435	0.542434	0.423455	0.695173	0.716244	-0.159671	0.439281	0.908547	0.163008	1.41905	0.999969	28.6504	730963	0.999935	59.9744	735563	0	0	1
15	rs1	1:1	2:0.41425	rs2	1:2	2:0.419	0	1000	0	0.70025	0.0663734	0.172406	0.000255809	2.03131	0.555553	0.606699	0.0839074	0.162993	6.78425e-10	4.23233	0.685838	0.433784	0.145807	0.186279	0.427444	0.565065	0.712051	0.279128	0.189276	0.174886	0.749203	-0.351225	1.09864	0.176866	-0.686308	0.508201	0.999988	31.6665	2.19469e+06	0.932849	0.098406	1.16787	0.9997	31.2473	83011	0	0	1
16	rs1	1:1	2:0.434	rs2	1:2	2:0.43	0	1000	0	0.920877	0.0175168	0.176351	4.27025e-15	3.79531	0.48368	0.841499	0.0371704	0.185873	3.4931e-05	1.75811	0.424801	0.852285	0.0355041	0.190674	0.999965	-28.8985	661850	0.660667	0.08832	0.201188	0.999955	-28.9028	517309	0.312893	-0.521012	0.516278	0.999953	30.1749	517309	0.999964	30.1177	661850	0.999916	89.3118	843929	0	0	1
17	rs1	1:1	2:0.40725	rs2	1:2	2:0.40875	0	1000	0	0.965188	-0.0075211	0.172326	6.17372e-11	3.6974	0.565397	0.0531438	0.319616	0.165283	7.74476e-05	1.98422	0.50206	0.873985	0.0310269	0.195632	0.713256	-0.288783	0.785831	0.116374	0.291036	0.185352	0.612761	-0.394143	0.778729	0.846358	-0.0786286	0.405788	0.999982	-28.6245	1.26697e+06	nan	nan	nan	0.999694	32.1011	83611.2	0	0	1
18	rs1	1:1	2:0.422	rs2	1:2	2:0.4255	0	1000	0	0.101909	-0.307558	0.188032	7.32e-13	4.77029	0.665005	0.808186	-0.0431423	0.177711	0.00444963	1.48947	0.523651	0.373315	-0.183088	0.205652	0.0305987	1.46144	0.675888	0.755047	0.0596425	0.191168	0.835278	0.139685	0.671766	0.217372	-0.630687	0.51128	0.999985	-28.9212	1.55172e+06	0.999989	-30.4857	2.19446e+06	0.999709	29.8401	81905.3	0	0	1
19	rs1	1:1	2:0.4305	rs2	1:2	2:0.42325	0	1000	0	0.605687	-0.0946179	0.183283	0.0809636	0.848142	0.486007	0.42407	0.141683	0.177241	9.69531e-17	5.71037	0.687296	0.639183	-0.0956898	0.204099	0.818402	-0.148334	0.646048	0.399164	0.165324	0.196087	0.17997	1.03032	0.768411	0.811884	-0.109754	0.461158	nan	nan	nan	0.999985	-28.9019	1.55172e+06	0.999699	30.6389	81285	0	0	1
20	rs1	1:1	2:0.415	rs2	1:2	2:0.41875	0	1000	0	0.209823	-0.239967	0.191353	0.000117809	1.92415	0.499695	0.0786671	0.293906	0.167137	9.50295e-12	3.82585	0.561482	0.512394	-0.13812	0.210833	0.766488	-0.23343	0.786035	0.0313856	0.387631	0.180114	0.982297	0.0178842	0.805976	0.404364	-0.39593	0.47482	0.637087	0.697736	1.47896	0.999979	-29.0864	1.09723e+06	0.999693	31.6891	82423.5	0	0	1
21	rs1	1:1	2:0.4155	rs2	1:2	2:0.4155	0	1000	0	0.42364	-0.142325	0.177879	3.13209e-09	3.98067	0.671897	0.788179	0.0466069	0.173469	0.000329565	2.10129	0.585175	0.334764	-0.187796	0.194695	0.483188	0.499082	0.71177	0.992899	0.0016792	0.188669	0.889141	0.0936167	0.671611	0.849156	0.0904913	0.475781	nan	nan	nan	nan	nan	nan	0.999703	30.8024	82715.7	0	0	1
22	rs1	1:1	2:0.43775	rs2	1:2	2:0.431	0	1000	0	0.769271	-0.0524358	0.178761	3.18159e-07	2.83301	0.55415	0.095318	0.290305	0.174045	3.38692e-08	3.18307	0.576626	0.887934	0.0273498	0.194083	0.890355	-0.108452	0.786708	0.0618936	0.354172	0.189695	0.990641	0.00933133	0.795486	0.245806	-0.566346	0.487979	0.99999	-28.844	2.19446e+06	0.208464	1.84305	1.4653	0.999687	31.6976	80842.6	0	0	1
23	rs1	1:1	2:0.419	rs2	1:2	2:0.41275	0	1000	0	0.247105	-0.203838	0.176116	3.44324e-09	4.05866	0.686868	0.63444	-0.08628	0.181456	0.000967747	1.98058	0.600223	0.303813	-0.196148	0.190751	0.368097	0.661302	0.734744	0.73651	-0.0662464	0.196882	0.787545	-0.214167	0.79468	0.813388	-0.116075	0.491724	0.99999	-28.6205	2.19446e+06	0.999989	-29.6258	2.19446e+06	0.999701	30.9279	82657	0	0	1
24	rs1	1:1	2:0.4245	rs2	1:2	2:0.42475	0	1000	0	0.528734	-0.111782	0.177449	5.41532e-11	3.92512	0.598429	0.949938	0.0110805	0.176485	4.82539e-05	2.08914	0.514069	0.846438	-0.0377612	0.194982	0.42114	0.572799	0.712043	0.8899	0.0268824	0.194194	0.263995	0.706331	0.632347	0.76347	-0.136868	0.454821	0.999978	-29.6055	1.09723e+06	0.675772	0.666265	1.59302	0.999706	30.1897	81962.4	0	0	1
25	rs1	1:1	2:0.419	rs2	1:2	2:0.421	0	1000	0	0.222364	-0.221071	0.181166	0.000298251	2.04994	0.566779	0.125753	0.250209	0.163422	1.75144e-09	3.77978	0.627941	0.26208	-0.229965	0.205053	0.305851	-1.07726	1.05205	0.198406	0.2307	0.179378	0.999972	-28.9717	827131	0.971961	-0.0151033	0.429697	0.999971	30.427	827131	0.99999	-28.131	2.19446e+06	0.999941	61.4772	831233	0	0	1
26	rs1	1:1	2:0.428	rs2	1:2	2:0.42425	0	1000	0	0.140151	0.249562	0.169169	6.417e-10	3.1922	0.516551	0.667786	0.0772698	0.180037	1.9727e-07	2.54685	0.4896	0.290994	0.19853	0.188012	0.826769	-0.172088	0.786342	0.668689	0.0867733	0.202766	0.835285	-0.134348	0.646126	0.955489	-0.0237556	0.425611	nan	nan	nan	0.999985	-28.7856	1.55172e+06	0.999689	31.8413	81621.6	0	0	1
27	rs1	1:1	2:0.40775	rs2	1:2	2:0.4095	0	1000	0	0.183389	-0.241462	0.181497	1.76279e-05	2.79718	0.651568	0.421114	0.132744	0.165004	5.75841e-06	3.1153	0.686936	0.430126	-0.157206	0.199253	0.791504	0.180206	0.681672	0.498304	0.121846	0.179937	0.999979	-29.0419	1.09723e+06	0.721215	-0.161729	0.45323	1	0.157206	1.67605e+06	0.999989	31.0619	2.19469e+06	0.999956	60.2256	1.10041e+06	0	0	1
28	rs1	1:1	2:0.41825	rs2	1:2	2:0.4125	0	1000	0	0.974416	0.00542855	0.169272	1.14081e-07	2.75767	0.520047	0.234157	-0.218372	0.18355	1.60197e-07	2.72342	0.519693	0.981555	0.00418973	0.181217	0.559338	-0.454676	0.778788	0.234974	-0.238267	0.200622	0.656692	-0.349316	0.785889	0.775321	0.136076	0.476752	0.999982	-28.703	1.26697e+06	0.999985	-28.3552	1.55172e+06	0.999691	32.1616	83011	0	0	1
29	rs1	1:1	2:0.42575	rs2	1:2	2:0.42925	0	1000	0	0.711835	-0.0653048	0.17679	1.5121e-12	4.19555	0.593147	0.7336	0.0598152	0.175751	2.17e-05	1.98771	0.468067	0.561799	-0.115953	0.19986	0.766667	-0.326024	1.0987	0.889814	0.0271725	0.196136	0.188046	0.677278	0.5145	0.760224	0.132503	0.43417	0.633798	0.722089	1.51576	0.169128	2.27541	1.65483	0.999696	31.1351	81734.7	0	0	1
30	rs1	1:1	2:0.42775	rs2	1:2	2:0.428	0	1000	0	0.00586573	-0.530745	0.192634	5.56252e-05	1.9098	0.47382	0.80705	-0.0421008	0.17238	6.66166e-13	3.80539	0.529542	0.043906	-0.419398	0.208139	0.853269	-0.121438	0.656602	0.906394	-0.0218635	0.185932	0.157826	0.954701	0.675932	0.723229	-0.172653	0.48752	0.963801	-0.0506059	1.11504	0.999985	-28.8817	1.55172e+06	0.999703	30.5475	82134.4	0	0	1
31	rs1	1:1	2:0.42675	rs2	1:2	2:0.42725	0	1000	0	0.189043	0.230416	0.175433	3.24865e-12	3.58192	0.514161	0.660115	-0.081412	0.185131	9.28258e-06	2.12296	0.478873	0.539108	0.119997	0.195384	0.76178	0.203696	0.671945	0.239712	-0.249235	0.211987	0.341768	-1.00028	1.05217	0.0766941	0.77762	0.439284	0.99998	-28.0203	1.09723e+06	0.269407	1.34785	1.2204	0.999683	32.3018	81396.7	0	0	1
32	rs1	1:1	2:0.4065	rs2	1:2	2:0.405	0	1000	0	0.079034	0.284132	0.161777	2.61487e-05	3.17761	0.755737	0.520722	-0.110394	0.17189	0.000250725	2.77075	0.756721	0.0349619	0.375377	0.178005	0.940024	-0.0606246	0.805759	0.688007	-0.0778962	0.193984	0.999979	-29.0108	1.09723e+06	0.493357	-0.283998	0.414608	1	-0.375377	1.67605e+06	nan	nan	nan	0.999956	60.4664	1.10044e+06	0	0	1
33	rs1	1:1	2:0.422	rs2	1:2	2:0.419	0	1000	0	0.260717	0.193906	0.172407	2.9942e-05	2.0185	0.4836	0.31209	-0.184476	0.182497	1.36946e-11	3.8376	0.567599	0.133608	0.277777	0.185181	0.919499	0.0670555	0.663489	0.544977	-0.122	0.201552	0.673081	0.354738	0.840764	0.567103	-0.271043	0.473583	0.999981	-29.5644	1.26697e+06	0.8657	0.227361	1.34435	0.999699	31.0521	82192	0	0	1
34	rs1	1:1	2:0.409	rs2	1:2	2:0.40975	0	1000	0	0.321125	0.16892	0.170256	9.80729e-09	3.59559	0.627061	0.21861	-0.224063	0.182131	0.000171437	2.1962	0.584442	0.905262	0.0224729	0.188821	0.37872	0.646627	0.73459	0.143866	-0.297834	0.203781	0.276272	-1.14513	1.0518	0.15503	0.621884	0.437335	nan	nan	nan	0.999981	-29.3942	1.26697e+06	0.999695	31.8589	83249.5	0	0	1
35	rs1	1:1	2:0.40175	rs2	1:2	2:0.40475	0	1000	0	0.380315	-0.155273	0.176986	1.53833e-09	3.11044	0.514948	0.43605	-0.135082	0.173432	2.72204e-06	2.28736	0.487633	0.188096	-0.258274	0.196222	0.816292	0.138607	0.596629	0.225063	-0.231313	0.190667	0.610219	-0.331397	0.650102	0.32144	0.445873	0.449694	0.99999	-28.5583	2.19446e+06	0.999989	-29.0553	2.19446e+06	0.999703	31.4506	84411.3	0	0	1
36	rs1	1:1	2:0.42875	rs2	1:2	2:0.43025	0	1000	0	0.719337	-0.066992	0.186428	2.59745e-09	4.17184	0.700536	0.00635381	0.468878	0.171817	6.25863e-05	2.37548	0.593449	0.692672	-0.0855761	0.216522	0.0141088	2.13643	0.87042	0.009584	0.490914	0.189507	0.531007	0.526991	0.841208	0.694029	0.168905	0.429354	0.635187	0.596402	1.25707	0.99998	-31.387	1.26697e+06	0.999714	28.9828	80842.6	0	0	1
37	rs1	1:1	2:0.418	rs2	1:2	2:0.42325	0	1000	0	0.386948	0.150376	0.173812	3.24609e-06	2.7067	0.581511	0.18762	0.218812	0.166062	4.03157e-08	3.31858	0.604537	0.168707	0.262593	0.190787	0.59941	0.358398	0.682339	0.142612	0.26659	0.181832	0.0988386	1.11608	0.676205	0.422085	-0.353107	0.43984	0.999981	-30.2423	1.26697e+06	0.999989	-29.4887	2.19446e+06	0.999709	30.0676	82307.5	0	0	1
38	rs1	1:1	2:0.42525	rs2	1:2	2:0.42125	0	1000	0	0.00346612	-0.574364	0.196494	0.000193323	2.55025	0.684156	0.827166	-0.0391484	0.179302	2.26536e-06	3.39637	0.718325	0.034786	-0.437427	0.207229	0.702608	-0.419408	1.09849	0.547314	0.112924	0.187647	0.57855	-0.60173	1.08322	0.118704	-1.02444	0.656594	0.99999	-27.9737	2.19446e+06	0.999982	-28.7064	1.26697e+06	0.999684	32.4141	81791.4	0	0	1
39	rs1	1:1	2:0.41675	rs2	1:2	2:0.413	0	1000	0	0.581344	0.0948195	0.171954	2.49106e-07	2.27807	0.441626	0.206722	0.212006	0.167908	1.92173e-11	3.2991	0.491534	0.405229	0.155981	0.187406	0.378832	0.480221	0.545674	0.10066	0.299941	0.182706	0.379839	-0.928546	1.05734	0.432517	-0.357315	0.455242	0.407264	1.3481	1.62672	0.474283	-0.897778	1.25471	0.999694	31.9199	83130	0	0	1
40	rs1	1:1	2:0.42325	rs2	1:2	2:0.4205	0	1000	0	0.730498	-0.0626753	0.181951	0.0329063	1.08636	0.509259	0.966556	0.00749061	0.178656	2.84304e-15	5.01644	0.635185	0.515968	-0.128256	0.197446	0.235076	-1.23977	1.04412	0.763405	-0.0585726	0.194585	0.317747	0.73431	0.734972	0.391304	0.420363	0.490359	0.690285	0.639081	1.60384	0.999986	-27.6594	1.55172e+06	0.999689	31.9535	81848.3	0	0	1
41	rs1	1:1	2:0.412	rs2	1:2	2:0.409	0	1000	0	0.123483	0.246581	0.160085	0.0016898	1.79664	0.572188	0.553368	-0.10019	0.169033	4.78014e-10	4.20692	0.675685	0.195691	0.228911	0.176912	0.935125	-0.0655973	0.805884	0.536739	-0.11859	0.19197	0.570067	0.494018	0.869823	0.638112	0.189542	0.402988	0.999985	-29.7387	1.55172e+06	0.999982	-28.8315	1.26697e+06	0.999705	30.9616	83793.8	0	0	1
42	rs1	1:1	2:0.42925	rs2	1:2	2:0.42775	0	1000	0	0.841128	-0.0352499	0.175853	1.00546e-06	2.80575	0.573707	0.945825	0.0120379	0.177158	1.43966e-07	3.01184	0.572581	0.879236	-0.0293816	0.193379	0.454043	-0.796637	1.06404	0.701157	0.0741916	0.193328	0.675083	-0.326633	0.779215	0.493813	-0.32015	0.46788	0.999988	31.8417	2.19469e+06	0.999986	-28.1976	1.55172e+06	0.999681	32.609	81508.9	0	0	1
43	rs1	1:1	2:0.41425	rs2	1:2	2:0.4115	0	1000	0	0.730834	0.0584336	0.169857	4.1629e-07	2.83234	0.559601	0.104289	-0.295644	0.182001	8.72669e-07	2.87387	0.584312	0.656097	0.0806214	0.181046	0.163823	0.822959	0.591067	0.270597	-0.214285	0.194506	0.387095	-0.920011	1.06372	0.583418	-0.282442	0.51503	0.99999	-28.2041	2.19446e+06	0.999981	-29.6521	1.26697e+06	0.999698	31.4594	83249.5	0	0	1
44	rs1	1:1	2:0.414	rs2	1:2	2:0.41325	0	1000	0	0.344267	0.155733	0.164663	2.47364e-06	2.35225	0.499385	0.756575	0.051758	0.166971	1.51856e-09	3.18416	0.526971	0.366939	0.164445	0.182267	0.253834	-1.19546	1.04765	0.884901	0.0271282	0.187402	0.817053	-0.183861	0.794776	0.903977	0.0494483	0.409886	0.930412	0.123237	1.41122	0.300554	1.67762	1.6205	0.999687	32.7847	83550.6	0	0	1
45	rs1	1:1	2:0.40925	rs2	1:2	2:0.41075	0	1000	0	0.127905	-0.273979	0.179963	1.46566e-05	2.52295	0.582158	0.324921	0.162021	0.164589	1.80179e-07	3.15308	0.604188	0.129187	-0.305947	0.201637	0.377607	-0.93847	1.06365	0.408211	0.148419	0.179457	0.377607	-0.93847	1.06365	0.865941	0.0747247	0.44264	0.180022	2.38539	1.77923	0.44762	1.23788	1.63009	0.999683	33.2208	83611.2	0	0	1
46	rs1	1:1	2:0.4165	rs2	1:2	2:0.421	0	1000	0	0.230965	0.205663	0.17169	2.45078e-08	2.85671	0.512256	0.533567	-0.108959	0.175015	1.06177e-07	2.72344	0.512327	0.0781388	0.328504	0.186482	0.943514	-0.04652	0.656568	0.87752	-0.029462	0.191171	0.749197	-0.251314	0.786098	0.214359	-0.577755	0.465306	0.999982	-29.0273	1.26697e+06	0.99999	-28.8741	2.19446e+06	0.999693	31.7535	82598.4	0	0	1
47	rs1	1:1	2:0.42425	rs2	1:2	2:0.42075	0	1000	0	0.069704	0.295297	0.162803	1.62284e-10	3.97785	0.622184	0.113755	-0.291121	0.184075	0.000220451	2.03693	0.551365	0.0563094	0.343418	0.179929	0.0464168	1.27056	0.637964	0.258847	-0.23688	0.209792	0.630447	-0.521201	1.08336	0.78898	-0.112272	0.419497	0.58855	0.755195	1.39608	0.999985	-29.966	1.55172e+06	0.999703	30.7241	82423.5	0	0	1
48	rs1	1:1	2:0.42475	rs2	1:2	2:0.4215	0	1000	0	0.503908	0.114337	0.171073	3.2269e-10	2.52848	0.402146	0.120786	-0.285757	0.184183	8.44676e-11	2.72305	0.41942	0.159141	0.257215	0.182685	0.934752	0.0472967	0.577726	0.835311	-0.0409959	0.197195	0.34376	-0.719958	0.760442	0.0335393	-1.14203	0.537282	0.999985	-28.5142	1.55172e+06	0.755421	-0.389787	1.25132	0.99969	32.1015	82540	0	0	1
49	rs1	1:1	2:0.40925	rs2	1:2	2:0.4115	0	1000	0	0.168256	0.222768	0.16168	4.49787e-12	3.61549	0.522426	0.57816	0.0928502	0.166974	4.16796e-06	2.07281	0.450334	0.283731	0.195675	0.182536	0.599066	0.365311	0.694845	0.469788	0.135503	0.187463	0.944109	-0.0401541	0.572755	0.719667	-0.143073	0.398638	0.999984	31.26	1.55188e+06	0.999985	-29.4911	1.55172e+06	0.999705	31.0903	83977.7	0	0	1
50	rs1	1:1	2:0.43525	rs2	1:2	2:0.4235	0	1000	0	0.869743	0.027668	0.168723	6.18442e-07	2.29055	0.459454	0.227935	-0.223163	0.18509	4.89435e-11	3.39033	0.515709	0.500719	-0.127161	0.188846	0.887807	-0.09264	0.656651	0.102519	-0.355004	0.217426	0.605141	-0.402795	0.779068	0.199535	0.540186	0.421073	nan	nan	nan	0.274283	1.24882	1.1423	0.999689	31.905	81848.3	0	0	1
51	rs1	1:1	2:0.41675	rs2	1:2	2:0.4155	0	1000	0	0.579202	-0.0949842	0.171281	9.92715e-08	2.98353	0.559967	0.524775	0.107049	0.168316	8.30566e-07	2.66708	0.541205	0.42196	-0.155301	0.193394	0.398334	-0.898458	1.06377	0.895737	0.0248011	0.189251	0.769109	0.200154	0.681861	0.332962	0.395192	0.408187	0.999982	-29.0668	1.26697e+06	0.403911	1.36149	1.6312	0.999692	32.0822	83130	0	0	1
52	rs1	1:1	2:0.42525	rs2	1:2	2:0.42675	0	1000	0	0.444067	0.137404	0.179533	7.83155e-06	2.71842	0.608184	0.846416	0.0348035	0.179683	4.79501e-07	3.18236	0.632131	0.539585	0.119715	0.195154	0.566254	-0.615104	1.0724	0.739646	0.064529	0.194176	0.99997	-28.8721	775859	0.988235	0.007127	0.483328	1	-0.119716	2.32758e+06	0.999982	-28.3215	1.26697e+06	0.999938	61.0209	780094	0	0	1
53	rs1	1:1	2:0.4365	rs2	1:2	2:0.43875	0	1000	0	0.626176	-0.0901397	0.185047	2.13589e-11	3.56239	0.531985	0.756987	-0.0575015	0.185824	2.88713e-06	2.23189	0.477032	0.473497	-0.147859	0.206276	0.564043	-0.618679	1.07252	0.771134	-0.0590633	0.203042	0.545599	-0.464528	0.768619	0.659752	0.205017	0.465678	0.39261	1.24647	1.45804	0.999982	-28.1979	1.26697e+06	0.999676	32.6133	80407.4	0	0	1
54	rs1	1:1	2:0.41775	rs2	1:2	2:0.40875	0	1000	0	0.306702	0.165114	0.161533	6.03854e-06	2.62693	0.580532	0.155143	0.238983	0.168109	1.41224e-07	3.16853	0.601965	0.195761	0.229574	0.177452	0.378296	-0.931558	1.05734	0.130605	0.284837	0.188419	0.987228	0.0129034	0.806048	0.441574	-0.319187	0.414777	0.999985	-29.1797	1.55172e+06	0.280994	1.91239	1.77387	0.99969	32.3872	83309.5	0	0	1
55	rs1	1:1	2:0.4185	rs2	1:2	2:0.41625	0	1000	0	0.696194	-0.0690159	0.176754	4.5168e-08	2.59337	0.474165	0.962784	0.00822205	0.176213	1.32874e-09	2.94654	0.485916	0.610373	-0.0998868	0.196033	0.868904	0.096228	0.583021	0.597899	-0.104443	0.198024	0.416696	0.501693	0.617721	0.331584	0.418341	0.430867	0.999979	-29.4099	1.09723e+06	0.999989	-28.9998	2.19446e+06	0.999703	30.7998	82774.5	0	0	1
56	rs1	1:1	2:0.41925	rs2	1:2	2:0.41325	0	1000	0	0.482291	-0.125977	0.179294	0.00119087	1.74027	0.536945	0.852172	-0.033248	0.178419	3.0674e-11	4.49128	0.676062	0.335858	-0.193064	0.20061	0.411907	0.506818	0.617662	0.540264	-0.123591	0.20181	0.385968	0.7945	0.916427	0.244253	0.505019	0.433707	0.999985	-29.6044	1.55172e+06	0.999985	-29.3862	1.55172e+06	0.999709	30.1015	82481.7	0	0	1
57	rs1	1:1	2:0.41125	rs2	1:2	2:0.4135	0	1000	0	0.220906	0.203674	0.166384	8.10947e-14	5.37285	0.719399	0.55295	0.100523	0.169417	0.141484	0.853511	0.580507	0.432764	0.146962	0.187339	0.707865	0.314998	0.84061	0.934525	0.015755	0.191775	0.999967	-28.9716	693950	0.50556	0.273641	0.411017	1	-0.146962	1.69982e+06	0.999989	31.1034	2.19469e+06	0.999931	60.0908	698904	0	0	1
58	rs1	1:1	2:0.42325	rs2	1:2	2:0.41875	0	1000	0	0.526606	0.106693	0.1685	2.28809e-15	4.15105	0.523816	0.917072	-0.0191323	0.183748	0.00030991	1.5697	0.435196	0.717279	-0.068435	0.188996	0.970097	-0.0302138	0.805977	0.396751	-0.178783	0.210969	0.476785	-0.451427	0.634488	0.0676507	0.77662	0.425003	0.99999	-28.4605	2.19446e+06	0.999985	-28.7713	1.55172e+06	0.99969	31.9071	82249.7	0	0	1
59	rs1	1:1	2:0.401	rs2	1:2	2:0.41275	0	1000	0	0.881706	0.0261124	0.175479	1.01317e-12	3.43435	0.481763	0.982721	-0.00360959	0.166666	2.77452e-06	2.00039	0.42681	0.89908	0.0246926	0.194701	0.708999	0.222763	0.596897	0.889028	-0.0253722	0.181835	0.835495	0.109434	0.526987	0.957808	-0.0234179	0.442646	0.999985	-29.198	1.55172e+06	0.999989	-29.2612	2.19446e+06	0.999706	31.0098	84162.7	0	0	1
60	rs1	1:1	2:0.4015	rs2	1:2	2:0.40325	0	1000	0	0.588942	0.090688	0.167826	0.00182847	1.62313	0.520775	0.518801	-0.109083	0.169069	7.57348e-12	4.31915	0.630866	0.909199	0.0213749	0.187419	0.694585	0.272689	0.6945	0.384457	-0.166224	0.191125	0.0467344	1.34313	0.675382	0.253297	0.469906	0.41134	0.505725	-0.937666	1.40894	0.999979	-29.1894	1.09723e+06	0.99972	29.7071	84599.3	0	0	1
61	rs1	1:1	2:0.425	rs2	1:2	2:0.42125	0	1000	0	0.132909	-0.264505	0.176017	3.04108e-11	4.99838	0.752251	0.520354	-0.11655	0.181316	0.000677259	1.73368	0.510114	0.126965	-0.298336	0.195479	0.0541805	1.47908	0.768195	0.387354	-0.174422	0.201778	0.0651459	1.03724	0.562418	0.624941	0.22379	0.45778	0.859473	-0.240661	1.35931	nan	nan	nan	0.99972	28.878	82249.7	0	0	1
62	rs1	1:1	2:0.42075	rs2	1:2	2:0.41775	0	1000	0	0.575114	-0.100574	0.179425	6.65086e-05	1.94165	0.486819	0.426026	-0.142266	0.178724	1.97441e-11	3.83505	0.571721	0.542208	-0.120628	0.19792	0.749591	-0.207639	0.650542	0.285441	-0.214373	0.200691	0.571366	-0.613104	1.08315	0.646099	0.205324	0.447144	0.999985	-28.2905	1.55172e+06	0.307168	1.60067	1.56746	0.999688	32.2023	82423.5	0	0	1
63	rs1	1:1	2:0.42025	rs2	1:2	2:0.42275	0	1000	0	0.249594	-0.211066	0.183323	4.0958e-05	2.4309	0.592613	0.291786	0.178366	0.169194	3.04511e-08	3.37751	0.609788	0.851011	-0.0373456	0.198828	0.999967	-28.941	693950	0.181343	0.245003	0.183299	0.842259	0.163325	0.82071	0.154615	-0.688689	0.483828	0.979138	0.0373456	1.42812	nan	nan	nan	0.999931	60.2425	698794	0	0	1
64	rs1	1:1	2:0.41975	rs2	1:2	2:0.4255	0	1000	0	0.222861	-0.236468	0.193992	9.30766e-09	3.52378	0.61359	0.128977	0.259627	0.171015	1.79421e-05	2.44292	0.569568	0.417711	-0.172635	0.213026	0.950041	0.0505081	0.806129	0.0938804	0.305755	0.18251	0.397874	-0.893954	1.0574	0.364165	-0.472076	0.520219	0.18224	2.36986	1.77665	0.562662	0.947008	1.6359	0.999684	32.3496	81621.6	0	0	1
65	rs1	1:1	2:0.41525	rs2	1:2	2:0.41875	0	1000	0	0.323923	0.170643	0.172991	1.45792e-05	2.59437	0.598476	0.118501	-0.286292	0.183392	1.10794e-07	3.29951	0.621603	0.365754	0.171657	0.189791	0.824985	-0.175744	0.794726	0.0931835	-0.349188	0.207994	0.143939	0.987407	0.675714	0.598821	0.230628	0.438376	0.999981	-30.1514	1.26697e+06	0.99999	-28.4674	2.19446e+06	0.999704	30.6018	82540	0	0	1
66	rs1	1:1	2:0.42125	rs2	1:2	2:0.416	0	1000	0	0.453896	-0.12894	0.172165	2.42271e-05	2.66316	0.630798	0.588316	-0.0954183	0.176283	5.41962e-07	3.31656	0.661878	0.540733	-0.115425	0.188694	0.630256	0.334492	0.694879	0.676179	-0.0813719	0.194817	0.492408	0.488643	0.711805	0.801852	-0.113068	0.450559	0.999989	-29.3943	2.19446e+06	0.999989	-29.2742	2.19446e+06	0.999705	30.5616	82715.7	0	0	1
67	rs1	1:1	2:0.4125	rs2	1:2	2:0.4075	0	1000	0	0.262646	0.19093	0.170449	0.00810672	1.49754	0.565624	0.336415	0.166691	0.173407	1.46177e-11	4.5819	0.678634	0.419775	0.15074	0.186834	0.439114	-0.823022	1.06376	0.433674	0.15026	0.191922	0.747923	-0.353019	1.09845	0.625817	0.217821	0.446699	0.99999	-28.7442	2.19446e+06	0.999982	-28.2737	1.26697e+06	0.999686	32.6354	82892.5	0	0	1
68	rs1	1:1	2:0.41325	rs2	1:2	2:0.4165	0	1000	0	0.518489	-0.111283	0.172351	0.000314316	1.71356	0.475566	0.713641	0.0594789	0.162081	1.68467e-12	3.78824	0.536701	0.296284	-0.20197	0.193378	0.167403	-1.43707	1.0409	0.823077	-0.0401581	0.179606	0.82924	0.147053	0.681826	0.256879	0.469225	0.413852	0.999985	-29.0201	1.55172e+06	0.999986	-27.5978	1.55172e+06	0.999689	32.6208	83611.2	0	0	1
69	rs1	1:1	2:0.41825	rs2	1:2	2:0.42625	0	1000	0	0.239303	-0.232458	0.197546	0.000665219	1.99971	0.587541	0.837391	-0.0362243	0.176504	1.43802e-09	3.98971	0.65933	0.556198	-0.124424	0.211427	0.99997	-28.9513	775640	0.952021	-0.0114008	0.189479	0.518913	0.561118	0.869922	0.675096	-0.219347	0.523296	0.999982	-29.3853	1.26697e+06	0.99997	29.5238	775640	0.999939	59.8474	779917	0	0	1
70	rs1	1:1	2:0.4175	rs2	1:2	2:0.41975	0	1000	0	0.149128	-0.258308	0.179055	1.87822e-05	2.68389	0.62724	0.626178	-0.0844615	0.173392	2.74337e-07	3.20514	0.623535	0.331324	-0.187667	0.193183	0.56843	-0.617825	1.08321	0.880159	0.0278555	0.184757	0.221602	0.703931	0.575916	0.181305	-0.720377	0.538903	0.999989	30.8606	2.19469e+06	0.999985	-28.439	1.55172e+06	0.999698	31.2907	82774.5	0	0	1
71	rs1	1:1	2:0.41525	rs2	1:2	2:0.4135	0	1000	0	0.580241	0.0940767	0.17011	3.72556e-05	2.21838	0.537936	0.500833	-0.118224	0.17562	2.43006e-09	3.58168	0.600339	0.48938	0.128442	0.185799	0.741224	0.225172	0.681857	0.836084	-0.0399358	0.193015	0.953728	-0.0467618	0.805887	0.551822	-0.2688	0.45174	0.999989	-29.0786	2.19446e+06	0.999982	-29.1821	1.26697e+06	0.9997	31.2305	83011	0	0	1
72	rs1	1:1	2:0.422	rs2	1:2	2:0.421	0	1000	0	0.760052	0.0502877	0.164655	9.91291e-21	4.53708	0.485926	0.385537	0.148455	0.171083	0.00842456	1.02406	0.388703	0.644524	0.0854622	0.18523	0.70599	0.257312	0.682079	0.419713	0.154455	0.191413	0.137856	-1.53445	1.03412	0.9605	-0.0203451	0.410795	0.683505	0.607685	1.49057	0.924851	0.133227	1.41243	0.999685	32.7182	82892.5	0	0	1
73	rs1	1:1	2:0.41375	rs2	1:2	2:0.4155	0	1000	0	0.21667	0.211719	0.171373	3.27893e-09	3.36674	0.568996	0.185149	0.225874	0.170462	3.24202e-06	2.4767	0.532068	0.967475	-0.00795254	0.195033	0.369433	-0.948936	1.05727	0.91111	-0.0217459	0.194789	0.946736	0.0443159	0.663352	0.0175358	1.00605	0.423552	0.999989	-28.991	2.19446e+06	0.999983	32.4219	1.55188e+06	0.999688	32.3558	82715.7	0	0	1
74	rs1	1:1	2:0.41925	rs2	1:2	2:0.418	0	1000	0	0.0240934	0.382364	0.169515	4.12697e-06	2.14913	0.466707	0.835828	0.0368504	0.177822	4.04748e-12	3.60142	0.519272	0.00127014	0.587422	0.18228	0.918983	0.0668087	0.656821	0.141594	0.282405	0.192128	0.276351	0.672944	0.618201	0.0126294	-1.26732	0.508139	0.999985	-30.0972	1.55172e+06	0.999982	-29.186	1.26697e+06	0.999701	30.8292	82307.5	0	0	1
75	rs1	1:1	2:0.41	rs2	1:2	2:0.40575	0	1000	0	0.575806	0.0952515	0.170237	1.26183e-09	3.98332	0.655995	0.0525037	0.330022	0.170204	0.00069512	1.98403	0.585002	0.760173	0.058041	0.190141	0.433487	0.557438	0.711709	0.138668	0.280451	0.189396	0.435865	-0.828856	1.06373	0.60669	0.218946	0.425299	0.999986	-28.1815	1.55172e+06	0.999989	-29.7902	2.19446e+06	0.999696	31.7249	83249.5	0	0	1
76	rs1	1:1	2:0.4175	rs2	1:2	2:0.42575	0	1000	0	0.89197	0.0228686	0.168384	4.97815e-11	4.14206	0.630298	0.728504	-0.0593395	0.17095	7.76545e-06	2.10249	0.470192	0.740092	0.0624521	0.188261	0.999976	-28.9719	981393	0.789129	-0.051202	0.191451	0.0101255	1.23102	0.478715	0.69371	-0.166521	0.422831	0.568723	-0.755599	1.32577	nan	nan	nan	0.999952	59.1748	984873	0	0	1
77	rs1	1:1	2:0.41725	rs2	1:2	2:0.42575	0	1000	0	0.337214	0.173696	0.180993	3.07306e-07	2.94764	0.575834	0.553014	0.103483	0.174434	2.29075e-08	3.20547	0.573586	0.296211	0.207251	0.198403	0.473438	0.498411	0.695235	0.602268	0.0994608	0.190852	0.00769325	1.49986	0.562748	0.898116	-0.0596149	0.465591	0.999984	-30.5643	1.55172e+06	0.63708	0.747837	1.58512	0.999712	29.5503	81848.3	0	0	1
78	rs1	1:1	2:0.4265	rs2	1:2	2:0.4165	0	1000	0	0.486049	-0.125437	0.180069	2.02836e-05	2.20535	0.517475	0.341607	-0.184132	0.19362	1.14875e-09	3.42917	0.563338	0.396044	-0.166841	0.196582	0.999972	-28.992	830532	0.402038	-0.181304	0.216356	0.49423	-0.732888	1.07211	0.349663	0.429765	0.459522	0.999982	-28.0901	1.26697e+06	0.999973	28.5946	830532	0.999942	61.1408	834549	0	0	1
79	rs1	1:1	2:0.4165	rs2	1:2	2:0.41425	0	1000	0	0.999862	2.97532e-05	0.171692	0.210206	0.708707	0.565608	0.691632	0.0674812	0.170132	7.97171e-15	5.49585	0.707496	0.986822	-0.00316623	0.191699	0.999967	-28.9837	693950	0.603677	0.0986491	0.190031	0.0558793	1.21924	0.637686	0.786636	-0.115933	0.428301	nan	nan	nan	1	-0.0986491	1.44457e+06	0.999932	59.1866	698883	0	0	1
80	rs1	1:1	2:0.4255	rs2	1:2	2:0.4255	0	1000	0	0.648466	-0.0857168	0.188019	0.000500429	2.05135	0.589379	0.925034	-0.0173155	0.184022	1.3382e-09	4.00131	0.659983	0.438061	-0.163291	0.21057	0.32855	-1.02791	1.05207	0.541496	-0.125804	0.206049	0.83013	0.176063	0.820676	0.419908	0.369847	0.458537	0.999989	-28.941	2.19446e+06	nan	nan	nan	0.999682	32.3294	81118.2	0	0	1
81	rs1	1:1	2:0.41625	rs2	1:2	2:0.422	0	1000	0	0.431087	-0.145277	0.184518	2.89972e-09	2.85859	0.481473	0.106116	-0.297632	0.18419	6.32356e-08	2.54092	0.469722	0.95312	-0.0115104	0.19579	0.795367	-0.206102	0.794692	0.480105	-0.136674	0.193552	0.971397	-0.0237805	0.663227	0.281516	-0.588546	0.546509	0.999979	-28.9874	1.09723e+06	0.999977	-28.6799	981393	0.999694	31.613	82481.7	0	0	1
82	rs1	1:1	2:0.41725	rs2	1:2	2:0.41875	0	1000	0	0.434926	-0.134666	0.172474	2.47823e-16	6.63458	0.809456	0.443442	0.130126	0.16979	0.927727	0.0522137	0.575641	0.485135	-0.135099	0.193533	0.381488	0.802109	0.916531	0.538628	0.116235	0.189034	0.168005	-1.43148	1.03833	0.975335	-0.0132522	0.428624	0.999986	-27.4287	1.55172e+06	0.999989	30.4921	2.19469e+06	0.999691	32.0398	82715.7	0	0	1
83	rs1	1:1	2:0.41425	rs2	1:2	2:0.41475	0	1000	0	0.102324	0.279757	0.171242	3.75411e-06	2.57495	0.5568	0.246028	-0.211893	0.182658	4.18759e-08	3.31084	0.603865	0.115039	0.294488	0.186864	0.2769	0.687239	0.632055	0.487953	-0.13944	0.201047	0.514391	-0.699056	1.07214	0.700512	-0.176705	0.459416	0.35424	1.65142	1.78263	0.999981	-29.5038	1.26697e+06	0.999696	31.4616	82657	0	0	1
84	rs1	1:1	2:0.41275	rs2	1:2	2:0.415	0	1000	0	0.917593	-0.0178611	0.172627	0.000315096	2.03632	0.565243	0.512196	-0.11283	0.172148	1.3333e-09	3.85936	0.636507	0.969205	0.00722756	0.187214	0.918538	0.0839202	0.820527	0.953752	-0.010745	0.185275	0.324335	0.622917	0.632025	0.452948	-0.364547	0.485734	nan	nan	nan	0.999979	-29.0935	1.09723e+06	0.999706	30.6786	83189.7	0	0	1
85	rs1	1:1	2:0.43275	rs2	1:2	2:0.4285	0	1000	0	0.98602	-0.00316005	0.180351	2.16877e-05	2.69379	0.634316	0.630171	0.0874337	0.181591	3.90739e-07	3.34856	0.660021	0.585236	0.104485	0.191451	0.501228	-0.715721	1.06418	0.302427	0.19915	0.193116	0.999972	-28.8483	830058	0.106444	-0.954817	0.591444	0.999971	30.1075	830058	0.99999	-28.3226	2.19446e+06	0.999942	61.1306	833980	0	0	1
86	rs1	1:1	2:0.42025	rs2	1:2	2:0.42075	0	1000	0	0.899994	0.0235825	0.187655	4.54348e-06	2.76808	0.603747	0.572575	0.101286	0.179502	2.14195e-07	3.4984	0.67451	0.809552	0.0502384	0.208455	0.0580678	1.03552	0.546396	0.641717	0.0921026	0.197942	0.794441	-0.286234	1.09858	0.799408	-0.11842	0.466012	0.99999	-28.6437	2.19446e+06	nan	nan	nan	0.999699	30.7768	81508.9	0	0	1
87	rs1	1:1	2:0.42375	rs2	1:2	2:0.4105	0	1000	0	0.705608	-0.0649381	0.171903	0.00272283	1.638	0.546471	0.58068	0.0992071	0.179595	8.55864e-12	4.63644	0.678947	0.854512	-0.0338141	0.184409	0.949565	0.0419642	0.663435	0.579399	0.108409	0.195592	0.212256	0.958255	0.76821	0.663461	-0.214953	0.493985	0.84248	0.321496	1.61782	nan	nan	nan	0.999705	30.4486	82481.7	0	0	1
88	rs1	1:1	2:0.41975	rs2	1:2	2:0.4205	0	1000	0	0.671317	-0.0737548	0.17381	3.15833e-15	4.71842	0.598444	0.492605	0.117793	0.171667	0.013801	1.20138	0.487888	0.627209	-0.095171	0.195963	0.0815884	1.23983	0.711915	0.502087	0.126829	0.188956	0.269024	-1.15807	1.04773	0.643979	0.196571	0.425347	0.99998	-27.7098	1.09723e+06	0.999981	-30.3297	1.26697e+06	0.999697	31.361	82481.7	0	0	1
89	rs1	1:1	2:0.424	rs2	1:2	2:0.4255	0	1000	0	0.0272115	-0.433423	0.196255	0.0011235	2.20002	0.675345	0.223599	0.207895	0.170824	1.17085e-07	3.95149	0.745846	0.145391	-0.315837	0.21692	0.632299	-0.518361	1.08332	0.103463	0.299949	0.184211	0.759696	-0.33604	1.0986	0.28314	-0.526004	0.490084	0.99999	-28.2776	2.19446e+06	0.999985	-28.7111	1.55172e+06	0.999683	32.3307	81508.9	0	0	1
90	rs1	1:1	2:0.42225	rs2	1:2	2:0.416	0	1000	0	0.882484	-0.0256694	0.173652	5.92604e-05	1.85386	0.46165	0.688033	0.0705707	0.175757	4.66793e-13	3.77528	0.521834	0.273996	-0.216964	0.198339	0.375839	-0.676496	0.763895	0.691057	-0.0797628	0.200701	0.989575	-0.00866689	0.663284	0.112423	0.665354	0.419149	0.999988	31.6238	2.19469e+06	0.999985	-28.2513	1.55172e+06	0.99969	32.0834	82540	0	0	1
91	rs1	1:1	2:0.435	rs2	1:2	2:0.438	0	1000	0	0.965727	0.00791101	0.184113	1.13164e-14	4.3566	0.564069	0.0349855	0.36934	0.175165	0.000266652	1.71439	0.470247	0.47434	-0.154588	0.216076	0.699703	0.316758	0.82121	0.177642	0.263916	0.195776	0.269674	-1.14958	1.04146	0.177042	0.577805	0.428029	0.210918	2.02639	1.61976	0.999985	-29.3682	1.55172e+06	0.999678	32.4511	80299.7	0	0	1
92	rs1	1:1	2:0.4065	rs2	1:2	2:0.412	0	1000	0	0.619203	-0.0859656	0.172976	0.0318795	1.66744	0.777029	0.91842	-0.017095	0.166904	7.85165e-08	4.72333	0.879494	0.188589	-0.257688	0.195995	0.999976	-29.0743	981393	0.395033	-0.158481	0.186333	0.0183424	1.53407	0.650407	0.0664094	0.77752	0.423567	nan	nan	nan	1	0.158481	2.40391e+06	0.999952	58.8717	984948	0	0	1
93	rs1	1:1	2:0.425	rs2	1:2	2:0.42275	0	1000	0	0.303	-0.182008	0.176703	1.71363e-08	2.84698	0.504902	0.000501805	0.564246	0.162149	2.46439e-09	2.90855	0.487701	0.153403	-0.294603	0.20636	0.50133	0.467538	0.695328	0.0073885	0.482689	0.180188	0.142761	0.844832	0.576446	0.119178	0.627757	0.402864	0.624977	-0.621688	1.27184	0.999978	-29.8383	1.09723e+06	0.999708	30.2054	82423.5	0	0	1
94	rs1	1:1	2:0.425	rs2	1:2	2:0.42	0	1000	0	0.623338	-0.083404	0.169822	6.13543e-06	2.56071	0.566321	0.224752	0.199994	0.164741	1.91602e-08	3.48409	0.62001	0.144218	-0.288878	0.197826	0.195886	0.745196	0.576169	0.936332	-0.0150902	0.18891	0.722216	0.298909	0.840816	0.0163984	0.943803	0.393264	0.73222	0.512021	1.49637	0.999989	-29.7178	2.19446e+06	0.999707	30.374	82657	0	0	1
95	rs1	1:1	2:0.41025	rs2	1:2	2:0.413	0	1000	0	0.656406	0.0750153	0.168619	5.73293e-05	2.49662	0.620504	0.917338	0.0173981	0.167631	2.34088e-07	3.33357	0.644791	0.79391	0.0490565	0.187786	0.399516	-0.896182	1.06373	0.930739	0.0161275	0.185555	0.798345	-0.203035	0.794689	0.874141	-0.067548	0.426438	0.999989	31.5401	2.19469e+06	0.99999	-28.1396	2.19446e+06	0.999689	32.4854	83429.8	0	0	1
96	rs1	1:1	2:0.418	rs2	1:2	2:0.415	0	1000	0	0.159144	0.247133	0.175526	2.40246e-10	3.11017	0.491096	0.561867	-0.110524	0.190536	1.80347e-07	2.50882	0.480752	0.112301	0.296094	0.186465	0.649599	0.26787	0.589607	0.836365	-0.0422851	0.204725	0.50483	-0.512289	0.768154	0.261945	-0.622997	0.555352	0.99999	-28.7072	2.19446e+06	0.494779	1.05389	1.54364	0.999692	31.7268	82192	0	0	1
97	rs1	1:1	2:0.409	rs2	1:2	2:0.42175	0	1000	0	0.32913	0.174542	0.178858	1.52499e-12	4.92105	0.695831	0.147426	-0.262599	0.181267	0.00252107	1.55451	0.514602	0.703411	0.0773533	0.203176	0.0889742	1.21045	0.711681	0.0578049	-0.392907	0.207101	0.40229	0.517305	0.617649	0.239573	0.514405	0.437399	0.955438	-0.0773533	1.3843	0.999989	30.5958	2.19469e+06	0.999713	29.6856	82540	0	0	1
98	rs1	1:1	2:0.42775	rs2	1:2	2:0.42225	0	1000	0	0.905376	0.0203573	0.171253	7.7111e-09	2.67493	0.463219	0.328972	0.169804	0.173946	7.84649e-10	2.83649	0.461367	0.844049	-0.0373154	0.189691	0.493899	-0.525668	0.768385	0.750094	0.0621185	0.195025	0.558294	0.349801	0.597564	0.263295	0.474033	0.42376	0.999979	-29.2493	1.09723e+06	0.999985	-28.4733	1.55172e+06	0.999693	31.6449	82134.4	0	0	1
99	rs1	1:1	2:0.42825	rs2	1:2	2:0.42625	0	1000	0	0.195835	-0.247649	0.191455	0.00379355	1.50709	0.520613	0.218928	-0.231207	0.188067	6.02662e-13	4.59647	0.638409	0.254317	-0.239197	0.209836	0.358867	-0.970085	1.05728	0.227263	-0.253086	0.209606	0.887104	-0.159155	1.12104	0.778721	0.135303	0.481531	0.283176	1.62549	1.51461	0.391509	1.3517	1.57746	0.99968	32.5593	81285	0	0	1
100	rs1	1:1	2:0.42675	rs2	1:2	2:0.422	0	1000	0	0.281478	-0.190683	0.17705	4.92051e-09	2.88805	0.493697	0.460444	0.127269	0.172424	9.11595e-09	2.84204	0.494576	0.129385	-0.309465	0.204061	0.344693	0.523444	0.553948	0.958639	0.0101824	0.196336	0.344693	0.523444	0.553948	0.309489	0.417262	0.410571	0.999989	-29.2003	2.19446e+06	0.655159	0.682965	1.52923	0.999706	30.3726	82365.4	0	0	1
101	rs1	1:1	2:0.41625	rs2	1:2	2:0.4145	0	1000	0	0.512214	0.107842	0.164544	1.31055e-06	3.4537	0.713847	0.672812	-0.072574	0.171857	6.86174e-05	2.68416	0.674238	0.66135	0.0798716	0.182334	0.477934	0.505139	0.711836	0.623554	-0.0944817	0.192498	0.94611	-0.0544764	0.805957	0.949757	-0.0267942	0.425225	0.999989	31.3758	2.19469e+06	nan	nan	nan	0.999703	30.9505	83130	0	0	1
102	rs1	1:1	2:0.42225	rs2	1:2	2:0.4245	0	1000	0	0.893792	-0.0229067	0.171576	0.000551384	1.59256	0.461014	0.0835805	0.273326	0.157966	2.81658e-14	4.24057	0.557494	0.445165	0.145954	0.191164	0.450552	-0.576684	0.764331	0.0210829	0.402046	0.17431	0.958106	0.0423555	0.80631	0.0598585	-0.800444	0.425353	0.999989	-29.0961	2.19446e+06	0.592663	0.776609	1.45166	0.999691	32.0323	82715.7	0	0	1
103	rs1	1:1	2:0.41575	rs2	1:2	2:0.41725	0	1000	0	0.172613	0.223554	0.163913	1.06729e-09	3.90074	0.63957	0.48883	-0.120022	0.1734	0.000323672	2.0473	0.569393	0.716954	0.0670953	0.185073	0.235035	0.912158	0.768141	0.243023	-0.231477	0.198274	0.69871	-0.304237	0.786014	0.0804194	0.702824	0.402014	0.99999	-28.7659	2.19446e+06	0.999981	-29.6837	1.26697e+06	0.999704	30.7948	83011	0	0	1
104	rs1	1:1	2:0.40975	rs2	1:2	2:0.4175	0	1000	0	0.0477329	-0.367173	0.185466	1.28057e-09	4.85264	0.799471	0.414879	0.13403	0.164386	0.00185021	1.84367	0.592196	0.124772	-0.320512	0.208796	0.397909	0.774727	0.916444	0.334969	0.171964	0.178357	0.326118	0.620577	0.631976	0.448691	-0.353018	0.465969	0.999989	31.083	2.19469e+06	0.999981	30.4364	1.26711e+06	0.999713	29.9878	83249.5	0	0	1
105	rs1	1:1	2:0.4165	rs2	1:2	2:0.42	0	1000	0	0.530174	0.112445	0.179127	9.58019e-08	3.25377	0.609947	0.121648	0.264484	0.170867	7.98861e-06	2.63276	0.58958	0.8313	0.0429528	0.201624	0.465625	-0.776235	1.0639	0.296926	0.197374	0.189228	0.397816	-0.894018	1.05735	0.563211	0.251949	0.435839	0.99999	-28.0486	2.19446e+06	0.289777	1.88207	1.77787	0.999677	33.1764	82019.6	0	0	1
106	rs1	1:1	2:0.4215	rs2	1:2	2:0.41925	0	1000	0	0.0875038	-0.317818	0.185998	0.000157743	2.29058	0.606207	0.115693	-0.2921	0.185683	4.21515e-08	3.61955	0.66031	0.396359	-0.16562	0.195274	0.917591	-0.0833816	0.80586	0.367379	-0.177692	0.197131	0.846562	-0.216913	1.12096	0.209738	-0.738598	0.588859	0.779499	0.453302	1.61909	0.999985	-28.7724	1.55172e+06	0.999693	31.6726	82192	0	0	1
107	rs1	1:1	2:0.41125	rs2	1:2	2:0.41625	0	1000	0	0.250034	-0.21443	0.186418	0.00545808	1.6404	0.590351	0.110529	-0.287066	0.179886	2.05442e-10	4.51704	0.710537	0.346202	-0.189684	0.201367	0.999968	-29.0762	731487	0.0728832	-0.356181	0.198589	0.169624	1.12665	0.820331	0.852734	0.0920662	0.495963	0.734701	-0.503463	1.48567	0.999972	60.762	1.71564e+06	0.999936	59.2791	736162	0	0	1
108	rs1	1:1	2:0.4305	rs2	1:2	2:0.4315	0	1000	0	0.746555	0.0568014	0.175755	1.20141e-13	3.23336	0.43596	0.121866	0.261508	0.169043	7.7418e-08	2.22062	0.413289	0.777279	0.0556352	0.196684	0.575062	0.29605	0.528085	0.319126	0.186235	0.186935	0.999962	-28.8816	608789	0.752018	0.134719	0.426352	0.999963	28.5421	608789	0.999989	-29.3595	2.19446e+06	0.999922	60.1141	614236	0	0	1
109	rs1	1:1	2:0.422	rs2	1:2	2:0.42525	0	1000	0	0.86699	-0.0312428	0.186543	1.84711e-08	2.57876	0.458386	0.389471	-0.159901	0.185807	1.10087e-09	2.8555	0.468572	0.986951	-0.00326303	0.199503	0.23254	-1.24646	1.04407	0.47835	-0.141244	0.199227	0.268439	-1.15945	1.04769	0.874317	-0.0833804	0.527132	0.406657	1.30255	1.56973	0.329737	1.52754	1.56728	0.999669	33.8472	81678.1	0	0	1
110	rs1	1:1	2:0.41325	rs2	1:2	2:0.40925	0	1000	0	0.519002	0.109285	0.169464	0.000389929	1.65672	0.467102	0.983819	0.00351853	0.173486	2.77238e-13	3.98751	0.54586	0.351716	0.168157	0.180568	0.611765	-0.395313	0.778856	0.485632	0.129499	0.185722	0.732246	0.233296	0.681873	0.286002	-0.549868	0.515372	0.999989	-29.3902	2.19446e+06	0.999977	-28.723	981393	0.999698	31.579	83369.6	0	0	1
111	rs1	1:1	2:0.426	rs2	1:2	2:0.42675	0	1000	0	0.485689	0.117404	0.168398	7.06309e-13	3.63735	0.506721	0.827799	-0.0381977	0.175602	1.78904e-05	1.93858	0.451915	0.467192	0.135396	0.186225	0.37617	-0.935817	1.05745	0.909477	-0.0222328	0.195542	0.424447	-0.610395	0.764207	0.830751	-0.0914468	0.427846	0.999982	-28.4665	1.26697e+06	0.348388	1.52631	1.62768	0.999679	33.0105	82076.9	0	0	1
112	rs1	1:1	2:0.427	rs2	1:2	2:0.42575	0	1000	0	0.477319	-0.1257	0.176887	4.79011e-16	4.82693	0.594691	0.307913	-0.190546	0.186881	0.0242942	1.08003	0.479492	0.302297	-0.202933	0.196732	0.733605	0.286118	0.840698	0.336019	-0.19807	0.205881	0.999959	-28.9969	566371	0.680631	0.189719	0.460929	0.999957	30.4023	566371	0.999985	-29.0885	1.55172e+06	0.999916	60.1161	572230	0	0	1
113	rs1	1:1	2:0.41375	rs2	1:2	2:0.4195	0	1000	0	0.0727559	-0.358451	0.199766	2.2552e-09	5.36243	0.896986	0.610624	0.089617	0.176002	0.0488701	1.38679	0.704055	0.0757334	-0.383298	0.215821	0.219176	1.23278	1.00331	0.804189	0.0459795	0.185454	0.907725	0.134172	1.15756	0.284794	0.589274	0.550923	0.999979	-28.721	1.09723e+06	0.999989	-30.2489	2.19446e+06	0.999707	30.0687	81848.3	0	0	1
114	rs1	1:1	2:0.4165	rs2	1:2	2:0.41475	0	1000	0	0.852967	-0.0319937	0.172627	4.30839e-06	2.10641	0.458321	0.0118094	-0.460326	0.182829	8.47457e-11	3.46484	0.533715	0.797786	-0.0475655	0.185648	0.555572	-0.380444	0.645442	0.016941	-0.482722	0.202146	0.999968	-29.117	731487	0.653667	-0.229645	0.511832	0.999979	60.4534	2.31339e+06	0.0225204	3.04767	1.33583	0.999934	60.7862	736216	0	0	1
115	rs1	1:1	2:0.4115	rs2	1:2	2:0.42525	0	1000	0	0.456171	-0.134306	0.180236	4.35719e-09	2.93868	0.500624	0.960976	-0.00805096	0.164546	1.43831e-07	2.49654	0.474602	0.937097	-0.015474	0.196076	0.403612	-0.888507	1.06384	0.462437	0.128041	0.174243	0.764005	-0.19536	0.650709	0.142962	-0.74079	0.505711	0.612302	0.708621	1.39825	0.999979	-28.2515	1.09723e+06	0.999688	32.4777	83070.4	0	0	1
116	rs1	1:1	2:0.40975	rs2	1:2	2:0.408	0	1000	0	0.538897	-0.108724	0.176936	0.000539897	1.63776	0.473323	0.375893	0.148335	0.167518	3.97232e-13	4.08956	0.563572	0.276782	-0.22037	0.202625	0.830651	-0.140328	0.656147	0.69031	0.0749419	0.188091	0.65366	0.311658	0.694605	0.281022	0.446934	0.414585	0.999989	-29.1352	2.19446e+06	0.999982	-28.9786	1.26697e+06	0.999702	31.1905	83611.2	0	0	1
117	rs1	1:1	2:0.40975	rs2	1:2	2:0.413	0	1000	0	0.968381	0.00706652	0.178274	1.29078e-13	3.89009	0.525183	0.238036	-0.215632	0.182753	0.000108259	1.77763	0.459183	0.78487	-0.0532234	0.194973	0.0514986	1.01965	0.523624	0.161499	-0.279322	0.199509	0.405639	-0.638574	0.767892	0.526401	0.307076	0.484721	0.429042	1.15184	1.45648	0.785795	0.412853	1.5191	0.999703	30.975	83249.5	0	0	1
118	rs1	1:1	2:0.42125	rs2	1:2	2:0.4215	0	1000	0	0.744414	0.0562937	0.172673	9.55414e-15	5.05127	0.652193	0.697207	0.0691279	0.177664	0.0115188	1.25083	0.495073	0.292531	0.194667	0.184942	0.181891	1.0258	0.768415	0.290752	0.200481	0.189764	0.86894	0.109509	0.663673	0.108658	-0.873425	0.544443	0.999982	-29.1936	1.26697e+06	0.999989	-30.1157	2.19446e+06	0.999704	30.3811	82019.6	0	0	1
119	rs1	1:1	2:0.41975	rs2	1:2	2:0.423	0	1000	0	0.312584	-0.181326	0.179563	0.000148724	1.62781	0.429139	0.435891	-0.13217	0.169633	9.28013e-15	3.89211	0.502289	0.651897	-0.0880369	0.195148	0.554405	-0.379209	0.641453	0.553949	-0.109989	0.185839	0.245425	0.755771	0.650666	0.768339	-0.132393	0.449478	0.999978	-29.7094	1.09723e+06	0.999982	-28.5525	1.26697e+06	0.999702	30.9876	82892.5	0	0	1
120	rs1	1:1	2:0.4165	rs2	1:2	2:0.4085	0	1000	0	0.692332	-0.0657493	0.166163	1.08828e-07	2.96442	0.558131	0.95886	-0.00897933	0.174073	3.4748e-06	2.51692	0.542375	0.684473	-0.0736992	0.181361	0.380432	-0.932973	1.0637	0.924965	0.0180031	0.191154	0.271728	-1.15612	1.05188	0.985043	0.00824196	0.439631	0.999986	-27.8266	1.55172e+06	0.999982	-28.1415	1.26697e+06	0.99968	33.4385	83490.1	0	0	1
121	rs1	1:1	2:0.42	rs2	1:2	2:0.41725	0	1000	0	0.496702	-0.120172	0.176804	2.60469e-06	2.3766	0.505686	0.967362	-0.00728512	0.178045	1.47822e-09	3.12098	0.516143	0.59825	-0.102223	0.194001	0.999965	-29.0081	661655	0.913071	-0.021555	0.197451	0.526653	0.38391	0.606375	0.932478	0.0376844	0.444771	0.999982	-29.2897	1.26697e+06	1	0.021555	1.6869e+06	0.999928	60.0219	666784	0	0	1
122	rs1	1:1	2:0.42275	rs2	1:2	2:0.437	0	1000	0	0.579792	-0.108455	0.195878	7.77704e-05	2.52819	0.639858	0.795332	-0.0454063	0.175049	1.82256e-07	3.46258	0.663763	0.864673	0.0364999	0.214165	0.999972	-28.8838	829429	0.988891	-0.00264002	0.1896	0.471906	0.625969	0.87015	0.605052	-0.24622	0.476111	0.999979	-29.5462	1.09723e+06	1	0.0026401	1.75948e+06	0.999943	59.7798	833364	0	0	1
123	rs1	1:1	2:0.41325	rs2	1:2	2:0.41275	0	1000	0	0.321858	0.164336	0.165887	1.76864e-14	5.01538	0.654201	0.368921	-0.163762	0.182263	0.0179224	1.17557	0.496605	0.996648	-0.000778109	0.185219	0.581177	0.479808	0.869742	0.0954436	-0.351742	0.210958	0.74293	-0.21334	0.650475	0.0410661	0.868695	0.425234	0.99999	-28.8158	2.19446e+06	0.999989	-29.158	2.19446e+06	0.999701	31.1094	83011	0	0	1
124	rs1	1:1	2:0.426	rs2	1:2	2:0.42825	0	1000	0	0.271055	0.192152	0.174582	2.43198e-07	2.66197	0.515599	0.776171	-0.0511532	0.179919	1.82799e-09	3.19598	0.531565	0.499884	0.129635	0.192145	0.624046	0.334429	0.682335	0.867593	-0.0328146	0.196829	0.866852	0.111286	0.663763	0.916731	0.048367	0.462609	0.999984	31.2772	1.55188e+06	0.999982	-29.1893	1.26697e+06	0.999696	31.0724	81565.2	0	0	1
125	rs1	1:1	2:0.42225	rs2	1:2	2:0.4285	0	1000	0	0.449309	-0.142014	0.187708	2.13478e-06	3.50621	0.739671	0.665094	-0.0771884	0.178309	0.000104921	2.71169	0.699084	0.761619	-0.0621928	0.205016	0.670285	0.357978	0.840806	0.870349	-0.0314863	0.192914	0.670285	0.357978	0.840806	0.546084	-0.297059	0.492115	0.999985	-29.2244	1.55172e+06	0.999989	-29.2551	2.19446e+06	0.999698	30.7612	81396.7	0	0	1
126	rs1	1:1	2:0.427	rs2	1:2	2:0.432	0	1000	0	0.0204534	-0.462621	0.199584	2.85291e-07	3.56203	0.693959	0.79271	-0.0462538	0.176009	5.07097e-05	2.67461	0.660018	0.0266036	-0.498592	0.224866	0.136575	1.00631	0.67598	0.634381	-0.0907524	0.190829	0.729434	-0.379986	1.09861	0.58788	0.260651	0.480986	0.393594	1.41488	1.65848	0.842211	0.313896	1.57684	0.999698	30.806	81285	0	0	1
127	rs1	1:1	2:0.419	rs2	1:2	2:0.4185	0	1000	0	0.875613	0.0265735	0.169763	1.96591e-06	2.61272	0.549248	0.0706401	0.294304	0.162798	3.85511e-08	3.11565	0.566754	0.522921	0.119525	0.187094	0.331115	-1.02257	1.05217	0.0505613	0.349537	0.178775	0.452439	-0.799429	1.06398	0.277986	-0.469983	0.433222	0.437332	1.26677	1.63095	0.269774	1.95305	1.76973	0.999679	33.3049	82833.4	0	0	1
128	rs1	1:1	2:0.40925	rs2	1:2	2:0.4145	0	1000	0	0.819762	0.0404173	0.177385	2.82866e-07	2.67072	0.520149	0.769857	0.0503072	0.171954	3.92497e-08	2.85646	0.519905	0.668113	0.0835631	0.194904	0.352061	-0.983797	1.05716	0.397287	0.157375	0.185918	0.790437	-0.172866	0.650502	0.282746	-0.503417	0.468656	nan	nan	nan	0.999982	-28.163	1.26697e+06	0.999687	32.573	83070.4	0	0	1
129	rs1	1:1	2:0.428	rs2	1:2	2:0.429	0	1000	0	0.972985	0.00600027	0.177184	2.39242e-11	6.33747	0.948749	0.0649194	-0.359675	0.19486	0.18545	0.857229	0.647376	0.640163	-0.0908104	0.194259	0.999988	31.5903	2.13935e+06	0.0620241	-0.403185	0.216055	0.872007	-0.128082	0.794995	0.244434	0.548235	0.471003	nan	nan	nan	0.999989	-30.622	2.13935e+06	1	-0.00108446	2.14089e+06	0	0	1
130	rs1	1:1	2:0.4225	rs2	1:2	2:0.41625	0	1000	0	0.454704	-0.128721	0.172179	3.08767e-08	3.86422	0.697967	0.682843	-0.0742408	0.181702	0.000271462	2.19649	0.603248	0.821	-0.0421115	0.186121	0.999974	-28.9922	895885	0.876177	-0.0310616	0.199347	0.891398	0.112039	0.820584	0.40202	-0.407851	0.486685	0.976448	0.0421115	1.42641	nan	nan	nan	0.999947	60.2938	899658	0	0	1
131	rs1	1:1	2:0.417	rs2	1:2	2:0.42075	0	1000	0	0.50211	0.118158	0.176047	5.93519e-09	2.78594	0.478802	0.18854	-0.240505	0.182906	5.44395e-08	2.6115	0.480394	0.775973	0.0544513	0.191346	0.290322	-1.11234	1.05194	0.190836	-0.261434	0.199857	0.214935	-1.29466	1.04399	0.472846	0.336354	0.468553	0.999986	-27.7724	1.55172e+06	0.44617	1.17773	1.54594	0.999673	33.8001	82423.5	0	0	1
132	rs1	1:1	2:0.424	rs2	1:2	2:0.42875	0	1000	0	0.31937	0.17546	0.176208	0.000142754	2.10967	0.554688	0.213098	-0.227363	0.182607	5.39026e-10	3.80749	0.613389	0.694522	0.0766436	0.195158	0.374897	-0.93827	1.0574	0.161723	-0.285563	0.204076	0.872738	-0.127339	0.79497	0.499891	0.304724	0.45167	0.999989	31.5125	2.19469e+06	0.999986	-27.7201	1.55172e+06	0.999682	32.5275	81508.9	0	0	1
133	rs1	1:1	2:0.4125	rs2	1:2	2:0.42175	0	1000	0	0.87722	0.0278451	0.180233	1.17465e-07	3.35311	0.632973	0.215819	0.204537	0.165253	4.42333e-06	2.76617	0.602596	0.654852	0.0888312	0.198713	0.247858	0.730685	0.632317	0.254836	0.204347	0.179459	0.174	0.884836	0.650872	0.651067	-0.20685	0.45735	0.999985	-29.8863	1.55172e+06	nan	nan	nan	0.999711	29.8777	82540	0	0	1
134	rs1	1:1	2:0.4255	rs2	1:2	2:0.42225	0	1000	0	0.0162915	0.401629	0.167184	3.1042e-06	2.07321	0.444532	0.0232377	-0.438409	0.193174	6.34582e-13	3.83466	0.533123	0.0592309	0.33954	0.179986	0.103723	0.868384	0.533712	0.0204444	-0.51194	0.220846	0.120152	1.05071	0.67607	0.142872	0.666091	0.454613	0.367225	-1.21501	1.34749	0.999976	-29.2855	981393	0.999713	29.5577	82134.4	0	0	1
135	rs1	1:1	2:0.418	rs2	1:2	2:0.42525	0	1000	0	0.701828	-0.0698467	0.182437	1.33341e-15	4.67324	0.584778	0.507803	0.116226	0.175499	0.00099033	1.45824	0.442794	0.516836	-0.132081	0.203755	0.675707	0.351716	0.840767	0.719456	0.0685902	0.19096	0.877096	0.0893522	0.577765	0.564544	0.270626	0.46975	0.651403	0.617588	1.36691	0.608339	0.847701	1.65423	0.999698	31.0298	81962.4	0	0	1
136	rs1	1:1	2:0.40225	rs2	1:2	2:0.41375	0	1000	0	0.577414	0.0974942	0.174982	2.78931e-10	3.75907	0.595727	0.70683	-0.0640791	0.17037	0.000145313	1.97274	0.519285	0.239484	0.222444	0.189108	0.580117	-0.599181	1.08309	0.904692	0.0218033	0.182094	0.7561	0.211749	0.681729	0.334073	-0.473055	0.489734	0.999979	-29.4445	1.09723e+06	0.999985	-28.4329	1.55172e+06	0.999696	31.7829	83550.6	0	0	1
137	rs1	1:1	2:0.41475	rs2	1:2	2:0.41225	0	1000	0	0.32551	-0.185384	0.188553	0.000276845	1.68558	0.463575	0.0956565	0.28859	0.173193	5.92977e-14	4.03755	0.53765	0.496439	-0.138293	0.203341	0.306728	-0.77387	0.757129	0.154224	0.265318	0.186219	0.280955	0.681417	0.632008	0.751653	-0.158958	0.5023	0.999985	-29.505	1.55172e+06	nan	nan	nan	0.999695	31.5364	82598.4	0	0	1
138	rs1	1:1	2:0.4165	rs2	1:2	2:0.40925	0	1000	0	0.908836	0.0189957	0.165891	2.67722e-06	1.93089	0.411339	0.0988895	0.272283	0.164994	4.48956e-14	3.42274	0.453585	0.727057	-0.0660232	0.189155	0.274026	-0.828163	0.757117	0.307851	0.1927	0.18897	0.766378	0.175139	0.589464	0.426185	0.309757	0.389271	0.778974	0.384477	1.36992	0.603006	0.72359	1.3913	0.999695	32.0427	83855	0	0	1
139	rs1	1:1	2:0.41175	rs2	1:2	2:0.4145	0	1000	0	0.486519	0.119992	0.172438	6.53763e-12	4.15958	0.605698	0.0217793	0.382085	0.166544	0.000292666	1.84425	0.50922	0.979116	-0.00514896	0.196699	0.662953	0.366415	0.84071	0.136755	0.274747	0.184644	0.778236	-0.221372	0.786069	0.11102	0.676635	0.424589	0.770608	0.410614	1.40824	0.972459	-0.0516039	1.49469	0.999698	31.3406	82892.5	0	0	1
140	rs1	1:1	2:0.41625	rs2	1:2	2:0.41175	0	1000	0	0.885548	0.0245042	0.170239	3.78745e-05	2.12108	0.514815	0.75433	-0.0541358	0.172994	3.4658e-10	3.78374	0.602856	0.921209	-0.0186288	0.18834	0.660378	0.262364	0.597108	0.464096	-0.143101	0.195461	0.754941	0.262364	0.840558	0.439352	0.328784	0.425177	0.999985	-29.268	1.55172e+06	0.493015	1.05939	1.54538	0.999704	30.8568	83189.7	0	0	1
141	rs1	1:1	2:0.4205	rs2	1:2	2:0.4175	0	1000	0	0.373407	0.151786	0.170524	2.1805e-05	2.11015	0.497025	0.101357	0.278343	0.169896	3.89465e-11	3.52132	0.532885	0.557235	0.110474	0.188217	0.999962	-28.9171	608634	0.34231	0.179947	0.189495	0.654837	0.30495	0.682135	0.422604	0.341432	0.425772	0.999982	-29.3325	1.26697e+06	1	-0.179947	2.2773e+06	0.999922	60.1008	614190	0	0	1
142	rs1	1:1	2:0.415	rs2	1:2	2:0.4175	0	1000	0	0.6684	-0.0765243	0.178651	3.72993e-11	3.17755	0.480396	0.143514	-0.271701	0.185737	4.99051e-07	2.2476	0.447134	0.592581	-0.103014	0.192513	0.270249	-1.15966	1.05186	0.140676	-0.297438	0.201889	0.950651	-0.0357317	0.577343	0.806776	0.12199	0.498756	0.999985	-28.9212	1.55172e+06	0.0755643	2.60002	1.46313	0.999687	32.5412	82833.4	0	0	1
143	rs1	1:1	2:0.4015	rs2	1:2	2:0.41075	0	1000	0	0.0724812	0.310607	0.172936	5.98759e-12	4.14421	0.60236	0.255509	0.191509	0.168423	0.000358328	1.81242	0.507821	0.139767	0.287031	0.194379	0.304669	0.75419	0.734739	0.277668	0.201742	0.18584	0.95836	-0.0342676	0.656316	0.914813	0.0453543	0.423994	0.999989	-29.1906	2.19446e+06	0.999985	-29.8938	1.55172e+06	0.999706	30.748	83429.8	0	0	1
144	rs1	1:1	2:0.41575	rs2	1:2	2:0.4205	0	1000	0	0.640139	0.081718	0.174796	5.94602e-14	3.66198	0.487662	0.269631	0.18929	0.171472	1.28525e-06	2.03004	0.419255	0.658963	0.0859589	0.194766	0.443734	0.464613	0.606621	0.274611	0.20571	0.188292	0.735145	0.176931	0.523015	0.635878	-0.210048	0.443636	0.504736	1.01265	1.51809	0.999989	-29.5977	2.19446e+06	0.999702	30.8369	82657	0	0	1
145	rs1	1:1	2:0.422	rs2	1:2	2:0.421	0	1000	0	0.605216	-0.0908064	0.17567	0.00101734	1.61714	0.492177	0.0985052	-0.294406	0.178196	2.65632e-12	4.0877	0.584391	0.462938	-0.142588	0.194257	0.391962	-0.657487	0.768034	0.0858764	-0.342406	0.199356	0.999972	-29.0686	829429	0.63745	0.20828	0.441957	1	0.142589	2.34598e+06	0.999986	-28.0687	1.55172e+06	0.999942	61.0633	833520	0	0	1
146	rs1	1:1	2:0.4195	rs2	1:2	2:0.42125	0	1000	0	0.408286	0.145084	0.175453	4.7674e-08	2.79341	0.511635	0.931174	0.0153559	0.177798	2.53657e-08	2.84125	0.510031	0.260627	0.212006	0.188465	0.584411	-0.422909	0.773209	0.605087	0.0980691	0.189652	0.999965	-28.9211	661476	0.150565	-0.786094	0.546833	0.999963	31.0895	661476	0.99999	-28.5962	2.19446e+06	0.999927	60.8287	666555	0	0	1
147	rs1	1:1	2:0.421	rs2	1:2	2:0.4275	0	1000	0	0.503398	-0.123738	0.184917	6.11808e-11	4.08975	0.625265	0.959575	-0.00892752	0.176129	0.000442715	1.90518	0.54229	0.426366	-0.167675	0.2108	0.517792	0.562651	0.869962	0.931175	0.0167337	0.193753	0.649851	-0.35364	0.778996	0.791141	0.115755	0.437095	0.99999	-28.4258	2.19446e+06	0.771887	-0.422199	1.45632	0.999695	31.2497	81734.7	0	0	1
148	rs1	1:1	2:0.43475	rs2	1:2	2:0.438	0	1000	0	0.0138567	-0.506981	0.20601	1.13387e-09	3.28869	0.540075	0.939265	-0.0140271	0.184097	5.65882e-07	2.47551	0.494853	0.0522069	-0.42527	0.21905	0.457491	-0.790603	1.06409	0.957042	-0.010444	0.193887	0.651712	0.30801	0.682365	0.94583	0.0381535	0.561536	0.999977	-28.7968	981393	0.999986	-28.113	1.55172e+06	0.999683	31.9743	80407.4	0	0	1
149	rs1	1:1	2:0.415	rs2	1:2	2:0.4135	0	1000	0	0.432268	0.133152	0.169552	2.65335e-05	2.16881	0.516218	0.682206	-0.0709687	0.173325	2.11026e-10	3.93674	0.619658	0.315363	0.184391	0.18365	0.0828592	1.05986	0.611105	0.748325	0.060187	0.187587	0.440566	0.549034	0.711887	0.28263	-0.522222	0.486046	0.999989	30.7117	2.19469e+06	0.325315	-1.26416	1.28525	0.999714	29.8362	83130	0	0	1
150	rs1	1:1	2:0.42725	rs2	1:2	2:0.41975	0	1000	0	0.388963	-0.156721	0.181916	4.1782e-06	2.42351	0.526584	0.0123113	-0.519381	0.207496	3.04521e-09	3.33459	0.562407	0.157047	-0.279711	0.197665	0.929675	0.0592647	0.671528	0.00344293	-0.697061	0.2383	0.343798	0.598261	0.631952	0.0542579	0.930676	0.483526	0.999985	-29.3636	1.55172e+06	0.999985	-28.4072	1.55172e+06	0.9997	30.7032	81734.7	0	0	1
151	rs1	1:1	2:0.431	rs2	1:2	2:0.423	0	1000	0	0.867024	0.0293301	0.175168	7.20825e-08	3.20378	0.594846	0.472154	0.130792	0.181913	6.99178e-06	2.59533	0.577518	0.530525	0.118012	0.188156	0.486653	-0.740215	1.06407	0.177928	0.264145	0.196075	0.999967	-28.8637	693950	0.145291	-0.747679	0.513385	1	-0.118012	2.30157e+06	0.999985	-28.3876	1.55172e+06	0.99993	61.146	698688	0	0	1
152	rs1	1:1	2:0.4115	rs2	1:2	2:0.41075	0	1000	0	0.40065	0.146313	0.174087	3.48306e-09	2.91028	0.492679	0.477999	-0.132369	0.18656	9.39904e-09	2.73328	0.476078	0.0787911	0.326326	0.185651	0.468388	0.439655	0.606334	0.631243	0.0952775	0.198504	0.314012	0.557438	0.553651	0.0198562	-1.36824	0.587467	0.750833	0.366821	1.15519	0.999985	-29.4872	1.55172e+06	0.999707	30.4564	83070.4	0	0	1
153	rs1	1:1	2:0.42875	rs2	1:2	2:0.425	0	1000	0	0.919695	0.0177001	0.175565	0.000576571	1.77904	0.516801	0.0897824	-0.32104	0.189231	5.39274e-12	4.1985	0.608934	0.967431	-0.00777005	0.190299	0.361277	-0.965304	1.05736	0.115461	-0.332781	0.211409	0.449211	0.538774	0.711975	0.839585	0.0965655	0.477044	0.659848	0.700917	1.59255	0.364266	1.43139	1.5777	0.999689	31.8613	81621.6	0	0	1
154	rs1	1:1	2:0.43375	rs2	1:2	2:0.42725	0	1000	0	0.953076	0.0103035	0.175098	1.16037e-13	3.831	0.516222	0.312725	0.181384	0.179673	2.05415e-05	1.95181	0.458287	0.507834	0.124851	0.188535	0.573416	0.384284	0.682532	0.0696582	0.349568	0.192692	0.220029	-1.27394	1.03872	0.0515343	-1.05522	0.541969	0.153762	2.51421	1.76266	0.605712	0.631261	1.22289	0.999681	32.4577	81285	0	0	1
155	rs1	1:1	2:0.413	rs2	1:2	2:0.42125	0	1000	0	0.990034	-0.00216569	0.173378	1.49009e-11	4.61244	0.68344	0.268179	-0.192854	0.174172	0.00389799	1.58201	0.548111	0.96152	-0.00919059	0.190495	0.396022	0.777888	0.916514	0.343511	-0.17941	0.189401	0.766469	0.202524	0.681908	0.820508	0.103443	0.455914	0.999985	-29.2129	1.55172e+06	0.943922	-0.108272	1.53922	0.999707	30.4058	82833.4	0	0	1
156	rs1	1:1	2:0.4075	rs2	1:2	2:0.4135	0	1000	0	0.756025	0.0559402	0.180043	0.000166692	2.68278	0.712599	0.963861	0.00787563	0.173822	1.52665e-06	3.66752	0.762841	0.33595	0.187106	0.194457	0.746403	-0.355218	1.09843	0.547045	0.113048	0.187726	0.0780328	1.25422	0.711729	0.143607	-0.750682	0.51329	0.999989	-30.39	2.19446e+06	0.185537	2.18954	1.65386	0.999706	30.5581	82833.4	0	0	1
157	rs1	1:1	2:0.4205	rs2	1:2	2:0.41975	0	1000	0	0.174864	0.227002	0.167314	1.04948e-08	2.37195	0.414494	0.0527575	0.316184	0.163242	3.26355e-12	3.0824	0.4425	0.268673	0.206815	0.186973	0.803322	-0.16091	0.646094	0.0562906	0.345652	0.181085	0.458652	-0.566375	0.764267	0.778147	-0.116077	0.412008	0.302902	1.66499	1.61613	0.695485	0.427538	1.09227	0.99969	32.2356	82951.7	0	0	1
158	rs1	1:1	2:0.4115	rs2	1:2	2:0.4135	0	1000	0	0.714443	0.0642701	0.175651	5.50704e-11	3.93886	0.600752	0.89399	0.0237099	0.177925	8.31994e-05	2.02942	0.515736	0.970143	0.00738011	0.197175	0.87875	0.125163	0.820449	0.869389	-0.0326438	0.198522	0.721331	-0.280302	0.785864	0.57891	0.245737	0.442787	0.243946	1.4967	1.28452	0.219328	1.8244	1.48529	0.999696	31.5818	82833.4	0	0	1
159	rs1	1:1	2:0.42875	rs2	1:2	2:0.43075	0	1000	0	0.700914	0.0701932	0.182753	4.99504e-08	3.48596	0.639452	0.461609	0.133234	0.180976	1.5458e-05	2.55644	0.591486	0.436019	0.155193	0.199238	0.999972	-28.8166	829429	0.200978	0.249655	0.19523	0.383904	-0.916291	1.05233	0.129141	-0.782142	0.515415	0.999988	32.3503	2.19469e+06	1	-0.249655	2.34598e+06	0.999941	61.3221	833343	0	0	1
160	rs1	1:1	2:0.428	rs2	1:2	2:0.42825	0	1000	0	0.875543	-0.0286464	0.182902	3.70336e-17	5.00241	0.593974	0.502984	-0.129537	0.193395	0.0098251	1.17297	0.454303	0.514736	0.127155	0.195178	0.0369645	1.33113	0.638077	0.934934	0.0168071	0.205871	0.932468	-0.0551664	0.651006	0.108623	-0.9529	0.593925	0.999979	-28.9438	1.09723e+06	0.999989	-30.2197	2.19446e+06	0.999702	30.2581	81062.9	0	0	1
161	rs1	1:1	2:0.423	rs2	1:2	2:0.42175	0	1000	0	0.717783	-0.0681343	0.188517	0.0261195	1.05922	0.476178	0.576974	-0.101428	0.181832	1.42011e-15	5.43852	0.681203	0.748112	-0.0664897	0.207049	0.555406	0.352221	0.59731	0.698152	-0.0775091	0.19986	0.346399	0.863046	0.916576	0.904476	0.0579645	0.483004	0.999989	-29.7309	2.19446e+06	0.999979	-29.2091	1.09723e+06	0.999704	30.2561	81565.2	0	0	1
162	rs1	1:1	2:0.4295	rs2	1:2	2:0.43225	0	1000	0	0.625024	-0.0923543	0.188963	4.2482e-08	2.61392	0.476974	0.967625	-0.00725999	0.178876	6.71847e-10	3.11381	0.504458	0.71851	0.0731056	0.202817	0.809084	0.139666	0.578071	0.895143	0.0255531	0.193878	0.558411	-0.627589	1.07243	0.244351	-0.599496	0.514951	0.755162	0.48651	1.56013	0.999989	31.356	2.19469e+06	0.999685	32.0091	81118.2	0	0	1
163	rs1	1:1	2:0.42075	rs2	1:2	2:0.4195	0	1000	0	0.949692	-0.0113317	0.179602	1.32241e-06	2.46782	0.510265	0.170279	-0.252946	0.184456	3.39124e-09	3.39122	0.57367	0.834489	-0.0415734	0.198966	0.200277	0.737516	0.575842	0.297043	-0.213866	0.205089	0.822018	-0.178775	0.794729	0.907376	-0.0533884	0.458865	nan	nan	nan	0.750442	-0.414743	1.30399	0.999701	30.8517	82249.7	0	0	1
164	rs1	1:1	2:0.41875	rs2	1:2	2:0.42475	0	1000	0	0.844262	-0.0352428	0.179404	0.0077454	1.4717	0.552652	0.404749	0.138389	0.166099	2.92413e-12	4.49249	0.643501	0.724137	-0.0731723	0.207325	0.999967	-28.9486	693950	0.674174	0.0789767	0.187849	0.31175	0.743456	0.734963	0.546699	0.242955	0.403102	0.999985	-29.6189	1.55172e+06	1	-0.0789765	1.69982e+06	0.999932	59.6623	698800	0	0	1
165	rs1	1:1	2:0.422	rs2	1:2	2:0.4135	0	1000	0	0.17315	-0.244979	0.179847	0.460283	0.400754	0.542747	0.674484	0.0725165	0.172658	2.64029e-16	5.98619	0.731029	0.105735	-0.322188	0.199168	0.1579	-1.46622	1.03827	0.959129	0.00968909	0.189069	0.848981	-0.213454	1.12097	0.49598	0.315267	0.463064	nan	nan	nan	0.99999	-27.5735	2.19446e+06	0.99968	33.0554	82481.7	0	0	1
166	rs1	1:1	2:0.4195	rs2	1:2	2:0.42125	0	1000	0	0.222289	0.213898	0.17526	2.36688e-05	2.44941	0.579449	0.262852	0.192619	0.172031	1.52769e-08	3.53691	0.625069	0.209483	0.247277	0.197035	0.416421	-0.859304	1.05741	0.33638	0.186466	0.193964	0.675278	-0.453839	1.08337	0.836674	-0.0862206	0.418242	0.604751	0.851336	1.64484	0.257146	2.01076	1.77447	0.99968	32.854	81905.3	0	0	1
167	rs1	1:1	2:0.41825	rs2	1:2	2:0.419	0	1000	0	0.925663	0.0155745	0.166924	6.1464e-11	3.88547	0.594096	0.864836	0.0286069	0.168057	0.000251632	1.90727	0.521029	0.765894	0.0555177	0.186458	0.462681	0.522858	0.711915	0.884002	0.0273669	0.187576	0.963626	-0.0367576	0.806028	0.882115	0.0604839	0.407881	0.999976	-29.0056	981393	0.999985	-29.5371	1.55172e+06	0.999703	30.9328	83011	0	0	1
168	rs1	1:1	2:0.4105	rs2	1:2	2:0.41525	0	1000	0	0.416305	-0.147696	0.181701	2.8727e-10	3.30991	0.524924	0.566911	0.0961578	0.16793	2.57197e-06	2.33223	0.495972	0.14121	-0.297113	0.201939	0.313073	0.568534	0.563577	0.854989	-0.0332635	0.18201	0.827565	-0.142962	0.656316	0.108247	0.74476	0.4637	0.99999	-28.6065	2.19446e+06	0.685017	0.62105	1.53109	0.999704	30.9336	83309.5	0	0	1
169	rs1	1:1	2:0.41325	rs2	1:2	2:0.4125	0	1000	0	0.132669	-0.264801	0.176104	1.63711e-12	4.00657	0.567314	0.990285	0.00211906	0.174028	0.000432418	1.67574	0.476134	0.0599607	-0.381909	0.203026	0.986397	0.0139862	0.820308	0.83617	-0.040081	0.19382	0.16287	-1.45235	1.04075	0.471202	0.305924	0.424584	0.0244743	3.64001	1.61807	0.999985	-29.0642	1.55172e+06	0.999687	32.7539	83369.6	0	0	1
170	rs1	1:1	2:0.416	rs2	1:2	2:0.42375	0	1000	0	0.957866	0.00910449	0.172329	2.21176e-07	3.43008	0.662101	0.737006	0.0546698	0.162795	0.000134984	2.43543	0.638018	0.955669	0.010806	0.194392	0.880593	0.123284	0.820703	0.842859	0.0357281	0.180229	0.999974	-28.981	895885	0.751763	0.129394	0.409065	1	-0.0108061	1.55172e+06	0.80311	0.369737	1.48295	0.999947	60.2825	899701	0	0	1
171	rs1	1:1	2:0.40825	rs2	1:2	2:0.407	0	1000	0	0.58761	-0.0903928	0.166683	4.41765e-11	3.42609	0.519944	0.389652	-0.149491	0.173777	1.2715e-05	2.03048	0.465178	0.106112	-0.30133	0.186476	0.403416	-0.895631	1.07192	0.0948438	-0.323437	0.19363	0.334176	-0.741481	0.767787	0.00813331	1.14895	0.434143	0.0998774	2.09309	1.27205	0.189022	1.86388	1.41904	0.999689	32.8903	84349	0	0	1
172	rs1	1:1	2:0.41025	rs2	1:2	2:0.41075	0	1000	0	0.439026	-0.139003	0.179628	1.05023e-07	3.18134	0.598243	0.129543	-0.280263	0.184882	4.46858e-06	2.63168	0.573563	0.406837	-0.163596	0.19723	0.692876	0.274304	0.694519	0.141777	-0.299784	0.204045	0.836361	0.140773	0.681542	0.910465	0.0535057	0.475809	0.468943	1.14443	1.58026	0.469738	1.14708	1.58677	0.999704	30.9094	83249.5	0	0	1
173	rs1	1:1	2:0.41775	rs2	1:2	2:0.417	0	1000	0	0.596218	-0.0950873	0.179462	4.25731e-07	3.23407	0.639514	0.875205	-0.0280919	0.178872	1.47445e-05	2.65509	0.612835	0.979394	-0.00494851	0.19159	0.97852	-0.0216993	0.805947	0.935518	0.01553	0.191955	0.87177	0.132451	0.820586	0.492816	-0.355054	0.517695	0.999982	-29.0993	1.26697e+06	0.999989	-28.9657	2.19446e+06	0.999696	31.3232	82307.5	0	0	1
174	rs1	1:1	2:0.423	rs2	1:2	2:0.426	0	1000	0	0.733996	-0.0610731	0.179724	3.12074e-12	3.8081	0.546185	0.955304	0.00998212	0.178103	3.78192e-05	1.95578	0.474656	0.839017	-0.0403944	0.198839	0.872665	-0.127406	0.794923	0.932298	0.0166336	0.195795	0.844797	-0.127406	0.650822	0.774441	-0.131044	0.457283	0.999985	-28.7762	1.55172e+06	0.99999	-28.8332	2.19446e+06	0.999691	31.7166	81791.4	0	0	1
175	rs1	1:1	2:0.406	rs2	1:2	2:0.4215	0	1000	0	0.566823	0.100477	0.175433	3.06792e-06	3.0038	0.643733	0.40159	0.135023	0.160975	2.89242e-06	2.87692	0.614948	0.617845	0.0984733	0.197378	0.999974	-28.966	895885	0.336489	0.168533	0.17535	0.482449	0.426001	0.60652	0.711135	-0.15854	0.428102	nan	nan	nan	1	-0.168533	1.79177e+06	0.999947	59.9798	899734	0	0	1
176	rs1	1:1	2:0.41425	rs2	1:2	2:0.42075	0	1000	0	0.812066	0.0417943	0.175782	0.00609721	1.31621	0.479929	0.56151	-0.0965864	0.166356	2.74385e-14	4.68904	0.616179	0.967989	-0.00779427	0.194224	0.336829	-1.01543	1.05725	0.327571	-0.182032	0.185933	0.942718	0.0831775	1.15758	0.193578	0.560686	0.431274	0.996218	0.00779427	1.6445	0.281547	1.46297	1.35856	0.999689	32.3169	82951.7	0	0	1
177	rs1	1:1	2:0.408	rs2	1:2	2:0.41375	0	1000	0	0.0428903	-0.373589	0.184509	8.05181e-14	5.12988	0.686779	0.126222	0.249558	0.163199	0.0112246	1.25904	0.49654	0.0102697	-0.56543	0.220302	0.0427237	1.36893	0.675549	0.553698	0.106602	0.180001	0.648424	-0.358287	0.785798	0.0861604	0.735581	0.428658	0.173237	1.66404	1.22187	0.999985	29.8731	1.55188e+06	0.999711	30.338	83611.2	0	0	1
178	rs1	1:1	2:0.40275	rs2	1:2	2:0.4125	0	1000	0	0.908555	-0.0198179	0.172538	7.46918e-08	3.01478	0.56042	0.49223	0.1118	0.162792	2.5592e-07	2.66675	0.517482	0.515168	-0.127513	0.19593	0.999968	-29.0635	731487	0.808973	-0.0439192	0.181671	0.244846	0.669431	0.575627	0.136584	0.61772	0.414957	0.860641	0.192052	1.09395	0.999979	60.4497	2.31339e+06	0.999935	59.7364	736306	0	0	1
179	rs1	1:1	2:0.42075	rs2	1:2	2:0.41175	0	1000	0	0.917471	0.0178599	0.172361	9.35018e-08	2.49972	0.468207	0.845283	-0.0362928	0.185983	6.23981e-10	2.96209	0.478973	0.839033	-0.0387734	0.190879	0.254403	-1.19392	1.04756	0.848057	-0.0403513	0.210604	0.779259	-0.182322	0.650488	0.824414	0.0974738	0.439327	0.362893	1.42507	1.56624	0.393864	1.33963	1.57118	0.999684	32.7831	82657	0	0	1
180	rs1	1:1	2:0.4145	rs2	1:2	2:0.41525	0	1000	0	0.086784	-0.316011	0.18452	1.2651e-05	3.12806	0.71645	0.779041	0.0486897	0.17354	3.87115e-05	2.80305	0.681173	0.219023	-0.248401	0.202095	0.999982	-29.0109	1.26697e+06	0.441572	0.143181	0.18606	0.703888	-0.417477	1.0984	0.751385	-0.149738	0.472638	0.636065	0.759227	1.60442	1	-0.14318	1.67605e+06	0.999962	60.8233	1.26967e+06	0	0	1
181	rs1	1:1	2:0.43125	rs2	1:2	2:0.434	0	1000	0	0.516172	-0.119859	0.184609	1.37116e-06	3.35413	0.694558	0.570185	-0.103424	0.182155	2.88898e-05	2.76638	0.66149	0.473301	-0.146257	0.203951	0.774117	-0.315334	1.09874	0.641865	-0.09219	0.198219	0.543329	-0.651806	1.07243	0.905407	0.0566451	0.476675	0.241033	2.09217	1.7845	0.999985	-28.5013	1.55172e+06	0.999679	32.4641	80787.8	0	0	1
182	rs1	1:1	2:0.41725	rs2	1:2	2:0.4075	0	1000	0	0.305554	-0.184972	0.180531	0.0568786	1.05952	0.556397	0.106802	0.279366	0.173225	6.85512e-13	5.67737	0.790468	0.324801	-0.19293	0.19594	0.632754	-0.372179	0.778856	0.172074	0.25643	0.187782	0.13159	1.23726	0.820538	0.907331	-0.0583847	0.501559	nan	nan	nan	0.999989	31.5559	2.19469e+06	0.999705	30.5751	82657	0	0	1
183	rs1	1:1	2:0.42475	rs2	1:2	2:0.42925	0	1000	0	0.162935	0.243625	0.174608	2.97924e-15	3.83365	0.485778	0.513108	0.116706	0.178448	1.14144e-05	1.84057	0.419408	0.362141	0.175653	0.192752	0.624274	-0.378811	0.773396	0.942113	-0.0144471	0.198958	0.656858	-0.2835	0.638147	0.392279	0.384573	0.449535	0.999982	-28.7691	1.26697e+06	nan	nan	nan	0.999685	32.1911	81452.8	0	0	1
184	rs1	1:1	2:0.42275	rs2	1:2	2:0.4205	0	1000	0	0.560348	-0.10062	0.17279	7.93528e-07	2.88889	0.585157	0.156579	-0.2549	0.179929	2.29673e-06	2.76679	0.585516	0.505798	-0.125726	0.188949	0.768801	-0.233615	0.794761	0.126695	-0.305307	0.199904	0.45939	-0.793231	1.07215	0.494909	0.302778	0.443617	0.999982	-28.1313	1.26697e+06	0.999985	-28.5113	1.55172e+06	0.999687	32.3824	82481.7	0	0	1
185	rs1	1:1	2:0.4145	rs2	1:2	2:0.41525	0	1000	0	0.612257	-0.0913649	0.180259	2.29527e-10	3.79466	0.598512	0.508582	-0.120229	0.181876	3.9944e-05	2.17965	0.530611	0.831737	-0.0417796	0.196634	0.0575236	1.21098	0.637591	0.681433	-0.0812821	0.198004	0.30268	0.651368	0.631965	0.861563	-0.083021	0.476079	0.999981	-29.6015	1.26697e+06	0.660384	-0.611865	1.39255	0.999715	29.5515	82715.7	0	0	1
186	rs1	1:1	2:0.4075	rs2	1:2	2:0.4085	0	1000	0	0.890305	0.0235279	0.170593	4.17143e-12	3.77767	0.54502	0.687202	-0.0707888	0.175805	0.000111282	1.82837	0.47311	0.600136	0.0979485	0.186851	0.792145	0.179627	0.681628	0.910012	-0.0218555	0.193372	0.832435	-0.138827	0.656145	0.466085	-0.329331	0.451841	0.999982	-29.0016	1.26697e+06	0.999989	-29.2002	2.19446e+06	0.999701	31.3226	83732.8	0	0	1
