Outcome	Var1_ID	Var1_Pos	Var1_MAF	Var2_ID	Var2_Pos	Var2_MAF	Num_Missing	Num_Cases	Converged	Red_Var1_Pval	Red_Var1_beta	Red_Var1_SE	Red_Var2_Pval	Red_Var2_beta	Red_Var2_SE	Full_Var1_Pval	Full_Var1_beta	Full_Var1_SE	Full_Var2_Pval	Full_Var2_beta	Full_Var2_SE	Full_Var1_Var2_Pval	Full_Var1_Var2_beta	Full_Var1_Var2_SE	Red_Model_Pval	Full_Model_Pval	Overall_Pval_(LRT)
1	rs1	1:1	2:0.43175	rs2	1:2	2:0.43125	0	1000	1	3.65464e-55	1.92269	0.122903	1.7945e-50	1.83608	0.122892	0.999259	0.000175269	0.188809	0.525624	-0.123129	0.193995	5.06857e-47	4.46017	0.309703	0	0	5.47198e-59
2	rs1	1:1	2:0.418	rs2	1:2	2:0.415	0	1000	1	5.10405e-44	1.74864	0.125662	1.13807e-44	1.76435	0.125824	0.993497	-0.00156074	0.191494	0.81527	-0.0459075	0.196494	2.28095e-40	4.05372	0.304766	0	0	1.09967e-48
3	rs1	1:1	2:0.4185	rs2	1:2	2:0.4255	0	1000	1	2.5421e-48	1.78803	0.122411	4.54021e-49	1.79707	0.122053	0.313562	-0.202572	0.201009	0.751605	0.0567124	0.179173	6.97768e-45	4.26385	0.303326	0	0	2.26552e-55
4	rs1	1:1	2:0.419	rs2	1:2	2:0.412	0	1000	1	9.38574e-40	1.63738	0.124091	8.97146e-56	1.96312	0.124776	0.597094	-0.0994898	0.18822	0.48821	0.130926	0.188884	1.79876e-42	4.17959	0.306009	0	0	6.34828e-52
5	rs1	1:1	2:0.425	rs2	1:2	2:0.4295	0	1000	1	9.35607e-46	1.77012	0.124669	7.48044e-51	1.86654	0.124446	0.3727	-0.183196	0.205509	0.490465	0.126959	0.184113	4.00166e-42	4.16427	0.306196	0	0	1.67096e-51
6	rs1	1:1	2:0.4155	rs2	1:2	2:0.414	0	1000	1	3.37355e-48	1.82957	0.125421	2.89765e-57	2.00187	0.125518	0.744309	0.0615317	0.188659	0.114682	0.28498	0.180654	3.20752e-41	4.30938	0.320472	0	0	2.42333e-52
7	rs1	1:1	2:0.41475	rs2	1:2	2:0.41275	0	1000	1	1.63941e-41	1.65069	0.122305	3.40302e-45	1.72874	0.122539	0.450294	-0.142053	0.188168	0.49865	-0.129924	0.19202	5.95318e-44	4.16128	0.299277	0	0	1.79471e-53
8	rs1	1:1	2:0.41925	rs2	1:2	2:0.41275	0	1000	1	3.37105e-37	1.5866	0.124499	7.86999e-57	1.98812	0.125146	0.377087	-0.170107	0.192587	0.353337	0.174574	0.188091	7.87786e-42	4.12931	0.304737	0	0	8.35118e-51
9	rs1	1:1	2:0.41575	rs2	1:2	2:0.41225	0	1000	1	1.35187e-51	1.86983	0.123732	1.50734e-44	1.73583	0.123966	0.178698	0.238979	0.177709	0.846279	-0.0373737	0.192779	4.04278e-40	3.98833	0.300819	0	0	2.15445e-48
10	rs1	1:1	2:0.413	rs2	1:2	2:0.42175	0	1000	1	1.43742e-44	1.71846	0.122697	3.39984e-53	1.87324	0.122014	0.254493	-0.233523	0.204934	0.0763814	0.299695	0.169121	1.12616e-41	4.09132	0.302519	0	0	4.0834e-51
11	rs1	1:1	2:0.41375	rs2	1:2	2:0.4205	0	1000	1	4.18531e-49	1.82423	0.123851	8.69157e-49	1.81188	0.123427	0.933631	0.0159833	0.191929	0.373421	0.159262	0.178929	3.96323e-41	4.05733	0.30208	0	0	6.72426e-50
12	rs1	1:1	2:0.4255	rs2	1:2	2:0.41825	0	1000	1	1.04019e-40	1.62523	0.121652	1.66792e-48	1.78584	0.122021	0.11055	-0.30562	0.191524	0.101321	-0.334433	0.204111	2.82755e-49	4.5706	0.309752	0	0	2.05491e-62
13	rs1	1:1	2:0.4235	rs2	1:2	2:0.42225	0	1000	1	2.11819e-41	1.63841	0.121565	1.18568e-62	2.03238	0.121656	0.906002	-0.022038	0.186632	0.00631378	0.468159	0.171423	7.19962e-38	3.70077	0.28769	0	0	1.59244e-44
14	rs1	1:1	2:0.4245	rs2	1:2	2:0.42475	0	1000	1	1.52635e-45	1.74194	0.122982	8.30081e-54	1.89915	0.122972	0.729049	-0.0667509	0.192704	0.344927	0.172141	0.182261	1.5696e-41	4.01524	0.297431	0	0	6.025e-50
15	rs1	1:1	2:0.41425	rs2	1:2	2:0.419	0	1000	1	2.44893e-55	1.90643	0.121666	6.07192e-49	1.78194	0.121187	0.361846	0.166158	0.18222	0.307703	0.176992	0.173513	4.66278e-41	3.981	0.296663	0	0	8.2574e-50
16	rs1	1:1	2:0.434	rs2	1:2	2:0.43	0	1000	1	1.16947e-48	1.82389	0.124416	9.77551e-56	1.96064	0.124662	0.865069	-0.032214	0.189577	0.842542	-0.0395133	0.198916	1.87778e-45	4.43329	0.313315	0	0	6.97143e-57
17	rs1	1:1	2:0.40725	rs2	1:2	2:0.40875	0	1000	1	7.30727e-41	1.68251	0.125693	3.50666e-49	1.85314	0.125712	0.943172	0.0136501	0.191488	0.162255	0.253883	0.181666	3.67231e-37	3.81424	0.299456	0	0	5.40038e-44
18	rs1	1:1	2:0.422	rs2	1:2	2:0.4255	0	1000	1	2.49651e-45	1.75064	0.123899	2.71158e-47	1.78766	0.12376	0.695746	-0.0767693	0.196306	0.728817	0.0645646	0.186226	1.11465e-40	3.98515	0.298412	0	0	9.14452e-49
19	rs1	1:1	2:0.4305	rs2	1:2	2:0.42325	0	1000	1	2.68841e-42	1.72061	0.126246	1.07982e-58	2.04472	0.126583	0.61305	-0.0998392	0.197418	0.284946	0.204685	0.191424	1.29684e-41	4.20618	0.311251	0	0	5.83799e-51
20	rs1	1:1	2:0.415	rs2	1:2	2:0.41875	0	1000	1	9.08833e-41	1.68998	0.126404	2.86553e-54	1.95528	0.126047	0.484158	-0.143818	0.205563	0.0358405	0.372056	0.177277	4.36139e-38	3.95532	0.306556	0	0	6.02476e-46
21	rs1	1:1	2:0.4155	rs2	1:2	2:0.4155	0	1000	1	3.70254e-46	1.74553	0.122379	7.70816e-53	1.87386	0.122479	0.421064	-0.152516	0.189561	0.968838	0.00718419	0.183901	3.75754e-47	4.53834	0.31468	0	0	2.68849e-60
22	rs1	1:1	2:0.43775	rs2	1:2	2:0.431	0	1000	1	2.93705e-46	1.78404	0.124937	1.52542e-65	2.13886	0.125091	0.9132	0.02076	0.190453	0.0699109	0.337835	0.186393	7.08532e-41	4.06824	0.303867	0	0	1.90165e-49
23	rs1	1:1	2:0.419	rs2	1:2	2:0.41275	0	1000	1	1.65232e-41	1.65248	0.122442	1.29729e-52	1.87855	0.123058	0.398764	-0.157008	0.186066	0.701859	-0.0738092	0.192808	1.97482e-46	4.41568	0.308634	0	0	4.70288e-58
24	rs1	1:1	2:0.4245	rs2	1:2	2:0.42475	0	1000	1	3.89376e-47	1.78032	0.123465	8.19711e-51	1.85178	0.123512	0.974348	-0.00610961	0.190005	0.706758	0.0707074	0.187945	9.27649e-42	4.05261	0.299341	0	0	2.47039e-50
25	rs1	1:1	2:0.419	rs2	1:2	2:0.421	0	1000	1	7.14488e-42	1.66769	0.123008	1.40074e-54	1.91167	0.122872	0.187519	-0.266333	0.202081	0.302982	0.183868	0.178503	1.93303e-43	4.19816	0.303776	0	0	2.19688e-53
26	rs1	1:1	2:0.428	rs2	1:2	2:0.42425	0	1000	1	1.01954e-50	1.87826	0.125399	5.39623e-52	1.90684	0.125679	0.328526	0.180384	0.184614	0.725788	0.0688273	0.196238	2.38569e-40	4.07173	0.306197	0	0	6.83355e-49
27	rs1	1:1	2:0.40775	rs2	1:2	2:0.4095	0	1000	1	1.10407e-42	1.68795	0.123263	1.62048e-47	1.78094	0.122993	0.48182	-0.136028	0.193393	0.596505	0.0949989	0.179435	2.22012e-42	4.11556	0.301659	0	0	1.33891e-51
28	rs1	1:1	2:0.41825	rs2	1:2	2:0.4125	0	1000	1	2.98167e-48	1.76742	0.12109	4.25631e-47	1.75179	0.121539	0.91965	-0.0179585	0.178027	0.213045	-0.244272	0.196165	1.03412e-47	4.48151	0.308839	0	0	2.18592e-60
29	rs1	1:1	2:0.42575	rs2	1:2	2:0.42925	0	1000	1	4.03992e-47	1.78543	0.123841	2.17731e-53	1.90433	0.123806	0.537302	-0.121929	0.197648	0.629277	0.0901362	0.186716	1.32982e-43	4.2262	0.305211	0	0	1.83711e-53
30	rs1	1:1	2:0.42775	rs2	1:2	2:0.428	0	1000	1	3.48116e-40	1.5969	0.120344	5.00017e-54	1.86242	0.120339	0.0478866	-0.397691	0.201019	0.875792	0.0282662	0.18084	1.58123e-46	4.25948	0.297396	0	0	2.70344e-57
31	rs1	1:1	2:0.42675	rs2	1:2	2:0.42725	0	1000	1	8.25718e-59	2.04378	0.126396	3.59318e-44	1.76077	0.126306	0.509594	0.125365	0.190099	0.175846	-0.282588	0.208759	7.01487e-46	4.63489	0.325972	0	0	6.35273e-59
32	rs1	1:1	2:0.4065	rs2	1:2	2:0.405	0	1000	1	5.72108e-53	1.90374	0.124275	1.02193e-36	1.57258	0.124245	0.0415613	0.357021	0.175192	0.587672	-0.104925	0.193512	5.45503e-37	3.74772	0.29495	0	0	1.23187e-43
33	rs1	1:1	2:0.422	rs2	1:2	2:0.419	0	1000	1	4.48654e-55	1.94908	0.124695	4.85682e-43	1.71564	0.124742	0.14311	0.264586	0.180691	0.604315	-0.102363	0.197533	1.58887e-40	4.05324	0.304113	0	0	4.13097e-49
34	rs1	1:1	2:0.409	rs2	1:2	2:0.40975	0	1000	1	2.99751e-53	1.91196	0.12447	2.75158e-39	1.62949	0.12426	0.778327	0.0519201	0.184441	0.0960237	-0.334202	0.200789	1.12722e-46	4.59957	0.320615	0	0	6.76335e-60
35	rs1	1:1	2:0.40175	rs2	1:2	2:0.40475	0	1000	1	4.88317e-45	1.7095	0.121394	2.23965e-41	1.63093	0.121048	0.228745	-0.227327	0.188873	0.198092	-0.238306	0.185163	3.24096e-49	4.58567	0.310967	0	0	8.02869e-63
36	rs1	1:1	2:0.42875	rs2	1:2	2:0.43025	0	1000	1	8.92438e-45	1.8237	0.129897	3.68565e-61	2.14311	0.129888	0.916003	0.0218956	0.207602	0.0083275	0.492305	0.186586	4.08172e-36	3.9409	0.314068	0	0	2.16325e-43
37	rs1	1:1	2:0.418	rs2	1:2	2:0.42325	0	1000	1	1.7907e-54	1.93614	0.124571	1.68248e-50	1.85572	0.124171	0.149659	0.268203	0.186157	0.0822429	0.308333	0.177425	8.55708e-37	3.75981	0.296725	0	0	1.45862e-43
38	rs1	1:1	2:0.42525	rs2	1:2	2:0.42125	0	1000	1	8.28323e-36	1.53653	0.123004	7.36764e-58	1.97658	0.123273	0.032769	-0.436901	0.204647	0.622424	0.0914176	0.18565	6.33416e-46	4.38125	0.307979	0	0	2.96514e-57
39	rs1	1:1	2:0.41675	rs2	1:2	2:0.413	0	1000	1	1.11848e-47	1.79101	0.123471	1.82051e-52	1.88505	0.123663	0.3107	0.18297	0.180487	0.157065	0.255364	0.180468	3.66974e-38	3.83744	0.297114	0	0	1.52927e-45
40	rs1	1:1	2:0.42325	rs2	1:2	2:0.4205	0	1000	1	3.10929e-48	1.80939	0.12399	1.13979e-55	1.9512	0.124138	0.360458	-0.177973	0.194614	0.913816	-0.0205312	0.189705	1.92646e-48	4.81506	0.32922	0	0	4.64214e-64
41	rs1	1:1	2:0.412	rs2	1:2	2:0.409	0	1000	1	3.1119e-52	1.84762	0.121487	2.40294e-42	1.65832	0.121602	0.21269	0.217171	0.174266	0.605191	-0.0975489	0.188701	3.03207e-41	3.95506	0.294032	0	0	1.46264e-49
42	rs1	1:1	2:0.42925	rs2	1:2	2:0.42775	0	1000	1	1.58763e-47	1.78502	0.123263	7.59856e-54	1.90568	0.123349	0.770075	-0.0558616	0.191126	0.78163	0.0525146	0.18945	1.06566e-43	4.19578	0.302667	0	0	2.34148e-53
43	rs1	1:1	2:0.41425	rs2	1:2	2:0.4115	0	1000	1	7.09752e-54	1.87268	0.121178	5.16094e-42	1.64662	0.12124	0.463411	0.128537	0.175299	0.21357	-0.238985	0.19214	9.87323e-46	4.32588	0.304752	0	0	3.68587e-57
44	rs1	1:1	2:0.414	rs2	1:2	2:0.41325	0	1000	1	3.07865e-49	1.79639	0.12179	3.07171e-46	1.73908	0.121815	0.539896	0.110252	0.179865	0.924728	0.0173884	0.184043	1.85005e-41	3.96943	0.294302	0	0	9.10457e-50
45	rs1	1:1	2:0.40925	rs2	1:2	2:0.41075	0	1000	1	9.16281e-39	1.5925	0.122292	3.6704e-52	1.85737	0.122215	0.097671	-0.329515	0.198952	0.525423	0.112676	0.17744	4.70155e-45	4.2994	0.305248	0	0	5.94918e-56
46	rs1	1:1	2:0.4165	rs2	1:2	2:0.421	0	1000	1	1.34099e-57	1.98326	0.123977	2.90141e-39	1.61948	0.123534	0.0952734	0.303074	0.181676	0.829239	-0.040441	0.187506	7.70551e-39	3.84744	0.295155	0	0	4.78218e-46
47	rs1	1:1	2:0.42425	rs2	1:2	2:0.42075	0	1000	1	5.20003e-57	1.97058	0.123839	5.30637e-38	1.59798	0.123997	0.0239311	0.39509	0.174955	0.233781	-0.246506	0.20703	1.02691e-37	3.81356	0.297093	0	0	5.5928e-45
48	rs1	1:1	2:0.42475	rs2	1:2	2:0.4215	0	1000	1	2.22322e-51	1.84	0.122024	2.38317e-41	1.64469	0.12211	0.174188	0.240668	0.177109	0.654205	-0.0862347	0.192519	2.53214e-38	3.72898	0.28808	0	0	5.62687e-45
49	rs1	1:1	2:0.40925	rs2	1:2	2:0.4115	0	1000	1	9.16828e-49	1.79684	0.122433	3.36935e-45	1.72671	0.122388	0.252455	0.204381	0.178591	0.505677	0.120554	0.181125	7.99626e-38	3.72375	0.289659	0	0	1.91843e-44
50	rs1	1:1	2:0.43525	rs2	1:2	2:0.4235	0	1000	1	2.65898e-45	1.7207	0.121818	1.34506e-50	1.82652	0.122096	0.496854	-0.124993	0.183962	0.0904696	-0.358059	0.211503	5.19119e-48	4.50401	0.309383	0	0	1.20056e-60
51	rs1	1:1	2:0.41675	rs2	1:2	2:0.4155	0	1000	1	7.78585e-42	1.65478	0.122113	1.52814e-51	1.8468	0.122273	0.34292	-0.181214	0.191071	0.849984	0.0349045	0.184545	1.7192e-44	4.20649	0.300613	0	0	1.92964e-54
52	rs1	1:1	2:0.42525	rs2	1:2	2:0.42675	0	1000	1	1.01582e-55	1.98667	0.126337	3.41987e-50	1.87968	0.126174	0.623067	0.0947935	0.192862	0.949552	0.0122295	0.193293	7.46851e-44	4.46178	0.321264	0	0	1.71772e-55
53	rs1	1:1	2:0.4365	rs2	1:2	2:0.43875	0	1000	1	2.5089e-51	1.88443	0.125036	6.2805e-53	1.91448	0.125025	0.419427	-0.164424	0.203642	0.670497	-0.0843811	0.198327	1.40505e-46	4.53919	0.316744	0	0	9.12625e-59
54	rs1	1:1	2:0.41775	rs2	1:2	2:0.40875	0	1000	1	3.53259e-43	1.69581	0.123095	1.28726e-55	1.9473	0.123951	0.276154	0.191152	0.175529	0.141105	0.272415	0.185103	5.34987e-37	3.72554	0.293169	0	0	1.45255e-43
55	rs1	1:1	2:0.4185	rs2	1:2	2:0.41625	0	1000	1	2.31539e-45	1.74185	0.123231	1.41854e-48	1.80751	0.123409	0.658004	-0.0835651	0.188775	0.748417	-0.0612394	0.190939	9.8148e-45	4.30101	0.306496	0	0	2.76667e-55
56	rs1	1:1	2:0.41925	rs2	1:2	2:0.41325	0	1000	1	2.16242e-42	1.70441	0.124911	1.66975e-49	1.85392	0.125339	0.45975	-0.142709	0.193043	0.641035	-0.0923006	0.197963	8.90389e-45	4.40331	0.313632	0	0	7.74653e-56
57	rs1	1:1	2:0.41125	rs2	1:2	2:0.4135	0	1000	1	7.52652e-53	1.90857	0.124735	7.30621e-44	1.72991	0.124546	0.405616	0.153296	0.184331	0.789295	-0.0509364	0.190611	3.74891e-42	4.2019	0.308854	0	0	6.63433e-52
58	rs1	1:1	2:0.42325	rs2	1:2	2:0.41875	0	1000	1	1.95573e-47	1.78884	0.123649	1.81245e-51	1.87406	0.124171	0.718984	-0.0668032	0.185659	0.313457	-0.204567	0.202945	1.00506e-47	4.64748	0.320233	0	0	2.40009e-61
59	rs1	1:1	2:0.401	rs2	1:2	2:0.41275	0	1000	1	2.55388e-52	1.86746	0.122687	4.70312e-39	1.58774	0.121453	0.829509	0.040441	0.187808	0.937964	-0.0136263	0.175079	1.50882e-42	4.09358	0.299431	0	0	8.28465e-52
60	rs1	1:1	2:0.4015	rs2	1:2	2:0.40325	0	1000	1	3.47423e-47	1.77063	0.122726	1.68078e-40	1.63084	0.122399	0.84791	0.0350737	0.18288	0.664686	-0.0797213	0.183921	1.89881e-42	4.08751	0.299353	0	0	1.58515e-51
61	rs1	1:1	2:0.425	rs2	1:2	2:0.42125	0	1000	1	6.31151e-42	1.64842	0.121505	2.89949e-54	1.88966	0.121823	0.249017	-0.21789	0.189019	0.709527	-0.0712864	0.191378	3.66648e-47	4.37372	0.303229	0	0	1.69344e-58
62	rs1	1:1	2:0.42075	rs2	1:2	2:0.41775	0	1000	1	1.09181e-46	1.77118	0.123442	1.09349e-44	1.7322	0.123507	0.507612	-0.1271	0.191832	0.251834	-0.227184	0.198257	2.9388e-46	4.42331	0.309767	0	0	9.24357e-58
63	rs1	1:1	2:0.42025	rs2	1:2	2:0.42275	0	1000	1	8.09073e-43	1.70275	0.124139	3.71963e-53	1.9036	0.124038	0.595512	-0.104939	0.197675	0.180303	0.241797	0.180469	9.00386e-40	3.9459	0.298976	0	0	1.22224e-47
64	rs1	1:1	2:0.41975	rs2	1:2	2:0.4255	0	1000	1	1.97869e-46	1.8081	0.126378	1.01768e-54	1.96234	0.125964	0.439143	-0.160801	0.20785	0.144847	0.262928	0.180338	6.2671e-42	4.29905	0.316871	0	0	2.62916e-52
65	rs1	1:1	2:0.41525	rs2	1:2	2:0.41875	0	1000	1	9.66088e-56	1.96556	0.124969	2.3965e-37	1.59117	0.124598	0.406675	0.154497	0.186195	0.182149	-0.266128	0.199471	5.27118e-43	4.23509	0.308062	0	0	7.57629e-53
66	rs1	1:1	2:0.42125	rs2	1:2	2:0.416	0	1000	1	4.09028e-43	1.6718	0.121445	2.15746e-50	1.81789	0.121775	0.617181	-0.0920266	0.184109	0.786919	-0.0513004	0.189781	2.16297e-44	4.15693	0.297419	0	0	5.46058e-54
67	rs1	1:1	2:0.4125	rs2	1:2	2:0.4075	0	1000	1	9.96448e-47	1.81235	0.126255	6.74866e-52	1.92209	0.126807	0.526329	0.116985	0.18463	0.474415	0.135828	0.189886	7.07671e-41	4.27585	0.319372	0	0	2.95935e-51
68	rs1	1:1	2:0.41325	rs2	1:2	2:0.4165	0	1000	1	1.07951e-45	1.69341	0.119351	2.16298e-49	1.75974	0.119112	0.17509	-0.258412	0.190565	0.861649	-0.0306278	0.175743	1.63866e-48	4.38734	0.299749	0	0	1.19214e-60
69	rs1	1:1	2:0.41825	rs2	1:2	2:0.42625	0	1000	1	1.51584e-50	1.89001	0.126407	9.65854e-46	1.78429	0.125687	0.382574	-0.183701	0.210385	0.966912	0.00773318	0.186424	2.03969e-44	4.4693	0.319672	0	0	5.41842e-56
70	rs1	1:1	2:0.4175	rs2	1:2	2:0.41975	0	1000	1	7.24563e-43	1.65709	0.12074	9.08272e-52	1.82724	0.120705	0.294329	-0.200384	0.191084	0.672921	0.075322	0.178428	1.0293e-44	4.14928	0.295755	0	0	1.77946e-54
71	rs1	1:1	2:0.41525	rs2	1:2	2:0.4135	0	1000	1	1.88506e-49	1.82027	0.123132	7.21357e-44	1.71088	0.123167	0.460553	0.133881	0.181425	0.831688	-0.0402471	0.189365	6.76172e-41	3.98593	0.297642	0	0	4.04178e-49
72	rs1	1:1	2:0.422	rs2	1:2	2:0.421	0	1000	1	5.78536e-46	1.73814	0.122128	3.40721e-49	1.80393	0.122357	0.600444	0.0947935	0.180986	0.738216	0.0628368	0.188012	1.26173e-39	3.82555	0.290417	0	0	8.55263e-47
73	rs1	1:1	2:0.41375	rs2	1:2	2:0.4155	0	1000	1	9.35252e-52	1.89848	0.125427	3.97317e-51	1.8844	0.125287	0.817247	-0.0444796	0.19248	0.926863	-0.0173777	0.189316	2.87971e-46	4.80113	0.336193	0	0	7.22004e-62
74	rs1	1:1	2:0.41925	rs2	1:2	2:0.418	0	1000	1	1.84949e-55	1.98537	0.126559	8.84394e-46	1.7973	0.126548	0.00186785	0.55328	0.177876	0.0968589	0.309152	0.186205	4.59416e-31	3.38986	0.292464	0	0	1.29148e-35
75	rs1	1:1	2:0.41	rs2	1:2	2:0.40575	0	1000	1	6.76709e-43	1.7351	0.126378	5.29348e-54	1.96711	0.127133	0.652884	0.0834529	0.18555	0.201058	0.238984	0.186919	2.45043e-39	4.1233	0.314218	0	0	1.99402e-48
76	rs1	1:1	2:0.4175	rs2	1:2	2:0.42575	0	1000	1	2.16329e-49	1.79503	0.121502	1.03145e-46	1.74087	0.121296	0.876245	0.0292265	0.187673	0.646472	0.0824003	0.179651	1.05519e-40	3.86443	0.289284	0	0	3.22645e-48
77	rs1	1:1	2:0.41725	rs2	1:2	2:0.42575	0	1000	1	1.36689e-57	2.03163	0.12701	6.928e-48	1.83538	0.126244	0.244779	0.224624	0.193121	0.251191	0.208631	0.181819	2.76831e-39	4.10293	0.312887	0	0	3.51782e-48
78	rs1	1:1	2:0.4265	rs2	1:2	2:0.4165	0	1000	1	1.22184e-38	1.64279	0.126368	1.79608e-51	1.91988	0.127202	0.281348	-0.211012	0.195872	0.338135	-0.204043	0.213021	4.50169e-45	4.53361	0.321807	0	0	5.73612e-57
79	rs1	1:1	2:0.4165	rs2	1:2	2:0.41425	0	1000	1	1.75075e-41	1.66878	0.12369	6.73362e-52	1.87755	0.123867	0.715641	-0.0694156	0.19055	0.358461	0.168419	0.183402	1.86598e-40	3.97474	0.298491	0	0	1.68429e-48
80	rs1	1:1	2:0.4255	rs2	1:2	2:0.4255	0	1000	1	1.88551e-47	1.84163	0.127276	1.32402e-49	1.8841	0.127246	0.327623	-0.20291	0.207281	0.579731	-0.111619	0.201559	4.51672e-46	4.67219	0.327885	0	0	4.40292e-59
81	rs1	1:1	2:0.41625	rs2	1:2	2:0.422	0	1000	1	2.90962e-50	1.83906	0.123358	2.83309e-40	1.63298	0.12292	0.910942	-0.0214522	0.191794	0.491704	-0.129368	0.188144	3.6395e-43	4.13929	0.300509	0	0	2.11114e-52
82	rs1	1:1	2:0.41725	rs2	1:2	2:0.41875	0	1000	1	5.99634e-44	1.70667	0.122747	1.13467e-50	1.83932	0.122858	0.576017	-0.106399	0.190266	0.827868	0.0404423	0.185996	1.85212e-43	4.15833	0.300827	0	0	6.14202e-53
83	rs1	1:1	2:0.41425	rs2	1:2	2:0.41475	0	1000	1	3.23464e-57	2.01091	0.126139	4.18022e-38	1.62407	0.125841	0.0786434	0.319307	0.181567	0.42318	-0.158984	0.198503	6.02819e-40	4.0753	0.308075	0	0	1.43714e-48
84	rs1	1:1	2:0.41275	rs2	1:2	2:0.415	0	1000	1	9.362e-49	1.7829	0.121495	1.34951e-46	1.73844	0.121284	0.955341	0.0103084	0.184075	0.881771	0.0267618	0.179942	3.44934e-43	4.0899	0.296839	0	0	1.79957e-52
85	rs1	1:1	2:0.43275	rs2	1:2	2:0.4285	0	1000	1	1.39462e-50	1.87699	0.12549	2.87274e-58	2.02278	0.125696	0.685598	0.0766323	0.189292	0.433111	0.150697	0.192246	1.29267e-42	4.28135	0.312908	0	0	8.52561e-53
86	rs1	1:1	2:0.42025	rs2	1:2	2:0.42075	0	1000	1	2.48963e-51	1.94855	0.129286	3.75618e-46	1.83993	0.129006	0.457205	0.146427	0.196954	0.679202	0.0809491	0.195741	2.70042e-39	4.16798	0.317801	0	0	4.71566e-48
87	rs1	1:1	2:0.42375	rs2	1:2	2:0.4105	0	1000	1	1.3538e-40	1.64708	0.123469	1.51745e-61	2.06431	0.124707	0.870143	-0.0294258	0.179999	0.440269	0.147325	0.1909	1.23275e-43	4.33442	0.312904	0	0	1.10558e-54
88	rs1	1:1	2:0.41975	rs2	1:2	2:0.4205	0	1000	1	4.22458e-46	1.75885	0.123393	2.84562e-50	1.84047	0.12344	0.891628	-0.0258363	0.189631	0.696432	0.0726979	0.186337	4.44107e-42	4.08334	0.300413	0	0	6.43017e-51
89	rs1	1:1	2:0.424	rs2	1:2	2:0.4255	0	1000	1	4.88609e-38	1.62279	0.12586	5.68337e-56	1.98258	0.125783	0.130795	-0.323053	0.213804	0.120898	0.282999	0.182461	6.2201e-40	4.08059	0.308531	0	0	9.10368e-49
90	rs1	1:1	2:0.42225	rs2	1:2	2:0.416	0	1000	1	1.96202e-41	1.66535	0.123513	3.62726e-54	1.92152	0.123992	0.204669	-0.245713	0.193725	0.700905	-0.0747286	0.194555	1.452e-47	4.57141	0.31554	0	0	2.35888e-60
91	rs1	1:1	2:0.435	rs2	1:2	2:0.438	0	1000	1	3.79413e-50	1.90665	0.128044	1.33095e-59	2.08424	0.128011	0.532776	-0.131547	0.210889	0.31021	0.195614	0.192765	1.82615e-43	4.49074	0.324851	0	0	6.97806e-55
92	rs1	1:1	2:0.4065	rs2	1:2	2:0.412	0	1000	1	4.43696e-46	1.73041	0.121426	9.34888e-49	1.77613	0.121033	0.138989	-0.289236	0.195487	0.747463	-0.0575615	0.17877	2.51923e-49	4.66204	0.315782	0	0	6.28655e-64
93	rs1	1:1	2:0.425	rs2	1:2	2:0.42275	0	1000	1	5.77106e-37	1.57547	0.124034	1.01647e-69	2.19344	0.124274	0.210389	-0.250396	0.199918	0.00372549	0.507496	0.174967	9.86624e-41	4.06314	0.304045	0	0	1.17051e-49
94	rs1	1:1	2:0.425	rs2	1:2	2:0.42	0	1000	1	9.35644e-45	1.69946	0.121076	5.46354e-57	1.92927	0.121267	0.264901	-0.210986	0.189245	0.984731	-0.00355673	0.185842	2.96915e-48	4.45919	0.305503	0	0	1.45521e-60
95	rs1	1:1	2:0.41025	rs2	1:2	2:0.413	0	1000	1	1.36467e-48	1.79315	0.122407	2.19617e-45	1.72729	0.122168	0.930739	0.0161275	0.185555	0.972973	0.00617586	0.182288	7.51825e-43	4.10682	0.299292	0	0	4.14837e-52
96	rs1	1:1	2:0.418	rs2	1:2	2:0.415	0	1000	1	2.53126e-55	1.98537	0.12672	8.96936e-45	1.7819	0.126923	0.103732	0.293936	0.180658	0.713181	-0.0733756	0.199614	4.51907e-41	4.30457	0.32072	0	0	1.35029e-51
97	rs1	1:1	2:0.409	rs2	1:2	2:0.42175	0	1000	1	2.26615e-61	2.11561	0.127993	1.2755e-31	1.48071	0.126557	0.462683	0.1441	0.196205	0.100088	-0.326125	0.198321	8.30928e-44	4.41777	0.31827	0	0	1.41046e-54
98	rs1	1:1	2:0.42775	rs2	1:2	2:0.42225	0	1000	1	1.80762e-45	1.73637	0.122691	4.20968e-58	1.9771	0.123038	0.729375	-0.0643226	0.185927	0.655297	0.0840974	0.188383	5.65594e-45	4.30888	0.306206	0	0	9.52987e-56
99	rs1	1:1	2:0.42825	rs2	1:2	2:0.42625	0	1000	1	1.11199e-44	1.76493	0.125851	2.61377e-46	1.79875	0.125895	0.190851	-0.27038	0.206702	0.226374	-0.250446	0.207022	4.75161e-46	4.57043	0.320823	0	0	1.6722e-58
100	rs1	1:1	2:0.42675	rs2	1:2	2:0.422	0	1000	1	7.15445e-40	1.61863	0.122481	2.44759e-55	1.92292	0.122718	0.223851	-0.236193	0.194181	0.770854	0.0548001	0.18815	2.29835e-44	4.19997	0.300591	0	0	3.76445e-54
101	rs1	1:1	2:0.41625	rs2	1:2	2:0.4145	0	1000	1	1.05591e-50	1.81873	0.121444	9.02155e-46	1.72637	0.121566	0.576601	0.0996743	0.178514	0.623641	-0.0926976	0.18891	1.55485e-43	4.11758	0.297608	0	0	5.41646e-53
102	rs1	1:1	2:0.42225	rs2	1:2	2:0.4245	0	1000	1	5.55298e-46	1.7287	0.12144	1.87792e-53	1.86672	0.121286	0.586232	0.101841	0.187103	0.0238869	0.388397	0.171937	4.70868e-35	3.46514	0.280516	0	0	2.95097e-40
103	rs1	1:1	2:0.41575	rs2	1:2	2:0.41725	0	1000	1	1.89034e-55	1.9184	0.122301	3.50575e-42	1.66287	0.122182	0.5765	0.101228	0.181249	0.22543	-0.235244	0.194061	8.19166e-46	4.35079	0.306225	0	0	4.36769e-57
104	rs1	1:1	2:0.40975	rs2	1:2	2:0.4175	0	1000	1	6.72549e-41	1.64452	0.122798	4.31211e-50	1.82029	0.122315	0.167837	-0.28174	0.204279	0.256681	0.19721	0.173865	8.89627e-42	4.06455	0.300155	0	0	7.56443e-51
105	rs1	1:1	2:0.4165	rs2	1:2	2:0.42	0	1000	1	4.18583e-50	1.89713	0.127461	6.28686e-51	1.90779	0.127098	0.95613	0.0109411	0.19889	0.403311	0.156142	0.186835	7.14681e-42	4.3605	0.321629	0	0	1.43662e-52
106	rs1	1:1	2:0.4215	rs2	1:2	2:0.41925	0	1000	1	1.95727e-44	1.71483	0.12263	4.74463e-46	1.74867	0.122748	0.397874	-0.161853	0.191446	0.359608	-0.178692	0.195055	9.34178e-46	4.3252	0.304621	0	0	1.5162e-56
107	rs1	1:1	2:0.41125	rs2	1:2	2:0.41625	0	1000	1	1.00004e-48	1.81331	0.123604	3.28844e-40	1.63347	0.12306	0.206713	-0.252863	0.200263	0.124783	-0.296457	0.193131	5.16538e-49	4.66053	0.31672	0	0	1.1382e-62
108	rs1	1:1	2:0.4305	rs2	1:2	2:0.4315	0	1000	1	9.28926e-54	1.90157	0.123186	3.31022e-53	1.89082	0.123145	0.674187	0.0791373	0.188239	0.578291	0.103121	0.185508	7.79698e-43	4.13372	0.30131	0	0	4.0318e-52
109	rs1	1:1	2:0.422	rs2	1:2	2:0.42525	0	1000	1	2.03215e-53	1.92662	0.125219	9.65888e-45	1.75296	0.124909	0.74793	-0.063103	0.196356	0.344656	-0.185585	0.196385	7.02872e-47	4.61445	0.32092	0	0	7.44344e-60
110	rs1	1:1	2:0.41325	rs2	1:2	2:0.40925	0	1000	1	8.34739e-48	1.77678	0.122321	1.48193e-50	1.83359	0.122621	0.428273	0.140514	0.177383	0.455599	0.135316	0.181361	8.33028e-41	4.02221	0.300699	0	0	9.8159e-50
111	rs1	1:1	2:0.426	rs2	1:2	2:0.42675	0	1000	1	4.02241e-52	1.85978	0.122422	5.40974e-47	1.76271	0.122436	0.598203	0.0969819	0.184031	0.75845	-0.0587968	0.191198	1.79878e-42	4.05095	0.29659	0	0	3.57346e-51
112	rs1	1:1	2:0.427	rs2	1:2	2:0.42575	0	1000	1	4.24808e-47	1.77357	0.123048	9.77894e-48	1.78829	0.123206	0.340783	-0.183885	0.193031	0.14389	-0.298489	0.20424	1.93797e-48	4.59168	0.313955	0	0	1.65977e-61
113	rs1	1:1	2:0.41375	rs2	1:2	2:0.4195	0	1000	1	8.51012e-48	1.83026	0.126014	8.3982e-54	1.93836	0.125516	0.115244	-0.331918	0.210734	0.795195	0.0477397	0.183918	4.62332e-48	5.05861	0.34729	0	0	3.20146e-66
114	rs1	1:1	2:0.4165	rs2	1:2	2:0.41475	0	1000	1	6.01535e-53	1.83848	0.12004	6.68667e-37	1.52203	0.119936	0.694326	-0.0709877	0.180634	0.00790742	-0.534908	0.201396	1.30636e-50	4.58501	0.306449	0	0	2.0717e-64
115	rs1	1:1	2:0.4115	rs2	1:2	2:0.42525	0	1000	1	3.11302e-51	1.82201	0.121009	1.0103e-43	1.66714	0.120227	0.803621	-0.0481293	0.193552	0.522152	0.10913	0.170507	1.31378e-41	3.92693	0.290608	0	0	9.59456e-50
116	rs1	1:1	2:0.40975	rs2	1:2	2:0.408	0	1000	1	2.69974e-39	1.62775	0.124113	4.57059e-50	1.8483	0.124229	0.273959	-0.214436	0.196012	0.631881	0.0879311	0.183541	3.52792e-43	4.2299	0.307036	0	0	4.16511e-53
117	rs1	1:1	2:0.40975	rs2	1:2	2:0.413	0	1000	1	4.57088e-55	1.93416	0.123749	5.25873e-39	1.61033	0.123261	0.796234	0.0476527	0.18454	0.122033	-0.301247	0.194818	3.58942e-47	4.59768	0.318724	0	0	1.33782e-60
118	rs1	1:1	2:0.42125	rs2	1:2	2:0.4215	0	1000	1	8.90387e-52	1.87887	0.124105	2.12336e-52	1.8926	0.12424	0.208879	0.227773	0.181253	0.292531	0.194667	0.184942	3.36639e-39	3.94532	0.301208	0	0	3.24671e-47
119	rs1	1:1	2:0.41975	rs2	1:2	2:0.423	0	1000	1	8.318e-48	1.74584	0.120189	3.45597e-44	1.67263	0.119959	0.558053	-0.11082	0.189199	0.728988	-0.0625397	0.180504	3.48519e-44	4.04971	0.290454	0	0	3.6531e-53
120	rs1	1:1	2:0.4165	rs2	1:2	2:0.4085	0	1000	1	2.65026e-40	1.60619	0.120858	3.22167e-52	1.84888	0.121588	0.575232	-0.100564	0.179462	0.871559	-0.0304758	0.188497	7.54907e-45	4.19243	0.298363	0	0	7.40909e-55
121	rs1	1:1	2:0.42	rs2	1:2	2:0.41725	0	1000	1	1.03673e-40	1.65075	0.12356	3.25474e-51	1.86475	0.123872	0.369638	-0.172992	0.192824	0.961392	0.00921666	0.190398	1.02715e-43	4.22012	0.304364	0	0	1.65279e-53
122	rs1	1:1	2:0.42275	rs2	1:2	2:0.437	0	1000	1	3.47889e-57	2.03173	0.127481	1.92797e-40	1.68704	0.126715	0.922762	-0.0206585	0.213072	0.923752	0.0178585	0.186592	1.1402e-40	4.17276	0.3125	0	0	1.12872e-49
123	rs1	1:1	2:0.41325	rs2	1:2	2:0.41275	0	1000	1	4.14638e-52	1.87409	0.12338	1.45965e-43	1.71048	0.123588	0.93481	0.0149191	0.182398	0.0937849	-0.340601	0.203252	4.01662e-48	4.70082	0.322513	0	0	1.50035e-62
124	rs1	1:1	2:0.426	rs2	1:2	2:0.42825	0	1000	1	1.94525e-57	1.98809	0.124459	7.01048e-49	1.82697	0.124332	0.450027	0.141526	0.187359	0.90262	-0.0234077	0.191315	6.15513e-44	4.33128	0.311557	0	0	9.91079e-55
125	rs1	1:1	2:0.42225	rs2	1:2	2:0.4285	0	1000	1	6.79113e-52	1.9013	0.125439	3.07708e-45	1.76515	0.125056	0.826647	-0.0439717	0.20078	0.929734	-0.016715	0.189557	7.27063e-43	4.24459	0.309277	0	0	1.24153e-52
126	rs1	1:1	2:0.427	rs2	1:2	2:0.432	0	1000	1	1.88556e-47	1.78622	0.123446	2.19975e-49	1.82082	0.123256	0.0657731	-0.392807	0.213486	0.602713	-0.0983463	0.188945	3.74867e-48	4.61233	0.31634	0	0	1.61217e-61
127	rs1	1:1	2:0.419	rs2	1:2	2:0.4185	0	1000	1	7.42959e-46	1.74153	0.122517	1.2532e-55	1.92571	0.122564	0.680698	0.0760398	0.184782	0.0772692	0.312429	0.176837	1.22784e-38	3.79887	0.292227	0	0	9.12752e-46
128	rs1	1:1	2:0.40925	rs2	1:2	2:0.4145	0	1000	1	5.24412e-47	1.80106	0.125082	4.7832e-45	1.75411	0.124549	0.834501	0.0401541	0.192187	0.457025	0.134618	0.180998	2.11139e-39	3.96068	0.301567	0	0	2.77841e-47
129	rs1	1:1	2:0.428	rs2	1:2	2:0.429	0	1000	1	8.00092e-56	1.95832	0.124414	2.59933e-46	1.77777	0.124424	0.729271	-0.0667128	0.192759	0.0652108	-0.388039	0.210455	7.0286e-50	4.85792	0.327148	0	0	2.39056e-65
130	rs1	1:1	2:0.4225	rs2	1:2	2:0.41625	0	1000	1	2.99506e-41	1.65741	0.123209	1.78329e-52	1.88721	0.123794	0.671408	-0.0787009	0.185521	0.900062	-0.0245363	0.19538	2.58558e-43	4.17818	0.302789	0	0	8.46262e-53
131	rs1	1:1	2:0.417	rs2	1:2	2:0.42075	0	1000	1	4.21023e-56	1.95275	0.123741	2.07895e-40	1.64139	0.123338	0.972639	0.00647251	0.18871	0.117868	-0.30797	0.196938	8.29041e-48	4.60387	0.316939	0	0	4.67961e-61
132	rs1	1:1	2:0.424	rs2	1:2	2:0.42875	0	1000	1	4.73184e-59	2.01936	0.124622	5.14201e-42	1.68829	0.124307	0.849471	0.0365484	0.19257	0.164147	-0.277622	0.199547	4.03873e-47	4.5749	0.317324	0	0	8.16337e-60
133	rs1	1:1	2:0.4125	rs2	1:2	2:0.42175	0	1000	1	2.59094e-54	1.93565	0.12473	1.73391e-48	1.81289	0.123892	0.488838	0.132848	0.191933	0.171105	0.239602	0.175063	1.00868e-39	4.02579	0.305228	0	0	2.22357e-48
134	rs1	1:1	2:0.4255	rs2	1:2	2:0.42225	0	1000	1	5.9055e-66	2.12197	0.123704	4.21755e-39	1.61847	0.123725	0.028378	0.380777	0.17371	0.0521773	-0.407909	0.210082	1.66194e-44	4.4228	0.316017	0	0	1.3466e-56
135	rs1	1:1	2:0.418	rs2	1:2	2:0.42525	0	1000	1	1.11289e-50	1.87231	0.125051	1.78741e-51	1.88198	0.124688	0.575725	-0.111687	0.199568	0.703047	0.070304	0.184423	2.28839e-45	4.53239	0.320635	0	0	6.38358e-58
136	rs1	1:1	2:0.40225	rs2	1:2	2:0.41375	0	1000	1	2.69885e-55	1.95343	0.124714	4.25016e-38	1.59209	0.123376	0.293822	0.196245	0.18694	0.858043	0.031834	0.177977	1.28398e-39	3.95594	0.300346	0	0	1.29374e-47
137	rs1	1:1	2:0.41475	rs2	1:2	2:0.41225	0	1000	1	7.1078e-40	1.66437	0.125937	4.77524e-59	2.04667	0.126311	0.352909	-0.183976	0.198045	0.107388	0.291344	0.180953	1.37872e-42	4.40731	0.322224	0	0	4.04578e-54
138	rs1	1:1	2:0.4165	rs2	1:2	2:0.40925	0	1000	1	3.49686e-37	1.55809	0.122289	9.96521e-56	1.93331	0.122934	0.535849	-0.114518	0.184973	0.295281	0.191312	0.182792	5.16496e-41	3.95315	0.294754	0	0	5.08381e-49
139	rs1	1:1	2:0.41175	rs2	1:2	2:0.4145	0	1000	1	1.30762e-47	1.82703	0.126047	5.67072e-55	1.96665	0.125939	0.959764	0.00973965	0.193055	0.167364	0.250342	0.181312	1.31735e-41	4.341	0.321255	0	0	1.00878e-52
140	rs1	1:1	2:0.41625	rs2	1:2	2:0.41175	0	1000	1	8.78775e-48	1.77562	0.122271	1.95617e-46	1.75259	0.122492	0.993124	0.00157109	0.182307	0.507612	-0.1271	0.191832	5.53959e-45	4.28452	0.304443	0	0	1.2647e-55
141	rs1	1:1	2:0.4205	rs2	1:2	2:0.4175	0	1000	1	2.66014e-47	1.79577	0.12431	5.73008e-57	1.98213	0.124613	0.885805	0.0268245	0.186781	0.311398	0.187167	0.184894	1.08502e-42	4.28652	0.312995	0	0	2.29277e-53
142	rs1	1:1	2:0.415	rs2	1:2	2:0.4175	0	1000	1	1.35197e-49	1.81213	0.122397	1.98868e-43	1.68907	0.122238	0.442874	-0.145733	0.189917	0.156668	-0.274143	0.193554	3.75497e-49	4.63296	0.314386	0	0	7.15322e-63
143	rs1	1:1	2:0.4015	rs2	1:2	2:0.41075	0	1000	1	7.65209e-55	2.00728	0.128698	4.51422e-41	1.70803	0.127259	0.100949	0.311142	0.18969	0.303757	0.186206	0.181062	2.09002e-36	3.92467	0.311462	0	0	5.92709e-44
144	rs1	1:1	2:0.41575	rs2	1:2	2:0.4205	0	1000	1	9.77095e-50	1.84546	0.124465	4.41423e-50	1.8485	0.124223	0.545567	0.113752	0.188201	0.26174	0.202906	0.180797	1.3048e-39	3.97722	0.301989	0	0	9.15072e-48
145	rs1	1:1	2:0.422	rs2	1:2	2:0.421	0	1000	1	4.51405e-49	1.78417	0.121173	4.49901e-41	1.6255	0.121108	0.361269	-0.173432	0.189968	0.0528683	-0.384708	0.198713	7.05687e-49	4.48469	0.305208	0	0	2.37494e-61
146	rs1	1:1	2:0.4195	rs2	1:2	2:0.42125	0	1000	1	4.75192e-55	1.94744	0.124619	1.42756e-47	1.80321	0.124456	0.339374	0.176447	0.184684	0.890628	0.0259067	0.1884	2.92987e-42	4.22752	0.310326	0	0	2.50366e-52
147	rs1	1:1	2:0.421	rs2	1:2	2:0.4275	0	1000	1	5.15665e-48	1.83115	0.125779	4.43793e-45	1.76694	0.125413	0.504426	-0.137614	0.20615	0.985548	-0.00343761	0.189771	3.81656e-42	4.20981	0.309465	0	0	1.15822e-51
148	rs1	1:1	2:0.43475	rs2	1:2	2:0.438	0	1000	1	7.32737e-47	1.78421	0.124111	1.86357e-58	1.99992	0.124069	0.0414555	-0.439862	0.21573	0.96662	0.00790518	0.188902	1.26173e-49	4.81451	0.325084	0	0	7.99855e-65
149	rs1	1:1	2:0.415	rs2	1:2	2:0.4135	0	1000	1	1.80036e-52	1.871	0.122735	2.52788e-46	1.7534	0.122702	0.17923	0.238879	0.177852	0.646205	0.0841452	0.183307	1.54023e-39	3.89525	0.296047	0	0	2.33688e-47
150	rs1	1:1	2:0.42725	rs2	1:2	2:0.41975	0	1000	1	5.60486e-46	1.75676	0.123417	7.18681e-47	1.78135	0.123901	0.177973	-0.25845	0.191867	0.00912386	-0.583239	0.223688	3.65816e-52	5.06625	0.333355	0	0	3.93239e-70
151	rs1	1:1	2:0.431	rs2	1:2	2:0.423	0	1000	1	3.5357e-45	1.77295	0.125696	1.87002e-58	2.03493	0.126243	0.630511	0.089508	0.186084	0.334542	0.187772	0.194581	3.02023e-40	4.07966	0.307201	0	0	9.25905e-49
152	rs1	1:1	2:0.4115	rs2	1:2	2:0.41075	0	1000	1	1.11765e-48	1.85217	0.126318	5.04465e-43	1.73918	0.126479	0.0635105	0.334294	0.180154	0.469713	0.137267	0.189871	1.37723e-34	3.64692	0.297317	0	0	2.11264e-40
153	rs1	1:1	2:0.42875	rs2	1:2	2:0.425	0	1000	1	8.49698e-51	1.847	0.123213	9.51617e-47	1.77099	0.123346	0.819817	-0.042821	0.187992	0.16819	-0.281635	0.204373	5.09743e-47	4.48996	0.31178	0	0	3.44429e-59
154	rs1	1:1	2:0.43375	rs2	1:2	2:0.42725	0	1000	1	5.68663e-47	1.79462	0.124683	5.77195e-60	2.04171	0.125007	0.450566	0.13894	0.184156	0.159482	0.266501	0.189436	3.98305e-39	3.92467	0.299924	0	0	1.03257e-46
155	rs1	1:1	2:0.413	rs2	1:2	2:0.42125	0	1000	1	1.61673e-55	1.91503	0.12201	4.57911e-41	1.63017	0.121467	0.937163	0.0147826	0.187511	0.390644	-0.158489	0.184623	5.6943e-46	4.31162	0.302925	0	0	6.92248e-57
156	rs1	1:1	2:0.4075	rs2	1:2	2:0.4135	0	1000	1	1.63797e-50	1.90152	0.12722	1.52596e-43	1.74886	0.126391	0.374213	0.170875	0.192295	0.354404	0.16903	0.182522	1.2841e-37	3.92423	0.306127	0	0	4.40367e-45
157	rs1	1:1	2:0.4205	rs2	1:2	2:0.41975	0	1000	1	2.82593e-50	1.83111	0.122809	2.17188e-54	1.90691	0.122788	0.320209	0.181007	0.182094	0.0979873	0.293826	0.177572	1.64785e-38	3.82076	0.29442	0	0	7.57255e-46
158	rs1	1:1	2:0.4115	rs2	1:2	2:0.4135	0	1000	1	3.80641e-48	1.84752	0.126722	7.42815e-45	1.77872	0.126576	0.947682	0.0126852	0.193319	0.811715	-0.0462591	0.194191	1.1619e-42	4.33592	0.316717	0	0	4.79009e-53
159	rs1	1:1	2:0.42875	rs2	1:2	2:0.43075	0	1000	1	6.05542e-51	1.92287	0.128082	4.01832e-53	1.96412	0.128024	0.595282	0.105361	0.198345	0.297283	0.200671	0.192531	2.23865e-39	4.11281	0.313255	0	0	7.2535e-48
160	rs1	1:1	2:0.428	rs2	1:2	2:0.42825	0	1000	1	2.29376e-52	1.92727	0.126558	1.45545e-47	1.835	0.126662	0.276406	0.204542	0.187924	0.955604	0.011083	0.199079	1.3366e-39	4.05453	0.307902	0	0	7.29186e-48
161	rs1	1:1	2:0.423	rs2	1:2	2:0.42175	0	1000	1	2.53719e-49	1.87209	0.12681	1.65222e-46	1.81351	0.126646	0.876822	-0.0307717	0.198527	0.812425	-0.0465555	0.19619	4.25106e-43	4.3581	0.316652	0	0	1.48097e-53
162	rs1	1:1	2:0.4295	rs2	1:2	2:0.43225	0	1000	1	2.84706e-54	1.94246	0.125217	1.15604e-46	1.7935	0.125032	0.684117	0.0792572	0.194806	0.981906	0.00434768	0.191701	1.17132e-41	4.12779	0.305282	0	0	1.51748e-50
163	rs1	1:1	2:0.42075	rs2	1:2	2:0.4195	0	1000	1	3.00198e-49	1.84115	0.12481	7.02844e-41	1.67013	0.12474	0.908461	0.0218961	0.190435	0.290086	-0.212	0.200391	1.19094e-42	4.19546	0.306497	0	0	3.72504e-52
164	rs1	1:1	2:0.41875	rs2	1:2	2:0.42475	0	1000	1	3.40469e-46	1.78643	0.125195	6.29063e-47	1.79522	0.124785	0.477967	-0.146197	0.206035	0.552354	0.109149	0.18368	9.54146e-41	4.07497	0.304873	0	0	2.02984e-49
165	rs1	1:1	2:0.422	rs2	1:2	2:0.4135	0	1000	1	7.55097e-39	1.59589	0.122414	5.49606e-59	1.99119	0.122953	0.0546566	-0.37696	0.19617	0.981815	0.00426902	0.187286	1.50143e-49	4.71941	0.318915	0	0	3.59384e-64
166	rs1	1:1	2:0.4195	rs2	1:2	2:0.42125	0	1000	1	5.54393e-51	1.92817	0.128385	5.75114e-47	1.84446	0.128152	0.300102	0.201281	0.194247	0.385934	0.166283	0.191788	3.6276e-37	3.92992	0.308515	0	0	2.05928e-44
167	rs1	1:1	2:0.41825	rs2	1:2	2:0.419	0	1000	1	2.08065e-48	1.77658	0.121514	2.16258e-46	1.73767	0.121509	0.668061	0.0781724	0.182301	0.893796	0.0246114	0.184352	9.43093e-41	3.87464	0.289867	0	0	2.49879e-48
168	rs1	1:1	2:0.4105	rs2	1:2	2:0.41525	0	1000	1	6.85888e-50	1.80389	0.121466	1.47962e-50	1.80958	0.121014	0.244726	-0.223858	0.19244	0.822141	-0.0399302	0.177631	1.32682e-49	4.84281	0.32707	0	0	9.32393e-67
169	rs1	1:1	2:0.41325	rs2	1:2	2:0.4125	0	1000	1	5.9216e-37	1.55873	0.122736	3.94762e-48	1.79292	0.122998	0.0667541	-0.36408	0.19859	0.564615	-0.109808	0.190639	4.14143e-46	4.36333	0.30608	0	0	3.11602e-57
170	rs1	1:1	2:0.416	rs2	1:2	2:0.42375	0	1000	1	1.8121e-53	1.87768	0.121979	1.5947e-43	1.68102	0.121516	0.934625	0.0156534	0.190831	0.998089	0.000430359	0.179652	9.20755e-43	4.04322	0.294973	0	0	1.7158e-51
171	rs1	1:1	2:0.40825	rs2	1:2	2:0.407	0	1000	1	5.1808e-45	1.67551	0.119015	4.19282e-47	1.71885	0.119244	0.0835863	-0.319209	0.184487	0.0662068	-0.34785	0.189356	2.27176e-54	4.96397	0.319696	0	0	9.62174e-73
172	rs1	1:1	2:0.41025	rs2	1:2	2:0.41075	0	1000	1	3.28673e-45	1.74877	0.123937	1.2896e-40	1.65298	0.123877	0.471694	-0.137941	0.191657	0.169687	-0.27125	0.19753	5.52791e-46	4.42543	0.310876	0	0	1.91423e-57
173	rs1	1:1	2:0.41775	rs2	1:2	2:0.417	0	1000	1	9.11276e-48	1.80051	0.124006	6.39231e-50	1.84369	0.124107	0.975825	-0.00569898	0.188064	0.913632	0.0204463	0.188518	9.87985e-44	4.29488	0.309694	0	0	2.9316e-54
174	rs1	1:1	2:0.423	rs2	1:2	2:0.426	0	1000	1	1.80088e-48	1.82041	0.124428	2.12044e-48	1.81766	0.124334	0.817958	-0.0448192	0.19472	0.974289	0.00612559	0.190063	6.17219e-43	4.20038	0.305791	0	0	1.71146e-52
175	rs1	1:1	2:0.406	rs2	1:2	2:0.4215	0	1000	1	3.13542e-54	1.92241	0.123974	1.48774e-43	1.69722	0.122643	0.788682	0.0526638	0.19649	0.282447	0.183782	0.170985	4.87542e-40	3.97941	0.300465	0	0	2.43794e-48
176	rs1	1:1	2:0.41425	rs2	1:2	2:0.42075	0	1000	1	5.69756e-56	1.9272	0.12227	6.7562e-41	1.62868	0.121618	0.804473	-0.0474427	0.191639	0.337169	-0.176955	0.184371	3.60249e-47	4.42312	0.306629	0	0	5.43956e-59
177	rs1	1:1	2:0.408	rs2	1:2	2:0.41375	0	1000	1	2.92277e-40	1.63049	0.122754	4.63016e-52	1.85854	0.122415	0.0395663	-0.426606	0.207266	0.631212	0.0849189	0.176906	6.11376e-47	4.52073	0.314191	0	0	7.5002e-60
178	rs1	1:1	2:0.40275	rs2	1:2	2:0.4125	0	1000	1	6.47989e-48	1.77576	0.122105	7.9387e-46	1.72396	0.12132	0.332158	-0.188966	0.194856	0.979757	0.00445435	0.175548	1.77775e-46	4.43818	0.310049	0	0	8.022e-59
179	rs1	1:1	2:0.42075	rs2	1:2	2:0.41175	0	1000	1	1.82168e-38	1.62859	0.125571	3.00223e-51	1.906	0.126567	0.643962	-0.0870114	0.188268	0.795328	-0.0526437	0.202946	3.18421e-42	4.23122	0.310736	0	0	9.34343e-52
180	rs1	1:1	2:0.4145	rs2	1:2	2:0.41525	0	1000	1	1.75982e-38	1.61521	0.124513	6.31106e-52	1.88898	0.124586	0.184208	-0.267946	0.20178	0.487318	0.127954	0.184218	1.59746e-42	4.18926	0.306523	0	0	4.36569e-52
181	rs1	1:1	2:0.43125	rs2	1:2	2:0.434	0	1000	1	5.80631e-52	1.888	0.124477	2.55202e-50	1.85582	0.124409	0.453147	-0.151224	0.201583	0.571774	-0.110766	0.195894	6.8141e-47	4.53457	0.315318	0	0	3.74631e-59
182	rs1	1:1	2:0.41725	rs2	1:2	2:0.4075	0	1000	1	7.26942e-37	1.58927	0.125299	9.64767e-65	2.15014	0.126549	0.291157	-0.202461	0.191799	0.110227	0.293887	0.184005	1.03959e-43	4.53726	0.327258	0	0	1.3054e-56
183	rs1	1:1	2:0.42475	rs2	1:2	2:0.42925	0	1000	1	4.80496e-59	2.03291	0.125465	2.80447e-49	1.84851	0.125269	0.445763	0.143944	0.188779	0.850759	-0.0362592	0.192714	9.4405e-45	4.525	0.322395	0	0	2.8009e-57
184	rs1	1:1	2:0.42275	rs2	1:2	2:0.4205	0	1000	1	1.23083e-48	1.76985	0.120759	9.99793e-45	1.6957	0.12085	0.481171	-0.130667	0.185496	0.103226	-0.321722	0.197447	7.68604e-49	4.46797	0.30419	0	0	3.17255e-61
185	rs1	1:1	2:0.4145	rs2	1:2	2:0.41525	0	1000	1	1.04115e-47	1.81161	0.124849	1.54184e-44	1.747	0.124779	0.828435	0.0409121	0.188788	0.867938	-0.0317628	0.191022	1.02192e-41	4.13373	0.305494	0	0	9.24408e-51
186	rs1	1:1	2:0.4075	rs2	1:2	2:0.4085	0	1000	1	3.18506e-46	1.76454	0.123621	1.1228e-41	1.67174	0.123609	0.573292	0.102665	0.182287	0.872678	-0.030094	0.187784	7.62169e-40	3.91966	0.296706	0	0	1.54364e-47
