Outcome	Var1_ID	Var1_Pos	Var1_MAF	Var2_ID	Var2_Pos	Var2_MAF	Num_Missing	Num_Cases	Converged	Red_Var1_Pval	Red_Var1_beta	Red_Var1_SE	Red_Var2_Pval	Red_Var2_beta	Red_Var2_SE	Full_Var1_Pval	Full_Var1_beta	Full_Var1_SE	Full_Var2_Pval	Full_Var2_beta	Full_Var2_SE	Full_Var1_Var2_Pval	Full_Var1_Var2_beta	Full_Var1_Var2_SE	Red_Model_Pval	Full_Model_Pval	Overall_Pval_(LRT)
1	rs1	1:1	2:0.43175	rs2	1:2	2:0.43125	0	1000	1	2.28483e-06	2.72699	0.535029	4.73871e-07	2.97016	0.550362	0.876169	-0.397211	0.772498	0.585512	-4.15931	4.01995	0.962201	257.969	929.274	0	0	1.35767e-20
2	rs1	1:1	2:0.418	rs2	1:2	2:0.415	0	1000	0	0.00101823	1.93761	0.521977	1.47808e-09	3.74077	0.586611	0.651615	-0.977352	1.05599	0.782457	-5.03391	7.18665	0.978002	743	3522.64	0	1	1
3	rs1	1:1	2:0.4185	rs2	1:2	2:0.4255	0	1000	1	4.59148e-09	3.85413	0.621974	0.00245892	1.97973	0.571116	0.994985	-0.0765856	0.763757	0.46919	-2.21247	1.7984	0.58925	126.685	123.175	0	0	1.04569e-16
4	rs1	1:1	2:0.419	rs2	1:2	2:0.412	0	1000	1	0.0355936	1.59079	0.615901	1.97017e-09	4.88026	0.770767	0.973582	-0.182272	0.787689	0.1542	1.47283	0.761683	0.735648	108.224	138.114	0	0	9.89167e-09
5	rs1	1:1	2:0.425	rs2	1:2	2:0.4295	0	1000	1	5.13747e-08	2.97666	0.513766	1.37332e-07	2.91213	0.518031	0.890002	0.308466	0.638955	0.350359	0.832405	0.574743	0.412237	242.232	181.954	0	0	1.32307e-13
6	rs1	1:1	2:0.4155	rs2	1:2	2:0.414	0	1000	1	2.48591e-05	2.30216	0.499944	9.73816e-10	3.6549	0.567354	0.890915	0.278612	0.579673	0.785093	0.451386	0.648885	0.56799	49.7991	46.8201	0	0	1.07924e-12
7	rs1	1:1	2:0.41475	rs2	1:2	2:0.41275	0	1000	1	4.60477e-06	2.64783	0.534105	2.71518e-07	2.92237	0.531441	0.71856	-0.848028	1.04305	0.775517	0.460537	0.645863	0.721747	53.7796	66.5947	0	0	1.55929e-17
8	rs1	1:1	2:0.41925	rs2	1:2	2:0.41275	0	1000	1	0.00147263	1.99374	0.552086	3.6012e-09	3.8447	0.616563	0.495255	-1.57371	1.32749	0.767676	0.512101	0.704239	0.780701	34.1407	48.5192	0	0	2.43091e-15
9	rs1	1:1	2:0.41575	rs2	1:2	2:0.41225	0	1000	1	0.000499051	2.38535	0.611717	4.43688e-07	3.57304	0.660584	0.99287	-0.0891534	0.745267	0.992179	-0.100489	0.801923	0.454137	12.5871	10.0178	0	0	5.05184e-13
10	rs1	1:1	2:0.413	rs2	1:2	2:0.42175	0	1000	1	0.00269994	1.60686	0.4672	1.06095e-12	4.09691	0.551706	0.262629	-1.87866	1.14886	0.6996	0.693253	0.820148	0.330839	38.4177	25.8294	0	0	2.69144e-18
11	rs1	1:1	2:0.41375	rs2	1:2	2:0.4205	0	1000	1	5.06859e-08	2.955	0.509823	2.58234e-07	2.64472	0.480154	0.432653	-2.19166	1.6931	0.782985	0.356058	0.509027	0.424645	131.303	100.322	0	0	3.8448e-18
12	rs1	1:1	2:0.4255	rs2	1:2	2:0.41825	0	1000	1	1.66626e-05	2.73234	0.582475	1.2363e-06	3.16951	0.60765	0.677283	0.574853	0.651172	0.764877	0.566721	0.774025	0.560031	65.4804	60.8094	0	0	1.99917e-13
13	rs1	1:1	2:0.4235	rs2	1:2	2:0.42225	0	1000	1	0.000698779	1.88625	0.494801	4.21005e-11	3.88661	0.562263	0.361994	-1.56938	1.10088	0.346663	0.93258	0.640679	0.436867	33.9106	26.3495	0	0	1.91895e-16
14	rs1	1:1	2:0.4245	rs2	1:2	2:0.42475	0	1000	1	0.000978792	1.88153	0.505422	6.72037e-11	3.88934	0.568247	0.497116	-3.02682	2.56008	0.59381	0.634419	0.621385	0.600591	114.217	113.11	0	0	4.02933e-17
15	rs1	1:1	2:0.41425	rs2	1:2	2:0.419	0	1000	1	0.00128217	2.02749	0.555562	5.65422e-09	4.22669	0.685824	0.887742	0.352181	0.721675	0.951301	0.266287	0.842707	0.806627	42.5843	64.9566	0	0	6.31943e-10
16	rs1	1:1	2:0.434	rs2	1:2	2:0.43	0	1000	1	4.24416e-14	3.79168	0.483178	0.0001934	1.75289	0.423876	0.511825	-2.95206	2.55062	0.301665	-1.59183	1.02819	0.399612	638.047	471.076	0	0	5.0733e-25
17	rs1	1:1	2:0.40725	rs2	1:2	2:0.40875	0	1000	1	1.20386e-09	3.59885	0.56153	0.000254894	2.05353	0.50479	0.907743	-0.345126	0.784402	0.820386	-0.427725	0.679733	0.864535	15.1328	28.0465	0	0	8.31352e-17
18	rs1	1:1	2:0.422	rs2	1:2	2:0.4255	0	1000	1	1.37374e-12	4.81877	0.651978	0.0172057	1.47375	0.517025	0.063124	1.54549	0.657488	0.963556	0.18134	0.665502	0.792882	108.25	158.889	0	0	7.50913e-10
19	rs1	1:1	2:0.4305	rs2	1:2	2:0.42325	0	1000	1	0.194861	0.867972	0.479921	9.86265e-16	5.70354	0.686103	0.899035	-0.288916	0.626206	0.374336	1.07179	0.764548	0.558219	11.9292	11.0474	0	0	1.34341e-09
20	rs1	1:1	2:0.415	rs2	1:2	2:0.41875	0	1000	1	0.000323029	1.96352	0.489726	7.7002e-11	3.81281	0.558691	0.67004	-0.650401	0.726791	0.748562	0.476851	0.626567	0.0442273	10.8916	4.36122	0	0	1.36512e-15
21	rs1	1:1	2:0.4155	rs2	1:2	2:0.4155	0	1000	1	1.74665e-08	3.99003	0.667551	0.00163572	2.09241	0.58413	0.693274	0.595003	0.695133	0.983742	0.121335	0.670139	0.991817	641.864	5006.88	0	0	3.8638e-11
22	rs1	1:1	2:0.43775	rs2	1:2	2:0.431	0	1000	1	2.20736e-06	2.78247	0.54519	1.53988e-07	3.22715	0.57616	0.975187	-0.175526	0.78301	0.984995	0.125971	0.724433	0.288883	45.4363	28.8319	0	0	1.9112e-14
23	rs1	1:1	2:0.419	rs2	1:2	2:0.41275	0	1000	1	1.23239e-08	4.0872	0.677229	0.00382443	1.98139	0.593841	0.538218	0.792949	0.712381	0.985321	-0.134348	0.781195	0.824859	117.797	189.825	0	0	1.04392e-11
24	rs1	1:1	2:0.4245	rs2	1:2	2:0.42475	0	1000	1	2.63986e-10	3.94624	0.594174	0.000263998	2.07825	0.511954	0.704539	0.576561	0.688914	0.529731	0.710815	0.630555	0.857365	460.942	830.85	0	0	9.63378e-13
25	rs1	1:1	2:0.419	rs2	1:2	2:0.421	0	1000	1	0.000877736	2.07608	0.553349	1.10768e-08	3.77523	0.623712	0.602436	-0.910773	0.904665	0.909671	-0.395431	0.908749	0.0714439	12.4286	5.41005	0	0	6.85488e-16
26	rs1	1:1	2:0.428	rs2	1:2	2:0.42425	0	1000	1	4.02396e-09	3.22104	0.518029	1.96749e-06	2.49202	0.486138	0.912734	-0.313936	0.734624	0.964156	-0.173414	0.641816	0.635347	13.6789	14.3618	0	0	7.46875e-18
27	rs1	1:1	2:0.40775	rs2	1:2	2:0.4095	0	1000	1	4.95338e-05	2.87284	0.645204	4.92829e-05	3.05672	0.686325	0.929999	0.251527	0.660213	0.709997	-2.3577	2.8487	0.751575	291.267	385.398	0	0	6.06427e-14
28	rs1	1:1	2:0.41825	rs2	1:2	2:0.4125	0	1000	1	8.49665e-07	2.73057	0.516426	4.46427e-07	2.77401	0.512967	0.854775	-0.438901	0.78346	0.809222	-0.463649	0.712577	0.900562	52.8571	115.489	0	0	4.16592e-19
29	rs1	1:1	2:0.42575	rs2	1:2	2:0.42925	0	1000	1	1.13709e-11	4.19493	0.590894	0.000123145	1.98506	0.467828	0.960241	0.246872	0.866657	0.226477	0.845583	0.490639	0.707225	63.0256	75.7197	0	0	6.62651e-11
30	rs1	1:1	2:0.42775	rs2	1:2	2:0.428	0	1000	1	1.41247e-05	2.18165	0.461625	3.69343e-11	3.61015	0.520842	0.926898	0.212841	0.546242	0.0976966	1.19303	0.553149	0.206958	10.158	5.72293	0	0	1.66018e-13
31	rs1	1:1	2:0.42675	rs2	1:2	2:0.42725	0	1000	1	2.79258e-11	3.58731	0.514562	4.5674e-05	2.12209	0.474656	0.483901	0.642319	0.533095	0.366587	-1.46647	1.03513	0.136637	12.3133	6.17144	0	0	3.86148e-18
32	rs1	1:1	2:0.4065	rs2	1:2	2:0.405	0	1000	1	7.1747e-05	3.26067	0.746386	0.00120038	2.69755	0.735536	0.937862	0.260088	0.726106	0.481212	-3.08037	2.54681	0.60225	15.9797	15.8677	0	0	2.34631e-13
33	rs1	1:1	2:0.422	rs2	1:2	2:0.419	0	1000	1	0.000162697	2.01298	0.481921	5.39266e-11	3.84453	0.559079	0.908884	0.244464	0.559258	0.976992	-0.167069	0.774315	0.108516	11.0365	5.23668	0	0	1.81663e-14
34	rs1	1:1	2:0.409	rs2	1:2	2:0.40975	0	1000	1	8.92403e-08	3.56297	0.625333	0.000490591	2.24749	0.575716	0.635454	0.696113	0.730999	0.63827	-0.887879	0.936955	0.683142	88.1882	101.019	0	0	4.94893e-15
35	rs1	1:1	2:0.40175	rs2	1:2	2:0.40475	0	1000	1	7.08039e-09	3.11903	0.509119	1.08923e-05	2.30407	0.481953	0.888004	0.282576	0.579763	0.960516	-0.177651	0.625872	0.83737	105.123	176.44	0	0	2.3769e-17
36	rs1	1:1	2:0.42875	rs2	1:2	2:0.43025	0	1000	1	5.48001e-08	3.97641	0.687644	0.000106421	2.55783	0.597987	0.387034	0.970515	0.704367	0.162773	1.09732	0.575878	0.0218408	7.86492	2.84395	0	0	9.92819e-08
37	rs1	1:1	2:0.418	rs2	1:2	2:0.42325	0	1000	1	2.35044e-05	2.66973	0.57824	2.45741e-07	3.33338	0.604194	0.952344	0.206178	0.659764	0.640479	0.579286	0.61367	0.10611	10.1229	4.77912	0	0	5.06953e-12
38	rs1	1:1	2:0.42525	rs2	1:2	2:0.42125	0	1000	1	3.3446e-05	2.95614	0.651139	3.9461e-05	3.08702	0.68549	0.788025	0.5383	0.779858	0.888111	-0.526973	1.08174	0.921978	514.727	1277	0	0	1.30631e-12
39	rs1	1:1	2:0.41675	rs2	1:2	2:0.413	0	1000	1	1.84414e-06	2.25847	0.439496	1.5212e-10	3.30447	0.491441	0.935733	0.181608	0.49826	0.876288	-0.37138	0.722632	0.165972	11.5531	6.09589	0	0	1.85427e-17
40	rs1	1:1	2:0.42325	rs2	1:2	2:0.4205	0	1000	1	0.0950814	1.0995	0.506834	2.82311e-14	5.0119	0.634485	0.421127	-1.34287	1.02107	0.388208	0.893031	0.649168	0.747748	14.1551	18.5645	0	0	1.76449e-13
41	rs1	1:1	2:0.412	rs2	1:2	2:0.409	0	1000	1	0.00539428	1.84862	0.572	4.38237e-09	4.13799	0.666972	0.978221	-0.148283	0.706599	0.998892	-0.0388269	0.824644	0.198612	11.5825	6.44187	0	0	3.01147e-12
42	rs1	1:1	2:0.42925	rs2	1:2	2:0.42775	0	1000	1	5.88797e-06	2.80644	0.571849	9.5403e-07	3.01071	0.571785	0.636189	-0.979306	1.0297	0.988896	0.0987651	0.66089	0.433387	13.4236	10.3805	0	0	1.96926e-16
43	rs1	1:1	2:0.41425	rs2	1:2	2:0.4115	0	1000	1	3.51476e-06	2.76596	0.551901	1.32064e-06	2.97508	0.571763	0.348582	0.856141	0.589704	0.754304	-0.655566	0.872987	0.721441	82.7804	102.44	0	0	6.25178e-15
44	rs1	1:1	2:0.414	rs2	1:2	2:0.41325	0	1000	1	1.46789e-05	2.35748	0.499693	1.28881e-08	3.16463	0.52501	0.697453	-0.621023	0.731558	0.92172	-0.322942	0.799821	0.888645	18.373	37.8109	0	0	2.19832e-18
45	rs1	1:1	2:0.40925	rs2	1:2	2:0.41075	0	1000	1	2.91149e-05	2.60559	0.570101	1.53967e-06	3.09796	0.598781	0.926765	-0.274449	0.70369	0.987829	-0.117207	0.748955	0.146354	11.6558	5.94541	0	0	4.76259e-15
46	rs1	1:1	2:0.4165	rs2	1:2	2:0.421	0	1000	1	1.57641e-07	2.86667	0.512183	5.87425e-07	2.71147	0.506176	0.999032	-0.0274941	0.624853	0.722871	-0.604161	0.749918	0.255147	12.4543	7.53513	0	0	3.92381e-18
47	rs1	1:1	2:0.42425	rs2	1:2	2:0.42075	0	1000	1	1.39071e-09	3.93131	0.615569	0.000399392	2.12653	0.537526	0.105116	1.2804	0.603226	0.851959	-0.531736	0.939348	0.471437	24.9613	20.3541	0	0	1.61717e-11
48	rs1	1:1	2:0.42475	rs2	1:2	2:0.4215	0	1000	1	4.08475e-09	2.48343	0.399557	1.11454e-10	2.78717	0.411685	0.982019	0.098987	0.51962	0.616636	-0.666894	0.678195	0.508127	13.4915	11.5943	0	0	3.39775e-23
49	rs1	1:1	2:0.40925	rs2	1:2	2:0.4115	0	1000	1	3.22803e-11	3.63225	0.522568	3.0344e-05	2.03939	0.447102	0.995272	-0.0672727	0.690962	0.992059	0.0684595	0.542145	0.33856	61.5075	41.7915	0	0	2.65472e-15
50	rs1	1:1	2:0.43525	rs2	1:2	2:0.4235	0	1000	1	4.75077e-06	2.25445	0.455334	1.15251e-10	3.4422	0.508811	0.802959	0.346229	0.522612	0.963756	-0.198778	0.731538	0.131771	11.137	5.53171	0	0	1.89428e-16
51	rs1	1:1	2:0.41675	rs2	1:2	2:0.4155	0	1000	1	5.03993e-07	2.99321	0.555812	5.58583e-06	2.66033	0.540894	0.627536	-1.01173	1.04804	0.982953	0.123522	0.666097	0.47552	79.763	65.417	0	0	9.07893e-17
52	rs1	1:1	2:0.42525	rs2	1:2	2:0.42675	0	1000	1	4.53081e-05	2.72566	0.609415	3.48488e-06	3.16181	0.630672	0.642215	-0.950306	1.00979	0.74136	-4.58788	5.93015	0.638256	19.358	20.4275	0	0	2.46146e-18
53	rs1	1:1	2:0.4365	rs2	1:2	2:0.43875	0	1000	1	1.29462e-10	3.56981	0.529019	1.47159e-05	2.23943	0.474724	0.701223	-0.856321	1.01637	0.976582	-0.138792	0.637531	0.5019	13.9275	11.8615	0	0	1.92214e-18
54	rs1	1:1	2:0.41775	rs2	1:2	2:0.40875	0	1000	1	3.92841e-05	2.59612	0.576356	7.88895e-07	3.1775	0.599365	0.837838	-0.495601	0.833136	0.949771	-0.248726	0.774745	0.839538	20.1666	34.0971	0	0	2.78899e-15
55	rs1	1:1	2:0.4185	rs2	1:2	2:0.41625	0	1000	0	2.46175e-07	2.60476	0.472155	1.07873e-08	2.93869	0.485155	0.978115	0.121929	0.579585	0.691729	0.527964	0.614942	0.948202	928.648	2847.29	0	1	1
56	rs1	1:1	2:0.41925	rs2	1:2	2:0.41325	0	1000	0	0.00403539	1.77307	0.533987	2.74971e-10	4.47575	0.674525	0.639722	0.57651	0.609921	0.655961	0.838614	0.913206	0.88098	731.082	1452.2	0	1	1
57	rs1	1:1	2:0.41125	rs2	1:2	2:0.4135	0	1000	1	6.01855e-13	5.3683	0.715599	0.342239	0.84386	0.576246	0.851011	0.45558	0.802033	0.461084	-7.4815	6.01249	0.592117	176.335	172.241	0	0	3.00836e-13
58	rs1	1:1	2:0.42325	rs2	1:2	2:0.41875	0	1000	1	2.34265e-14	4.15368	0.524273	0.00147726	1.56133	0.432452	0.954083	-0.239008	0.779518	0.722124	-0.508496	0.630171	0.836853	15.0171	25.1612	0	0	6.13245e-18
59	rs1	1:1	2:0.401	rs2	1:2	2:0.41275	0	1000	1	9.32205e-12	3.43198	0.481532	1.63391e-05	1.99644	0.425219	0.94657	0.198166	0.597982	0.996783	-0.0415977	0.518152	0.912234	205.03	478.345	0	0	9.97624e-18
60	rs1	1:1	2:0.4015	rs2	1:2	2:0.40325	0	1000	1	0.00802179	1.61359	0.5194	3.91386e-11	4.32956	0.625388	0.991884	-0.0834555	0.653705	0.191591	1.07569	0.591716	0.839431	12.9967	21.9664	0	0	6.72777e-11
61	rs1	1:1	2:0.425	rs2	1:2	2:0.42125	0	1000	1	8.15507e-11	5.04548	0.740227	0.00248339	1.73966	0.502275	0.0830927	1.69257	0.758795	0.109153	1.12562	0.534799	0.890846	12.3841	25.7573	0	0	7.6709e-06
62	rs1	1:1	2:0.42075	rs2	1:2	2:0.41775	0	1000	1	0.000273816	1.95707	0.483173	1.0798e-10	3.84159	0.567039	0.980252	0.113663	0.569089	0.81703	-0.618938	0.973578	0.333072	12.5969	8.49513	0	0	1.56247e-15
63	rs1	1:1	2:0.42025	rs2	1:2	2:0.42275	0	1000	1	0.000133593	2.47121	0.585052	2.74079e-07	3.35036	0.609463	0.452969	-2.52426	2.00574	0.885791	0.33644	0.683138	0.735854	16.2903	20.7989	0	0	1.40496e-16
64	rs1	1:1	2:0.41975	rs2	1:2	2:0.4255	0	1000	1	3.86871e-08	3.51263	0.601214	8.40646e-05	2.45782	0.56734	0.893762	0.315391	0.665447	0.999253	-0.0277063	0.716826	0.316257	11.7128	7.71913	0	0	1.90059e-13
65	rs1	1:1	2:0.41525	rs2	1:2	2:0.41875	0	1000	1	8.67299e-05	2.56195	0.592363	2.3472e-07	3.35484	0.607171	0.990705	-0.102544	0.750333	0.58235	0.617443	0.593759	0.140264	10.6107	5.35346	0	0	1.65282e-12
66	rs1	1:1	2:0.42125	rs2	1:2	2:0.416	0	1000	1	9.50957e-05	2.68871	0.624753	2.92353e-06	3.31361	0.656381	0.829204	0.415286	0.678541	0.732931	0.552956	0.701459	0.801616	123.778	186.127	0	0	8.6413e-12
67	rs1	1:1	2:0.4125	rs2	1:2	2:0.4075	0	1000	1	0.0270567	1.51572	0.564105	1.59289e-10	4.53923	0.675763	0.535457	-1.05848	0.947012	0.900834	-0.460947	1.00859	0.252834	13.4075	8.08495	0	0	6.17253e-14
68	rs1	1:1	2:0.41325	rs2	1:2	2:0.4165	0	1000	1	0.00113827	1.73522	0.471282	1.67531e-11	3.77595	0.536014	0.303618	-1.53835	0.996332	0.979635	0.138878	0.684617	0.808022	78.9431	120.904	0	0	1.79823e-19
69	rs1	1:1	2:0.41825	rs2	1:2	2:0.42625	0	1000	1	0.00176415	2.07727	0.583353	1.47289e-08	3.94293	0.656545	0.730985	-0.761901	0.96241	0.833554	0.529115	0.876865	0.730061	84.2747	106.239	0	0	1.60305e-14
70	rs1	1:1	2:0.4175	rs2	1:2	2:0.41975	0	1000	1	3.88657e-05	2.76713	0.613997	1.54004e-06	3.16776	0.612279	0.925281	-0.3359	0.852319	0.187492	0.990416	0.54128	0.15714	10.5173	5.46679	0	0	7.29908e-12
71	rs1	1:1	2:0.41525	rs2	1:2	2:0.4135	0	1000	1	0.000217513	2.20671	0.53732	1.27129e-08	3.59349	0.595931	0.985771	0.116045	0.685443	0.94752	-0.26577	0.809408	0.764275	68.1383	92.9266	0	0	8.60992e-15
72	rs1	1:1	2:0.422	rs2	1:2	2:0.421	0	1000	1	9.67034e-20	4.52214	0.483257	0.0312981	1.02094	0.387869	0.962217	0.175205	0.631274	0.211865	-1.2643	0.717659	0.805467	15.6184	23.7443	0	0	1.86414e-20
73	rs1	1:1	2:0.41375	rs2	1:2	2:0.4155	0	1000	1	2.73047e-08	3.34803	0.56728	2.00709e-05	2.46683	0.530379	0.858446	-0.466635	0.844579	0.949078	-0.22168	0.685658	0.165142	78.604	41.417	0	0	1.43752e-15
74	rs1	1:1	2:0.41925	rs2	1:2	2:0.418	0	1000	1	1.22215e-05	2.22655	0.468102	8.88299e-11	3.49307	0.513418	0.999141	0.0237781	0.57344	0.922449	0.243444	0.605877	0.0341435	10.2492	3.94363	0	0	9.80391e-16
75	rs1	1:1	2:0.41	rs2	1:2	2:0.40575	0	1000	1	2.28039e-08	3.85371	0.64961	0.00176116	2.08464	0.585344	0.90926	0.304147	0.697307	0.785846	-0.571517	0.82321	0.168594	11.605	6.15017	0	0	3.33797e-13
76	rs1	1:1	2:0.4175	rs2	1:2	2:0.42575	0	1000	1	4.25271e-10	4.13722	0.629775	3.79044e-05	2.10974	0.467552	0.969595	-7.1161	28.6357	0.0350747	1.1404	0.440558	0.929377	21.524	56.2382	0	0	4.09533e-11
77	rs1	1:1	2:0.41725	rs2	1:2	2:0.42575	0	1000	1	2.04778e-06	2.95112	0.576576	1.93825e-07	3.18316	0.572521	0.590692	0.629676	0.613648	0.0928197	1.14644	0.525791	0.310254	9.80643	6.40966	0	0	3.878e-10
78	rs1	1:1	2:0.4265	rs2	1:2	2:0.4165	0	1000	1	0.000100836	2.18811	0.510051	3.05057e-09	3.48144	0.555941	0.54601	-1.09018	0.99098	0.669798	-0.911658	1.01827	0.586587	15.2834	14.7967	0	0	1.2892e-19
79	rs1	1:1	2:0.4165	rs2	1:2	2:0.41425	0	1000	1	0.455609	0.706899	0.563765	7.87846e-14	5.49606	0.707513	0.803874	-5.51146	8.34088	0.156843	1.22574	0.636798	0.999755	27.9666	1262.77	0	0	1.06166e-12
80	rs1	1:1	2:0.4255	rs2	1:2	2:0.4255	0	1000	0	0.00201208	2.06651	0.586443	1.06915e-08	3.99199	0.658888	0.66663	-0.913946	1.01484	0.960394	0.231836	0.815477	0.957006	750.189	2530.44	0	1	1
81	rs1	1:1	2:0.41625	rs2	1:2	2:0.422	0	1000	1	2.02458e-08	2.82643	0.474842	9.65786e-08	2.62382	0.461629	0.987856	-0.121044	0.774322	0.987649	0.0988919	0.627248	0.603298	85.9412	85.4855	0	0	1.41133e-20
82	rs1	1:1	2:0.41725	rs2	1:2	2:0.41875	0	1000	1	1.51606e-15	6.60075	0.799019	0.993791	0.0635799	0.569672	0.63353	0.861687	0.90186	0.407228	-1.30478	0.973398	0.816431	188.793	296.431	0	0	3.18012e-09
83	rs1	1:1	2:0.41425	rs2	1:2	2:0.41475	0	1000	1	1.82431e-05	2.59368	0.555207	1.82115e-07	3.30014	0.592367	0.502869	0.704616	0.600931	0.767937	-0.731321	1.00636	0.294956	47.532	30.4177	0	0	8.48988e-14
84	rs1	1:1	2:0.41275	rs2	1:2	2:0.415	0	1000	1	0.0015468	2.02057	0.561635	5.93459e-09	3.88684	0.631486	0.993984	0.0898489	0.817907	0.586987	0.646549	0.62636	0.817401	256.651	404.161	0	0	3.91973e-13
85	rs1	1:1	2:0.43275	rs2	1:2	2:0.4285	0	1000	1	0.000121591	2.68585	0.632538	2.61104e-06	3.34985	0.660634	0.70354	-0.88729	1.05805	0.791289	-0.717834	1.0491	0.83537	16.1246	26.8832	0	0	1.5533e-15
86	rs1	1:1	2:0.42025	rs2	1:2	2:0.42075	0	1000	1	2.9644e-05	2.75065	0.602361	1.44974e-06	3.5028	0.675514	0.175689	1.01593	0.544746	0.907223	-0.473989	1.07411	0.93352	14.7082	39.6527	0	0	9.30802e-11
87	rs1	1:1	2:0.42375	rs2	1:2	2:0.4105	0	1000	1	0.0102287	1.64126	0.542135	7.40294e-11	4.63789	0.679017	0.997188	0.0493604	0.657699	0.290028	1.06312	0.675689	0.860934	13.0699	23.8832	0	0	6.2612e-10
88	rs1	1:1	2:0.41975	rs2	1:2	2:0.4205	0	1000	1	2.12073e-14	4.71018	0.593574	0.047961	1.19968	0.486747	0.638666	0.600601	0.634236	0.404727	-1.2812	0.952552	0.121234	11.9471	5.81574	0	0	6.65337e-15
89	rs1	1:1	2:0.424	rs2	1:2	2:0.4255	0	1000	1	0.000961934	2.43845	0.654206	1.74961e-06	3.76706	0.731609	0.985717	-0.133277	0.785718	0.987406	-0.158026	0.99255	0.694355	13.9428	16.324	0	0	5.82472e-12
90	rs1	1:1	2:0.42225	rs2	1:2	2:0.416	0	1000	1	0.000296107	1.85136	0.459273	4.44187e-12	3.7738	0.521928	0.576392	-0.78589	0.748659	0.858547	0.328359	0.594539	0.397261	12.7075	9.35203	0	0	8.69001e-18
91	rs1	1:1	2:0.435	rs2	1:2	2:0.438	0	1000	1	2.44719e-13	4.24704	0.557292	0.000727351	1.7832	0.469065	0.977412	-0.174167	0.814771	0.933865	-0.237749	0.642688	0.0703932	11.5832	5.02795	0	0	1.06275e-15
92	rs1	1:1	2:0.4065	rs2	1:2	2:0.412	0	1000	0	0.0887928	1.6963	0.770817	5.29349e-07	4.70648	0.875434	0.662996	-2.04118	2.2514	0.0485293	1.59577	0.648711	0.941246	2231.25	6411.7	0	1	1
93	rs1	1:1	2:0.425	rs2	1:2	2:0.42275	0	1000	1	1.72173e-07	2.71167	0.48586	2.29406e-09	3.06304	0.485611	0.930006	-0.25702	0.674668	0.0605408	1.10443	0.466338	0.00464797	8.87527	2.70786	0	0	1.19479e-13
94	rs1	1:1	2:0.425	rs2	1:2	2:0.42	0	1000	1	3.35361e-05	2.5409	0.559748	1.20203e-07	3.50491	0.620866	0.527549	0.634597	0.561123	0.752058	0.513096	0.679682	0.393624	10.7832	7.89663	0	0	4.48891e-11
95	rs1	1:1	2:0.41025	rs2	1:2	2:0.413	0	1000	1	0.000314939	2.4947	0.621229	1.67078e-06	3.3237	0.644384	0.603538	-1.05939	1.05419	0.966156	-0.207749	0.791689	0.822694	592.766	948.769	0	0	4.24887e-15
96	rs1	1:1	2:0.418	rs2	1:2	2:0.415	0	1000	1	1.68938e-09	3.12784	0.492115	1.13971e-06	2.48581	0.475155	0.654767	0.485929	0.528012	0.727233	-0.59294	0.742907	0.271819	11.9414	7.39832	0	0	1.39113e-17
97	rs1	1:1	2:0.409	rs2	1:2	2:0.42175	0	1000	1	2.0442e-11	4.86104	0.692832	0.00470793	1.65242	0.504759	0.0625873	1.5895	0.675167	0.515775	0.616368	0.535635	0.245455	8.95982	5.34566	0	0	2.19516e-07
98	rs1	1:1	2:0.42775	rs2	1:2	2:0.42225	0	1000	1	6.28572e-08	2.65619	0.461232	6.40846e-09	2.8403	0.462396	0.621314	-0.743167	0.761736	0.998834	0.0272891	0.564838	0.328688	12.8268	8.59851	0	0	2.63774e-20
99	rs1	1:1	2:0.42825	rs2	1:2	2:0.42625	0	1000	1	0.00884792	1.56945	0.510403	2.23548e-12	4.58851	0.626432	0.944457	-0.241972	0.715745	0.434146	0.881353	0.682267	0.0815639	10.3379	4.61738	0	0	5.40869e-12
100	rs1	1:1	2:0.42675	rs2	1:2	2:0.422	0	1000	1	1.85024e-08	2.90783	0.48728	7.4743e-08	2.8284	0.493722	0.515189	0.605154	0.525438	0.603559	0.552912	0.550217	0.776538	45.9329	64.5842	0	0	5.71731e-14
101	rs1	1:1	2:0.41625	rs2	1:2	2:0.4145	0	1000	1	8.02277e-06	3.45784	0.713807	0.000332246	2.6778	0.669047	0.755683	0.529967	0.708031	0.999763	-0.0172263	0.791988	0.820848	389.981	620.635	0	0	8.76003e-11
102	rs1	1:1	2:0.42225	rs2	1:2	2:0.4245	0	1000	1	0.00270835	1.56253	0.45443	1.58659e-13	4.2713	0.55634	0.67368	-0.682493	0.767864	0.990364	0.101687	0.730716	0.670509	27.9357	31.2441	0	0	8.09283e-16
103	rs1	1:1	2:0.41575	rs2	1:2	2:0.41725	0	1000	1	6.48498e-09	3.9199	0.638353	0.00134177	2.03944	0.560754	0.722053	0.581231	0.7202	0.851168	-0.456323	0.803798	0.906058	23.4769	52.8533	0	0	5.51395e-13
104	rs1	1:1	2:0.40975	rs2	1:2	2:0.4175	0	1000	1	1.99221e-09	4.92741	0.77843	0.00813003	1.81308	0.584428	0.0425923	1.87082	0.744636	0.269492	0.952976	0.588477	0.53852	9.17901	8.25011	0	0	2.15339e-05
105	rs1	1:1	2:0.4165	rs2	1:2	2:0.42	0	1000	1	9.21269e-07	3.19042	0.605151	3.43033e-05	2.67225	0.589333	0.762256	-0.750731	1.01884	0.708727	-0.740057	0.891849	0.505379	42.3995	36.292	0	0	3.75791e-16
106	rs1	1:1	2:0.4215	rs2	1:2	2:0.41925	0	1000	1	0.000294786	2.38993	0.592712	1.68914e-07	3.59926	0.644498	0.997243	0.0534112	0.718813	0.821527	0.471447	0.751859	0.546372	12.3658	11.2467	0	0	1.87219e-12
107	rs1	1:1	2:0.41125	rs2	1:2	2:0.41625	0	1000	1	0.0144447	1.68461	0.578672	5.37944e-10	4.53331	0.693858	0.995504	-0.0699967	0.737361	0.150151	1.26529	0.649743	0.0500084	9.19035	3.75472	0	0	2.26039e-09
108	rs1	1:1	2:0.4305	rs2	1:2	2:0.4315	0	1000	1	1.82006e-12	3.18723	0.43347	5.04278e-07	2.23448	0.414931	0.959286	0.150936	0.523491	0.298183	-1.39107	0.894194	0.642852	14.6713	15.6071	0	0	2.55807e-23
109	rs1	1:1	2:0.422	rs2	1:2	2:0.42525	0	1000	1	1.26751e-07	2.5701	0.456033	4.1049e-09	2.88565	0.464329	0.674835	-0.66622	0.751187	0.711136	-0.603417	0.730793	0.238477	13.2366	7.81744	0	0	3.11848e-22
110	rs1	1:1	2:0.41325	rs2	1:2	2:0.40925	0	1000	1	0.00193173	1.65203	0.467291	2.44665e-12	3.97903	0.544141	0.544137	-0.824043	0.746939	0.996162	0.05884	0.670969	0.522449	13.402	11.7613	0	0	2.10211e-17
111	rs1	1:1	2:0.426	rs2	1:2	2:0.42675	0	1000	1	6.8289e-12	3.63641	0.507116	9.14553e-05	1.93805	0.449383	0.871916	-0.396502	0.757306	0.508321	-0.87711	0.75398	0.372027	13.6226	9.68708	0	0	2.39763e-20
112	rs1	1:1	2:0.427	rs2	1:2	2:0.42575	0	1000	1	3.7366e-15	4.7984	0.588678	0.0544506	1.13981	0.47243	0.972506	0.184398	0.78092	0.402809	-1.22847	0.910958	0.411451	13.5871	10.1951	0	0	4.39073e-16
113	rs1	1:1	2:0.41375	rs2	1:2	2:0.4195	0	1000	1	1.40766e-09	5.47408	0.857392	0.155923	1.31267	0.68088	0.501639	1.04583	0.890355	0.997029	-0.0932385	1.20859	0.843096	25.9339	44.3882	0	0	1.70788e-07
114	rs1	1:1	2:0.4165	rs2	1:2	2:0.41475	0	1000	1	3.07289e-05	2.02571	0.444374	1.52815e-11	3.61477	0.512185	0.565506	0.518229	0.485351	0.999052	0.0300528	0.690198	0.0010446	8.83444	2.38436	0	0	3.42753e-14
115	rs1	1:1	2:0.4115	rs2	1:2	2:0.42525	0	1000	1	1.94124e-08	2.96	0.496693	9.12803e-07	2.49078	0.472288	0.489158	-1.15814	0.968439	0.999929	-0.00679454	0.569844	0.331373	13.2989	8.94781	0	0	5.97713e-20
116	rs1	1:1	2:0.40975	rs2	1:2	2:0.408	0	1000	1	0.00199255	1.65211	0.468475	3.75058e-12	4.08415	0.563033	0.829151	-0.386199	0.630907	0.920877	0.272169	0.670323	0.378425	12.1602	8.7227	0	0	3.8675e-15
117	rs1	1:1	2:0.40975	rs2	1:2	2:0.413	0	1000	1	1.34904e-12	3.85841	0.521867	0.000263671	1.83719	0.452536	0.0657282	1.14757	0.491816	0.941869	-0.208169	0.601485	0.453429	11.2675	8.95872	0	0	4.51031e-14
118	rs1	1:1	2:0.42125	rs2	1:2	2:0.4215	0	1000	1	9.8806e-14	5.04569	0.651987	0.0421164	1.24479	0.494579	0.59464	0.748718	0.73432	0.9472	-0.212053	0.643799	0.499883	11.9193	10.1216	0	0	5.3859e-11
119	rs1	1:1	2:0.41975	rs2	1:2	2:0.423	0	1000	1	0.000425818	1.67244	0.424485	6.23161e-14	3.88016	0.497567	0.898903	-0.286885	0.621376	0.434294	0.826237	0.639732	0.555355	128.615	118.586	0	0	1.38325e-18
120	rs1	1:1	2:0.4165	rs2	1:2	2:0.4085	0	1000	1	6.08478e-07	2.97221	0.555533	2.00175e-05	2.5169	0.541077	0.487126	-1.24044	1.03425	0.542169	-1.17952	1.06598	0.949192	123.152	381.35	0	0	2.01928e-20
121	rs1	1:1	2:0.42	rs2	1:2	2:0.41725	0	1000	1	1.06784e-05	2.40118	0.501832	1.13168e-08	3.1101	0.514126	0.456271	-3.26835	2.60898	0.785398	0.42013	0.604439	0.954855	293.938	967.026	0	0	3.85996e-21
122	rs1	1:1	2:0.42275	rs2	1:2	2:0.437	0	1000	1	0.000332995	2.55513	0.638488	1.25834e-06	3.45257	0.662348	0.825396	-4.85366	7.83477	0.765936	0.633543	0.86753	0.831745	611.243	1006.98	0	0	1.37561e-16
123	rs1	1:1	2:0.41325	rs2	1:2	2:0.41275	0	1000	1	1.68049e-13	5.00015	0.651909	0.0458408	1.21144	0.4879	0.874711	0.427191	0.825619	0.941618	-0.216967	0.62552	0.794772	13.6667	20.1636	0	0	2.30193e-11
124	rs1	1:1	2:0.426	rs2	1:2	2:0.42825	0	1000	1	1.58333e-06	2.67152	0.516898	1.37694e-08	3.1753	0.527741	0.866272	0.360438	0.672675	0.990278	0.0923146	0.660401	0.770312	387.282	536.075	0	0	6.58762e-16
125	rs1	1:1	2:0.42225	rs2	1:2	2:0.4285	0	1000	1	8.93741e-06	3.53533	0.733184	0.00048995	2.70593	0.693091	0.880207	0.415545	0.822587	0.891154	0.398643	0.83037	0.788079	170.716	247.358	0	0	2.36581e-11
126	rs1	1:1	2:0.427	rs2	1:2	2:0.432	0	1000	1	1.20675e-07	3.78949	0.671361	0.000413904	2.52115	0.638732	0.0613211	1.38019	0.58411	0.92937	0.303859	0.79389	0.159478	9.432	4.92233	0	0	4.41543e-09
127	rs1	1:1	2:0.419	rs2	1:2	2:0.4185	0	1000	1	1.639e-05	2.54127	0.541336	1.4927e-07	3.17435	0.566171	0.569165	-1.1225	1.05728	0.955777	-0.213298	0.709181	0.391959	46.8965	34.2649	0	0	5.79799e-17
128	rs1	1:1	2:0.40925	rs2	1:2	2:0.4145	0	1000	1	1.99105e-06	2.66507	0.520132	2.96129e-07	2.85116	0.519986	0.441633	-1.33704	1.04579	0.958785	-0.1878	0.647293	0.711549	15.0667	18.2627	0	0	1.6797e-19
129	rs1	1:1	2:0.428	rs2	1:2	2:0.429	0	1000	1	4.01832e-10	6.16257	0.936847	0.219469	1.08317	0.621947	0.989244	9.71625	66.0667	0.969508	0.179528	0.721394	0.990615	183.015	1332.71	0	0	4.39615e-06
130	rs1	1:1	2:0.4225	rs2	1:2	2:0.41625	0	1000	1	1.22791e-07	3.89551	0.69052	0.00121262	2.18847	0.597177	0.645533	-2.86742	3.06478	0.932709	0.249051	0.66723	0.684884	16.3314	18.7703	0	0	2.11375e-13
131	rs1	1:1	2:0.417	rs2	1:2	2:0.42075	0	1000	1	6.51378e-08	2.74362	0.476927	1.1758e-07	2.67308	0.473187	0.771363	-0.532416	0.738903	0.431506	-1.16076	0.895296	0.113896	13.1683	6.31742	0	0	2.79531e-22
132	rs1	1:1	2:0.424	rs2	1:2	2:0.42875	0	1000	1	0.000742293	2.09713	0.552422	1.88109e-09	3.82315	0.603117	0.745638	-0.753795	0.983837	0.993385	0.0849501	0.737323	0.57616	133.483	127.113	0	0	1.70704e-15
133	rs1	1:1	2:0.4125	rs2	1:2	2:0.42175	0	1000	1	1.15563e-06	3.301	0.631295	2.44169e-05	2.79516	0.606492	0.552123	0.687333	0.630615	0.615893	0.601705	0.61114	0.799613	12.3467	18.4618	0	0	1.35196e-10
134	rs1	1:1	2:0.4255	rs2	1:2	2:0.42225	0	1000	1	1.11447e-05	2.08552	0.436677	4.53652e-13	3.85085	0.510762	0.200915	0.843712	0.470933	0.376442	0.800502	0.572667	0.105418	9.28804	4.3786	0	0	1.30553e-11
135	rs1	1:1	2:0.418	rs2	1:2	2:0.42525	0	1000	1	1.1163e-14	4.66532	0.582019	0.00452043	1.45457	0.442645	0.808541	0.499102	0.765545	0.912317	0.225063	0.525344	0.94828	16.0558	49.2663	0	0	4.45871e-12
136	rs1	1:1	2:0.40225	rs2	1:2	2:0.41375	0	1000	1	2.35782e-09	3.75492	0.595711	0.000632383	1.98339	0.516747	0.747943	-0.77016	1.01052	0.912305	-0.278497	0.650023	0.255856	12.8313	7.77117	0	0	7.40767e-16
137	rs1	1:1	2:0.41475	rs2	1:2	2:0.41225	0	1000	1	0.00097175	1.68607	0.452683	3.44178e-13	4.05409	0.535125	0.632044	-0.685804	0.715937	0.435351	0.797148	0.61811	0.769169	111.663	154.126	0	0	1.30171e-16
138	rs1	1:1	2:0.4165	rs2	1:2	2:0.40925	0	1000	1	1.86213e-05	1.90255	0.407645	3.29105e-13	3.44194	0.45397	0.512835	-0.871983	0.754518	0.833422	0.311416	0.515862	0.782371	17.9428	25.6102	0	0	1.75017e-20
139	rs1	1:1	2:0.41175	rs2	1:2	2:0.4145	0	1000	1	1.66136e-10	4.0141	0.598145	0.000616807	1.95564	0.508655	0.983555	0.13454	0.73879	0.975581	0.129798	0.583724	0.266979	11.486	7.0676	0	0	9.32896e-13
140	rs1	1:1	2:0.41625	rs2	1:2	2:0.41175	0	1000	1	0.000205244	2.1188	0.514146	2.39775e-09	3.78621	0.60093	0.732072	0.42894	0.543113	0.997916	-0.0515738	0.798363	0.565094	12.2424	11.4584	0	0	8.45908e-13
141	rs1	1:1	2:0.4205	rs2	1:2	2:0.4175	0	1000	1	0.000152285	2.06492	0.492492	2.27972e-10	3.54095	0.531387	0.335728	-2.88014	1.94938	0.999899	-0.00895736	0.631197	0.133441	14.5337	7.2414	0	0	2.85622e-20
142	rs1	1:1	2:0.415	rs2	1:2	2:0.4175	0	1000	1	3.84982e-10	3.13672	0.476379	9.30225e-07	2.32471	0.4411	0.999742	-0.014414	0.634339	0.998937	0.0248017	0.537631	0.0375758	10.5896	4.13366	0	0	2.17185e-18
143	rs1	1:1	2:0.4015	rs2	1:2	2:0.41075	0	1000	1	2.9531e-11	4.16004	0.597402	0.00181	1.78146	0.501296	0.777517	0.474746	0.669188	0.98113	-0.122845	0.629348	0.105759	10.5493	4.97674	0	0	1.21795e-12
144	rs1	1:1	2:0.41575	rs2	1:2	2:0.4205	0	1000	1	8.28248e-13	3.63659	0.487534	8.83322e-06	2.02592	0.419939	0.885031	0.295481	0.597858	0.848924	0.275432	0.481241	0.584229	12.1674	11.7357	0	0	6.55749e-16
145	rs1	1:1	2:0.422	rs2	1:2	2:0.421	0	1000	1	0.00394494	1.61214	0.484524	4.54342e-12	4.1309	0.571564	0.782405	-0.527184	0.752532	0.660699	-1.07018	1.17545	0.892329	41.8788	87.7359	0	0	1.61315e-17
146	rs1	1:1	2:0.4195	rs2	1:2	2:0.42125	0	1000	0	3.38575e-07	2.79502	0.512034	1.88443e-07	2.82759	0.508105	0.880524	-0.379641	0.752575	0.876927	-25.3717	49.505	0.854769	896.182	1599.69	0	1	1
147	rs1	1:1	2:0.421	rs2	1:2	2:0.4275	0	1000	1	3.65231e-10	4.09971	0.621876	0.00202817	1.90534	0.541054	0.870321	0.396378	0.752062	0.889323	-0.380153	0.784882	0.96985	32.7549	132.375	0	0	1.58047e-13
148	rs1	1:1	2:0.43475	rs2	1:2	2:0.438	0	1000	1	1.66911e-10	3.48269	0.519013	6.06604e-06	2.35053	0.479543	0.965276	-0.197618	0.743313	0.853161	0.383861	0.681121	0.923251	76.1962	190.664	0	0	2.84892e-17
149	rs1	1:1	2:0.415	rs2	1:2	2:0.4135	0	1000	1	0.000157061	2.16292	0.516774	1.40754e-09	3.93595	0.616478	0.174945	1.10059	0.589424	0.746812	0.537737	0.703732	0.434619	196.318	152.072	0	0	9.75603e-11
150	rs1	1:1	2:0.42725	rs2	1:2	2:0.41975	0	1000	1	2.25195e-05	2.35331	0.508685	9.4354e-10	3.48737	0.540936	0.927077	0.253439	0.651263	0.163257	1.10641	0.581127	0.546157	106.821	97.1221	0	0	4.93725e-14
151	rs1	1:1	2:0.431	rs2	1:2	2:0.423	0	1000	1	5.46802e-07	3.18677	0.593424	4.12131e-05	2.59777	0.578088	0.591254	-1.08407	1.05744	0.48041	-3.00989	2.48571	0.449621	17.1466	13.5611	0	0	1.01694e-19
152	rs1	1:1	2:0.4115	rs2	1:2	2:0.41075	0	1000	1	2.80169e-08	2.90462	0.492514	4.56167e-08	2.74314	0.471793	0.842537	0.346087	0.591213	0.729813	0.432836	0.545351	0.553686	40.1815	36.9538	0	0	6.65089e-15
153	rs1	1:1	2:0.42875	rs2	1:2	2:0.425	0	1000	1	0.00309252	1.72873	0.508505	5.21855e-12	4.28122	0.59394	0.900289	-0.348079	0.759427	0.356665	0.868811	0.605049	0.165304	10.8436	5.71515	0	0	7.062e-13
154	rs1	1:1	2:0.43375	rs2	1:2	2:0.42725	0	1000	1	1.17725e-12	3.8074	0.51369	0.000110424	1.95678	0.458396	0.885232	0.335016	0.678484	0.726638	-0.571633	0.715294	0.726085	24.5055	30.6277	0	0	4.00993e-17
155	rs1	1:1	2:0.413	rs2	1:2	2:0.42125	0	1000	1	1.79956e-10	4.56913	0.682062	0.00972189	1.65393	0.543317	0.547659	0.849353	0.773995	0.99217	0.0805425	0.642348	0.865471	13.573	25.2496	0	0	2.65585e-10
156	rs1	1:1	2:0.4075	rs2	1:2	2:0.4135	0	1000	1	0.000854326	2.68129	0.71329	9.55166e-06	3.66512	0.762285	0.87913	0.409274	0.806313	0.400424	0.944143	0.697843	0.941951	69.5181	201.013	0	0	1.80142e-08
157	rs1	1:1	2:0.4205	rs2	1:2	2:0.41975	0	1000	1	9.39039e-08	2.34422	0.412079	2.75044e-11	3.07861	0.441456	0.902353	-0.283455	0.625286	0.968542	-0.150416	0.594908	0.551166	16.2359	14.8744	0	0	2.75372e-20
158	rs1	1:1	2:0.4115	rs2	1:2	2:0.4135	0	1000	1	4.60827e-10	3.93807	0.600577	0.000430793	2.02855	0.515256	0.892733	0.327877	0.688271	0.870025	-0.410252	0.777436	0.262862	127.453	77.9669	0	0	8.75178e-13
159	rs1	1:1	2:0.42875	rs2	1:2	2:0.43075	0	1000	0	4.06687e-07	3.46813	0.639289	9.11751e-05	2.55505	0.592352	0.634399	-1.77664	1.86227	0.0410651	1.54486	0.611367	0.696096	-1980.73	2327	0	1	1
160	rs1	1:1	2:0.428	rs2	1:2	2:0.42825	0	1000	1	3.27795e-16	4.99096	0.591036	0.0279038	1.20274	0.449549	0.111774	1.33098	0.635779	0.995569	-0.0607735	0.644829	0.77925	519.995	736.235	0	0	1.18847e-12
161	rs1	1:1	2:0.423	rs2	1:2	2:0.42175	0	1000	1	0.0777036	1.06948	0.473124	9.21046e-15	5.44311	0.677029	0.813658	0.380801	0.592955	0.607501	0.906472	0.907924	0.845728	378.324	653.532	0	0	2.27954e-10
162	rs1	1:1	2:0.4295	rs2	1:2	2:0.43225	0	1000	1	2.14287e-07	2.63441	0.475369	6.03392e-09	3.10017	0.503897	0.779945	0.373434	0.529673	0.903429	-0.344791	0.765043	0.505818	12.6535	10.8377	0	0	4.75906e-17
163	rs1	1:1	2:0.42075	rs2	1:2	2:0.4195	0	1000	1	9.15163e-06	2.42642	0.503723	6.86037e-09	3.4612	0.564497	0.370719	0.784997	0.557223	0.998741	0.0371187	0.739425	0.859127	14.9765	27.1772	0	0	4.33389e-13
164	rs1	1:1	2:0.41875	rs2	1:2	2:0.42475	0	1000	1	0.0282274	1.46815	0.549636	2.50051e-11	4.4971	0.643601	0.665038	-19.3426	21.4149	0.598502	0.743744	0.734027	0.732812	672.838	853.315	0	0	3.38827e-16
165	rs1	1:1	2:0.422	rs2	1:2	2:0.4135	0	1000	1	0.578796	0.542412	0.518679	2.67633e-15	5.88621	0.718533	0.461815	-1.00845	0.811272	0.994113	-0.120386	1.10779	0.84727	15.5166	26.9509	0	0	1.84931e-11
166	rs1	1:1	2:0.4195	rs2	1:2	2:0.42125	0	1000	1	0.000118368	2.45134	0.576452	1.10644e-07	3.517	0.621395	0.871076	-0.415279	0.790397	0.845497	-0.581981	1.00452	0.493939	35.2038	29.6397	0	0	1.58486e-14
167	rs1	1:1	2:0.41825	rs2	1:2	2:0.419	0	1000	1	4.6279e-10	3.88766	0.592949	0.00124519	1.90348	0.52044	0.951348	0.214826	0.680185	0.719525	-0.623077	0.767928	0.499212	12.9331	10.9719	0	0	3.66898e-15
168	rs1	1:1	2:0.4105	rs2	1:2	2:0.41525	0	1000	1	1.50728e-09	3.31706	0.520417	1.67849e-05	2.32426	0.495645	0.499714	0.636234	0.540144	0.983374	-0.119293	0.65146	0.869358	40.3019	76.1635	0	0	5.76582e-15
169	rs1	1:1	2:0.41325	rs2	1:2	2:0.4125	0	1000	1	2.97227e-12	4.05584	0.556675	0.00215198	1.6511	0.471115	0.994557	0.0744724	0.712792	0.920724	-0.256484	0.631058	0.0185944	10.476	3.71084	0	0	3.88191e-15
170	rs1	1:1	2:0.416	rs2	1:2	2:0.42375	0	1000	1	1.43126e-06	3.42839	0.660849	0.000694286	2.43374	0.638135	0.992161	0.102698	0.818607	0.644095	-4.10562	4.37706	0.953924	38.4924	125.321	0	0	1.06526e-15
171	rs1	1:1	2:0.40825	rs2	1:2	2:0.407	0	1000	1	3.21415e-10	3.41998	0.517249	4.64401e-05	2.06503	0.462278	0.999038	0.0285516	0.650728	0.993824	-0.0625839	0.562247	0.136381	11.1183	5.56987	0	0	9.97023e-17
172	rs1	1:1	2:0.41025	rs2	1:2	2:0.41075	0	1000	1	6.24835e-07	3.14668	0.588689	9.17254e-06	2.71482	0.563651	0.575245	0.635353	0.604162	0.607425	0.573272	0.574118	0.148049	9.76631	4.9966	0	0	1.30122e-11
173	rs1	1:1	2:0.41775	rs2	1:2	2:0.417	0	1000	1	2.07166e-06	3.25493	0.636215	8.32172e-05	2.64642	0.610545	0.999957	-0.00740996	0.798037	0.984853	0.142688	0.816689	0.862843	393.976	725.313	0	0	1.47317e-14
174	rs1	1:1	2:0.423	rs2	1:2	2:0.426	0	1000	0	2.28375e-11	3.81064	0.544348	0.000202535	1.95262	0.473452	0.990434	-0.109399	0.789012	0.98405	-0.116315	0.648621	0.935734	876.13	2403.77	0	1	1
175	rs1	1:1	2:0.406	rs2	1:2	2:0.4215	0	1000	1	2.05444e-05	2.9893	0.643405	1.90224e-05	2.87027	0.615595	0.69319	-4.33734	5.06641	0.783102	0.419692	0.600183	0.969027	20.4722	81.6113	0	0	3.96583e-15
176	rs1	1:1	2:0.41425	rs2	1:2	2:0.42075	0	1000	1	0.0240774	1.30334	0.477411	1.07702e-13	4.71016	0.609509	0.924594	-0.250434	0.632437	0.999986	0.00434285	0.825429	0.387519	12.3838	8.99365	0	0	3.35003e-13
177	rs1	1:1	2:0.408	rs2	1:2	2:0.41375	0	1000	1	7.5254e-14	5.14779	0.662177	0.0356135	1.25407	0.485574	0.0146702	1.84912	0.636347	0.794111	0.381017	0.56113	0.196171	8.66028	4.7983	0	0	2.97181e-07
178	rs1	1:1	2:0.40275	rs2	1:2	2:0.4125	0	1000	1	5.17975e-07	3.00802	0.55909	1.85068e-06	2.6657	0.518812	0.595901	-3.7878	3.72256	0.667929	0.468692	0.521689	0.305407	424.867	275.851	0	0	3.8005e-16
179	rs1	1:1	2:0.42075	rs2	1:2	2:0.41175	0	1000	1	6.53098e-07	2.49412	0.46733	4.09296e-09	2.96831	0.477594	0.632696	-0.725516	0.758248	0.99783	0.0379249	0.575411	0.85752	15.0647	27.1703	0	0	6.18896e-20
180	rs1	1:1	2:0.4145	rs2	1:2	2:0.41525	0	1000	1	1.36249e-05	3.29912	0.696954	0.000299211	2.67881	0.664966	0.564023	-1.46227	1.36636	0.993795	0.0871065	0.780688	0.171515	13.0309	6.93939	0	0	1.06842e-13
181	rs1	1:1	2:0.43125	rs2	1:2	2:0.434	0	1000	1	6.58313e-06	3.36745	0.689363	0.000129673	2.77834	0.65667	0.899669	-0.471106	1.02449	0.999288	0.0294759	0.78071	0.4554	13.0859	10.4332	0	0	4.02765e-13
182	rs1	1:1	2:0.41725	rs2	1:2	2:0.4075	0	1000	1	0.119919	1.1126	0.540205	3.78373e-12	5.6662	0.781261	0.956212	-0.217189	0.725777	0.210483	1.43823	0.814669	0.653877	119.773	129.937	0	0	1.36679e-07
183	rs1	1:1	2:0.42475	rs2	1:2	2:0.42925	0	1000	1	3.0259e-14	3.83822	0.486444	8.15269e-05	1.80979	0.417075	0.946778	-0.23869	0.72171	0.661345	-0.575285	0.632617	0.161624	12.4209	6.50588	0	0	6.52207e-20
184	rs1	1:1	2:0.42275	rs2	1:2	2:0.4205	0	1000	1	4.44883e-06	2.86089	0.576275	5.05325e-06	2.83902	0.57485	0.987115	-0.125993	0.782306	0.929661	-0.346607	0.907514	0.81573	148.944	233.368	0	0	4.72999e-17
185	rs1	1:1	2:0.4145	rs2	1:2	2:0.41525	0	1000	1	1.46869e-09	3.79557	0.595111	0.000163669	2.20143	0.527217	0.0864329	1.36743	0.617943	0.702883	0.513343	0.611327	0.564811	72.7147	68.0281	0	0	2.93399e-11
186	rs1	1:1	2:0.4075	rs2	1:2	2:0.4085	0	1000	1	3.63654e-11	3.77269	0.544118	0.000480453	1.83891	0.47041	0.983898	0.123735	0.686727	0.827492	-0.395786	0.643141	0.946806	53.124	160.67	0	0	1.66015e-16
