17
0
5
37
3
4
15
10
6
16
2
9
11
14
20
21
12
13
32
7
23
8
1
25
53
54
18
22
30
19
24
57
31
28
27
29
26
52
33
36
34
35
38
56
48
60
42
43
41
86
87
46
62
40
47
51
98
59
55
50
63
49
44
78
65
58
61
39
70
73
66
67
64
71
129
72
75
74
68
77
132
133
137
80
109
84
81
79
82
69
121
143
93
124
83
85
89
100
45
88
105
94
102
90
131
110
92
97
103
76
106
95
99
175
96
104
138
101
111
123
172
164
115
116
174
122
125
112
130
118
113
91
107
128
127
148
126
136
117
144
135
120
157
187
114
119
108
141
146
140
139
134
151
150
210
179
218
142
145
161
160
158
217
152
149
221
153
155
165
185
166
156
171
147
177
170
169
163
159
173
162
167
168
180
201
176
184
178
181
189
182
214
192
154
183
262
190
194
188
197
245
193
191
229
196
198
186
212
204
200
206
216
199
261
202
203
222
208
209
207
211
233
213
226
232
224
227
215
220
231
228
239
219
225
223
240
238
230
205
280
255
281
241
256
260
244
276
263
283
253
257
258
266
267
251
195
250
249
235
246
265
248
234
259
236
264
247
237
242
243
269
252
254
270
277
271
272
273
275
268
274
278
279
282
284
