Outcome	Var1_ID	Var1_Pos	Var1_MAF	Var2_ID	Var2_Pos	Var2_MAF	Num_Missing	Num_Cases	Converged	Red_Var1_Pval	Red_Var1_beta	Red_Var1_SE	Red_Var2_Pval	Red_Var2_beta	Red_Var2_SE	Full_Var1_Pval	Full_Var1_beta	Full_Var1_SE	Full_Var2_Pval	Full_Var2_beta	Full_Var2_SE	Full_Var1_Var2_Pval	Full_Var1_Var2_beta	Full_Var1_Var2_SE	Red_Model_Pval	Full_Model_Pval	Overall_Pval_(LRT)
1	rs1	1:1	2:0.239	rs2	1:2	2:0.45275	0	1000	1	9.39442e-12	1.41824	0.208091	1.29864e-66	2.24576	0.130254	0.539195	-0.20876	0.339982	0.186763	-0.527354	0.399445	1.12547e-17	4.35406	0.508633	0	0	1.75926e-31
2	rs1	1:1	2:0.24325	rs2	1:2	2:0.4585	0	1000	1	1.03035e-10	1.33413	0.206444	1.55811e-74	2.36576	0.129521	0.292248	-0.377289	0.35823	0.788962	0.0830489	0.310279	4.50157e-18	3.87588	0.447285	0	0	2.63373e-28
3	rs1	1:1	2:0.24725	rs2	1:2	2:0.46475	0	1000	1	7.82277e-10	1.20468	0.195931	1.44955e-81	2.35829	0.123281	0.0293252	-0.926536	0.425195	0.837167	-0.0623487	0.303373	5.30128e-21	4.13223	0.439458	0	0	1.26475e-34
4	rs1	1:1	2:0.24875	rs2	1:2	2:0.463	0	1000	1	1.85888e-11	1.31326	0.195522	1.15032e-78	2.31248	0.12315	0.267094	-0.371651	0.334888	0.785932	-0.0868486	0.31977	1.19991e-19	3.72172	0.410373	0	0	3.15511e-29
5	rs1	1:1	2:0.2475	rs2	1:2	2:0.4625	0	1000	1	8.1244e-13	1.45167	0.202774	2.06485e-77	2.42473	0.130196	0.851757	0.0574601	0.307475	0.0868441	0.476503	0.278285	7.20396e-16	3.33408	0.413297	0	0	4.81062e-23
6	rs1	1:1	2:0.246	rs2	1:2	2:0.45975	0	1000	1	3.61434e-09	1.15218	0.195253	1.13988e-80	2.28312	0.12003	0.0150749	-0.948759	0.390343	0.551072	0.156602	0.262687	9.96374e-22	3.6862	0.38489	0	0	7.81454e-32
7	rs1	1:1	2:0.2455	rs2	1:2	2:0.458	0	1000	1	1.28664e-06	0.965204	0.199348	1.05422e-81	2.34075	0.122263	0.000936881	-1.94843	0.588859	0.87082	-0.0460425	0.283135	8.50784e-21	4.54771	0.486222	0	0	6.74572e-40
8	rs1	1:1	2:0.2415	rs2	1:2	2:0.45625	0	1000	1	8.79411e-14	1.46296	0.196164	1.19574e-70	2.19279	0.123395	0.327758	-0.323721	0.330787	0.00586994	-1.6325	0.592568	4.61237e-16	5.81691	0.716254	0	0	2.19743e-43
9	rs1	1:1	2:0.24325	rs2	1:2	2:0.46675	0	1000	1	1.55315e-16	1.66065	0.201234	4.84229e-70	2.23035	0.126066	0.89005	-0.045874	0.331841	0.945666	0.0202507	0.297145	6.84517e-19	3.7463	0.422005	0	0	2.56378e-29
10	rs1	1:1	2:0.24675	rs2	1:2	2:0.46125	0	1000	1	1.91131e-09	1.19558	0.199092	2.18751e-80	2.37858	0.125274	0.031019	-0.887506	0.411486	0.873747	-0.0491139	0.309085	1.8728e-20	4.14525	0.4472	0	0	4.48121e-33
11	rs1	1:1	2:0.24925	rs2	1:2	2:0.45975	0	1000	1	1.45584e-09	1.23363	0.203934	1.77132e-76	2.33001	0.12589	0.180391	-0.46162	0.344608	0.716635	-0.123083	0.339109	9.69517e-19	3.75793	0.425174	0	0	1.99283e-28
12	rs1	1:1	2:0.251	rs2	1:2	2:0.47	0	1000	1	2.31534e-14	1.5426	0.202129	2.39577e-76	2.36182	0.127721	0.510257	-0.226676	0.344263	0.383706	-0.326577	0.374907	1.55144e-18	4.23625	0.482166	0	0	6.76716e-32
13	rs1	1:1	2:0.248	rs2	1:2	2:0.46425	0	1000	1	1.48352e-07	1.10737	0.210743	1.77627e-77	2.44581	0.131271	0.00887496	-1.476	0.564041	0.0667012	-0.943377	0.514471	8.56267e-17	5.35148	0.64296	0	0	8.46612e-38
14	rs1	1:1	2:0.2515	rs2	1:2	2:0.46925	0	1000	1	1.49189e-13	1.59058	0.215296	1.56289e-72	2.45121	0.136086	0.53572	0.199486	0.322116	0.503694	0.233911	0.349805	1.92201e-14	3.34217	0.436558	0	0	3.04187e-20
15	rs1	1:1	2:0.247	rs2	1:2	2:0.46975	0	1000	1	1.64272e-14	1.62658	0.211908	7.11071e-69	2.25878	0.12878	0.173181	-0.556701	0.408722	0.275423	-0.408575	0.374613	4.28424e-19	4.33629	0.48562	0	0	1.29909e-32
16	rs1	1:1	2:0.25025	rs2	1:2	2:0.47125	0	1000	1	2.25106e-10	1.37474	0.216728	4.52699e-76	2.48745	0.134765	0.2601	-0.45423	0.403347	0.252047	0.354607	0.309595	1.78869e-16	3.50256	0.425303	0	0	1.81327e-23
17	rs1	1:1	2:0.2505	rs2	1:2	2:0.4735	0	1000	1	1.32482e-10	1.30628	0.203335	0	2.50289	0.128819	0.0678931	-0.805466	0.441178	0.0739562	0.471102	0.263644	2.90287e-18	3.72904	0.427879	0	0	1.88177e-28
18	rs1	1:1	2:0.24775	rs2	1:2	2:0.472	0	1000	1	1.05996e-14	1.63155	0.211017	9.84817e-71	2.29648	0.12915	0.336602	-0.377014	0.392355	0.667548	-0.146019	0.339961	8.67494e-19	3.99426	0.451279	0	0	6.85143e-30
19	rs1	1:1	2:0.247	rs2	1:2	2:0.457	0	1000	1	9.14077e-08	1.12237	0.210063	2.14652e-78	2.52471	0.134691	0.17976	-0.4898	0.365115	0.894711	0.0460218	0.347741	7.01563e-17	4.07114	0.48775	0	0	2.34454e-27
20	rs1	1:1	2:0.24525	rs2	1:2	2:0.467	0	1000	1	3.15906e-14	1.58479	0.208755	4.63349e-69	2.24235	0.127666	0.252278	-0.451399	0.394292	0.286116	-0.393378	0.368787	3.80359e-19	4.3268	0.483845	0	0	6.82144e-34
21	rs1	1:1	2:0.243	rs2	1:2	2:0.4605	0	1000	1	2.72904e-14	1.55252	0.203996	2.0531e-70	2.32523	0.131072	0.685851	0.125072	0.309208	0.577391	0.171256	0.307352	1.43002e-16	3.59988	0.435704	0	0	2.07498e-25
22	rs1	1:1	2:0.24775	rs2	1:2	2:0.475	0	1000	1	1.48417e-14	1.62771	0.211697	1.29223e-70	2.31652	0.130389	0.229279	-0.504075	0.419288	0.647305	-0.156979	0.343117	1.02445e-18	4.05135	0.458692	0	0	5.58452e-30
23	rs1	1:1	2:0.24175	rs2	1:2	2:0.45625	0	1000	1	3.74611e-05	0.93407	0.226573	8.38873e-75	2.53485	0.138522	0.00454644	-1.79359	0.632096	0.456179	0.236073	0.316811	3.88304e-16	4.32681	0.531409	0	0	3.87722e-28
24	rs1	1:1	2:0.247	rs2	1:2	2:0.461	0	1000	1	3.11602e-08	1.19581	0.216053	2.57528e-77	2.50418	0.134547	0.0483301	-0.857275	0.434183	0.656693	-0.162763	0.366185	1.10272e-17	4.55638	0.532121	0	0	4.4693e-31
25	rs1	1:1	2:0.2505	rs2	1:2	2:0.46325	0	1000	1	5.75223e-13	1.36631	0.189601	1.97666e-82	2.38643	0.124103	0.929231	0.0253234	0.285133	0.352367	0.264313	0.284205	3.7372e-18	3.44168	0.396209	0	0	8.02186e-27
26	rs1	1:1	2:0.24225	rs2	1:2	2:0.45775	0	1000	1	1.27091e-11	1.38392	0.204362	8.07727e-73	2.28035	0.126344	0.147565	-0.541777	0.374107	0.885246	-0.043726	0.302976	1.28319e-19	4.08408	0.450692	0	0	2.3921e-32
27	rs1	1:1	2:0.24525	rs2	1:2	2:0.46475	0	1000	1	5.69392e-09	1.26666	0.217434	6.95893e-74	2.42415	0.133315	0.0515716	-0.919596	0.472389	0.208124	0.353237	0.280627	9.76549e-18	3.75749	0.438106	0	0	2.40452e-27
28	rs1	1:1	2:0.244	rs2	1:2	2:0.45825	0	1000	1	6.76422e-10	1.24478	0.201699	9.40753e-78	2.37827	0.127413	0.239114	-0.415587	0.353028	0.236369	0.327253	0.27637	3.15535e-18	3.51281	0.403505	0	0	1.72822e-26
29	rs1	1:1	2:0.25075	rs2	1:2	2:0.458	0	1000	1	6.98445e-11	1.24573	0.191034	1.71311e-81	2.41178	0.126138	0.85199	-0.0532851	0.285589	0.670282	-0.152681	0.358607	1.40097e-17	3.85758	0.45197	0	0	3.68089e-28
30	rs1	1:1	2:0.25225	rs2	1:2	2:0.4625	0	1000	1	2.59431e-09	1.16732	0.19601	0	2.40521	0.124109	0.056968	-0.69314	0.364129	0.0954245	-0.715077	0.428844	2.31935e-19	4.73958	0.526795	0	0	5.2829e-37
31	rs1	1:1	2:0.249	rs2	1:2	2:0.46375	0	1000	1	8.62323e-08	1.08315	0.202323	0	2.47976	0.127427	0.0427778	-0.810362	0.400007	0.08897	0.464187	0.272913	5.08156e-18	3.4516	0.398959	0	0	1.76279e-25
32	rs1	1:1	2:0.24125	rs2	1:2	2:0.45575	0	1000	1	3.93504e-14	1.56836	0.20737	5.5595e-67	2.25019	0.130141	0.772333	0.0905397	0.312934	0.903018	-0.0400432	0.328627	6.03882e-17	3.74065	0.447207	0	0	2.24633e-26
33	rs1	1:1	2:0.249	rs2	1:2	2:0.4665	0	1000	1	8.34716e-12	1.3744	0.201157	2.84672e-79	2.345	0.124392	0.0548444	-0.77995	0.406201	0.419225	-0.269941	0.334183	3.65352e-20	4.59879	0.499988	0	0	4.10868e-38
34	rs1	1:1	2:0.2485	rs2	1:2	2:0.4625	0	1000	1	1.20895e-11	1.38543	0.204366	5.53866e-76	2.31583	0.125541	0.121619	-0.567612	0.366671	0.228332	-0.450759	0.374177	8.0379e-20	4.45901	0.48932	0	0	5.72504e-35
35	rs1	1:1	2:0.247	rs2	1:2	2:0.47075	0	1000	1	3.45677e-15	1.64414	0.208828	6.68262e-71	2.3017	0.129286	0.220117	-0.494433	0.403218	0.0527261	-0.903219	0.46626	7.1996e-18	5.15542	0.598654	0	0	8.73274e-38
36	rs1	1:1	2:0.2425	rs2	1:2	2:0.4515	0	1000	1	2.00797e-14	1.46799	0.191892	4.82766e-73	2.23439	0.123604	0.539777	0.166307	0.271233	0.925949	0.0281745	0.303138	1.11783e-17	3.54313	0.413864	0	0	2.27018e-26
37	rs1	1:1	2:0.244	rs2	1:2	2:0.461	0	1000	1	1.92298e-06	1.01993	0.214211	1.16918e-76	2.45906	0.132703	0.0108803	-1.33409	0.523888	0.269234	0.321381	0.290887	3.70097e-17	3.82752	0.454466	0	0	5.0742e-27
38	rs1	1:1	2:0.24825	rs2	1:2	2:0.46875	0	1000	1	8.85198e-15	1.54107	0.198726	6.72565e-77	2.32177	0.125093	0.517858	-0.219342	0.339197	0.945264	0.0206933	0.30141	2.7494e-19	3.92817	0.437517	0	0	1.71557e-31
39	rs1	1:1	2:0.24075	rs2	1:2	2:0.4535	0	1000	1	7.2408e-09	1.17693	0.203437	9.20422e-74	2.24116	0.123356	0.00775339	-1.1815	0.443733	0.470439	-0.221721	0.307192	5.97364e-22	4.2764	0.444071	0	0	9.50729e-36
40	rs1	1:1	2:0.24725	rs2	1:2	2:0.47	0	1000	1	2.86925e-23	2.06357	0.207662	3.72949e-63	2.19312	0.130739	0.0158864	0.682134	0.282865	0.349546	-0.375262	0.401148	3.46625e-15	3.85518	0.48968	0	0	3.2684e-25
41	rs1	1:1	2:0.2465	rs2	1:2	2:0.45875	0	1000	1	1.43061e-10	1.35229	0.21088	1.99812e-72	2.37618	0.13202	0.456118	-0.25633	0.343949	0.360289	-0.369561	0.403974	6.69895e-17	4.1643	0.498586	0	0	3.82732e-28
42	rs1	1:1	2:0.24575	rs2	1:2	2:0.4595	0	1000	1	1.97894e-08	1.14369	0.203728	2.34827e-79	2.42684	0.128664	0.0816932	-0.682902	0.392259	0.700107	0.118309	0.307154	7.37284e-19	3.86371	0.435636	0	0	4.44458e-29
43	rs1	1:1	2:0.2415	rs2	1:2	2:0.463	0	1000	1	4.87917e-14	1.54069	0.204468	2.47074e-72	2.31303	0.128596	0.589059	-0.188564	0.349064	0.637606	0.136224	0.289193	3.27943e-16	4.07117	0.498761	0	0	3.05477e-30
44	rs1	1:1	2:0.25325	rs2	1:2	2:0.463	0	1000	1	6.52129e-10	1.20919	0.195747	0	2.42061	0.124797	0.23968	-0.386538	0.328748	0.770254	0.0898489	0.307656	1.91852e-19	3.71206	0.411636	0	0	1.77638e-29
45	rs1	1:1	2:0.243	rs2	1:2	2:0.4645	0	1000	1	1.35924e-17	1.7082	0.200058	6.16103e-71	2.24879	0.126282	0.544578	0.182457	0.301131	0.452824	0.205613	0.273889	1.2776e-15	3.83239	0.479244	0	0	3.54748e-29
46	rs1	1:1	2:0.247	rs2	1:2	2:0.4665	0	1000	1	1.00495e-15	1.65911	0.20671	9.18073e-73	2.32805	0.129038	0.994283	0.00235622	0.32884	0.689217	0.121733	0.304395	5.23433e-17	3.84572	0.458845	0	0	8.08189e-28
47	rs1	1:1	2:0.24525	rs2	1:2	2:0.46	0	1000	1	2.2473e-07	1.09338	0.211174	1.54374e-77	2.43909	0.130858	0.0210474	-1.05243	0.456165	0.540491	0.187106	0.305694	3.0663e-18	3.85624	0.442789	0	0	1.23228e-27
48	rs1	1:1	2:0.245	rs2	1:2	2:0.45925	0	1000	1	1.05099e-09	1.23523	0.202448	8.03052e-79	2.35174	0.125114	0.0270487	-0.916703	0.414645	0.639453	0.129279	0.275964	4.13563e-20	4.13281	0.449978	0	0	6.34261e-34
49	rs1	1:1	2:0.2475	rs2	1:2	2:0.46775	0	1000	1	1.37489e-09	1.35912	0.224338	9.90264e-75	2.54867	0.139346	0.0976786	-0.776661	0.468938	0.582463	0.184097	0.33485	3.44901e-16	4.27176	0.523725	0	0	1.51483e-27
50	rs1	1:1	2:0.24575	rs2	1:2	2:0.46775	0	1000	1	9.42518e-11	1.38432	0.213765	2.16414e-76	2.50192	0.135258	0.56663	-0.21484	0.374925	0.00517271	0.739129	0.264345	6.07114e-15	3.11392	0.399095	0	0	2.05925e-20
51	rs1	1:1	2:0.24425	rs2	1:2	2:0.462	0	1000	1	1.14434e-07	1.13457	0.213983	1.08731e-77	2.43516	0.130516	0.0107773	-1.33418	0.52324	0.164759	0.375881	0.270565	4.24976e-18	3.9048	0.450282	0	0	6.64408e-29
52	rs1	1:1	2:0.246	rs2	1:2	2:0.4565	0	1000	1	2.06858e-06	1.00477	0.211681	1.06582e-78	2.5014	0.133183	0.0342939	-0.904878	0.427515	0.914001	-0.0379334	0.351256	5.58173e-18	4.1063	0.475222	0	0	2.71626e-28
53	rs1	1:1	2:0.24875	rs2	1:2	2:0.46125	0	1000	1	9.16543e-14	1.47889	0.198444	3.44512e-74	2.29575	0.125987	0.918427	0.0304052	0.29688	0.328047	-0.374938	0.38335	2.12742e-17	3.89753	0.459256	0	0	1.4249e-27
54	rs1	1:1	2:0.24375	rs2	1:2	2:0.47	0	1000	1	1.21052e-15	1.65221	0.206439	4.65438e-71	2.28519	0.128213	0.454747	-0.281353	0.376379	0.689538	0.115671	0.289552	1.25258e-18	3.86733	0.438976	0	0	1.16337e-29
55	rs1	1:1	2:0.24975	rs2	1:2	2:0.4645	0	1000	1	1.03647e-06	0.996682	0.204046	0	2.56	0.12961	0.0134038	-1.20848	0.488696	0.142179	0.407412	0.277581	3.23978e-18	3.91713	0.450104	0	0	3.36842e-29
56	rs1	1:1	2:0.24875	rs2	1:2	2:0.4695	0	1000	1	1.19017e-17	1.70389	0.199195	2.98295e-74	2.26566	0.124282	0.902051	0.0386853	0.314332	0.845738	0.0571181	0.293576	1.34675e-18	3.83906	0.436169	0	0	4.59666e-31
57	rs1	1:1	2:0.2475	rs2	1:2	2:0.46825	0	1000	1	2.95537e-05	0.92512	0.221486	1.64722e-82	2.61895	0.136121	6.01387e-05	-5.39787	1.34534	0.313137	0.295075	0.292541	1.17717e-11	6.49731	0.957883	0	0	3.14439e-36
58	rs1	1:1	2:0.2525	rs2	1:2	2:0.46675	0	1000	1	6.47192e-13	1.45616	0.202522	1.40771e-79	2.43682	0.129008	0.799573	-0.0805521	0.31726	0.812078	0.0776427	0.326579	1.69204e-17	3.83036	0.449932	0	0	1.12972e-27
59	rs1	1:1	2:0.238	rs2	1:2	2:0.4625	0	1000	1	5.14575e-18	1.78899	0.206818	9.87357e-61	2.07306	0.126098	0.739321	-0.117517	0.353165	0.363261	-0.291198	0.320291	1.19274e-19	4.12263	0.454546	0	0	6.21835e-34
60	rs1	1:1	2:0.24725	rs2	1:2	2:0.46375	0	1000	1	1.09426e-09	1.2501	0.205102	6.65872e-79	2.42012	0.128684	0.0741309	-0.732915	0.410412	0.806219	-0.0814737	0.33213	3.15761e-19	4.17834	0.466173	0	0	2.22906e-31
61	rs1	1:1	2:0.245	rs2	1:2	2:0.45725	0	1000	1	2.50754e-13	1.41066	0.192752	4.48048e-76	2.30501	0.124877	0.780102	0.0795614	0.284977	0.553755	0.175423	0.296252	1.66124e-17	3.38773	0.397839	0	0	5.20049e-25
62	rs1	1:1	2:0.243	rs2	1:2	2:0.45675	0	1000	1	2.56812e-10	1.27934	0.202336	2.78348e-75	2.33264	0.127055	0.204484	-0.455548	0.359016	0.68292	0.118892	0.291057	4.48331e-19	3.82019	0.428064	0	0	5.82266e-30
63	rs1	1:1	2:0.24275	rs2	1:2	2:0.46325	0	1000	1	1.60456e-13	1.50922	0.204551	2.29133e-71	2.25601	0.126295	0.329955	-0.36097	0.370528	0.48503	0.190964	0.273495	3.27825e-19	3.67715	0.410445	0	0	2.0088e-29
64	rs1	1:1	2:0.2435	rs2	1:2	2:0.46225	0	1000	1	3.68906e-15	1.54515	0.196457	1.39611e-70	2.17097	0.122227	0.393875	-0.289232	0.339232	0.123143	-0.569686	0.369514	3.06219e-20	4.43069	0.480721	0	0	1.58811e-37
65	rs1	1:1	2:0.24975	rs2	1:2	2:0.46275	0	1000	1	1.42159e-08	1.17866	0.207848	1.68346e-79	2.47163	0.130916	0.0422423	-0.854198	0.420554	0.303272	-0.412173	0.400386	1.57571e-18	4.64937	0.529292	0	0	1.01213e-33
66	rs1	1:1	2:0.24325	rs2	1:2	2:0.4555	0	1000	1	1.41043e-07	1.11862	0.212508	1.00082e-74	2.40802	0.13166	0.0298194	-0.954916	0.439551	0.704441	-0.129807	0.342199	6.563e-19	4.28347	0.482261	0	0	1.99469e-31
67	rs1	1:1	2:0.24475	rs2	1:2	2:0.46725	0	1000	1	4.08898e-12	1.45597	0.209973	1.43884e-71	2.29422	0.128248	0.025753	-1.12953	0.506533	0.473271	-0.23943	0.333855	1.10876e-19	4.5968	0.506382	0	0	1.31028e-36
68	rs1	1:1	2:0.24025	rs2	1:2	2:0.451	0	1000	1	2.34674e-06	0.962928	0.203966	1.00022e-78	2.37068	0.1262	0.00428486	-1.40442	0.491678	0.873595	-0.0481033	0.302358	2.52316e-20	4.31459	0.467073	0	0	3.89556e-34
69	rs1	1:1	2:0.24625	rs2	1:2	2:0.46575	0	1000	1	3.57276e-08	1.23705	0.224478	1.728e-75	2.57572	0.140098	0.0957003	-0.779976	0.468154	0.217619	0.39315	0.318886	1.09682e-15	3.84891	0.480182	0	0	4.03421e-24
70	rs1	1:1	2:0.24475	rs2	1:2	2:0.46375	0	1000	1	1.62068e-15	1.68675	0.211707	4.16303e-67	2.26156	0.130673	0.835106	-0.0722544	0.347115	0.589291	-0.190001	0.351943	1.41524e-17	4.07688	0.477729	0	0	1.99372e-29
71	rs1	1:1	2:0.24175	rs2	1:2	2:0.46	0	1000	1	2.12646e-13	1.50243	0.204674	8.08277e-70	2.22748	0.12611	0.194108	-0.489834	0.377224	0.626584	-0.152419	0.313271	6.24571e-20	4.14152	0.453121	0	0	4.84974e-33
72	rs1	1:1	2:0.24425	rs2	1:2	2:0.4545	0	1000	1	4.28036e-13	1.40036	0.19325	2.7012e-75	2.23341	0.121639	0.458675	-0.226926	0.30623	0.500031	-0.21293	0.315714	4.89513e-20	4.04782	0.441598	0	0	4.83976e-33
73	rs1	1:1	2:0.24625	rs2	1:2	2:0.46075	0	1000	1	2.53254e-08	1.1838	0.212492	4.97944e-78	2.61035	0.139593	0.756231	-0.105399	0.339522	0.0281404	0.669872	0.305136	1.10283e-13	3.19236	0.429776	0	0	6.38809e-19
74	rs1	1:1	2:0.2455	rs2	1:2	2:0.46075	0	1000	1	4.22299e-12	1.42002	0.204923	6.17234e-74	2.41258	0.132631	0.940696	-0.0239178	0.321494	0.784216	0.0913608	0.333642	1.87059e-16	3.75932	0.456777	0	0	1.43691e-25
75	rs1	1:1	2:0.243	rs2	1:2	2:0.45725	0	1000	1	8.9544e-09	1.22906	0.21377	5.51912e-74	2.39675	0.131716	0.028756	-1.00131	0.457887	0.424698	-0.285616	0.357781	2.8391e-18	4.79271	0.549768	0	0	4.22161e-35
76	rs1	1:1	2:0.24625	rs2	1:2	2:0.47275	0	1000	1	2.94902e-15	1.77679	0.225109	7.86127e-67	2.41273	0.139703	0.922605	0.0370256	0.381106	0.302572	0.325453	0.315688	2.71723e-15	3.6203	0.458077	0	0	4.94594e-23
77	rs1	1:1	2:0.24025	rs2	1:2	2:0.46175	0	1000	1	2.78496e-15	1.71217	0.216725	5.18308e-63	2.23425	0.133346	0.937544	-0.0281457	0.359201	0.892485	0.0433286	0.320572	7.06579e-17	3.69285	0.442474	0	0	3.53966e-25
78	rs1	1:1	2:0.24225	rs2	1:2	2:0.4655	0	1000	1	1.76119e-15	1.71462	0.215483	7.097e-63	2.19662	0.131247	0.442841	-0.297245	0.387339	0.143237	-0.592325	0.404638	4.47972e-18	4.37181	0.504484	0	0	1.15675e-30
79	rs1	1:1	2:0.25625	rs2	1:2	2:0.46425	0	1000	1	2.84776e-12	1.31716	0.188569	0	2.40883	0.123569	0.967022	-0.0114955	0.278044	0.316767	-0.401302	0.400851	2.23427e-17	4.01035	0.472867	0	0	1.67396e-29
80	rs1	1:1	2:0.24625	rs2	1:2	2:0.47	0	1000	1	1.06232e-10	1.37232	0.212506	9.4271e-75	2.36423	0.129243	0.0171953	-1.26663	0.531639	0.573133	0.161652	0.2869	6.00823e-19	4.10856	0.462057	0	0	1.80178e-31
81	rs1	1:1	2:0.24225	rs2	1:2	2:0.464	0	1000	1	2.07352e-13	1.54124	0.209864	2.83729e-71	2.30305	0.129015	0.119594	-0.660055	0.424069	0.541202	-0.198774	0.325327	2.34506e-14	4.99826	0.655069	0	0	9.36719e-37
82	rs1	1:1	2:0.2495	rs2	1:2	2:0.466	0	1000	1	9.91788e-12	1.29654	0.190453	0	2.41309	0.123205	0.322675	-0.328319	0.331979	0.0862363	0.428001	0.249477	7.5013e-19	3.56789	0.40237	0	0	1.47403e-29
83	rs1	1:1	2:0.2455	rs2	1:2	2:0.4605	0	1000	1	3.43735e-12	1.42333	0.204543	7.84922e-73	2.31292	0.128137	0.27798	-0.384701	0.354606	0.0965778	-0.716298	0.431069	3.16904e-18	4.70266	0.54021	0	0	2.28969e-34
84	rs1	1:1	2:0.24825	rs2	1:2	2:0.45725	0	1000	1	2.21826e-11	1.34156	0.200506	1.42303e-76	2.36954	0.127945	0.690035	-0.123355	0.309311	0.94987	-0.0211646	0.336639	1.58053e-17	3.70414	0.434702	0	0	4.85108e-26
85	rs1	1:1	2:0.2415	rs2	1:2	2:0.46675	0	1000	1	5.0151e-13	1.57569	0.218091	1.06706e-70	2.40575	0.13533	0.421253	-0.328104	0.407964	0.0501239	0.52845	0.269768	2.83204e-15	3.65365	0.462599	0	0	2.16723e-24
86	rs1	1:1	2:0.252	rs2	1:2	2:0.4725	0	1000	1	9.42272e-11	1.28902	0.199047	0	2.50491	0.128578	0.111832	-0.660367	0.415322	0.731138	0.107141	0.311809	7.42357e-19	4.1199	0.464562	0	0	5.75434e-32
87	rs1	1:1	2:0.24325	rs2	1:2	2:0.46225	0	1000	1	2.59509e-11	1.37557	0.206297	5.81869e-77	2.42763	0.130742	0.442954	-0.276002	0.359746	0.0189548	0.588734	0.250908	7.41239e-16	3.517	0.436162	0	0	2.42522e-25
88	rs1	1:1	2:0.242	rs2	1:2	2:0.46675	0	1000	1	5.80311e-20	1.88279	0.205816	6.2032e-63	2.14178	0.127909	0.455544	0.23044	0.308816	0.108463	-0.641405	0.399595	1.41278e-17	4.45558	0.522092	0	0	4.08007e-33
89	rs1	1:1	2:0.24725	rs2	1:2	2:0.4645	0	1000	1	2.49195e-11	1.39934	0.209675	4.01465e-77	2.44095	0.131318	0.314907	-0.36853	0.366705	0.419373	0.241395	0.298937	4.48749e-17	3.90875	0.46536	0	0	7.87011e-28
90	rs1	1:1	2:0.2405	rs2	1:2	2:0.45775	0	1000	1	1.87871e-20	1.80884	0.19515	2.36013e-62	2.03102	0.121874	0.464271	0.207899	0.28408	0.0200184	-0.997783	0.428969	1.0328e-18	4.56886	0.517336	0	0	6.35687e-36
91	rs1	1:1	2:0.24375	rs2	1:2	2:0.4595	0	1000	1	8.03109e-15	1.613	0.207671	1.82568e-67	2.25659	0.13003	0.503571	0.204868	0.306285	0.682719	0.128362	0.314032	2.05304e-16	3.38347	0.411668	0	0	1.58763e-23
92	rs1	1:1	2:0.2465	rs2	1:2	2:0.47025	0	1000	1	6.72027e-11	1.36526	0.209178	2.58793e-77	2.40801	0.129382	0.0225145	-1.24005	0.543508	0.889753	-0.0435577	0.314231	7.44297e-19	4.59124	0.517728	0	0	2.15899e-35
93	rs1	1:1	2:0.24825	rs2	1:2	2:0.4675	0	1000	1	4.9032e-13	1.44717	0.200219	5.2196e-75	2.28396	0.124636	0.463734	-0.251329	0.343012	0.437856	0.218227	0.281286	8.22165e-19	3.35366	0.378647	0	0	1.54133e-26
94	rs1	1:1	2:0.2435	rs2	1:2	2:0.46375	0	1000	1	8.52176e-11	1.42178	0.219035	7.5734e-70	2.35108	0.13308	0.113869	-0.686944	0.434489	0.628715	0.14862	0.30736	5.8483e-18	3.84681	0.445466	0	0	2.82293e-27
95	rs1	1:1	2:0.24425	rs2	1:2	2:0.46125	0	1000	1	1.22673e-12	1.38511	0.195022	4.30089e-77	2.29332	0.1234	0.41926	-0.267551	0.331248	0.429936	0.21285	0.269669	1.831e-19	3.59405	0.398324	0	0	1.7806e-29
96	rs1	1:1	2:0.24525	rs2	1:2	2:0.46525	0	1000	1	2.02635e-08	1.19696	0.213373	2.1545e-78	2.50124	0.13344	0.0606899	-0.862238	0.459677	0.0578288	0.523531	0.275979	1.23414e-16	3.59427	0.434103	0	0	7.14349e-25
97	rs1	1:1	2:0.25025	rs2	1:2	2:0.47375	0	1000	1	1.81056e-10	1.40598	0.22049	2.05443e-74	2.54193	0.139281	0.363607	-0.379362	0.417564	0.700256	0.140586	0.365183	2.10192e-15	3.75461	0.47316	0	0	2.25012e-23
98	rs1	1:1	2:0.24675	rs2	1:2	2:0.46475	0	1000	1	8.98556e-13	1.34891	0.188786	9.88331e-83	2.39852	0.124447	0.708533	-0.116042	0.310418	0.0696082	0.457155	0.251952	6.70168e-18	3.45168	0.400432	0	0	9.66506e-28
99	rs1	1:1	2:0.2435	rs2	1:2	2:0.46175	0	1000	1	6.16185e-18	1.73112	0.200605	2.01531e-68	2.23878	0.128073	0.226638	0.342121	0.282963	0.797051	-0.0845266	0.328686	1.51176e-16	3.8514	0.466521	0	0	1.04704e-27
100	rs1	1:1	2:0.24675	rs2	1:2	2:0.46225	0	1000	1	8.34278e-12	1.41955	0.207763	2.52848e-74	2.33607	0.128081	0.110372	-0.618402	0.387343	0.383222	-0.309633	0.355094	2.99462e-19	4.51292	0.503174	0	0	1.58944e-34
101	rs1	1:1	2:0.2465	rs2	1:2	2:0.46775	0	1000	1	5.85302e-11	1.34306	0.205127	1.1579e-76	2.41262	0.130193	0.199918	-0.511816	0.399299	0.592148	0.16485	0.307714	4.1129e-18	3.74345	0.431491	0	0	1.3336e-27
102	rs1	1:1	2:0.2495	rs2	1:2	2:0.46925	0	1000	1	3.331e-08	1.21552	0.22008	3.70965e-74	2.4529	0.134641	0.0119329	-1.42045	0.564988	0.180235	-0.620818	0.463286	1.123e-16	4.93141	0.594791	0	0	1.55062e-33
103	rs1	1:1	2:0.24725	rs2	1:2	2:0.46325	0	1000	1	2.64095e-14	1.49039	0.195723	2.9618e-75	2.31943	0.126359	0.983636	0.00615926	0.300299	0.16715	-0.559677	0.405147	7.52732e-18	4.33593	0.503792	0	0	1.32865e-31
104	rs1	1:1	2:0.25	rs2	1:2	2:0.46925	0	1000	1	2.07742e-13	1.49276	0.203271	1.40433e-76	2.35122	0.12695	0.186492	-0.494688	0.374472	0.0861343	-0.740035	0.431218	6.80732e-19	4.8264	0.543636	0	0	3.39988e-36
105	rs1	1:1	2:0.24725	rs2	1:2	2:0.4585	0	1000	1	1.11822e-07	1.12269	0.211574	3.077e-80	2.55474	0.13468	0.0872858	-0.671738	0.392854	0.618609	0.162684	0.326791	2.10042e-16	4.23025	0.514867	0	0	2.21216e-28
106	rs1	1:1	2:0.23775	rs2	1:2	2:0.454	0	1000	1	5.77468e-12	1.49903	0.217721	3.11545e-66	2.32611	0.135312	0.601258	-0.189673	0.362946	0.473061	0.216594	0.301871	1.87416e-15	3.88158	0.488286	0	0	9.71436e-26
107	rs1	1:1	2:0.25175	rs2	1:2	2:0.46175	0	1000	1	6.23384e-13	1.45083	0.201636	1.1717e-76	2.4408	0.131718	0.358159	0.257616	0.280359	0.643188	0.159415	0.344126	3.00088e-15	3.43117	0.434828	0	0	3.14999e-22
108	rs1	1:1	2:0.24625	rs2	1:2	2:0.45475	0	1000	1	1.10792e-10	1.25011	0.193772	1.02025e-78	2.32506	0.123779	0.219132	-0.395244	0.321641	0.251256	-0.413191	0.36014	9.73064e-20	4.36158	0.47972	0	0	2.79572e-34
109	rs1	1:1	2:0.24325	rs2	1:2	2:0.46575	0	1000	1	1.9299e-12	1.55319	0.220641	4.20224e-68	2.37307	0.136081	0.64775	-0.175636	0.384417	0.0836784	0.486503	0.28126	9.74721e-16	3.29941	0.410885	0	0	6.81668e-22
110	rs1	1:1	2:0.2465	rs2	1:2	2:0.47	0	1000	1	3.16989e-14	1.5533	0.204618	2.18162e-74	2.33798	0.128129	0.357263	-0.348631	0.378703	0.82852	-0.0693904	0.320361	1.65929e-18	4.22958	0.481821	0	0	3.42561e-33
111	rs1	1:1	2:0.249	rs2	1:2	2:0.46775	0	1000	1	3.08262e-12	1.43498	0.205765	1.00686e-76	2.35527	0.127046	0.181867	-0.504581	0.377955	0.989848	-0.0040008	0.314424	1.6227e-19	3.9412	0.436159	0	0	1.70185e-30
112	rs1	1:1	2:0.24375	rs2	1:2	2:0.46325	0	1000	1	2.48493e-12	1.47681	0.210848	1.66208e-70	2.32535	0.130991	0.219146	-0.484727	0.394471	0.294921	-0.397779	0.379782	2.00265e-18	4.46665	0.510058	0	0	2.6862e-32
113	rs1	1:1	2:0.2445	rs2	1:2	2:0.45975	0	1000	1	8.02824e-14	1.44054	0.192847	2.05836e-74	2.21447	0.121339	0.476588	-0.227559	0.319695	0.604926	-0.159418	0.308156	1.58796e-20	3.91183	0.421219	0	0	2.04801e-33
114	rs1	1:1	2:0.23875	rs2	1:2	2:0.464	0	1000	1	1.22749e-11	1.50216	0.221658	2.17643e-65	2.28873	0.134019	0.0702094	-0.952191	0.525911	0.812959	0.0717607	0.303287	9.37701e-18	4.17605	0.486643	0	0	2.40057e-30
115	rs1	1:1	2:0.25325	rs2	1:2	2:0.45925	0	1000	1	1.74789e-08	1.13162	0.20081	0	2.4988	0.128528	0.186932	-0.433954	0.328825	0.884204	0.048041	0.329857	2.30948e-18	3.93214	0.449848	0	0	9.68813e-29
116	rs1	1:1	2:0.243	rs2	1:2	2:0.47025	0	1000	1	3.17017e-16	1.69784	0.207899	6.04609e-67	2.19765	0.127138	0.232865	-0.487907	0.408971	0.195965	-0.462244	0.357461	4.51096e-20	4.4615	0.486261	0	0	2.71392e-35
117	rs1	1:1	2:0.25225	rs2	1:2	2:0.4755	0	1000	1	1.58996e-14	1.59656	0.207884	1.36744e-76	2.41542	0.130407	0.412255	-0.307948	0.375578	0.330859	-0.387443	0.398447	5.95957e-18	4.45345	0.515845	0	0	1.81008e-32
118	rs1	1:1	2:0.25125	rs2	1:2	2:0.46425	0	1000	1	5.79635e-12	1.34841	0.195859	5.40288e-81	2.37389	0.124546	0.366921	-0.29089	0.322403	0.385473	-0.313485	0.361218	2.81009e-19	4.14991	0.462338	0	0	8.56252e-32
119	rs1	1:1	2:0.246	rs2	1:2	2:0.46	0	1000	1	1.32667e-11	1.32448	0.195764	1.64738e-78	2.34483	0.125	0.229207	-0.41209	0.342721	0.577938	-0.182601	0.328184	2.1329e-19	4.24986	0.471881	0	0	1.20514e-33
120	rs1	1:1	2:0.24725	rs2	1:2	2:0.4685	0	1000	1	1.29494e-12	1.4142	0.199328	6.50009e-78	2.33899	0.125177	0.22208	-0.459367	0.376217	0.581613	0.15653	0.284068	1.02834e-19	3.7353	0.411109	0	0	2.85365e-30
121	rs1	1:1	2:0.246	rs2	1:2	2:0.46475	0	1000	1	5.68445e-12	1.43591	0.208485	4.14375e-74	2.36827	0.130039	0.459202	-0.265675	0.358942	0.412322	0.242092	0.295301	8.93053e-18	3.57456	0.416278	0	0	4.27938e-26
122	rs1	1:1	2:0.248	rs2	1:2	2:0.4665	0	1000	1	6.70659e-14	1.59877	0.213354	1.70116e-71	2.39063	0.133707	0.778171	-0.098387	0.349257	0.625965	-0.182411	0.374242	1.63414e-16	4.25475	0.51596	0	0	4.87871e-29
123	rs1	1:1	2:0.24375	rs2	1:2	2:0.458	0	1000	1	6.27523e-10	1.25322	0.202676	6.75663e-76	2.31902	0.125788	0.0448054	-0.806731	0.402064	0.331299	-0.334206	0.34401	1.75222e-20	4.43651	0.478255	0	0	4.09241e-35
124	rs1	1:1	2:0.2485	rs2	1:2	2:0.4645	0	1000	1	3.27027e-11	1.3805	0.208099	7.20785e-76	2.37961	0.129099	0.270145	-0.400731	0.363399	0.773889	0.0903168	0.314373	1.74947e-18	3.7596	0.428573	0	0	7.99926e-28
125	rs1	1:1	2:0.24125	rs2	1:2	2:0.45675	0	1000	1	2.76907e-12	1.46079	0.209014	2.11175e-69	2.29574	0.130375	0.674485	-0.142487	0.339255	0.537879	0.183556	0.297969	2.28674e-17	3.56669	0.420688	0	0	1.61185e-25
126	rs1	1:1	2:0.24425	rs2	1:2	2:0.46825	0	1000	1	4.34701e-16	1.68253	0.206992	1.31261e-70	2.29729	0.129314	0.676951	-0.147783	0.354712	0.992219	-0.00304796	0.312522	5.19998e-18	3.98376	0.460609	0	0	4.75194e-29
127	rs1	1:1	2:0.24475	rs2	1:2	2:0.45825	0	1000	1	1.93736e-08	1.15015	0.204744	3.11209e-78	2.39265	0.12778	0.044353	-0.827413	0.411497	0.848518	0.0579414	0.303343	1.38839e-19	4.02397	0.44448	0	0	2.30303e-31
128	rs1	1:1	2:0.2445	rs2	1:2	2:0.465	0	1000	1	4.8595e-12	1.38185	0.199989	1.16251e-75	2.31836	0.125952	0.187967	-0.504639	0.383285	0.813758	-0.0739085	0.313729	9.01568e-20	4.02262	0.442036	0	0	2.78369e-32
129	rs1	1:1	2:0.24875	rs2	1:2	2:0.46925	0	1000	1	1.02429e-15	1.69531	0.211282	1.40688e-71	2.3812	0.133101	0.613301	0.164327	0.325164	0.690188	0.131746	0.330522	4.42846e-16	3.6628	0.450737	0	0	1.70086e-24
130	rs1	1:1	2:0.24375	rs2	1:2	2:0.463	0	1000	1	3.54286e-13	1.47041	0.202202	4.38138e-71	2.23031	0.125111	0.299	-0.380498	0.366363	0.714701	0.104595	0.286131	2.11933e-19	3.56057	0.395315	0	0	3.06064e-28
131	rs1	1:1	2:0.24725	rs2	1:2	2:0.46325	0	1000	1	4.65244e-13	1.50399	0.207875	1.95398e-73	2.4348	0.134319	0.718945	0.112	0.311225	0.902701	-0.0449258	0.36749	1.20873e-15	3.90539	0.487957	0	0	4.7386e-25
132	rs1	1:1	2:0.24225	rs2	1:2	2:0.468	0	1000	1	2.18627e-19	1.84224	0.204614	9.93692e-65	2.13266	0.125533	0.890742	-0.0471384	0.343161	0.344112	-0.312186	0.329981	1.33504e-19	4.06147	0.448411	0	0	1.51332e-31
133	rs1	1:1	2:0.241	rs2	1:2	2:0.45625	0	1000	1	3.14736e-10	1.29975	0.206593	2.12327e-70	2.2833	0.128722	0.147059	-0.565571	0.390049	0.438077	-0.272352	0.35122	4.79956e-19	4.17106	0.467775	0	0	3.1084e-32
134	rs1	1:1	2:0.2495	rs2	1:2	2:0.47175	0	1000	1	1.61869e-10	1.41704	0.221629	2.54001e-74	2.44764	0.1342	0.0406325	-1.03712	0.506587	0.592374	0.166749	0.311447	4.40821e-18	4.11313	0.474534	0	0	1.95552e-29
135	rs1	1:1	2:0.244	rs2	1:2	2:0.4615	0	1000	1	2.76246e-08	1.12799	0.203026	2.62919e-78	2.36128	0.126045	0.0175839	-1.09715	0.462102	0.155924	0.363096	0.255897	4.44855e-19	3.66396	0.410518	0	0	2.08124e-29
136	rs1	1:1	2:0.24575	rs2	1:2	2:0.46625	0	1000	1	2.51881e-15	1.64732	0.208186	9.43325e-68	2.24798	0.129251	0.616139	-0.175923	0.350914	0.0349915	-1.09437	0.519037	2.85682e-16	4.90809	0.600068	0	0	3.58283e-34
137	rs1	1:1	2:0.25125	rs2	1:2	2:0.47025	0	1000	1	8.18604e-11	1.38554	0.213254	7.84728e-77	2.44485	0.131783	0.25268	-0.444088	0.388235	0.135837	0.425369	0.2852	3.31251e-17	3.38195	0.400943	0	0	6.35438e-24
138	rs1	1:1	2:0.244	rs2	1:2	2:0.45925	0	1000	1	1.73645e-14	1.56082	0.203529	5.84142e-69	2.22642	0.126854	0.979247	0.00816391	0.313834	0.582469	-0.18806	0.342064	5.30847e-18	3.76773	0.43575	0	0	9.65822e-28
139	rs1	1:1	2:0.24675	rs2	1:2	2:0.45575	0	1000	1	3.78729e-08	1.07169	0.194836	1.97666e-82	2.43508	0.126602	0.0940522	-0.592892	0.354093	0.569598	-0.198334	0.348785	2.97355e-19	4.17186	0.465107	0	0	2.2384e-31
140	rs1	1:1	2:0.25	rs2	1:2	2:0.46425	0	1000	1	6.79198e-12	1.35214	0.197049	7.61344e-80	2.38279	0.125932	0.226003	-0.417118	0.34452	0.0933466	-0.723587	0.431219	1.42849e-18	4.81467	0.547423	0	0	3.40333e-36
141	rs1	1:1	2:0.2505	rs2	1:2	2:0.4745	0	1000	1	7.95516e-07	1.10527	0.223899	3.99549e-79	2.56971	0.136442	0.000241222	-3.53679	0.963334	0.74448	0.104987	0.322118	1.01754e-14	5.47749	0.707956	0	0	1.84078e-34
142	rs1	1:1	2:0.2425	rs2	1:2	2:0.4585	0	1000	1	6.69466e-12	1.3875	0.202141	8.13649e-74	2.27083	0.124942	0.240026	-0.416719	0.354678	0.607266	0.143235	0.278678	1.51916e-19	3.70723	0.409939	0	0	1.40442e-29
143	rs1	1:1	2:0.2445	rs2	1:2	2:0.45775	0	1000	1	9.8847e-10	1.24607	0.203898	1.48416e-75	2.3592	0.128264	0.281448	-0.376042	0.349134	0.683181	0.125349	0.307133	2.9948e-18	3.60808	0.414168	0	0	1.07882e-26
144	rs1	1:1	2:0.253	rs2	1:2	2:0.4725	0	1000	1	5.66068e-11	1.35538	0.206851	4.28277e-81	2.48429	0.130256	0.13958	-0.589652	0.399127	0.868426	0.0547337	0.330401	1.51367e-18	3.9642	0.451059	0	0	5.36119e-29
145	rs1	1:1	2:0.245	rs2	1:2	2:0.46775	0	1000	1	1.56359e-16	1.71673	0.208049	1.53493e-68	2.21816	0.12678	0.610208	-0.184216	0.361367	0.992146	0.00295537	0.300214	5.56739e-19	3.93363	0.441963	0	0	1.35305e-31
146	rs1	1:1	2:0.243	rs2	1:2	2:0.46225	0	1000	1	1.35648e-12	1.40255	0.197865	9.66655e-76	2.28955	0.12432	0.212671	-0.454953	0.365056	0.956458	-0.016049	0.29394	1.12107e-19	4.06967	0.448373	0	0	2.20928e-33
147	rs1	1:1	2:0.2465	rs2	1:2	2:0.46725	0	1000	1	3.05946e-12	1.39509	0.200014	6.7057e-77	2.32981	0.125525	0.0463004	-0.86867	0.435938	0.0773398	-0.709194	0.401506	4.07876e-20	5.03468	0.548084	0	0	6.30587e-40
148	rs1	1:1	2:0.244	rs2	1:2	2:0.46575	0	1000	1	2.34911e-13	1.50803	0.205811	6.31195e-72	2.30107	0.128302	0.395142	-0.313145	0.368263	0.917116	-0.0329813	0.316923	7.65185e-19	3.89685	0.439578	0	0	1.24975e-29
149	rs1	1:1	2:0.24425	rs2	1:2	2:0.461	0	1000	1	6.81314e-11	1.40128	0.214765	4.1991e-71	2.37116	0.132993	0.261371	-0.43178	0.384434	0.862463	-0.0593597	0.342644	9.56167e-18	4.0397	0.470876	0	0	2.13586e-28
150	rs1	1:1	2:0.245	rs2	1:2	2:0.45625	0	1000	1	7.63372e-12	1.35425	0.197838	2.62482e-74	2.28515	0.125303	0.573015	-0.176573	0.313286	0.380994	-0.313385	0.357718	1.06411e-18	4.01872	0.455216	0	0	1.27599e-30
151	rs1	1:1	2:0.24125	rs2	1:2	2:0.45275	0	1000	1	2.76721e-17	1.70754	0.201932	4.37162e-64	2.19283	0.12974	0.0891932	0.458169	0.269564	0.395862	-0.319925	0.37681	9.77271e-16	3.9149	0.487554	0	0	1.56963e-26
152	rs1	1:1	2:0.2405	rs2	1:2	2:0.46	0	1000	1	6.66004e-21	1.87697	0.200125	2.64213e-62	2.07108	0.124329	0.0775367	0.494883	0.280361	0.691068	0.112617	0.28338	3.8058e-17	3.2084	0.381103	0	0	3.3032e-24
153	rs1	1:1	2:0.24075	rs2	1:2	2:0.455	0	1000	1	5.34904e-12	1.40908	0.204334	3.37749e-72	2.33134	0.129739	0.606689	-0.170914	0.331998	0.698781	0.117751	0.304292	6.6516e-17	3.85786	0.46185	0	0	1.83879e-27
154	rs1	1:1	2:0.24325	rs2	1:2	2:0.455	0	1000	1	5.17566e-09	1.20392	0.2061	3.83118e-75	2.38399	0.129975	0.145693	-0.540314	0.371372	0.917878	-0.0335224	0.325124	1.55876e-18	4.07114	0.463401	0	0	2.07444e-30
155	rs1	1:1	2:0.24775	rs2	1:2	2:0.46425	0	1000	1	1.71018e-10	1.3573	0.212565	2.36552e-75	2.44688	0.133214	0.484841	-0.250663	0.35884	0.18544	0.386971	0.292232	8.18876e-17	3.44901	0.414122	0	0	5.10678e-24
156	rs1	1:1	2:0.24275	rs2	1:2	2:0.4595	0	1000	1	2.46888e-12	1.35037	0.192771	4.77143e-74	2.23732	0.122901	0.267726	-0.382001	0.344669	0.22287	-0.432247	0.354611	2.88224e-20	4.20444	0.455852	0	0	6.05215e-35
157	rs1	1:1	2:0.2455	rs2	1:2	2:0.46	0	1000	1	1.48116e-13	1.4561	0.197067	1.51893e-74	2.3252	0.12729	0.844148	-0.0602917	0.306688	0.188267	-0.526071	0.399835	3.39235e-17	4.57807	0.542927	0	0	1.10492e-33
158	rs1	1:1	2:0.243	rs2	1:2	2:0.4645	0	1000	1	9.39151e-14	1.4529	0.195041	4.71768e-73	2.19349	0.121332	0.0903091	-0.662704	0.39126	0.338114	-0.299924	0.313106	6.04315e-22	4.22651	0.438945	0	0	5.21056e-37
159	rs1	1:1	2:0.23725	rs2	1:2	2:0.44975	0	1000	1	1.39478e-09	1.32597	0.218948	1.60029e-65	2.29505	0.134248	0.20115	-0.495035	0.387265	0.912004	-0.0363074	0.328539	9.50047e-18	3.9601	0.461558	0	0	9.58186e-28
160	rs1	1:1	2:0.24275	rs2	1:2	2:0.46175	0	1000	1	1.01275e-09	1.3166	0.215575	9.99327e-73	2.35386	0.130502	0.0267645	-1.06563	0.48111	0.540383	0.175337	0.286388	6.86252e-19	4.0739	0.458922	0	0	9.34096e-31
161	rs1	1:1	2:0.249	rs2	1:2	2:0.465	0	1000	1	1.31247e-09	1.26025	0.207761	1.57705e-79	2.42799	0.128582	0.0489168	-0.823387	0.418108	0.777834	0.0866971	0.307281	1.95614e-19	4.03466	0.447515	0	0	1.14508e-30
162	rs1	1:1	2:0.23875	rs2	1:2	2:0.44875	0	1000	1	1.87289e-07	1.15549	0.221718	7.8871e-68	2.42753	0.139493	0.128687	-0.614836	0.404684	0.268214	-0.479213	0.432821	3.05072e-16	4.66945	0.571445	0	0	7.82603e-30
163	rs1	1:1	2:0.24675	rs2	1:2	2:0.47625	0	1000	1	1.07533e-10	1.41971	0.219907	7.87479e-74	2.49532	0.13728	0.0506376	-1.13415	0.580265	0.245098	0.348972	0.300233	5.69148e-16	3.98477	0.492206	0	0	7.61315e-27
164	rs1	1:1	2:0.24725	rs2	1:2	2:0.467	0	1000	1	2.23253e-15	1.60799	0.202832	7.99635e-76	2.43016	0.131881	0.538801	0.186808	0.303937	0.257259	0.33856	0.298845	7.08356e-15	3.67248	0.47186	0	0	1.68195e-24
165	rs1	1:1	2:0.2455	rs2	1:2	2:0.46	0	1000	1	1.74138e-07	1.08285	0.207243	3.96321e-80	2.48162	0.130917	0.022273	-1.05727	0.462562	0.692443	0.122959	0.310862	1.76815e-18	4.1509	0.473244	0	0	2.17556e-30
166	rs1	1:1	2:0.24475	rs2	1:2	2:0.45875	0	1000	1	1.90887e-11	1.39923	0.208441	9.98603e-70	2.26589	0.128372	0.211982	-0.460169	0.368686	0.207932	-0.499729	0.39684	2.39598e-18	4.28298	0.490218	0	0	7.50707e-32
167	rs1	1:1	2:0.24125	rs2	1:2	2:0.4555	0	1000	1	4.8372e-14	1.48368	0.196873	2.34696e-72	2.2548	0.125339	0.948027	0.0194107	0.297782	0.896297	0.0386883	0.296825	1.4436e-17	3.81572	0.447247	0	0	3.65547e-29
168	rs1	1:1	2:0.24825	rs2	1:2	2:0.46575	0	1000	1	1.33409e-13	1.47739	0.199574	6.33457e-77	2.39985	0.129277	0.778013	0.0854524	0.303121	0.647904	0.145338	0.318251	5.71844e-17	3.60263	0.430376	0	0	9.74492e-26
169	rs1	1:1	2:0.24775	rs2	1:2	2:0.46475	0	1000	1	6.28768e-15	1.57373	0.201811	8.60336e-75	2.35516	0.128712	0.631184	0.145016	0.302079	0.410466	0.246158	0.299071	9.54128e-17	3.46808	0.417321	0	0	1.27318e-24
170	rs1	1:1	2:0.24425	rs2	1:2	2:0.46	0	1000	1	1.37652e-14	1.48306	0.192642	8.33402e-75	2.21163	0.120857	0.275027	-0.361667	0.331331	0.12542	-0.540359	0.352619	7.11293e-19	4.80298	0.541296	0	0	1.77628e-40
171	rs1	1:1	2:0.2455	rs2	1:2	2:0.46325	0	1000	1	9.89725e-09	1.27095	0.221711	3.02761e-75	2.55269	0.139075	0.122032	-0.688537	0.44528	0.254307	0.347332	0.30469	4.85723e-15	4.20601	0.537128	0	0	1.72303e-27
172	rs1	1:1	2:0.2495	rs2	1:2	2:0.46475	0	1000	1	4.5375e-08	1.15937	0.212007	6.46665e-79	2.53303	0.134677	0.173066	-0.53214	0.390585	0.75268	0.111282	0.353155	1.96663e-16	3.76176	0.457407	0	0	1.66997e-24
173	rs1	1:1	2:0.24475	rs2	1:2	2:0.46325	0	1000	1	1.34948e-12	1.42417	0.200894	1.69289e-75	2.32558	0.126484	0.399869	-0.295802	0.351369	0.467365	0.201909	0.277816	8.63384e-19	3.76225	0.42504	0	0	3.68647e-30
174	rs1	1:1	2:0.246	rs2	1:2	2:0.467	0	1000	1	4.76707e-21	1.8207	0.193399	1.48204e-68	2.1166	0.120962	0.511171	0.189495	0.288418	0.182954	-0.467805	0.35128	1.2583e-19	4.13354	0.456043	0	0	1.41268e-34
175	rs1	1:1	2:0.24575	rs2	1:2	2:0.45825	0	1000	1	3.65281e-06	1.01009	0.218151	4.73365e-76	2.46074	0.133336	0.00757692	-1.34155	0.502385	0.974302	0.0107314	0.333138	2.43336e-18	4.17226	0.47764	0	0	2.01195e-29
176	rs1	1:1	2:0.25225	rs2	1:2	2:0.468	0	1000	1	1.26066e-11	1.40044	0.206765	4.01592e-80	2.55094	0.134579	0.741639	-0.11088	0.336323	0.307888	0.317451	0.311329	1.46015e-15	3.87892	0.486064	0	0	2.18347e-26
177	rs1	1:1	2:0.24375	rs2	1:2	2:0.45925	0	1000	1	3.55131e-11	1.29585	0.195699	4.4021e-77	2.29922	0.123726	0.187445	-0.46969	0.356319	0.804277	0.071536	0.288667	5.45375e-20	3.74592	0.409183	0	0	2.08736e-30
178	rs1	1:1	2:0.25075	rs2	1:2	2:0.4635	0	1000	1	3.81225e-09	1.19301	0.202474	0	2.58864	0.133635	0.746695	-0.103973	0.321898	0.0089819	0.73071	0.279672	1.27936e-14	3.06135	0.397171	0	0	1.06884e-19
179	rs1	1:1	2:0.2475	rs2	1:2	2:0.46125	0	1000	1	1.065e-07	1.02767	0.193343	0	2.41973	0.124267	0.00920208	-1.26433	0.485449	0.288939	-0.379161	0.357546	1.94115e-20	4.65352	0.50224	0	0	1.10772e-37
180	rs1	1:1	2:0.251	rs2	1:2	2:0.46725	0	1000	1	4.04506e-17	1.67288	0.198878	1.16766e-75	2.36302	0.12838	0.298757	0.294994	0.283893	0.937586	0.0261215	0.33359	1.45216e-16	3.69885	0.447783	0	0	1.13637e-25
181	rs1	1:1	2:0.24225	rs2	1:2	2:0.44825	0	1000	1	3.93857e-07	1.01951	0.201011	1.01554e-78	2.39324	0.127407	0.0491672	-0.719775	0.3659	0.841768	-0.0631904	0.316533	2.69803e-19	4.17662	0.465082	0	0	2.82844e-32
182	rs1	1:1	2:0.2495	rs2	1:2	2:0.46375	0	1000	1	6.35589e-10	1.22094	0.19752	5.92999e-82	2.40265	0.12529	0.0919252	-0.626155	0.371533	0.917186	-0.0329774	0.317156	5.85332e-20	3.98016	0.435133	0	0	1.98588e-31
183	rs1	1:1	2:0.249	rs2	1:2	2:0.463	0	1000	1	2.1564e-08	1.21034	0.216172	1.39579e-77	2.54615	0.136562	0.213976	-0.480148	0.386372	0.0642891	0.527571	0.285147	2.27094e-16	3.48184	0.424261	0	0	2.13678e-23
184	rs1	1:1	2:0.2395	rs2	1:2	2:0.458	0	1000	1	9.57289e-12	1.44596	0.212242	5.6021e-68	2.26765	0.130159	0.113274	-0.659792	0.416628	0.254922	-0.412703	0.362504	4.25962e-19	4.56461	0.511154	0	0	1.15792e-33
185	rs1	1:1	2:0.24625	rs2	1:2	2:0.46	0	1000	1	3.68419e-14	1.53307	0.202474	3.80607e-72	2.29508	0.127768	0.891441	0.0416108	0.304883	0.48976	-0.249658	0.361461	1.629e-17	3.95249	0.464038	0	0	3.87626e-28
186	rs1	1:1	2:0.24025	rs2	1:2	2:0.45625	0	1000	1	9.4021e-13	1.45538	0.203864	8.40845e-69	2.22095	0.126692	0.374116	-0.311001	0.349914	0.30097	-0.363758	0.351676	5.12025e-19	4.31405	0.484201	0	0	4.92987e-34
187	rs1	1:1	2:0.25125	rs2	1:2	2:0.47375	0	1000	1	7.29376e-18	1.75594	0.203937	1.9835e-72	2.28945	0.127199	0.802211	0.0802322	0.320305	0.255532	-0.453053	0.398458	1.36787e-17	4.14407	0.485379	0	0	2.00588e-30
188	rs1	1:1	2:0.246	rs2	1:2	2:0.461	0	1000	1	1.23201e-09	1.30407	0.214626	5.91378e-76	2.49354	0.135201	0.30394	-0.381515	0.371117	0.391041	0.27191	0.31701	3.06422e-16	3.81791	0.467264	0	0	4.10862e-25
189	rs1	1:1	2:0.24125	rs2	1:2	2:0.458	0	1000	1	1.07713e-12	1.47153	0.206667	2.12601e-69	2.22713	0.126482	0.380993	-0.309499	0.353283	0.669467	0.122085	0.285993	5.678e-19	3.59218	0.4037	0	0	1.06737e-27
190	rs1	1:1	2:0.24675	rs2	1:2	2:0.46425	0	1000	1	1.72783e-11	1.39944	0.208022	9.19461e-76	2.38063	0.129246	0.0943502	-0.675221	0.403627	0.369929	-0.323585	0.360899	7.57174e-19	4.63008	0.52222	0	0	2.22376e-34
191	rs1	1:1	2:0.24175	rs2	1:2	2:0.45425	0	1000	1	1.97071e-10	1.26253	0.198399	3.22947e-76	2.43462	0.131773	0.799988	-0.0781121	0.308302	0.967881	0.0135614	0.336795	2.88368e-15	4.12461	0.522378	0	0	6.37041e-28
192	rs1	1:1	2:0.24575	rs2	1:2	2:0.4555	0	1000	1	4.69691e-06	0.978895	0.213831	4.02251e-79	2.51301	0.133434	0.00910779	-1.2563	0.481712	0.981654	0.00756958	0.329178	1.75543e-18	4.45583	0.507961	0	0	3.82688e-32
193	rs1	1:1	2:0.249	rs2	1:2	2:0.467	0	1000	1	6.13772e-11	1.35352	0.206949	1.46273e-80	2.48001	0.130471	0.269286	-0.409241	0.370452	0.112434	0.435929	0.274627	3.51065e-17	3.68749	0.437518	0	0	8.39624e-27
194	rs1	1:1	2:0.2475	rs2	1:2	2:0.46175	0	1000	1	5.52315e-14	1.46595	0.194969	1.17674e-77	2.30476	0.123555	0.872087	-0.0484949	0.301195	0.610345	0.14609	0.286687	1.10577e-18	3.60031	0.408019	0	0	2.73656e-28
195	rs1	1:1	2:0.2415	rs2	1:2	2:0.45475	0	1000	1	1.54758e-16	1.50137	0.181924	2.33811e-75	2.1777	0.118555	0.403152	0.212389	0.254052	0.727547	0.0940727	0.270021	8.9606e-19	3.49037	0.39451	0	0	4.87211e-29
196	rs1	1:1	2:0.244	rs2	1:2	2:0.4525	0	1000	1	3.5028e-05	0.895827	0.216486	1.60834e-79	2.54653	0.134866	0.00722787	-1.35657	0.505022	0.768818	0.0933654	0.317655	1.66724e-17	4.56607	0.536244	0	0	2.44577e-32
197	rs1	1:1	2:0.24925	rs2	1:2	2:0.465	0	1000	1	6.57048e-12	1.34231	0.195481	1.47568e-78	2.31171	0.123196	0.259822	-0.386217	0.342752	0.67607	-0.136117	0.325768	7.18229e-20	3.82803	0.419516	0	0	7.56017e-31
198	rs1	1:1	2:0.25075	rs2	1:2	2:0.46525	0	1000	1	6.04705e-11	1.26915	0.193983	0	2.48642	0.127378	0.39574	-0.279534	0.329152	0.320887	0.288945	0.291089	6.7027e-18	3.72118	0.431698	0	0	5.82035e-28
199	rs1	1:1	2:0.245	rs2	1:2	2:0.46975	0	1000	1	2.96481e-08	1.22197	0.220432	1.41596e-74	2.4683	0.135096	0.00395649	-2.21259	0.767831	0.838336	0.065508	0.321083	8.52367e-16	4.78997	0.595291	0	0	2.47618e-32
200	rs1	1:1	2:0.24075	rs2	1:2	2:0.46525	0	1000	1	3.3605e-10	1.36122	0.216714	6.01308e-74	2.38118	0.130894	0.0184598	-1.41716	0.601443	0.0385074	0.497599	0.240454	2.4473e-16	4.19065	0.511189	0	0	2.58552e-31
201	rs1	1:1	2:0.24825	rs2	1:2	2:0.4605	0	1000	1	6.57788e-15	1.47527	0.189324	6.02915e-79	2.27648	0.121013	0.892079	-0.0388328	0.28622	0.64175	-0.144748	0.311117	2.38418e-18	4.13705	0.473485	0	0	7.46603e-34
202	rs1	1:1	2:0.2445	rs2	1:2	2:0.4675	0	1000	1	7.68306e-10	1.30375	0.211946	9.4421e-73	2.31056	0.128079	0.00289576	-2.03865	0.684434	0.735962	-0.103939	0.308236	2.37783e-18	4.75401	0.544077	0	0	2.95909e-37
203	rs1	1:1	2:0.2415	rs2	1:2	2:0.45025	0	1000	1	8.00063e-12	1.43454	0.209772	3.34945e-69	2.37375	0.135006	0.69304	0.118823	0.301021	0.781621	0.0925568	0.33389	3.20716e-14	3.9187	0.516321	0	0	9.80897e-25
204	rs1	1:1	2:0.24625	rs2	1:2	2:0.462	0	1000	1	4.20366e-07	1.04927	0.207387	4.94166e-82	2.45465	0.127955	0.00586453	-1.47503	0.535351	0.0686686	0.448293	0.246235	1.44701e-18	3.99134	0.453886	0	0	7.87627e-32
205	rs1	1:1	2:0.2465	rs2	1:2	2:0.46025	0	1000	1	2.32234e-07	1.14097	0.220627	1.24422e-73	2.48359	0.136824	0.0447686	-0.923541	0.460201	0.508061	-0.265	0.400388	3.81934e-17	4.40218	0.522928	0	0	2.03961e-29
206	rs1	1:1	2:0.24475	rs2	1:2	2:0.4655	0	1000	1	4.18877e-21	1.93917	0.205687	5.20096e-62	2.13702	0.1286	0.0611392	0.524936	0.280342	0.172988	-0.577279	0.42364	8.89231e-16	4.05162	0.503854	0	0	1.58535e-28
207	rs1	1:1	2:0.246	rs2	1:2	2:0.47175	0	1000	1	6.38676e-11	1.51502	0.231853	8.53916e-69	2.46003	0.140337	0.109584	-0.810755	0.506701	0.146374	0.430922	0.296685	7.09879e-16	3.75793	0.465735	0	0	3.34241e-24
208	rs1	1:1	2:0.25	rs2	1:2	2:0.477	0	1000	1	5.29396e-10	1.37443	0.221321	1.85785e-76	2.4816	0.1341	0.00374433	-2.49337	0.8601	0.692436	-0.135795	0.343304	7.06984e-16	5.29186	0.655801	0	0	1.57304e-36
209	rs1	1:1	2:0.25025	rs2	1:2	2:0.46975	0	1000	1	7.20301e-13	1.44723	0.20169	1.95953e-79	2.46776	0.130767	0.462857	-0.258228	0.351736	0.633995	-0.172541	0.362395	1.71037e-17	4.34776	0.510784	0	0	4.6939e-31
210	rs1	1:1	2:0.24725	rs2	1:2	2:0.46075	0	1000	1	8.78854e-10	1.28579	0.209754	3.04478e-78	2.46851	0.131823	0.179903	-0.497336	0.370855	0.763108	0.0957803	0.317783	2.41842e-16	4.28098	0.522117	0	0	3.41024e-30
211	rs1	1:1	2:0.2505	rs2	1:2	2:0.46375	0	1000	1	1.81662e-05	0.88191	0.20575	0	2.48662	0.12758	0.000701988	-2.02466	0.597455	0.897122	-0.0414192	0.32034	3.73314e-19	4.51197	0.504435	0	0	3.6249e-34
212	rs1	1:1	2:0.24425	rs2	1:2	2:0.464	0	1000	1	8.05164e-15	1.63581	0.210617	3.20243e-67	2.24679	0.129706	0.66724	-0.15227	0.354166	0.341542	-0.35577	0.374053	5.8603e-18	4.17363	0.483325	0	0	1.67064e-30
213	rs1	1:1	2:0.249	rs2	1:2	2:0.46575	0	1000	1	3.5766e-11	1.35681	0.204937	4.45372e-76	2.33569	0.126537	0.106524	-0.625536	0.387565	0.298323	-0.389278	0.374293	2.06017e-19	4.29335	0.476508	0	0	3.33453e-33
214	rs1	1:1	2:0.24975	rs2	1:2	2:0.4675	0	1000	1	3.78857e-09	1.2347	0.209514	2.4929e-79	2.46781	0.130858	0.0589641	-0.82701	0.437928	0.902801	0.0402657	0.329711	1.4914e-18	4.02891	0.458336	0	0	2.19903e-29
215	rs1	1:1	2:0.2435	rs2	1:2	2:0.45775	0	1000	1	1.86333e-11	1.3393	0.199408	7.23581e-74	2.27803	0.125294	0.218469	-0.436623	0.354802	0.493319	-0.228009	0.33284	9.17047e-20	4.16496	0.45777	0	0	6.75657e-34
216	rs1	1:1	2:0.24875	rs2	1:2	2:0.46475	0	1000	1	5.33646e-16	1.59212	0.196471	4.76989e-75	2.31248	0.126158	0.606606	0.149137	0.28963	0.622785	-0.170059	0.345713	8.52476e-18	3.86939	0.450332	0	0	2.3726e-28
217	rs1	1:1	2:0.24125	rs2	1:2	2:0.45775	0	1000	1	4.59615e-13	1.44848	0.200156	5.4726e-73	2.28874	0.126658	0.590301	-0.177792	0.330223	0.694768	0.11335	0.288869	9.12749e-18	3.85849	0.449474	0	0	1.54642e-29
218	rs1	1:1	2:0.2495	rs2	1:2	2:0.4675	0	1000	1	1.13282e-09	1.3028	0.213943	2.86735e-76	2.48796	0.134613	0.339389	-0.361825	0.378726	0.523407	0.213925	0.335251	3.4635e-16	3.56414	0.436997	0	0	2.24679e-23
219	rs1	1:1	2:0.2395	rs2	1:2	2:0.461	0	1000	1	3.92013e-13	1.48158	0.204123	6.21371e-69	2.19178	0.124906	0.137154	-0.592337	0.398485	0.761512	-0.0898125	0.295927	1.62015e-20	3.98134	0.428802	0	0	1.47421e-32
220	rs1	1:1	2:0.2395	rs2	1:2	2:0.46275	0	1000	1	1.59806e-12	1.51359	0.214217	5.80867e-66	2.27909	0.132856	0.429424	-0.314381	0.397861	0.495895	0.200564	0.29453	2.07001e-17	3.59216	0.423115	0	0	4.23795e-26
221	rs1	1:1	2:0.23925	rs2	1:2	2:0.461	0	1000	1	9.7385e-11	1.39841	0.216106	1.20198e-68	2.35412	0.134444	0.164576	-0.622663	0.448009	0.616471	0.151976	0.303431	2.53014e-17	3.99813	0.472233	0	0	1.06522e-28
222	rs1	1:1	2:0.2465	rs2	1:2	2:0.46025	0	1000	1	2.54675e-09	1.24468	0.208894	7.84416e-76	2.39979	0.130226	0.0707885	-0.727411	0.402589	0.220614	-0.49371	0.403063	1.20504e-18	4.60293	0.522215	0	0	2.53734e-33
223	rs1	1:1	2:0.251	rs2	1:2	2:0.4635	0	1000	1	3.65871e-09	1.20354	0.204027	2.11173e-80	2.41456	0.127157	0.042022	-0.803914	0.395374	0.316197	-0.37813	0.377261	1.24072e-19	4.42273	0.487865	0	0	8.99607e-34
224	rs1	1:1	2:0.24625	rs2	1:2	2:0.46725	0	1000	1	1.91512e-13	1.48373	0.201742	4.79859e-75	2.29189	0.125037	0.155457	-0.54467	0.383431	0.476132	-0.233854	0.328199	2.07936e-20	4.24964	0.459015	0	0	3.36519e-34
225	rs1	1:1	2:0.24325	rs2	1:2	2:0.457	0	1000	1	2.63264e-10	1.26262	0.199814	6.88635e-76	2.33264	0.126534	0.190905	-0.474044	0.362445	0.913626	0.0328772	0.303108	2.909e-19	3.88104	0.432568	0	0	1.79864e-30
226	rs1	1:1	2:0.248	rs2	1:2	2:0.46675	0	1000	1	1.28155e-09	1.22411	0.201676	1.26177e-80	2.3988	0.126148	0.0554683	-0.822237	0.429324	0.0500561	0.483621	0.24681	6.36951e-19	3.47275	0.390839	0	0	6.1696e-28
227	rs1	1:1	2:0.2425	rs2	1:2	2:0.4575	0	1000	1	1.1557e-13	1.46283	0.1971	5.51183e-73	2.24104	0.124021	0.601691	-0.165882	0.3178	0.675903	-0.129801	0.310485	8.419e-19	4.08271	0.461098	0	0	6.0145e-33
228	rs1	1:1	2:0.24625	rs2	1:2	2:0.4725	0	1000	1	8.67207e-15	1.63372	0.210603	7.71223e-71	2.27534	0.127863	0.112992	-0.707381	0.446329	0.691356	0.11297	0.284548	1.4585e-19	4.00406	0.442544	0	0	3.48585e-32
229	rs1	1:1	2:0.24725	rs2	1:2	2:0.4625	0	1000	1	5.44586e-12	1.45769	0.211461	3.14534e-71	2.40777	0.134925	0.894201	-0.0439316	0.330336	0.109585	-0.83786	0.523642	1.44037e-14	4.64679	0.60405	0	0	1.47279e-28
230	rs1	1:1	2:0.24125	rs2	1:2	2:0.467	0	1000	1	2.67281e-09	1.41273	0.237412	8.1818e-67	2.44167	0.141398	0.0143154	-1.9016	0.776403	0.27663	0.321358	0.295387	2.45579e-14	4.58649	0.601571	0	0	4.2052e-29
231	rs1	1:1	2:0.247	rs2	1:2	2:0.46825	0	1000	1	4.36901e-10	1.34057	0.214827	1.99575e-72	2.3608	0.131165	0.0606971	-0.851344	0.453882	0.958555	0.0169396	0.325969	3.27686e-18	3.90429	0.448694	0	0	1.78886e-28
232	rs1	1:1	2:0.24975	rs2	1:2	2:0.463	0	1000	1	7.85036e-12	1.41819	0.207299	5.16677e-74	2.33687	0.1284	0.602514	-0.173113	0.332405	0.741948	0.103716	0.314984	6.59544e-18	3.53917	0.410495	0	0	2.20183e-26
233	rs1	1:1	2:0.246	rs2	1:2	2:0.45775	0	1000	1	1.45182e-09	1.21451	0.200758	1.16022e-76	2.31243	0.124787	0.0722063	-0.667764	0.371431	0.278841	-0.390184	0.360305	3.99501e-20	4.22143	0.45944	0	0	5.1945e-33
234	rs1	1:1	2:0.24675	rs2	1:2	2:0.46425	0	1000	1	4.34411e-14	1.47932	0.19593	2.4788e-78	2.36703	0.12633	0.88368	0.044124	0.301589	0.136342	0.39911	0.267939	4.10656e-17	3.40564	0.40496	0	0	1.22824e-25
235	rs1	1:1	2:0.24925	rs2	1:2	2:0.4625	0	1000	1	4.39281e-07	1.06229	0.210309	2.50377e-81	2.52098	0.131985	0.0225687	-1.03998	0.456	0.889529	0.0463283	0.333538	1.80778e-18	4.14978	0.473251	0	0	1.23057e-29
236	rs1	1:1	2:0.246	rs2	1:2	2:0.466	0	1000	1	9.45964e-07	1.15473	0.235537	3.74077e-73	2.55556	0.14126	0.00692188	-1.91636	0.709612	0.425443	0.254086	0.318798	1.65414e-15	4.53687	0.56961	0	0	5.73494e-29
237	rs1	1:1	2:0.25025	rs2	1:2	2:0.46825	0	1000	1	2.03728e-06	1.06963	0.225201	5.96359e-79	2.60103	0.13826	0.00271556	-2.28242	0.761256	0.885962	-0.0515182	0.359223	8.85643e-16	5.12758	0.637619	0	0	1.25244e-33
238	rs1	1:1	2:0.2465	rs2	1:2	2:0.46625	0	1000	1	2.53665e-16	1.62326	0.198115	5.58707e-72	2.23023	0.124305	0.976188	-0.00931197	0.311976	0.360261	-0.317383	0.346917	3.76282e-19	3.91944	0.438234	0	0	6.4837e-30
239	rs1	1:1	2:0.242	rs2	1:2	2:0.459	0	1000	1	1.16313e-11	1.40556	0.207165	2.84885e-71	2.26932	0.127127	0.0490388	-0.842965	0.42828	0.227463	-0.428001	0.354622	1.28758e-19	4.78317	0.52786	0	0	9.03324e-38
240	rs1	1:1	2:0.2465	rs2	1:2	2:0.45875	0	1000	1	8.30637e-09	1.17969	0.204732	7.5333e-77	2.35577	0.126967	0.0358961	-0.844757	0.402629	0.370702	-0.320312	0.357828	6.46731e-20	4.30661	0.471378	0	0	2.58201e-33
241	rs1	1:1	2:0.248	rs2	1:2	2:0.46825	0	1000	1	3.61449e-11	1.26215	0.190684	0	2.37489	0.122547	0.0574168	-0.7711	0.405815	0.844231	0.0562851	0.286461	7.59942e-21	4.01874	0.42912	0	0	3.25948e-34
242	rs1	1:1	2:0.2435	rs2	1:2	2:0.45675	0	1000	1	7.03189e-12	1.38223	0.201579	2.53898e-74	2.36525	0.129682	0.635331	-0.152055	0.32063	0.50686	-0.235361	0.354601	1.86009e-13	4.73015	0.642816	0	0	3.59436e-33
243	rs1	1:1	2:0.23825	rs2	1:2	2:0.459	0	1000	1	5.01408e-11	1.41077	0.214713	1.39039e-67	2.2797	0.131243	0.106002	-0.717522	0.443894	0.764262	0.0890808	0.297046	1.89902e-18	3.95082	0.450846	0	0	2.18972e-29
244	rs1	1:1	2:0.24975	rs2	1:2	2:0.46875	0	1000	1	5.02872e-09	1.27041	0.217305	5.92999e-82	2.56782	0.133905	0.0293163	-1.06324	0.487904	0.0664571	0.493997	0.26916	1.20078e-15	4.27003	0.533462	0	0	7.81905e-30
245	rs1	1:1	2:0.2495	rs2	1:2	2:0.475	0	1000	1	1.97998e-20	1.95173	0.210693	1.10234e-69	2.42143	0.137227	0.0419892	0.589882	0.290064	0.472661	0.235548	0.327989	1.59816e-13	3.81739	0.517351	0	0	4.09949e-24
246	rs1	1:1	2:0.2485	rs2	1:2	2:0.461	0	1000	1	1.89667e-14	1.53201	0.200068	2.49494e-71	2.20781	0.12363	0.815722	-0.0719844	0.308878	0.131762	-0.634021	0.420664	1.80203e-17	4.19281	0.49293	0	0	3.93445e-32
247	rs1	1:1	2:0.24125	rs2	1:2	2:0.46	0	1000	1	2.77351e-11	1.46176	0.219545	3.87852e-69	2.40784	0.13701	0.722865	-0.129835	0.366111	0.0476948	0.552039	0.278796	4.541e-15	3.30498	0.421606	0	0	2.60489e-21
248	rs1	1:1	2:0.246	rs2	1:2	2:0.46475	0	1000	1	4.07083e-14	1.5421	0.204017	4.11736e-72	2.34258	0.130444	0.953205	-0.0191239	0.325888	0.585895	-0.197107	0.3618	2.02245e-17	3.99739	0.470696	0	0	2.47458e-28
249	rs1	1:1	2:0.24625	rs2	1:2	2:0.46925	0	1000	1	4.27676e-13	1.48851	0.205411	2.01337e-75	2.34271	0.127482	0.0742467	-0.773944	0.43356	0.353384	-0.319582	0.344361	1.34358e-19	4.67692	0.5164	0	0	2.61014e-36
250	rs1	1:1	2:0.2385	rs2	1:2	2:0.465	0	1000	1	4.32954e-14	1.6468	0.218099	2.59986e-62	2.18367	0.13108	0.0914565	-0.821612	0.486805	0.490462	-0.225957	0.327676	3.53632e-19	4.34385	0.485315	0	0	8.39633e-33
251	rs1	1:1	2:0.2445	rs2	1:2	2:0.46175	0	1000	1	1.06108e-11	1.34894	0.198433	8.85993e-75	2.22452	0.121583	0.0268763	-0.924228	0.417577	0.20042	-0.430773	0.336448	4.74254e-22	4.50297	0.466452	0	0	3.50267e-39
252	rs1	1:1	2:0.248	rs2	1:2	2:0.4665	0	1000	1	8.79622e-11	1.2916	0.199127	1.64722e-82	2.391	0.124269	0.0502046	-0.809331	0.4133	0.287526	0.275638	0.259165	1.21455e-19	4.00667	0.441858	0	0	1.56893e-33
253	rs1	1:1	2:0.2355	rs2	1:2	2:0.45525	0	1000	1	9.80649e-16	1.72063	0.214295	9.67886e-62	2.21187	0.133404	0.535885	0.201999	0.326307	0.339055	0.273072	0.28563	3.27798e-15	3.53296	0.448355	0	0	9.33713e-24
254	rs1	1:1	2:0.2505	rs2	1:2	2:0.4635	0	1000	1	2.35298e-07	1.01135	0.195654	0	2.39689	0.123276	0.00433089	-1.3727	0.481142	0.105104	-0.651539	0.402036	2.52324e-20	4.77024	0.516399	0	0	5.57818e-38
255	rs1	1:1	2:0.24625	rs2	1:2	2:0.46725	0	1000	1	1.4451e-15	1.59953	0.200404	3.24246e-74	2.30558	0.126503	0.759237	-0.101113	0.329915	0.859716	-0.0555365	0.314235	3.25531e-18	4.07048	0.467753	0	0	1.70448e-31
256	rs1	1:1	2:0.2465	rs2	1:2	2:0.46175	0	1000	1	2.25832e-09	1.23165	0.206029	3.80508e-76	2.36943	0.128306	0.064976	-0.767818	0.416066	0.470463	-0.258403	0.358034	3.33557e-19	4.21018	0.470043	0	0	9.13146e-32
257	rs1	1:1	2:0.2395	rs2	1:2	2:0.45175	0	1000	1	4.2494e-13	1.44951	0.200004	7.94369e-69	2.25293	0.128493	0.635049	0.137645	0.290003	0.980968	-0.00772076	0.323649	6.03931e-17	3.55452	0.424955	0	0	4.22163e-25
258	rs1	1:1	2:0.239	rs2	1:2	2:0.45025	0	1000	1	1.36122e-11	1.39922	0.206924	1.15764e-67	2.24068	0.128918	0.421228	-0.27373	0.340336	0.51257	-0.221533	0.3383	2.53446e-18	4.12478	0.472453	0	0	6.17237e-31
259	rs1	1:1	2:0.25275	rs2	1:2	2:0.47725	0	1000	1	1.20519e-12	1.5288	0.21518	1.21095e-77	2.53403	0.135856	0.358473	-0.373038	0.406236	0.742942	0.113125	0.344936	5.68971e-17	3.98709	0.476271	0	0	5.52593e-27
260	rs1	1:1	2:0.246	rs2	1:2	2:0.46525	0	1000	1	1.04031e-14	1.602	0.207131	1.84892e-71	2.35725	0.131874	0.814788	0.0752446	0.32121	0.912297	-0.0377816	0.343026	1.10197e-16	3.92613	0.473413	0	0	2.55756e-27
261	rs1	1:1	2:0.24625	rs2	1:2	2:0.46325	0	1000	1	5.53608e-12	1.3411	0.194613	6.39121e-81	2.38302	0.125083	0.430124	-0.260277	0.329891	0.264041	0.308452	0.27617	2.932e-18	3.54376	0.406672	0	0	3.89986e-27
262	rs1	1:1	2:0.247	rs2	1:2	2:0.46375	0	1000	1	2.58005e-10	1.33901	0.211798	1.27568e-77	2.54738	0.136593	0.55755	-0.209327	0.356918	0.0517989	0.556313	0.286051	6.50374e-15	3.59257	0.460954	0	0	2.38979e-23
263	rs1	1:1	2:0.249	rs2	1:2	2:0.46275	0	1000	1	1.09232e-10	1.32445	0.205226	2.93005e-77	2.46421	0.132449	0.777305	-0.0913817	0.323095	0.816953	0.0805425	0.347968	2.37422e-16	3.66741	0.447164	0	0	1.71095e-24
264	rs1	1:1	2:0.2465	rs2	1:2	2:0.4605	0	1000	1	2.20534e-13	1.40731	0.191844	1.87058e-79	2.30655	0.122209	0.555172	-0.181183	0.307076	0.835415	0.0594471	0.286131	9.16769e-19	3.91824	0.442998	0	0	6.77091e-32
265	rs1	1:1	2:0.2425	rs2	1:2	2:0.45725	0	1000	1	1.40465e-12	1.47728	0.20855	7.67384e-69	2.27972	0.130006	0.761218	-0.100871	0.331941	0.688144	-0.138726	0.345627	1.63864e-17	3.82838	0.449503	0	0	5.38407e-27
266	rs1	1:1	2:0.247	rs2	1:2	2:0.4705	0	1000	1	5.19236e-11	1.41207	0.21508	4.89827e-73	2.39844	0.132684	0.0354495	-1.10815	0.52689	0.63338	-0.168024	0.352269	2.93117e-18	4.51632	0.518279	0	0	2.91313e-33
267	rs1	1:1	2:0.2475	rs2	1:2	2:0.4675	0	1000	1	5.96593e-07	1.113	0.222942	4.17131e-77	2.51216	0.135164	0.00288464	-1.98392	0.665798	0.567079	0.178348	0.311602	8.01846e-17	4.49752	0.539856	0	0	8.78823e-31
268	rs1	1:1	2:0.24875	rs2	1:2	2:0.4645	0	1000	1	3.54301e-07	1.07479	0.211075	1.07728e-80	2.49477	0.131138	0.00918084	-1.32879	0.510043	0.961578	-0.0160372	0.332904	9.46718e-19	4.3215	0.488789	0	0	1.90118e-31
269	rs1	1:1	2:0.24925	rs2	1:2	2:0.4665	0	1000	1	4.87814e-08	1.15142	0.211048	4.87235e-77	2.39065	0.128684	0.0045763	-1.52003	0.536082	0.454911	-0.265386	0.355149	2.37865e-19	4.50646	0.501038	0	0	2.59343e-34
270	rs1	1:1	2:0.24275	rs2	1:2	2:0.46225	0	1000	1	3.89274e-12	1.44341	0.207954	8.93704e-72	2.30301	0.128549	0.171865	-0.541824	0.396582	0.865055	-0.0532916	0.313586	4.2335e-19	4.12478	0.461865	0	0	8.27888e-32
271	rs1	1:1	2:0.2465	rs2	1:2	2:0.458	0	1000	1	2.17143e-06	1.0023	0.211599	1.93383e-80	2.5655	0.135073	0.07107	-0.745094	0.412788	0.116287	0.459473	0.292555	9.83516e-17	3.61863	0.435625	0	0	1.36602e-24
272	rs1	1:1	2:0.24075	rs2	1:2	2:0.4605	0	1000	1	1.44412e-08	1.26689	0.223514	9.82119e-71	2.42459	0.136354	0.0494519	-0.983644	0.500665	0.100396	0.456031	0.277571	1.97806e-16	3.72232	0.45265	0	0	3.08283e-25
273	rs1	1:1	2:0.2465	rs2	1:2	2:0.46475	0	1000	1	1.99193e-13	1.55368	0.211404	7.83553e-73	2.39805	0.132853	0.400023	-0.309281	0.3675	0.265374	-0.44588	0.40033	2.84628e-10	5.48767	0.870102	0	0	4.91361e-35
274	rs1	1:1	2:0.2465	rs2	1:2	2:0.4675	0	1000	1	3.69439e-11	1.35267	0.204459	3.0269e-78	2.41612	0.129024	0.0759528	-0.773961	0.436116	0.945391	-0.0217257	0.317183	7.5442e-19	4.33883	0.489348	0	0	3.85177e-33
275	rs1	1:1	2:0.2435	rs2	1:2	2:0.45825	0	1000	1	1.45679e-11	1.4005	0.207416	1.24423e-73	2.3991	0.132169	0.886047	0.045202	0.315419	0.0717762	0.508192	0.282245	2.81053e-15	3.16478	0.400654	0	0	5.55796e-21
276	rs1	1:1	2:0.242	rs2	1:2	2:0.462	0	1000	1	3.30695e-14	1.53382	0.202199	2.27909e-68	2.23032	0.12764	0.857243	-0.0589266	0.32758	0.439951	-0.271708	0.351828	1.95274e-18	3.95689	0.4517	0	0	1.03603e-30
277	rs1	1:1	2:0.246	rs2	1:2	2:0.4555	0	1000	1	3.25681e-09	1.21178	0.204758	3.95332e-82	2.60444	0.135674	0.999072	-0.000354201	0.304577	8.16053e-05	1.00063	0.253991	7.25371e-12	3.0749	0.448722	0	0	2.57866e-18
278	rs1	1:1	2:0.247	rs2	1:2	2:0.46125	0	1000	1	3.27057e-12	1.40621	0.20188	1.16508e-73	2.31282	0.12739	0.780698	-0.0883349	0.317284	0.792904	-0.0899598	0.342649	1.42459e-17	3.64529	0.427193	0	0	1.96184e-26
279	rs1	1:1	2:0.24525	rs2	1:2	2:0.465	0	1000	1	2.8331e-13	1.48752	0.203712	4.35261e-75	2.367	0.129098	0.545961	-0.209838	0.347515	0.591497	0.160022	0.298177	1.09223e-17	3.85087	0.449669	0	0	1.52663e-28
280	rs1	1:1	2:0.254	rs2	1:2	2:0.47	0	1000	1	1.13153e-11	1.42045	0.209238	3.39327e-81	2.61723	0.13714	0.931024	0.0280786	0.324396	0.129469	0.486386	0.320793	1.63759e-14	3.49612	0.455444	0	0	1.91066e-21
281	rs1	1:1	2:0.2445	rs2	1:2	2:0.455	0	1000	1	5.2941e-12	1.35027	0.195764	1.02431e-75	2.33177	0.126634	0.95695	-0.0157874	0.292459	0.81064	-0.0795494	0.332009	1.07381e-17	3.82997	0.447126	0	0	4.52322e-28
282	rs1	1:1	2:0.24875	rs2	1:2	2:0.46675	0	1000	1	1.04587e-14	1.56012	0.201734	1.08216e-73	2.33171	0.128403	0.993839	-0.00243622	0.315492	0.171903	-0.586392	0.42924	4.65524e-17	4.37672	0.521343	0	0	2.50217e-31
283	rs1	1:1	2:0.25	rs2	1:2	2:0.467	0	1000	1	7.98949e-17	1.6294	0.195574	1.44859e-75	2.27573	0.123716	0.499655	0.195443	0.28953	0.430203	0.224528	0.28463	6.45986e-18	3.28235	0.380602	0	0	3.42629e-25
284	rs1	1:1	2:0.24425	rs2	1:2	2:0.465	0	1000	1	5.87346e-14	1.49651	0.199246	7.55222e-73	2.22256	0.123117	0.111643	-0.633656	0.398313	0.560396	-0.178328	0.306272	5.38389e-21	4.24723	0.451765	0	0	1.19961e-36
285	rs1	1:1	2:0.25425	rs2	1:2	2:0.4735	0	1000	1	3.50086e-10	1.32533	0.211215	3.29444e-83	2.60964	0.135178	0.465005	-0.270043	0.369603	0.006703	0.749457	0.276425	3.79696e-15	3.114	0.39611	0	0	3.41413e-20
286	rs1	1:1	2:0.2395	rs2	1:2	2:0.45875	0	1000	1	1.60368e-14	1.54242	0.200863	3.62749e-70	2.19522	0.123966	0.268881	-0.396599	0.358704	0.659798	-0.130151	0.295668	6.42003e-19	4.28229	0.481995	0	0	1.05767e-34
287	rs1	1:1	2:0.24825	rs2	1:2	2:0.459	0	1000	1	2.89989e-10	1.25058	0.198377	2.24681e-80	2.48071	0.130663	0.896569	-0.0393695	0.302849	0.142576	0.428341	0.292131	4.21055e-16	3.35103	0.412061	0	0	4.23965e-23
288	rs1	1:1	2:0.2515	rs2	1:2	2:0.473	0	1000	1	1.16213e-14	1.5965	0.206797	2.75244e-76	2.42385	0.131129	0.959188	-0.0171821	0.335771	0.719219	0.117626	0.327191	3.0563e-17	3.70924	0.439255	0	0	2.31043e-26
289	rs1	1:1	2:0.244	rs2	1:2	2:0.47	0	1000	1	6.08176e-16	1.63519	0.202183	1.55862e-72	2.26756	0.125889	0.354326	-0.346223	0.373798	0.736515	0.0948017	0.281752	2.38944e-19	3.91582	0.435394	0	0	3.14903e-31
290	rs1	1:1	2:0.244	rs2	1:2	2:0.46425	0	1000	1	8.38137e-17	1.69051	0.203047	2.12944e-69	2.22759	0.126508	0.526309	0.194276	0.306598	0.291279	0.286067	0.271071	1.50723e-17	3.32674	0.390161	0	0	1.73362e-25
291	rs1	1:1	2:0.24425	rs2	1:2	2:0.4555	0	1000	1	6.95499e-11	1.3392	0.205347	6.93733e-73	2.30624	0.127719	0.455961	-0.246751	0.330981	0.782015	0.0859059	0.310472	5.52257e-18	3.55029	0.410817	0	0	1.04839e-25
292	rs1	1:1	2:0.24225	rs2	1:2	2:0.45475	0	1000	1	5.18543e-07	1.02628	0.204466	2.75678e-79	2.34884	0.124585	0.00314519	-1.53631	0.520222	0.369379	0.231221	0.257588	2.56332e-20	4.08002	0.441761	0	0	5.64999e-34
293	rs1	1:1	2:0.24575	rs2	1:2	2:0.46025	0	1000	1	1.3159e-08	1.12713	0.1983	1.34742e-80	2.38042	0.125204	0.0191915	-1.02857	0.439224	0.553451	-0.194405	0.328057	1.60563e-20	4.35962	0.469496	0	0	3.54741e-35
294	rs1	1:1	2:0.246	rs2	1:2	2:0.46075	0	1000	1	5.03632e-09	1.24103	0.212288	3.39314e-76	2.45165	0.132714	0.123159	-0.614185	0.398395	0.881401	0.0491468	0.329417	6.4279e-18	4.06962	0.471859	0	0	6.39918e-29
295	rs1	1:1	2:0.24475	rs2	1:2	2:0.4655	0	1000	1	1.16016e-12	1.42185	0.199978	2.27175e-75	2.29227	0.124781	0.131862	-0.590558	0.391928	0.811624	0.0682127	0.286208	3.41232e-20	3.88575	0.422128	0	0	8.94781e-32
296	rs1	1:1	2:0.24525	rs2	1:2	2:0.4645	0	1000	1	2.84172e-09	1.26389	0.212759	4.40358e-75	2.38317	0.129984	0.0219413	-1.09462	0.477713	0.884126	-0.0471124	0.323262	3.05723e-19	4.19055	0.467349	0	0	6.32723e-31
297	rs1	1:1	2:0.246	rs2	1:2	2:0.465	0	1000	1	1.29461e-09	1.35646	0.223541	1.42862e-72	2.4967	0.138573	0.123824	-0.694862	0.451526	0.839383	0.0704789	0.34773	1.24442e-16	4.20939	0.508455	0	0	2.06714e-27
298	rs1	1:1	2:0.25175	rs2	1:2	2:0.4825	0	1000	1	3.4531e-17	1.69342	0.200877	2.08432e-75	2.32763	0.126674	0.225809	-0.487558	0.402533	0.274753	-0.392401	0.359282	2.58161e-20	4.34363	0.470342	0	0	9.57623e-35
299	rs1	1:1	2:0.251	rs2	1:2	2:0.4665	0	1000	1	7.8429e-09	1.23106	0.213289	3.11574e-77	2.42461	0.130344	0.0386526	-0.888882	0.429855	0.930468	-0.0293096	0.335904	7.31392e-19	4.02658	0.453955	0	0	5.75466e-30
300	rs1	1:1	2:0.24575	rs2	1:2	2:0.465	0	1000	1	1.68073e-15	1.64659	0.206783	2.40663e-72	2.34826	0.130544	0.792224	0.0845538	0.32098	0.43919	0.228532	0.295427	8.2241e-16	3.79727	0.471663	0	0	1.02215e-26
301	rs1	1:1	2:0.2455	rs2	1:2	2:0.4545	0	1000	1	9.25332e-11	1.24396	0.192009	2.54331e-80	2.37948	0.125374	0.381879	-0.268467	0.307016	0.297942	-0.375086	0.360362	3.3737e-14	4.88777	0.64456	0	0	1.21955e-35
302	rs1	1:1	2:0.24625	rs2	1:2	2:0.469	0	1000	1	4.3347e-14	1.59445	0.211171	8.87585e-73	2.36244	0.130931	0.355467	-0.358948	0.388456	0.492334	0.20075	0.292382	9.76627e-18	3.94222	0.459645	0	0	3.98325e-29
303	rs1	1:1	2:0.24575	rs2	1:2	2:0.4575	0	1000	1	1.27187e-10	1.28874	0.20041	2.12046e-78	2.36668	0.126256	0.286655	-0.356607	0.334689	0.286914	0.294146	0.276216	1.77694e-18	3.57013	0.407056	0	0	3.63996e-27
304	rs1	1:1	2:0.244	rs2	1:2	2:0.45375	0	1000	1	3.64287e-10	1.23318	0.196723	3.92887e-77	2.36536	0.127244	0.470172	-0.227881	0.315538	0.901357	0.0384254	0.310013	4.18648e-18	3.89236	0.448759	0	0	8.25009e-30
305	rs1	1:1	2:0.24225	rs2	1:2	2:0.4635	0	1000	1	5.30039e-13	1.56094	0.216275	1.21355e-67	2.29323	0.131963	0.170942	-0.575334	0.420202	0.387858	-0.311503	0.360741	1.86172e-18	4.47539	0.510577	0	0	4.12996e-32
306	rs1	1:1	2:0.24375	rs2	1:2	2:0.457	0	1000	1	5.69988e-11	1.38289	0.211082	1.14008e-71	2.36193	0.131938	0.553782	-0.2035	0.34369	0.460675	0.218711	0.296462	3.88556e-17	3.7082	0.440598	0	0	9.39164e-27
307	rs1	1:1	2:0.24575	rs2	1:2	2:0.46675	0	1000	1	3.1233e-12	1.46204	0.2097	2.94692e-74	2.3769	0.130379	0.222033	-0.484657	0.396889	0.695508	0.119023	0.304102	2.54426e-18	3.97597	0.455432	0	0	1.25979e-29
308	rs1	1:1	2:0.24825	rs2	1:2	2:0.47175	0	1000	1	9.81127e-13	1.5071	0.211282	3.47546e-77	2.47282	0.132977	0.362757	-0.355085	0.39015	0.154612	0.405394	0.284801	9.86281e-17	3.74544	0.450909	0	0	2.71654e-26
309	rs1	1:1	2:0.25275	rs2	1:2	2:0.46475	0	1000	1	1.54867e-06	1.00804	0.209797	0	2.57562	0.132946	0.0160569	-1.11511	0.463158	0.849157	-0.0691062	0.363345	4.17563e-18	4.2855	0.494068	0	0	7.75321e-30
310	rs1	1:1	2:0.24625	rs2	1:2	2:0.4635	0	1000	1	4.31468e-08	1.15163	0.210249	7.21739e-78	2.43256	0.130223	0.00644178	-1.61496	0.592776	0.147003	-0.587317	0.404991	5.29694e-19	5.15182	0.578475	0	0	1.34905e-37
311	rs1	1:1	2:0.23925	rs2	1:2	2:0.45325	0	1000	1	8.74188e-15	1.62783	0.209871	1.99155e-63	2.24407	0.13348	0.432697	0.234671	0.299102	0.153529	-0.620206	0.434569	2.26167e-15	4.46477	0.563301	0	0	1.02636e-28
312	rs1	1:1	2:0.2385	rs2	1:2	2:0.45475	0	1000	1	1.58108e-14	1.55545	0.202511	4.07116e-67	2.1856	0.126274	0.921735	0.0306262	0.31172	0.7079	0.10703	0.285658	4.52322e-18	3.54587	0.409227	0	0	3.38716e-27
313	rs1	1:1	2:0.245	rs2	1:2	2:0.45975	0	1000	1	1.04966e-11	1.39494	0.205153	2.93492e-70	2.24317	0.126589	0.121837	-0.598049	0.386559	0.0437311	-1.02308	0.507314	6.35671e-17	4.97886	0.595671	0	0	2.94891e-38
314	rs1	1:1	2:0.2465	rs2	1:2	2:0.46125	0	1000	1	2.1673e-12	1.43473	0.204282	6.66721e-74	2.32406	0.127794	0.432074	-0.26756	0.340559	0.597514	-0.182387	0.345444	1.37374e-18	3.99588	0.454101	0	0	2.1144e-29
315	rs1	1:1	2:0.24575	rs2	1:2	2:0.4655	0	1000	1	6.34042e-13	1.49612	0.207998	2.63469e-70	2.272	0.128172	0.318024	-0.368381	0.368925	0.753243	-0.104339	0.331903	1.61125e-18	3.77447	0.429814	0	0	9.79228e-28
316	rs1	1:1	2:0.2435	rs2	1:2	2:0.46025	0	1000	1	4.14291e-09	1.21289	0.206331	1.06417e-76	2.41	0.13002	0.0630535	-0.794245	0.427286	0.762976	-0.101073	0.335151	7.86374e-19	4.24289	0.478777	0	0	3.59747e-31
317	rs1	1:1	2:0.24425	rs2	1:2	2:0.46825	0	1000	1	5.74807e-14	1.51684	0.201876	3.41198e-75	2.33148	0.127069	0.319252	-0.373419	0.374919	0.291427	0.284742	0.269899	1.45564e-18	3.70408	0.421251	0	0	8.3362e-29
318	rs1	1:1	2:0.25175	rs2	1:2	2:0.458	0	1000	1	1.79551e-09	1.22924	0.204352	2.90899e-79	2.59458	0.13764	0.62725	0.138242	0.284683	0.388267	0.307932	0.356913	7.56157e-14	3.47815	0.465135	0	0	3.0848e-20
319	rs1	1:1	2:0.247	rs2	1:2	2:0.46175	0	1000	1	9.69156e-09	1.16196	0.202572	2.428e-80	2.48394	0.130862	0.165595	-0.52439	0.378212	0.866916	0.0558739	0.333422	7.11061e-18	3.93306	0.456637	0	0	4.31232e-28
320	rs1	1:1	2:0.2495	rs2	1:2	2:0.4625	0	1000	1	9.59264e-14	1.41242	0.189678	1.62613e-79	2.3666	0.125341	0.771792	0.0805027	0.277565	0.204226	-0.515144	0.405752	1.6823e-17	4.26776	0.501271	0	0	6.73902e-31
321	rs1	1:1	2:0.24875	rs2	1:2	2:0.471	0	1000	1	2.10602e-15	1.64566	0.207394	2.04922e-74	2.38581	0.130726	0.659928	-0.154766	0.351732	0.539019	-0.220519	0.358977	1.49119e-16	4.50647	0.545762	0	0	4.50415e-32
322	rs1	1:1	2:0.24375	rs2	1:2	2:0.4605	0	1000	1	1.06755e-15	1.64777	0.205487	2.95727e-68	2.29424	0.13141	0.423242	0.236755	0.295645	0.2775	-0.437885	0.403227	8.54845e-16	4.33612	0.53891	0	0	3.75795e-29
323	rs1	1:1	2:0.239	rs2	1:2	2:0.4645	0	1000	1	3.67042e-14	1.6709	0.220663	4.04027e-60	2.15877	0.131998	0.0877943	-0.841735	0.493065	0.0656345	-0.788108	0.428107	1.57978e-18	4.90083	0.557937	0	0	7.30031e-36
324	rs1	1:1	2:0.244	rs2	1:2	2:0.45425	0	1000	1	1.09165e-16	1.65399	0.199412	9.36369e-69	2.29263	0.130827	0.080296	0.460725	0.263426	0.654865	-0.161838	0.362043	2.48553e-14	4.03904	0.529875	0	0	3.88088e-26
325	rs1	1:1	2:0.24625	rs2	1:2	2:0.4655	0	1000	1	1.31613e-17	1.78296	0.208722	4.08463e-68	2.30622	0.132236	0.23611	0.357372	0.30164	0.986394	-0.00585489	0.343331	1.01362e-15	3.75025	0.467309	0	0	5.52971e-25
326	rs1	1:1	2:0.244	rs2	1:2	2:0.45725	0	1000	1	1.53121e-11	1.33412	0.197796	3.05853e-77	2.29154	0.123184	0.14579	-0.509185	0.350061	0.732364	0.094317	0.275795	9.61332e-20	3.97936	0.437617	0	0	6.02282e-33
327	rs1	1:1	2:0.249	rs2	1:2	2:0.47125	0	1000	1	4.7735e-10	1.37347	0.220588	2.36205e-78	2.64259	0.141018	0.415504	-0.330808	0.406276	0.0195681	0.682413	0.292313	3.501e-14	3.56756	0.470759	0	0	8.504e-22
328	rs1	1:1	2:0.252	rs2	1:2	2:0.46725	0	1000	1	4.79115e-11	1.38899	0.21118	1.12416e-77	2.46981	0.132385	0.383228	-0.311214	0.356911	0.87416	0.0544614	0.343871	2.48007e-17	3.84751	0.454318	0	0	1.63055e-26
329	rs1	1:1	2:0.24225	rs2	1:2	2:0.45925	0	1000	1	1.36773e-11	1.34705	0.19923	6.60052e-75	2.35406	0.128551	0.353214	-0.326841	0.352058	0.717151	-0.120056	0.331401	2.61956e-18	4.16575	0.477351	0	0	2.74516e-31
330	rs1	1:1	2:0.245	rs2	1:2	2:0.459	0	1000	1	1.90568e-09	1.23305	0.205316	1.44253e-76	2.34733	0.126751	0.0325292	-0.878744	0.411042	0.362102	-0.316329	0.347093	2.10871e-20	4.41786	0.477262	0	0	4.08015e-34
331	rs1	1:1	2:0.248	rs2	1:2	2:0.464	0	1000	1	1.31972e-09	1.22105	0.201327	5.99588e-81	2.41193	0.126579	0.0463316	-0.845175	0.424208	0.815294	0.0695191	0.297596	8.70693e-20	4.15515	0.45641	0	0	1.41248e-33
332	rs1	1:1	2:0.2445	rs2	1:2	2:0.466	0	1000	1	2.30309e-08	1.28245	0.22952	5.98166e-72	2.50947	0.139898	0.0439008	-1.10401	0.547885	0.0995639	0.475032	0.288427	7.28612e-16	3.86591	0.479307	0	0	3.16772e-25
333	rs1	1:1	2:0.25425	rs2	1:2	2:0.471	0	1000	1	2.81903e-11	1.40362	0.210888	1.79876e-80	2.56696	0.135123	0.563329	-0.203152	0.351532	0.854328	0.0661418	0.360251	2.48339e-16	4.02167	0.490682	0	0	1.23186e-26
334	rs1	1:1	2:0.2435	rs2	1:2	2:0.46375	0	1000	1	1.14146e-14	1.56762	0.202996	5.25068e-71	2.27591	0.127741	0.551958	-0.204332	0.343515	0.172493	-0.520136	0.381266	1.68246e-18	4.54757	0.518138	0	0	7.83329e-34
335	rs1	1:1	2:0.246	rs2	1:2	2:0.45725	0	1000	1	6.78035e-13	1.42684	0.19862	2.53812e-74	2.27704	0.124846	0.621158	-0.154462	0.312544	0.683117	-0.132807	0.325337	5.92471e-19	3.90286	0.438847	0	0	2.87779e-30
336	rs1	1:1	2:0.24775	rs2	1:2	2:0.4645	0	1000	1	9.53262e-12	1.43685	0.210887	5.34863e-70	2.30381	0.13026	0.314149	-0.375261	0.372817	0.122307	-0.720571	0.466341	3.64336e-16	4.39707	0.539526	0	0	3.28418e-30
337	rs1	1:1	2:0.243	rs2	1:2	2:0.4575	0	1000	1	1.16651e-12	1.43386	0.201689	1.46108e-74	2.29672	0.125717	0.399832	-0.284264	0.337638	0.342848	0.247953	0.261402	1.82834e-16	3.99122	0.484792	0	0	1.6592e-31
338	rs1	1:1	2:0.248	rs2	1:2	2:0.46275	0	1000	1	1.11162e-08	1.20567	0.211049	9.14736e-77	2.40756	0.129831	0.0260355	-0.969181	0.435453	0.299503	-0.397547	0.383178	3.08947e-19	4.47654	0.499309	0	0	1.67973e-32
339	rs1	1:1	2:0.2445	rs2	1:2	2:0.4625	0	1000	1	1.11578e-08	1.13891	0.199386	4.61221e-82	2.40476	0.125316	0.0131247	-1.23507	0.497938	0.626194	0.135779	0.278755	1.35022e-19	4.27479	0.472026	0	0	7.49379e-35
340	rs1	1:1	2:0.2465	rs2	1:2	2:0.46175	0	1000	1	1.19688e-12	1.49556	0.210473	4.06686e-73	2.44727	0.135309	0.522632	0.197197	0.308461	0.0708187	0.522057	0.288966	1.14809e-14	3.24447	0.420177	0	0	7.61598e-21
341	rs1	1:1	2:0.2455	rs2	1:2	2:0.46475	0	1000	1	1.00851e-14	1.61664	0.208917	9.42449e-70	2.35685	0.1335	0.503844	0.208006	0.311175	0.973196	0.011798	0.351133	7.73394e-16	3.64228	0.45199	0	0	9.52838e-24
342	rs1	1:1	2:0.24525	rs2	1:2	2:0.46425	0	1000	1	1.66629e-17	1.70787	0.200573	6.51564e-71	2.28526	0.128352	0.235481	0.340953	0.287394	0.567463	0.174464	0.305118	2.53687e-16	3.42253	0.417711	0	0	9.27433e-24
343	rs1	1:1	2:0.244	rs2	1:2	2:0.46225	0	1000	1	1.71685e-12	1.41191	0.200108	3.75021e-73	2.2503	0.124387	0.213979	-0.453838	0.365203	0.487348	-0.227705	0.327852	3.22828e-20	4.0114	0.435497	0	0	2.82011e-32
344	rs1	1:1	2:0.245	rs2	1:2	2:0.463	0	1000	1	1.31723e-15	1.59627	0.199709	2.7765e-72	2.30525	0.128209	0.284953	0.305119	0.285355	0.183153	0.373253	0.280408	3.10199e-16	3.15529	0.386238	0	0	1.42696e-22
345	rs1	1:1	2:0.24625	rs2	1:2	2:0.45875	0	1000	1	5.76977e-09	1.13515	0.194932	1.74605e-81	2.3483	0.122822	0.0604802	-0.691268	0.368229	0.773113	0.0833127	0.288973	1.62727e-20	3.75224	0.404147	0	0	9.38933e-31
346	rs1	1:1	2:0.2435	rs2	1:2	2:0.46025	0	1000	1	5.11285e-11	1.36391	0.207672	3.18367e-70	2.23825	0.126344	0.0502602	-0.816882	0.417257	0.424113	-0.268545	0.335972	3.17497e-20	4.18531	0.454289	0	0	1.6278e-33
347	rs1	1:1	2:0.24525	rs2	1:2	2:0.463	0	1000	1	1.63094e-12	1.45648	0.206216	8.28394e-74	2.37584	0.130727	0.680156	-0.1398	0.339116	0.759676	0.0971827	0.317688	2.30235e-17	3.80172	0.448453	0	0	3.13199e-27
348	rs1	1:1	2:0.24025	rs2	1:2	2:0.457	0	1000	1	1.50144e-14	1.61234	0.209738	1.20075e-66	2.29563	0.133111	0.313536	0.303188	0.300833	0.216539	0.359564	0.290961	4.7102e-15	3.27596	0.41815	0	0	1.08116e-21
349	rs1	1:1	2:0.24925	rs2	1:2	2:0.4655	0	1000	1	4.68836e-16	1.64371	0.202444	4.12275e-74	2.36742	0.12999	0.328885	0.282773	0.289619	0.806362	0.0809145	0.330099	4.56847e-16	3.69058	0.454368	0	0	2.71081e-25
350	rs1	1:1	2:0.2475	rs2	1:2	2:0.46325	0	1000	1	2.04069e-11	1.41013	0.210371	1.17605e-76	2.47168	0.133386	0.543998	-0.209538	0.345329	0.642907	0.151269	0.326266	6.52675e-16	4.00354	0.495545	0	0	1.2728e-26
