Outcome	Var1_ID	Var1_Pos	Var1_MAF	Var2_ID	Var2_Pos	Var2_MAF	Num_Missing	Num_Cases	Converged	Red_Var1_Pval	Red_Var1_beta	Red_Var1_SE	Red_Var2_Pval	Red_Var2_beta	Red_Var2_SE	Full_Var1_Pval	Full_Var1_beta	Full_Var1_SE	Full_Var2_Pval	Full_Var2_beta	Full_Var2_SE	Full_Var1_Var2_Pval	Full_Var1_Var2_beta	Full_Var1_Var2_SE	Red_Model_Pval	Full_Model_Pval	Overall_Pval_(LRT)
1	rs1	1:1	2:0.239	rs2	1:2	2:0.45275	0	1000	1	2.3254e-52	2.72599	0.179019	1.68784e-43	2.47313	0.178828	0.600841	0.165101	0.315565	0.201379	-0.518477	0.40581	2.31728e-29	6.94501	0.617337	0	0	4.39417e-51
2	rs1	1:1	2:0.24325	rs2	1:2	2:0.4585	0	1000	1	5.39086e-53	2.6247	0.171295	2.14467e-55	2.687	0.171389	0.989979	-0.0040667	0.323802	0.752756	0.0989655	0.314169	2.89713e-31	6.57444	0.565294	0	0	1.45581e-51
3	rs1	1:1	2:0.24725	rs2	1:2	2:0.46475	0	1000	1	9.5658e-55	2.58036	0.165593	5.21819e-57	2.63303	0.165473	0.272567	-0.398312	0.363035	0.895661	-0.0409497	0.312249	6.47868e-34	6.68821	0.550921	0	0	2.07974e-56
4	rs1	1:1	2:0.24875	rs2	1:2	2:0.463	0	1000	1	4.02814e-59	2.66756	0.164524	5.10022e-53	2.52262	0.164594	0.481857	0.203187	0.288897	0.407777	-0.287651	0.347483	4.93521e-33	6.12362	0.511462	0	0	3.15107e-51
5	rs1	1:1	2:0.2475	rs2	1:2	2:0.4625	0	1000	1	3.99781e-55	2.67221	0.170877	7.10573e-64	2.88982	0.171268	0.220473	0.356543	0.290992	0.0648036	0.529646	0.286821	5.35098e-29	5.93011	0.530616	0	0	5.87572e-45
6	rs1	1:1	2:0.246	rs2	1:2	2:0.45975	0	1000	1	1.34382e-53	2.4271	0.157473	6.18971e-58	2.52486	0.157361	0.530333	-0.194751	0.310361	0.491247	0.184739	0.268388	4.04044e-35	5.73873	0.464109	0	0	1.41208e-51
7	rs1	1:1	2:0.2455	rs2	1:2	2:0.458	0	1000	1	7.38051e-44	2.28828	0.164754	3.09881e-59	2.6814	0.165213	0.0396714	-0.827777	0.40239	0.844892	-0.061102	0.312319	1.70914e-33	6.85221	0.568157	0	0	2.33896e-58
8	rs1	1:1	2:0.2415	rs2	1:2	2:0.45625	0	1000	1	1.91857e-59	2.76028	0.169766	1.32856e-44	2.37222	0.169307	0.494825	-0.22783	0.333741	0.00559996	-1.6449	0.593755	2.67739e-27	9.09381	0.840227	0	0	2.07223e-71
9	rs1	1:1	2:0.24325	rs2	1:2	2:0.46675	0	1000	1	2.21565e-68	2.99747	0.171527	3.08211e-46	2.43054	0.170252	0.41522	0.258412	0.31717	0.876842	-0.0483186	0.311785	1.84848e-31	6.52913	0.559556	0	0	1.54122e-51
10	rs1	1:1	2:0.24675	rs2	1:2	2:0.46125	0	1000	1	1.70003e-54	2.57081	0.165371	1.41779e-57	2.64504	0.165382	0.341151	-0.330171	0.346857	0.692992	-0.12723	0.322267	1.99785e-34	6.86976	0.561441	0	0	2.22421e-58
11	rs1	1:1	2:0.24925	rs2	1:2	2:0.45975	0	1000	1	1.16774e-48	2.45529	0.167485	8.91539e-57	2.67174	0.16826	0.563341	0.166446	0.288025	0.550329	-0.2184	0.365665	1.23445e-30	5.90198	0.51296	0	0	8.59443e-47
12	rs1	1:1	2:0.251	rs2	1:2	2:0.47	0	1000	1	3.82445e-61	2.83566	0.171884	3.56117e-57	2.73943	0.171901	0.571253	0.178654	0.315528	0.424515	-0.306853	0.384233	2.28998e-31	6.75751	0.580035	0	0	7.13284e-53
13	rs1	1:1	2:0.248	rs2	1:2	2:0.46425	0	1000	1	3.36125e-47	2.56388	0.17768	3.16139e-53	2.73881	0.178338	0.207827	-0.511034	0.405724	0.0691343	-0.950022	0.522696	1.62001e-27	7.77646	0.715473	0	0	9.90328e-57
14	rs1	1:1	2:0.2515	rs2	1:2	2:0.46925	0	1000	1	1.76943e-55	2.80684	0.178893	7.94564e-59	2.89542	0.179039	0.0456888	0.589761	0.295138	0.493186	0.243371	0.355157	1.00503e-26	5.58943	0.522319	0	0	1.20325e-38
15	rs1	1:1	2:0.247	rs2	1:2	2:0.46975	0	1000	1	5.85146e-62	2.86978	0.172769	4.42936e-49	2.54144	0.172589	0.839488	0.0684465	0.337927	0.301699	-0.395515	0.382955	4.80748e-31	6.63257	0.572424	0	0	1.90822e-51
16	rs1	1:1	2:0.25025	rs2	1:2	2:0.47125	0	1000	1	9.61263e-55	2.75471	0.176785	7.49861e-59	2.85994	0.176806	0.405441	0.273003	0.32815	0.20866	0.401247	0.319145	6.34623e-28	5.63629	0.514534	0	0	2.89509e-40
17	rs1	1:1	2:0.2505	rs2	1:2	2:0.4735	0	1000	1	5.14046e-59	2.73803	0.169027	5.47813e-66	2.90176	0.16912	0.586491	-0.198954	0.365772	0.0497813	0.538004	0.274235	5.18255e-31	6.31909	0.545673	0	0	4.4871e-50
18	rs1	1:1	2:0.24775	rs2	1:2	2:0.472	0	1000	1	1.05012e-64	2.95461	0.173948	3.22652e-50	2.58955	0.173779	0.499195	0.221345	0.327551	0.520806	-0.234329	0.36494	7.175e-31	6.5427	0.566348	0	0	4.18586e-50
19	rs1	1:1	2:0.247	rs2	1:2	2:0.457	0	1000	1	2.91155e-43	2.41984	0.175473	2.23654e-62	2.96215	0.177714	0.625215	-0.163126	0.33395	0.858133	-0.0657514	0.367838	2.26591e-30	7.06515	0.616871	0	0	3.39843e-53
20	rs1	1:1	2:0.24525	rs2	1:2	2:0.467	0	1000	1	9.10391e-61	2.88994	0.175733	1.15524e-47	2.54245	0.175302	0.813907	0.0795618	0.338002	0.206738	-0.512185	0.405664	1.72887e-30	7.07674	0.616622	0	0	1.15663e-53
21	rs1	1:1	2:0.243	rs2	1:2	2:0.4605	0	1000	1	2.23508e-60	2.91557	0.177881	8.39045e-49	2.60004	0.177089	0.111642	0.479666	0.301514	0.713049	0.119663	0.32538	4.24896e-28	6.31236	0.57435	0	0	1.60209e-45
22	rs1	1:1	2:0.24775	rs2	1:2	2:0.475	0	1000	1	3.95863e-67	3.02539	0.174778	4.19208e-47	2.51864	0.174729	0.505357	0.226863	0.340593	0.689065	-0.139762	0.349297	3.64936e-30	6.23446	0.546315	0	0	5.95859e-47
23	rs1	1:1	2:0.24175	rs2	1:2	2:0.45625	0	1000	1	3.00825e-41	2.4002	0.178431	3.41903e-55	2.80049	0.178966	0.125327	-0.665423	0.434124	0.456038	0.236148	0.316813	2.00795e-28	6.6676	0.602973	0	0	1.44001e-48
24	rs1	1:1	2:0.247	rs2	1:2	2:0.461	0	1000	1	5.9749e-47	2.49957	0.173701	1.80762e-62	2.91442	0.174717	0.205494	-0.483243	0.381692	0.657181	-0.162519	0.366191	5.73665e-31	7.65051	0.661142	0	0	3.78612e-59
25	rs1	1:1	2:0.2505	rs2	1:2	2:0.46325	0	1000	1	1.77051e-57	2.67321	0.167288	1.80514e-61	2.77358	0.167661	0.173782	0.37719	0.277315	0.615718	0.158251	0.315287	2.27704e-31	6.01125	0.515959	0	0	4.13523e-48
26	rs1	1:1	2:0.24225	rs2	1:2	2:0.45775	0	1000	1	3.39858e-54	2.61172	0.168484	2.42387e-53	2.58747	0.168295	0.59942	-0.175565	0.334259	0.73168	-0.110532	0.322354	6.19431e-33	6.88877	0.576278	0	0	1.91638e-56
27	rs1	1:1	2:0.24525	rs2	1:2	2:0.46475	0	1000	1	6.56951e-48	2.57376	0.176989	6.51706e-57	2.81403	0.177002	0.503177	-0.257533	0.384666	0.237753	0.364214	0.308494	1.21904e-28	6.18446	0.55703	0	0	5.11621e-45
28	rs1	1:1	2:0.244	rs2	1:2	2:0.45825	0	1000	1	3.06538e-52	2.56327	0.168532	6.33473e-57	2.68039	0.168578	0.882937	0.0461412	0.31336	0.32135	0.287682	0.290094	1.58424e-31	6.00505	0.514064	0	0	7.64746e-48
29	rs1	1:1	2:0.25075	rs2	1:2	2:0.458	0	1000	1	4.45882e-50	2.5255	0.169727	1.45459e-61	2.83521	0.171252	0.40885	0.232446	0.281439	0.489968	-0.265801	0.385018	7.33471e-31	6.62653	0.573698	0	0	5.80624e-52
30	rs1	1:1	2:0.25225	rs2	1:2	2:0.4625	0	1000	1	5.83913e-49	2.43865	0.165819	9.39681e-64	2.80538	0.166427	0.280515	-0.358101	0.331832	0.0956546	-0.723075	0.433941	2.19995e-33	7.51188	0.623931	0	0	2.18228e-63
31	rs1	1:1	2:0.249	rs2	1:2	2:0.46375	0	1000	1	1.92634e-50	2.45513	0.164379	3.51942e-64	2.78106	0.164419	0.556137	-0.196624	0.334061	0.0959072	0.454181	0.272777	5.48657e-32	5.75319	0.488746	0	0	2.14095e-47
32	rs1	1:1	2:0.24125	rs2	1:2	2:0.45575	0	1000	1	2.14528e-55	2.74863	0.17532	4.89414e-49	2.58093	0.175351	0.297191	0.311251	0.298569	0.70759	-0.131028	0.349321	2.01155e-29	6.61719	0.587546	0	0	1.70755e-49
33	rs1	1:1	2:0.249	rs2	1:2	2:0.4665	0	1000	1	5.56606e-55	2.61015	0.167134	8.85103e-63	2.79802	0.167312	0.233106	-0.432263	0.362517	0.497164	-0.236389	0.348164	4.75211e-33	7.66602	0.64012	0	0	7.91674e-64
34	rs1	1:1	2:0.2485	rs2	1:2	2:0.4625	0	1000	1	2.15361e-53	2.5631	0.166627	5.17867e-59	2.70727	0.167133	0.578652	-0.178498	0.321412	0.142822	-0.593625	0.405105	2.32978e-33	7.31472	0.607793	0	0	4.54471e-61
35	rs1	1:1	2:0.247	rs2	1:2	2:0.47075	0	1000	1	5.83052e-65	2.96845	0.174409	1.25381e-49	2.57913	0.174143	0.672515	-0.154798	0.366213	0.0543184	-0.905104	0.470357	4.98393e-30	8.14549	0.715477	0	0	1.80417e-62
36	rs1	1:1	2:0.2425	rs2	1:2	2:0.4515	0	1000	1	6.14816e-58	2.63739	0.164369	8.0885e-53	2.51984	0.164735	0.09414	0.436934	0.261019	0.917341	0.0314689	0.303217	1.52866e-31	5.98909	0.512565	0	0	3.71238e-49
37	rs1	1:1	2:0.244	rs2	1:2	2:0.461	0	1000	1	1.11368e-46	2.51843	0.175538	3.03148e-52	2.66648	0.17531	0.66745	-0.15732	0.366159	0.221617	0.366244	0.29965	8.7801e-28	5.67949	0.519875	0	0	3.72632e-41
38	rs1	1:1	2:0.24825	rs2	1:2	2:0.46875	0	1000	1	1.12964e-61	2.78958	0.168341	1.55437e-58	2.71394	0.168248	0.926709	0.029853	0.324537	0.853116	0.0580706	0.313651	1.78989e-32	6.69624	0.564349	0	0	1.87054e-54
39	rs1	1:1	2:0.24075	rs2	1:2	2:0.4535	0	1000	1	5.74443e-52	2.47405	0.163108	2.66624e-50	2.42744	0.162761	0.199036	-0.443912	0.345645	0.343211	-0.303264	0.319952	1.14635e-35	6.79959	0.545457	0	0	7.98187e-60
40	rs1	1:1	2:0.24725	rs2	1:2	2:0.47	0	1000	1	1.78254e-72	3.22278	0.178994	4.96731e-45	2.51739	0.178778	0.000324204	0.976077	0.271498	0.374692	-0.361765	0.407522	1.63133e-26	6.20854	0.582623	0	0	2.39745e-43
41	rs1	1:1	2:0.2465	rs2	1:2	2:0.45875	0	1000	1	2.9742e-50	2.60819	0.174966	8.2803e-55	2.74967	0.176354	0.594964	0.16207	0.30484	0.224752	-0.529223	0.435938	3.13576e-29	6.96239	0.620355	0	0	5.75169e-52
42	rs1	1:1	2:0.24575	rs2	1:2	2:0.4595	0	1000	1	1.11338e-48	2.50674	0.170957	2.35667e-58	2.76151	0.17147	0.697182	-0.130235	0.334686	0.629898	0.151888	0.315205	1.23222e-31	6.33684	0.541478	0	0	7.79903e-50
43	rs1	1:1	2:0.2415	rs2	1:2	2:0.463	0	1000	1	8.05672e-62	2.86979	0.17297	6.20158e-52	2.60157	0.171572	0.911544	0.0374796	0.337377	0.571611	0.167373	0.295879	2.16879e-27	7.20793	0.664795	0	0	1.47948e-54
44	rs1	1:1	2:0.25325	rs2	1:2	2:0.463	0	1000	1	1.2535e-47	2.43633	0.16805	7.49032e-68	2.93547	0.168651	0.776606	0.0836904	0.294949	0.603529	0.169868	0.327089	4.6965e-32	6.01927	0.510782	0	0	2.4013e-48
45	rs1	1:1	2:0.243	rs2	1:2	2:0.4645	0	1000	1	2.08367e-64	2.91191	0.171841	3.59932e-53	2.62263	0.170867	0.347475	0.288676	0.307266	0.518021	0.191542	0.296322	8.10918e-27	6.96814	0.64995	0	0	1.05023e-52
46	rs1	1:1	2:0.247	rs2	1:2	2:0.4665	0	1000	1	2.00774e-60	2.80798	0.171249	1.20706e-59	2.78969	0.171276	0.434144	0.239592	0.306336	0.599548	0.165484	0.315177	8.74893e-30	6.70085	0.591137	0	0	7.39782e-52
47	rs1	1:1	2:0.24525	rs2	1:2	2:0.46	0	1000	1	1.0292e-49	2.52534	0.170358	2.81165e-55	2.66921	0.170441	0.556187	-0.20505	0.348419	0.742488	0.1033	0.314401	1.74018e-31	6.20642	0.531666	0	0	5.54714e-49
48	rs1	1:1	2:0.245	rs2	1:2	2:0.45925	0	1000	1	6.1904e-50	2.45222	0.165046	5.89465e-63	2.76758	0.165252	0.175066	-0.490572	0.361751	0.514899	0.187977	0.288649	2.34936e-33	6.91726	0.574801	0	0	2.27048e-58
49	rs1	1:1	2:0.2475	rs2	1:2	2:0.46775	0	1000	1	5.24313e-51	2.70326	0.179949	7.75749e-62	2.99005	0.180193	0.381118	-0.356917	0.407515	0.550232	0.202957	0.339728	1.63488e-28	7.32568	0.661383	0	0	1.55692e-52
50	rs1	1:1	2:0.24575	rs2	1:2	2:0.46775	0	1000	1	3.91633e-55	2.7639	0.176725	4.4617e-59	2.85773	0.176321	0.535305	0.210675	0.339837	0.00931658	0.720405	0.277056	2.87365e-27	5.64348	0.521744	0	0	5.82726e-40
51	rs1	1:1	2:0.24425	rs2	1:2	2:0.462	0	1000	1	1.33689e-50	2.53244	0.169279	2.40669e-58	2.72254	0.169064	0.244393	-0.445149	0.382406	0.351101	0.270221	0.289795	1.5605e-31	6.52603	0.558601	0	0	3.72059e-52
52	rs1	1:1	2:0.246	rs2	1:2	2:0.4565	0	1000	1	1.33364e-42	2.37838	0.173856	4.20341e-59	2.84405	0.175437	0.268841	-0.400938	0.362598	0.653404	-0.164549	0.366449	1.52007e-31	6.9825	0.597559	0	0	4.65638e-54
53	rs1	1:1	2:0.24875	rs2	1:2	2:0.46125	0	1000	1	9.25574e-58	2.6906	0.167952	3.2218e-53	2.58486	0.168327	0.166443	0.383932	0.277463	0.317637	-0.383035	0.383293	1.19814e-30	6.1524	0.534605	0	0	8.34891e-49
54	rs1	1:1	2:0.24375	rs2	1:2	2:0.47	0	1000	1	2.69944e-67	2.96932	0.171321	4.56839e-49	2.50827	0.170361	0.99156	-0.00371978	0.351629	0.88995	0.0419503	0.303179	1.14023e-31	6.73227	0.574944	0	0	2.73708e-53
55	rs1	1:1	2:0.24975	rs2	1:2	2:0.4645	0	1000	1	1.04247e-47	2.45863	0.169441	4.83429e-68	2.95899	0.169758	0.188702	-0.501662	0.381658	0.188873	0.383563	0.291923	1.19644e-31	6.74644	0.576354	0	0	5.40299e-54
56	rs1	1:1	2:0.24875	rs2	1:2	2:0.4695	0	1000	1	2.24677e-63	2.85985	0.170179	1.81707e-59	2.76728	0.170161	0.281613	0.321755	0.298833	0.640947	0.146906	0.314995	1.38769e-30	6.50938	0.566248	0	0	4.25265e-51
57	rs1	1:1	2:0.2475	rs2	1:2	2:0.46825	0	1000	1	1.59108e-47	2.53418	0.174997	4.69219e-62	2.90772	0.174914	0.0147523	-1.76141	0.722362	0.548192	0.189529	0.315634	3.89695e-22	8.22408	0.850141	0	0	4.74288e-59
58	rs1	1:1	2:0.2525	rs2	1:2	2:0.46675	0	1000	1	1.90145e-54	2.66172	0.171297	4.77933e-67	2.96816	0.171579	0.457683	0.220659	0.297117	0.714224	0.124078	0.338837	6.18248e-31	6.51388	0.563229	0	0	8.73634e-51
59	rs1	1:1	2:0.238	rs2	1:2	2:0.4625	0	1000	1	2.23905e-66	3.08129	0.179042	2.33688e-36	2.20716	0.175283	0.604741	0.176265	0.340546	0.418773	-0.26881	0.332458	1.1059e-30	6.74154	0.585447	0	0	6.8931e-51
60	rs1	1:1	2:0.24725	rs2	1:2	2:0.46375	0	1000	1	1.87225e-53	2.61772	0.170078	2.97236e-58	2.73933	0.170245	0.34193	-0.34546	0.363505	0.593713	-0.186032	0.348726	1.12352e-32	7.23518	0.607777	0	0	2.18926e-58
61	rs1	1:1	2:0.245	rs2	1:2	2:0.45725	0	1000	1	2.58179e-59	2.70888	0.166791	3.82317e-53	2.55858	0.166737	0.163479	0.386767	0.277557	0.763465	0.0914897	0.30402	1.70663e-31	5.95763	0.510281	0	0	5.05742e-48
62	rs1	1:1	2:0.243	rs2	1:2	2:0.45675	0	1000	1	1.70377e-50	2.55111	0.170711	2.45384e-55	2.68033	0.171056	0.875912	-0.0504576	0.323129	0.780818	0.0874047	0.314119	1.07745e-31	6.47487	0.552735	0	0	3.4806e-51
63	rs1	1:1	2:0.24275	rs2	1:2	2:0.46325	0	1000	1	4.09517e-60	2.80665	0.171622	2.52074e-50	2.54624	0.170684	0.732165	0.111514	0.32583	0.726776	0.106237	0.304041	3.16958e-31	6.36997	0.548075	0	0	7.61709e-50
64	rs1	1:1	2:0.2435	rs2	1:2	2:0.46225	0	1000	1	2.47798e-60	2.77995	0.169672	8.09526e-47	2.42862	0.169017	0.754228	-0.105023	0.33546	0.130353	-0.575945	0.380737	4.59789e-33	7.18621	0.599918	0	0	9.25945e-59
65	rs1	1:1	2:0.24975	rs2	1:2	2:0.46275	0	1000	1	3.00871e-47	2.49729	0.172973	6.24339e-62	2.88685	0.173837	0.304028	-0.373117	0.363013	0.324698	-0.401288	0.407461	1.38314e-31	7.38966	0.631969	0	0	1.04727e-57
66	rs1	1:1	2:0.24325	rs2	1:2	2:0.4555	0	1000	1	7.45328e-45	2.44069	0.173686	7.94524e-55	2.72524	0.174758	0.297302	-0.378336	0.363004	0.519665	-0.235236	0.365351	1.1517e-31	6.99449	0.597381	0	0	2.07772e-54
67	rs1	1:1	2:0.24475	rs2	1:2	2:0.46725	0	1000	1	1.65128e-57	2.77339	0.17351	7.08531e-51	2.59484	0.172962	0.284339	-0.435638	0.406902	0.559183	-0.203418	0.348285	2.58137e-31	7.15027	0.614286	0	0	1.28561e-55
68	rs1	1:1	2:0.24025	rs2	1:2	2:0.451	0	1000	1	9.65152e-46	2.35615	0.165969	4.42387e-54	2.5711	0.166045	0.0814331	-0.662119	0.379997	0.874272	-0.0478444	0.302364	7.25523e-34	6.85314	0.564938	0	0	4.78074e-58
69	rs1	1:1	2:0.24625	rs2	1:2	2:0.46575	0	1000	1	2.2879e-49	2.66573	0.180483	2.1397e-59	2.93612	0.180655	0.640774	-0.179915	0.385573	0.217001	0.3937	0.318904	2.89027e-28	6.5318	0.592445	0	0	3.26558e-46
70	rs1	1:1	2:0.24475	rs2	1:2	2:0.46375	0	1000	1	1.13943e-57	2.82218	0.176307	5.57625e-52	2.67471	0.176314	0.432018	0.248641	0.31644	0.671826	-0.155016	0.365912	9.70246e-30	6.69271	0.590891	0	0	9.73977e-50
71	rs1	1:1	2:0.24175	rs2	1:2	2:0.46	0	1000	1	8.06134e-59	2.74531	0.169766	2.31153e-48	2.46872	0.168937	0.7898	-0.0894775	0.335662	0.483782	-0.233372	0.333277	6.01277e-33	6.82832	0.571103	0	0	1.57283e-55
72	rs1	1:1	2:0.24425	rs2	1:2	2:0.4545	0	1000	1	1.80152e-55	2.54454	0.162187	2.08513e-56	2.57361	0.162627	0.888802	0.0400198	0.286222	0.54009	-0.19689	0.32136	2.86636e-34	6.70639	0.549407	0	0	3.25519e-58
73	rs1	1:1	2:0.24625	rs2	1:2	2:0.46075	0	1000	1	2.53419e-44	2.53982	0.181865	4.67195e-62	3.04503	0.183171	0.732496	0.115513	0.337947	0.0325603	0.651792	0.304937	6.82734e-27	5.95927	0.555025	0	0	1.06695e-40
74	rs1	1:1	2:0.2455	rs2	1:2	2:0.46075	0	1000	1	7.55099e-55	2.7605	0.176982	3.82769e-54	2.74707	0.177303	0.46368	0.2316	0.316048	0.985518	-0.00637289	0.351085	3.87555e-29	6.68743	0.596853	0	0	4.40122e-49
75	rs1	1:1	2:0.243	rs2	1:2	2:0.45725	0	1000	1	7.2698e-47	2.49288	0.1734	1.66889e-57	2.78514	0.174253	0.10878	-0.64807	0.404109	0.457633	-0.270875	0.364692	1.82554e-30	8.01201	0.698402	0	0	4.15271e-62
76	rs1	1:1	2:0.24625	rs2	1:2	2:0.47275	0	1000	1	8.72185e-62	3.08001	0.185694	1.66921e-51	2.7967	0.185236	0.205136	0.435417	0.343645	0.412371	0.279256	0.340669	1.07026e-26	6.30179	0.589209	0	0	4.43339e-42
77	rs1	1:1	2:0.24025	rs2	1:2	2:0.46175	0	1000	1	5.81562e-61	2.9555	0.179424	2.17517e-43	2.45393	0.177674	0.220689	0.391236	0.319455	0.861318	0.0566636	0.324353	8.2929e-29	6.07725	0.545685	0	0	7.90068e-44
78	rs1	1:1	2:0.24225	rs2	1:2	2:0.4655	0	1000	1	1.14582e-64	3.01558	0.177591	2.12906e-39	2.31532	0.176297	0.431125	0.258702	0.328608	0.143237	-0.592325	0.404638	9.81093e-30	6.65827	0.587901	0	0	1.05906e-49
79	rs1	1:1	2:0.25625	rs2	1:2	2:0.46425	0	1000	1	2.26778e-53	2.57198	0.167241	6.43943e-65	2.84785	0.16738	0.230078	0.324503	0.270384	0.332251	-0.395313	0.407711	1.06918e-30	6.37082	0.553113	0	0	5.01707e-51
80	rs1	1:1	2:0.24625	rs2	1:2	2:0.47	0	1000	1	1.00989e-58	2.74462	0.16987	7.18727e-54	2.62005	0.169548	0.250091	-0.467618	0.40658	0.943436	0.0222091	0.313017	1.29256e-31	6.78939	0.580349	0	0	3.04178e-54
81	rs1	1:1	2:0.24225	rs2	1:2	2:0.464	0	1000	1	6.00814e-59	2.79425	0.1726	6.57924e-54	2.65486	0.171737	0.201328	-0.518518	0.405796	0.599583	-0.175336	0.333973	1.28276e-23	8.77298	0.875804	0	0	2.25241e-65
82	rs1	1:1	2:0.2495	rs2	1:2	2:0.466	0	1000	1	1.04332e-55	2.60316	0.165558	2.2294e-66	2.85011	0.165607	0.785487	-0.0878594	0.322804	0.151661	0.398458	0.277925	2.8336e-32	6.43927	0.544459	0	0	3.09157e-53
83	rs1	1:1	2:0.2455	rs2	1:2	2:0.4605	0	1000	1	9.1425e-56	2.69753	0.171468	6.37406e-52	2.60459	0.171792	0.919538	-0.0326708	0.323424	0.0993656	-0.714645	0.43366	3.88892e-31	7.4186	0.639261	0	0	1.68186e-58
84	rs1	1:1	2:0.24825	rs2	1:2	2:0.45725	0	1000	1	1.16519e-53	2.59009	0.167948	1.07404e-58	2.72892	0.168938	0.394044	0.240069	0.28167	0.504882	-0.243451	0.365088	1.04011e-31	6.57086	0.560786	0	0	8.81901e-53
85	rs1	1:1	2:0.2415	rs2	1:2	2:0.46675	0	1000	1	2.43704e-60	2.89525	0.176698	2.03775e-53	2.69365	0.175073	0.732315	-0.132241	0.386617	0.0940739	0.466128	0.278403	8.40626e-28	6.76763	0.619254	0	0	3.3084e-49
86	rs1	1:1	2:0.252	rs2	1:2	2:0.4725	0	1000	1	5.13737e-57	2.76257	0.173603	2.11139e-63	2.91812	0.173609	0.634014	-0.174188	0.365876	0.607927	0.167561	0.326608	4.76317e-31	6.89862	0.595345	0	0	3.49464e-53
87	rs1	1:1	2:0.24325	rs2	1:2	2:0.46225	0	1000	1	4.66428e-53	2.65086	0.172895	1.33463e-61	2.85598	0.172452	0.802461	-0.0875289	0.349887	0.0219471	0.617179	0.26936	4.24396e-28	6.51942	0.593185	0	0	1.11324e-48
88	rs1	1:1	2:0.242	rs2	1:2	2:0.46675	0	1000	1	3.95529e-70	3.14194	0.177478	1.21646e-39	2.31384	0.175619	0.297722	0.331706	0.318541	0.104833	-0.655057	0.403892	1.10868e-29	7.34809	0.649424	0	0	2.56469e-55
89	rs1	1:1	2:0.24725	rs2	1:2	2:0.4645	0	1000	1	1.8549e-53	2.64344	0.171742	7.97182e-64	2.90175	0.172045	0.829788	-0.0721228	0.335496	0.363489	0.27904	0.307064	4.3905e-30	6.86988	0.602846	0	0	3.49432e-53
90	rs1	1:1	2:0.2405	rs2	1:2	2:0.45775	0	1000	1	8.34845e-70	2.99492	0.169577	6.52542e-37	2.13262	0.168025	0.125589	0.427472	0.279078	0.0194815	-1.00578	0.430522	3.51851e-31	7.02599	0.604984	0	0	4.34208e-57
91	rs1	1:1	2:0.24375	rs2	1:2	2:0.4595	0	1000	1	1.73805e-56	2.78044	0.17557	4.23419e-50	2.61581	0.175755	0.0300015	0.610698	0.281418	0.581697	0.179915	0.326579	8.77472e-28	5.5654	0.509429	0	0	5.32058e-40
92	rs1	1:1	2:0.2465	rs2	1:2	2:0.47025	0	1000	1	1.55447e-58	2.77494	0.172029	7.85707e-57	2.72768	0.171698	0.154758	-0.618674	0.43479	0.971411	-0.0116012	0.323702	7.50118e-31	7.54363	0.653206	0	0	4.15372e-59
93	rs1	1:1	2:0.24825	rs2	1:2	2:0.4675	0	1000	1	1.27227e-59	2.75275	0.169041	1.03363e-51	2.5561	0.168948	0.135167	0.437494	0.292828	0.48641	0.212991	0.306009	4.5501e-29	5.27044	0.470984	0	0	3.46995e-40
94	rs1	1:1	2:0.2435	rs2	1:2	2:0.46375	0	1000	1	6.18974e-54	2.70951	0.175228	3.75298e-52	2.65625	0.174798	0.953557	-0.0204457	0.351054	0.565323	0.181294	0.31532	6.71578e-30	6.18403	0.544433	0	0	2.94658e-46
95	rs1	1:1	2:0.24425	rs2	1:2	2:0.46125	0	1000	1	4.75375e-58	2.68124	0.166936	1.40156e-55	2.6152	0.166522	0.620282	0.151157	0.305089	0.321362	0.280072	0.282427	8.6368e-32	6.02385	0.513412	0	0	9.40093e-49
96	rs1	1:1	2:0.24525	rs2	1:2	2:0.46525	0	1000	1	2.65918e-51	2.61388	0.173481	3.37904e-59	2.80891	0.173127	0.480242	-0.271468	0.384562	0.0540902	0.539462	0.280078	6.22033e-29	6.11078	0.547437	0	0	1.18378e-45
97	rs1	1:1	2:0.25025	rs2	1:2	2:0.47375	0	1000	1	2.30287e-54	2.86041	0.18423	2.30287e-54	2.86041	0.18423	0.716182	0.1346	0.370223	0.716182	0.1346	0.370223	1.20677e-26	6.17198	0.577673	0	0	1.71601e-41
98	rs1	1:1	2:0.24675	rs2	1:2	2:0.46475	0	1000	1	2.55499e-59	2.75296	0.169499	9.2094e-61	2.78157	0.169151	0.39218	0.262488	0.306762	0.0322902	0.5752	0.268684	2.44393e-29	5.96113	0.530102	0	0	6.23165e-46
99	rs1	1:1	2:0.2435	rs2	1:2	2:0.46175	0	1000	1	7.69327e-64	2.92168	0.173205	1.2159e-48	2.53006	0.172618	0.148209	0.422785	0.292405	0.573459	-0.196065	0.348272	2.09397e-29	6.79236	0.603289	0	0	8.68347e-52
100	rs1	1:1	2:0.24675	rs2	1:2	2:0.46225	0	1000	1	1.79005e-53	2.60558	0.169257	2.44349e-58	2.732	0.169661	0.400286	-0.29202	0.347185	0.261153	-0.430006	0.38268	1.07831e-32	7.53727	0.632971	0	0	2.58863e-61
101	rs1	1:1	2:0.2465	rs2	1:2	2:0.46775	0	1000	1	2.62111e-57	2.7885	0.174771	2.652e-52	2.65378	0.174375	0.926862	0.0323009	0.351886	0.551023	0.188055	0.315409	8.89133e-30	6.10408	0.538558	0	0	1.21538e-45
102	rs1	1:1	2:0.2495	rs2	1:2	2:0.46925	0	1000	1	1.74792e-48	2.63241	0.179904	9.19236e-53	2.75393	0.180136	0.354617	-0.377121	0.407403	0.185736	-0.626581	0.4735	8.73244e-27	7.12787	0.665274	0	0	2.98848e-50
103	rs1	1:1	2:0.24725	rs2	1:2	2:0.46325	0	1000	1	7.73212e-63	2.86394	0.171171	3.27714e-50	2.55075	0.171187	0.374827	0.264309	0.297823	0.0927958	-0.728522	0.43343	2.65775e-30	7.32383	0.64023	0	0	2.39113e-57
104	rs1	1:1	2:0.25	rs2	1:2	2:0.46925	0	1000	1	1.28527e-61	2.79974	0.169033	3.85914e-56	2.66877	0.169055	0.737542	-0.112337	0.335225	0.0882982	-0.738882	0.433503	2.99807e-32	7.61845	0.64442	0	0	5.04933e-62
105	rs1	1:1	2:0.24725	rs2	1:2	2:0.4585	0	1000	1	2.60895e-44	2.41707	0.173101	7.80859e-67	3.01626	0.174645	0.263331	-0.405465	0.362491	0.61712	0.163384	0.32681	8.57598e-30	7.42457	0.65488	0	0	4.79139e-57
106	rs1	1:1	2:0.23775	rs2	1:2	2:0.454	0	1000	1	1.2761e-51	2.70329	0.17884	1.61532e-50	2.66085	0.178012	0.892084	0.0457824	0.33746	0.441496	0.235651	0.306172	2.36306e-27	6.84352	0.631643	0	0	3.12714e-49
107	rs1	1:1	2:0.25175	rs2	1:2	2:0.46175	0	1000	1	2.20959e-49	2.57943	0.174612	3.59156e-64	2.97522	0.17591	0.0987592	0.459611	0.278401	0.611326	0.180126	0.354452	1.77395e-28	5.89308	0.532396	0	0	6.24379e-43
108	rs1	1:1	2:0.24625	rs2	1:2	2:0.45475	0	1000	1	3.88913e-51	2.46954	0.164175	1.33108e-57	2.64106	0.165093	0.513145	-0.202608	0.309822	0.14589	-0.554584	0.381367	2.6978e-34	7.30802	0.598453	0	0	1.00174e-62
109	rs1	1:1	2:0.24325	rs2	1:2	2:0.46575	0	1000	1	1.80838e-55	2.83031	0.180405	4.7572e-51	2.69901	0.17959	0.421807	0.27395	0.341035	0.121156	0.466322	0.300864	4.11149e-27	5.70405	0.528953	0	0	1.71587e-39
110	rs1	1:1	2:0.2465	rs2	1:2	2:0.47	0	1000	1	9.38607e-62	2.90113	0.174955	2.15054e-54	2.71127	0.174575	0.996658	0.00147167	0.35134	0.962771	-0.0156961	0.336277	5.052e-30	7.13436	0.626727	0	0	4.59613e-54
111	rs1	1:1	2:0.249	rs2	1:2	2:0.46775	0	1000	1	3.34192e-56	2.65842	0.168303	3.97525e-60	2.75339	0.168346	0.746018	-0.108575	0.335218	0.949496	0.0205476	0.324405	5.84676e-33	6.53374	0.546358	0	0	2.91723e-53
112	rs1	1:1	2:0.24375	rs2	1:2	2:0.46325	0	1000	1	6.09793e-58	2.81513	0.175441	6.94836e-49	2.57107	0.174963	0.856281	-0.0634722	0.350461	0.305936	-0.391976	0.382869	6.10023e-31	7.17748	0.620547	0	0	7.92067e-55
113	rs1	1:1	2:0.2445	rs2	1:2	2:0.45975	0	1000	1	1.34741e-58	2.69614	0.167053	1.41203e-51	2.52091	0.166848	0.779454	0.0851578	0.304101	0.5085	-0.220543	0.333562	3.39415e-33	6.641	0.553242	0	0	5.57174e-55
114	rs1	1:1	2:0.23875	rs2	1:2	2:0.464	0	1000	1	3.38791e-58	2.93965	0.182786	1.05323e-41	2.43364	0.179882	0.597184	-0.216793	0.41024	0.970302	0.0120483	0.323625	1.10837e-28	6.80411	0.612373	0	0	1.58991e-48
115	rs1	1:1	2:0.25325	rs2	1:2	2:0.45925	0	1000	1	2.5536e-43	2.3196	0.168089	1.58608e-72	3.05277	0.169491	0.724867	-0.105988	0.301137	0.813868	0.0797287	0.338639	5.99252e-33	6.62317	0.553931	0	0	4.48909e-54
116	rs1	1:1	2:0.243	rs2	1:2	2:0.47025	0	1000	1	1.94458e-69	3.06201	0.173845	1.15427e-41	2.33297	0.172527	0.944643	0.0244603	0.352273	0.209035	-0.45476	0.362006	3.8279e-32	7.0478	0.597189	0	0	1.69534e-55
117	rs1	1:1	2:0.25225	rs2	1:2	2:0.4755	0	1000	1	2.82487e-63	2.9449	0.175382	1.8668e-58	2.82656	0.175352	0.762458	0.102282	0.338399	0.362577	-0.371209	0.407714	1.50529e-30	7.21248	0.627795	0	0	8.61757e-55
118	rs1	1:1	2:0.25125	rs2	1:2	2:0.46425	0	1000	1	1.43241e-56	2.62449	0.165595	2.87309e-61	2.73903	0.165854	0.775217	0.0842603	0.295074	0.402201	-0.305204	0.364338	1.58331e-33	6.71932	0.556847	0	0	2.53603e-56
119	rs1	1:1	2:0.246	rs2	1:2	2:0.46	0	1000	1	1.40411e-55	2.6285	0.16737	3.36047e-57	2.67079	0.167556	0.736813	-0.108341	0.32237	0.624684	-0.163604	0.334416	7.30292e-33	7.05986	0.591268	0	0	2.89952e-58
120	rs1	1:1	2:0.24725	rs2	1:2	2:0.4685	0	1000	1	3.81197e-61	2.78652	0.168903	8.56433e-55	2.62893	0.168633	0.932244	-0.0286053	0.336446	0.918701	0.0319653	0.313169	1.27543e-32	6.52927	0.548966	0	0	7.62684e-53
121	rs1	1:1	2:0.246	rs2	1:2	2:0.46475	0	1000	1	1.58033e-55	2.72082	0.173332	2.56486e-56	2.74016	0.173294	0.47615	0.225212	0.316084	0.329992	0.29932	0.307269	7.62322e-30	5.95242	0.524554	0	0	7.91502e-45
122	rs1	1:1	2:0.248	rs2	1:2	2:0.4665	0	1000	1	1.3533e-55	2.79715	0.178082	3.38113e-58	2.87142	0.178543	0.604283	0.169076	0.326244	0.690959	-0.153501	0.386114	9.06017e-29	7.13976	0.641543	0	0	6.83013e-52
123	rs1	1:1	2:0.24375	rs2	1:2	2:0.458	0	1000	1	5.52018e-53	2.55918	0.167035	8.80304e-54	2.57994	0.167094	0.328775	-0.338602	0.346721	0.344512	-0.327907	0.346886	4.65297e-34	7.12832	0.585869	0	0	8.55113e-60
124	rs1	1:1	2:0.2485	rs2	1:2	2:0.4645	0	1000	1	1.01676e-52	2.61205	0.17093	5.57633e-60	2.79749	0.171259	0.741652	0.103568	0.314161	0.67668	0.136004	0.32615	3.31646e-31	6.13052	0.527648	0	0	8.47472e-48
125	rs1	1:1	2:0.24125	rs2	1:2	2:0.45675	0	1000	1	1.05065e-52	2.65334	0.173656	8.15952e-52	2.62634	0.173412	0.612336	0.159707	0.315165	0.4935	0.209424	0.305838	4.22542e-30	6.07442	0.532887	0	0	4.99043e-46
126	rs1	1:1	2:0.24425	rs2	1:2	2:0.46825	0	1000	1	1.2262e-67	2.97542	0.171225	3.07812e-50	2.5406	0.170458	0.613367	0.165101	0.326755	0.994646	-0.00209744	0.31255	2.9812e-31	6.75222	0.580703	0	0	2.69653e-53
127	rs1	1:1	2:0.24475	rs2	1:2	2:0.45825	0	1000	1	1.48926e-46	2.43345	0.169854	2.70024e-59	2.76772	0.170443	0.257331	-0.410742	0.362615	0.769739	0.0920189	0.314362	2.10823e-32	6.7213	0.567116	0	0	4.87885e-54
128	rs1	1:1	2:0.2445	rs2	1:2	2:0.465	0	1000	1	2.49099e-59	2.78414	0.171402	1.37907e-49	2.52752	0.170732	0.754704	-0.109335	0.349936	0.633174	-0.159533	0.334265	2.83151e-32	6.7417	0.570027	0	0	1.25348e-53
129	rs1	1:1	2:0.24875	rs2	1:2	2:0.46925	0	1000	1	2.59587e-62	2.95028	0.177096	1.21035e-56	2.80962	0.177158	0.106018	0.487286	0.301472	0.867886	0.0585637	0.352063	1.69392e-28	6.51684	0.588528	0	0	2.51789e-47
130	rs1	1:1	2:0.24375	rs2	1:2	2:0.463	0	1000	1	2.70092e-61	2.80633	0.16989	6.61483e-47	2.4309	0.169012	0.572513	0.178241	0.315832	0.936937	-0.0246996	0.312176	8.84489e-32	6.0384	0.51474	0	0	5.1608e-48
131	rs1	1:1	2:0.24725	rs2	1:2	2:0.46325	0	1000	1	1.63184e-56	2.81061	0.17743	7.06201e-56	2.80329	0.178007	0.171919	0.409701	0.299914	0.912271	-0.0404999	0.367598	2.17039e-28	6.60798	0.597958	0	0	9.81241e-48
132	rs1	1:1	2:0.24225	rs2	1:2	2:0.468	0	1000	1	2.98443e-72	3.06447	0.170472	4.67102e-42	2.29857	0.169153	0.302945	0.317674	0.30838	0.355485	-0.307071	0.332327	1.56167e-32	6.58194	0.554183	0	0	3.65893e-53
133	rs1	1:1	2:0.241	rs2	1:2	2:0.45625	0	1000	1	1.77814e-49	2.62112	0.177259	5.27315e-47	2.55023	0.177115	0.733738	-0.118986	0.349796	0.493843	-0.249664	0.364894	2.05329e-30	6.66399	0.581411	0	0	5.75705e-50
134	rs1	1:1	2:0.2495	rs2	1:2	2:0.47175	0	1000	1	2.87689e-54	2.73335	0.176209	8.45651e-61	2.89893	0.176232	0.534775	-0.238969	0.384977	0.686696	0.136644	0.338778	3.60862e-30	6.77124	0.593301	0	0	1.27418e-50
135	rs1	1:1	2:0.244	rs2	1:2	2:0.4615	0	1000	1	1.44009e-50	2.52536	0.168862	2.78239e-54	2.61278	0.168413	0.643652	-0.161531	0.349182	0.158431	0.39157	0.277637	5.83196e-30	5.67221	0.498832	0	0	3.33857e-44
136	rs1	1:1	2:0.24575	rs2	1:2	2:0.46625	0	1000	1	1.19888e-62	2.93197	0.175511	8.84016e-45	2.45985	0.1752	0.638589	0.153334	0.32647	0.0336619	-1.10655	0.520949	8.32072e-28	7.47987	0.684367	0	0	6.76537e-56
137	rs1	1:1	2:0.25125	rs2	1:2	2:0.47025	0	1000	1	1.62677e-53	2.67107	0.173441	1.45859e-61	2.87181	0.173465	0.647219	0.149293	0.326231	0.296231	0.332283	0.318111	1.87855e-29	5.78101	0.513026	0	0	3.2225e-43
138	rs1	1:1	2:0.244	rs2	1:2	2:0.45925	0	1000	1	2.79677e-58	2.75531	0.171198	8.10597e-49	2.51423	0.171217	0.140916	0.419531	0.284933	0.626837	-0.169593	0.348825	2.15202e-30	6.03073	0.526348	0	0	1.42441e-46
139	rs1	1:1	2:0.24675	rs2	1:2	2:0.45575	0	1000	1	2.01677e-48	2.45909	0.168171	3.98665e-58	2.71808	0.169116	0.601925	-0.167673	0.321437	0.574516	-0.195844	0.34884	3.43251e-33	6.75141	0.562484	0	0	2.70208e-55
140	rs1	1:1	2:0.25	rs2	1:2	2:0.46425	0	1000	1	6.86613e-57	2.67564	0.168332	1.4291e-58	2.72148	0.168661	0.732251	-0.110292	0.322366	0.0964706	-0.720918	0.433711	5.14053e-32	7.68059	0.652179	0	0	1.27696e-62
141	rs1	1:1	2:0.2505	rs2	1:2	2:0.4745	0	1000	1	5.48503e-54	2.69211	0.174015	7.28426e-59	2.81611	0.174077	0.0644879	-0.965968	0.522486	0.918339	0.0345833	0.337311	3.0219e-27	7.23222	0.66891	0	0	5.3506e-54
142	rs1	1:1	2:0.2425	rs2	1:2	2:0.4585	0	1000	1	1.25668e-55	2.61568	0.166479	5.89657e-54	2.56965	0.166149	0.990735	0.00363324	0.312883	0.726554	0.103249	0.295239	6.62948e-33	6.2813	0.525708	0	0	7.35261e-52
143	rs1	1:1	2:0.2445	rs2	1:2	2:0.45775	0	1000	1	2.42357e-50	2.5557	0.171287	1.74564e-54	2.66972	0.171752	0.593743	0.162734	0.305078	0.611654	0.160085	0.315307	1.60917e-30	5.85991	0.510319	0	0	3.91766e-45
144	rs1	1:1	2:0.253	rs2	1:2	2:0.4725	0	1000	1	6.07313e-57	2.73171	0.171777	3.0687e-63	2.882	0.171687	0.994623	-0.00227015	0.336859	0.806393	0.0828877	0.338203	1.26394e-31	6.40825	0.54768	0	0	3.48776e-50
145	rs1	1:1	2:0.245	rs2	1:2	2:0.46775	0	1000	1	1.6709e-60	2.86684	0.17472	2.52421e-52	2.65378	0.174337	0.579379	0.181101	0.326725	0.976161	-0.0100503	0.336332	2.17719e-30	6.62893	0.578609	0	0	3.09837e-50
146	rs1	1:1	2:0.243	rs2	1:2	2:0.46225	0	1000	1	8.3975e-59	2.71956	0.1682	4.37514e-53	2.5675	0.167414	0.546683	-0.210056	0.348502	0.977245	0.0086334	0.302688	2.14384e-32	6.98062	0.589066	0	0	3.84646e-57
147	rs1	1:1	2:0.2465	rs2	1:2	2:0.46725	0	1000	1	3.14281e-62	2.80983	0.168782	3.59731e-51	2.53473	0.168451	0.249481	-0.440657	0.382644	0.0795195	-0.70772	0.403609	4.86965e-33	7.96859	0.665498	0	0	1.17439e-65
148	rs1	1:1	2:0.244	rs2	1:2	2:0.46575	0	1000	1	9.52612e-62	2.87432	0.173348	9.96983e-49	2.53136	0.172549	0.591347	0.175482	0.326852	0.977941	-0.00894679	0.323575	5.24278e-31	6.36169	0.549399	0	0	5.17883e-49
149	rs1	1:1	2:0.24425	rs2	1:2	2:0.461	0	1000	1	1.6796e-51	2.66176	0.176304	4.52977e-54	2.73518	0.176659	0.971441	0.0120543	0.336703	0.921733	-0.0344657	0.350792	3.2978e-30	6.64095	0.581487	0	0	1.35366e-49
150	rs1	1:1	2:0.245	rs2	1:2	2:0.45625	0	1000	1	6.49598e-55	2.64186	0.169271	2.54942e-51	2.56216	0.170017	0.487624	0.200286	0.288559	0.151229	-0.581441	0.405128	2.896e-31	6.87942	0.591516	0	0	7.13394e-55
151	rs1	1:1	2:0.24125	rs2	1:2	2:0.45275	0	1000	1	2.69703e-57	2.81227	0.17628	2.0033e-46	2.53165	0.176963	0.0194888	0.630257	0.269796	0.417495	-0.311352	0.384018	1.31421e-27	6.48102	0.595242	0	0	8.26363e-47
152	rs1	1:1	2:0.2405	rs2	1:2	2:0.46	0	1000	1	5.38382e-68	3.00621	0.172529	5.56871e-42	2.32021	0.170907	0.00108945	0.864838	0.264772	0.566006	0.169815	0.295874	6.68713e-28	5.26919	0.48123	0	0	6.44375e-39
153	rs1	1:1	2:0.24075	rs2	1:2	2:0.455	0	1000	1	5.10441e-54	2.65382	0.171489	4.46766e-53	2.6234	0.171073	0.976854	-0.00939543	0.323826	0.717505	0.11007	0.304232	3.29534e-30	6.80935	0.596229	0	0	3.86892e-53
154	rs1	1:1	2:0.24325	rs2	1:2	2:0.455	0	1000	1	1.3479e-46	2.48638	0.173464	8.57453e-56	2.74891	0.17469	0.63549	-0.158428	0.334228	0.751929	-0.110638	0.350012	2.67901e-31	6.89121	0.592191	0	0	2.57499e-53
155	rs1	1:1	2:0.24775	rs2	1:2	2:0.46425	0	1000	1	3.55624e-49	2.60818	0.176943	1.28047e-61	2.94221	0.177633	0.445666	0.241069	0.31609	0.115993	0.488449	0.310754	2.83398e-28	5.80255	0.526217	0	0	1.26912e-41
156	rs1	1:1	2:0.24275	rs2	1:2	2:0.4595	0	1000	1	7.53802e-59	2.77832	0.171764	1.4228e-43	2.36428	0.170805	0.885697	0.0467345	0.325107	0.240497	-0.425377	0.362409	4.45206e-32	6.58311	0.558415	0	0	2.37109e-52
157	rs1	1:1	2:0.2455	rs2	1:2	2:0.46	0	1000	1	6.45169e-57	2.746	0.172716	4.46003e-53	2.65445	0.173097	0.792146	0.082695	0.313803	0.195528	-0.525045	0.405628	1.42255e-29	7.60779	0.673678	0	0	1.63401e-58
158	rs1	1:1	2:0.243	rs2	1:2	2:0.4645	0	1000	1	6.75826e-65	2.8306	0.166394	1.01886e-44	2.31935	0.165311	0.794474	-0.0875354	0.336022	0.377854	-0.282164	0.319965	2.50226e-34	6.57746	0.538357	0	0	1.24865e-55
159	rs1	1:1	2:0.23725	rs2	1:2	2:0.44975	0	1000	1	1.50997e-45	2.53534	0.178987	3.99353e-48	2.61563	0.179448	0.88461	-0.0487902	0.336189	0.978574	-0.00904984	0.336971	9.43412e-30	6.50532	0.574222	0	0	8.65035e-48
160	rs1	1:1	2:0.24275	rs2	1:2	2:0.46175	0	1000	1	4.75722e-52	2.59861	0.17118	4.70892e-55	2.66902	0.170787	0.292631	-0.403005	0.382951	0.660343	0.133882	0.304666	1.63113e-31	6.71388	0.574866	0	0	5.00054e-53
161	rs1	1:1	2:0.249	rs2	1:2	2:0.465	0	1000	1	8.88634e-53	2.57299	0.168277	5.46319e-63	2.82268	0.168496	0.433271	-0.272315	0.347515	0.937814	0.0253178	0.324515	3.85662e-33	6.86307	0.572247	0	0	3.02764e-56
162	rs1	1:1	2:0.23875	rs2	1:2	2:0.44875	0	1000	1	9.9931e-39	2.40973	0.185143	1.88658e-50	2.81195	0.188251	0.292817	-0.402713	0.382821	0.269456	-0.482756	0.437153	3.88408e-28	7.74935	0.70458	0	0	7.01988e-54
163	rs1	1:1	2:0.24675	rs2	1:2	2:0.47625	0	1000	1	1.02639e-61	3.01317	0.181771	5.7857e-50	2.69643	0.181427	0.922061	-0.0403376	0.412288	0.205847	0.390445	0.308636	1.20542e-26	6.14178	0.574841	0	0	4.82783e-42
164	rs1	1:1	2:0.24725	rs2	1:2	2:0.467	0	1000	1	5.54502e-63	2.8901	0.17253	8.76367e-60	2.81069	0.172358	0.302336	0.317322	0.30765	0.267037	0.331656	0.298813	6.92331e-28	6.68613	0.610813	0	0	2.4456e-50
165	rs1	1:1	2:0.2455	rs2	1:2	2:0.46	0	1000	1	8.10602e-48	2.49695	0.171877	4.86289e-59	2.7897	0.17218	0.240456	-0.448689	0.382238	0.657228	0.139767	0.314972	1.83983e-31	6.76619	0.579852	0	0	4.33267e-53
166	rs1	1:1	2:0.24475	rs2	1:2	2:0.45875	0	1000	1	8.59142e-53	2.65458	0.173588	5.42318e-49	2.56104	0.174082	0.761352	0.095404	0.314132	0.132207	-0.653975	0.434403	1.00411e-29	6.81181	0.601565	0	0	5.6703e-52
167	rs1	1:1	2:0.24125	rs2	1:2	2:0.4555	0	1000	1	2.68686e-57	2.69262	0.168778	1.55258e-52	2.56884	0.168406	0.536807	0.183156	0.296538	0.847681	0.0582829	0.303434	2.33848e-30	6.65775	0.581438	0	0	4.91922e-53
168	rs1	1:1	2:0.24825	rs2	1:2	2:0.46575	0	1000	1	1.21865e-59	2.83443	0.174029	1.81006e-56	2.75762	0.174157	0.106917	0.472449	0.293045	0.571653	0.184767	0.326663	3.11718e-29	6.07627	0.541376	0	0	3.23013e-45
169	rs1	1:1	2:0.24775	rs2	1:2	2:0.46475	0	1000	1	3.65508e-60	2.79683	0.170949	1.26418e-58	2.76157	0.171065	0.100912	0.468556	0.285627	0.352427	0.285573	0.307104	9.73243e-30	5.95573	0.525836	0	0	1.52477e-45
170	rs1	1:1	2:0.24425	rs2	1:2	2:0.46	0	1000	1	5.72422e-61	2.71195	0.164629	1.51632e-52	2.50848	0.164433	0.553202	-0.190586	0.321409	0.0796583	-0.665731	0.379838	3.20888e-31	8.12734	0.699343	0	0	1.28581e-68
171	rs1	1:1	2:0.2455	rs2	1:2	2:0.46325	0	1000	1	1.87218e-45	2.57337	0.181866	7.05154e-64	3.0861	0.182896	0.328039	-0.397918	0.406839	0.186843	0.421792	0.319545	5.99183e-26	7.5044	0.712366	0	0	8.88539e-52
172	rs1	1:1	2:0.2495	rs2	1:2	2:0.46475	0	1000	1	5.86356e-49	2.5999	0.176787	3.54751e-58	2.85165	0.177346	0.67731	0.135559	0.325755	0.748838	0.113086	0.353203	7.95619e-29	6.02021	0.540384	0	0	1.04008e-43
173	rs1	1:1	2:0.24475	rs2	1:2	2:0.46325	0	1000	1	2.19122e-54	2.67636	0.172341	1.69058e-57	2.75151	0.172157	0.964169	-0.0151109	0.336377	0.322416	0.295044	0.298173	1.9349e-30	6.46087	0.563437	0	0	1.00064e-49
174	rs1	1:1	2:0.246	rs2	1:2	2:0.467	0	1000	1	4.86896e-71	2.99247	0.16792	1.99577e-46	2.39598	0.167476	0.134604	0.427026	0.285409	0.206332	-0.45766	0.362154	2.24123e-32	6.63837	0.560361	0	0	2.60018e-54
175	rs1	1:1	2:0.24575	rs2	1:2	2:0.45825	0	1000	1	9.56679e-44	2.39891	0.172951	7.43649e-57	2.76253	0.173854	0.31641	-0.363857	0.363181	0.818358	-0.0805134	0.35058	4.67243e-31	6.5299	0.563445	0	0	1.56745e-50
176	rs1	1:1	2:0.25225	rs2	1:2	2:0.468	0	1000	1	1.15424e-49	2.65133	0.17895	5.36242e-70	3.17623	0.179589	0.915026	0.0359617	0.337034	0.225506	0.400605	0.330527	1.46196e-27	6.97728	0.641392	0	0	6.53206e-50
177	rs1	1:1	2:0.24375	rs2	1:2	2:0.45925	0	1000	1	1.22607e-58	2.70122	0.167307	1.70178e-51	2.51788	0.166783	0.911677	0.0347642	0.313406	0.840813	-0.06261	0.311719	4.86649e-33	6.53354	0.545647	0	0	6.66027e-54
178	rs1	1:1	2:0.25075	rs2	1:2	2:0.4635	0	1000	1	9.70601e-50	2.58938	0.174632	3.00513e-68	3.06238	0.175417	0.433366	0.239831	0.306123	0.037031	0.61734	0.296026	1.84111e-28	6.01538	0.543608	0	0	3.93129e-44
179	rs1	1:1	2:0.2475	rs2	1:2	2:0.46125	0	1000	1	1.1612e-51	2.55119	0.168708	7.11963e-55	2.63494	0.168891	0.157928	-0.538426	0.381301	0.194564	-0.495409	0.381908	2.83473e-33	7.43345	0.618492	0	0	3.32761e-61
180	rs1	1:1	2:0.251	rs2	1:2	2:0.46725	0	1000	1	4.39092e-63	2.84862	0.169913	8.92745e-61	2.79586	0.17	0.0849981	0.480981	0.279251	0.92768	0.0306158	0.33731	1.50013e-30	6.35307	0.552974	0	0	9.66037e-50
181	rs1	1:1	2:0.24225	rs2	1:2	2:0.44825	0	1000	1	3.7097e-41	2.26163	0.168323	2.67567e-60	2.79564	0.170679	0.247846	-0.382799	0.331257	0.908204	-0.0373763	0.324152	9.46199e-33	7.05039	0.591542	0	0	1.05148e-57
182	rs1	1:1	2:0.2495	rs2	1:2	2:0.46375	0	1000	1	1.71835e-53	2.56395	0.166524	1.54976e-60	2.73639	0.166723	0.749814	-0.102848	0.322524	0.978982	-0.00853727	0.324054	1.7696e-33	6.41239	0.531815	0	0	3.45016e-53
183	rs1	1:1	2:0.249	rs2	1:2	2:0.463	0	1000	1	1.21439e-43	2.47235	0.178466	6.18057e-66	3.08061	0.179617	0.95557	0.0187523	0.336582	0.0737918	0.558407	0.312325	2.49588e-28	5.95719	0.539681	0	0	1.89525e-42
184	rs1	1:1	2:0.2395	rs2	1:2	2:0.458	0	1000	1	6.74977e-57	2.7711	0.174326	2.53422e-45	2.44442	0.173013	0.49494	-0.249192	0.365131	0.255346	-0.412344	0.362512	1.14872e-31	7.39791	0.631824	0	0	6.46685e-58
185	rs1	1:1	2:0.24625	rs2	1:2	2:0.46	0	1000	1	2.60513e-57	2.71444	0.170125	2.30216e-54	2.64989	0.170671	0.216701	0.350256	0.283528	0.509393	-0.240781	0.36494	7.20612e-31	6.48624	0.561479	0	0	7.94759e-51
186	rs1	1:1	2:0.24025	rs2	1:2	2:0.45625	0	1000	1	5.89064e-55	2.72622	0.174606	7.75005e-47	2.50171	0.174068	0.921515	0.031983	0.324619	0.350234	-0.339581	0.363524	7.10984e-31	7.04656	0.609921	0	0	2.6209e-54
187	rs1	1:1	2:0.25125	rs2	1:2	2:0.47375	0	1000	1	2.01831e-68	3.0192	0.172718	8.04197e-52	2.61608	0.172723	0.100307	0.482551	0.293635	0.156598	-0.616061	0.434886	1.96262e-29	6.71189	0.595839	0	0	2.56506e-51
188	rs1	1:1	2:0.246	rs2	1:2	2:0.461	0	1000	1	1.35206e-49	2.58373	0.174513	7.28733e-62	2.90856	0.175243	0.888938	-0.0468819	0.335714	0.390017	0.272513	0.317028	7.65651e-30	6.67741	0.588462	0	0	2.80208e-50
189	rs1	1:1	2:0.24125	rs2	1:2	2:0.458	0	1000	1	4.60084e-56	2.671	0.169315	1.30633e-49	2.4988	0.16875	0.58105	0.168587	0.305493	0.800985	0.076568	0.303754	1.21937e-31	5.97058	0.510142	0	0	1.64288e-47
190	rs1	1:1	2:0.24675	rs2	1:2	2:0.46425	0	1000	1	7.95955e-56	2.67361	0.169854	3.14865e-58	2.7342	0.169963	0.336817	-0.34911	0.363477	0.383199	-0.317361	0.363939	3.66712e-32	7.66695	0.649453	0	0	6.92909e-62
191	rs1	1:1	2:0.24175	rs2	1:2	2:0.45425	0	1000	1	3.98717e-51	2.66531	0.177209	6.7927e-53	2.71981	0.177676	0.851732	0.060687	0.324687	0.974074	0.010947	0.336839	6.7728e-27	7.28383	0.678343	0	0	6.75602e-53
192	rs1	1:1	2:0.24575	rs2	1:2	2:0.4555	0	1000	1	3.24518e-39	2.271	0.173344	3.37483e-64	2.96586	0.175319	0.0718305	-0.725745	0.403149	0.912119	0.0372953	0.337925	1.87262e-31	7.3152	0.626983	0	0	4.58207e-57
193	rs1	1:1	2:0.249	rs2	1:2	2:0.467	0	1000	1	3.79342e-54	2.64402	0.170645	1.03494e-66	2.94692	0.170791	0.835993	-0.069489	0.33566	0.148063	0.422987	0.29244	1.50975e-30	6.60483	0.574916	0	0	1.1729e-51
194	rs1	1:1	2:0.2475	rs2	1:2	2:0.46175	0	1000	1	2.99339e-58	2.65415	0.164955	1.29147e-60	2.71278	0.165173	0.345646	0.266242	0.282315	0.515708	0.192904	0.296786	3.17889e-32	6.13219	0.518918	0	0	1.33303e-50
195	rs1	1:1	2:0.2415	rs2	1:2	2:0.45475	0	1000	1	1.60624e-66	2.78117	0.161423	1.46812e-48	2.34845	0.160367	0.0886182	0.445478	0.261625	0.910085	0.0314572	0.278551	2.35444e-32	6.06899	0.512478	0	0	6.1784e-52
196	rs1	1:1	2:0.244	rs2	1:2	2:0.4525	0	1000	1	9.43529e-35	2.14697	0.174598	1.26828e-66	3.0645	0.177727	0.0150325	-1.13783	0.467937	0.714924	0.119347	0.326753	3.72554e-29	8.0631	0.719406	0	0	2.14216e-61
197	rs1	1:1	2:0.24925	rs2	1:2	2:0.465	0	1000	1	1.10713e-58	2.69831	0.167062	4.84889e-54	2.58698	0.167134	0.490326	0.204851	0.296976	0.544226	-0.211309	0.348445	2.59711e-32	6.16529	0.520971	0	0	3.38797e-50
198	rs1	1:1	2:0.25075	rs2	1:2	2:0.46525	0	1000	1	4.51348e-55	2.64135	0.168987	5.29794e-66	2.90317	0.169183	0.842739	0.0622265	0.313656	0.267267	0.331811	0.299097	2.00029e-31	6.41314	0.549932	0	0	3.89763e-51
199	rs1	1:1	2:0.245	rs2	1:2	2:0.46975	0	1000	1	1.88793e-54	2.74941	0.176935	6.34214e-51	2.64584	0.176275	0.0899647	-0.887303	0.523302	0.833647	0.0682082	0.32476	1.62791e-26	7.11945	0.668092	0	0	1.2698e-51
200	rs1	1:1	2:0.24075	rs2	1:2	2:0.46525	0	1000	1	3.47043e-53	2.65347	0.172849	3.1921e-58	2.75838	0.171476	0.0504285	-1.02101	0.521908	0.0682575	0.486641	0.266901	1.89805e-26	7.53231	0.707785	0	0	5.73987e-56
201	rs1	1:1	2:0.24825	rs2	1:2	2:0.4605	0	1000	1	2.6946e-59	2.64795	0.163066	5.81873e-61	2.69339	0.163512	0.611055	0.142592	0.280379	0.521046	-0.214255	0.333869	2.11082e-31	7.1943	0.61716	0	0	7.49084e-61
202	rs1	1:1	2:0.2445	rs2	1:2	2:0.4675	0	1000	1	1.15185e-55	2.70301	0.171977	5.02919e-49	2.5215	0.171335	0.154273	-0.619641	0.434958	0.630813	-0.160663	0.334309	2.01538e-30	6.9085	0.602659	0	0	5.72569e-54
203	rs1	1:1	2:0.2415	rs2	1:2	2:0.45025	0	1000	1	2.12217e-46	2.51496	0.175845	1.08897e-57	2.86326	0.178843	0.370257	0.258991	0.289055	0.744887	0.110254	0.338837	7.32716e-26	6.97294	0.663109	0	0	6.70306e-50
204	rs1	1:1	2:0.24625	rs2	1:2	2:0.462	0	1000	1	6.1127e-44	2.35721	0.169552	1.41915e-66	2.92847	0.169902	0.109989	-0.645995	0.404191	0.0486009	0.540934	0.274297	2.69201e-30	6.47311	0.565917	0	0	5.82995e-51
205	rs1	1:1	2:0.2465	rs2	1:2	2:0.46025	0	1000	1	9.17059e-44	2.50655	0.180672	6.14072e-56	2.87256	0.182303	0.535949	-0.225781	0.364781	0.344205	-0.413833	0.437507	1.16203e-28	7.15644	0.644327	0	0	3.80042e-51
206	rs1	1:1	2:0.24475	rs2	1:2	2:0.4655	0	1000	1	9.28432e-67	3.10502	0.179889	2.15615e-41	2.41601	0.179279	0.00814733	0.752792	0.284512	0.180047	-0.58295	0.434839	8.44283e-27	6.42918	0.599888	0	0	3.32624e-45
207	rs1	1:1	2:0.246	rs2	1:2	2:0.47175	0	1000	1	1.75479e-55	2.86641	0.182683	1.11586e-53	2.8121	0.182311	0.975825	0.0117737	0.388523	0.201994	0.406897	0.318913	6.07956e-27	6.12404	0.569803	0	0	8.54715e-42
208	rs1	1:1	2:0.25	rs2	1:2	2:0.477	0	1000	1	2.42213e-59	2.81889	0.173523	1.3507e-58	2.80341	0.173701	0.0660735	-0.960493	0.522596	0.735156	-0.11831	0.349746	1.06313e-28	7.736	0.69601	0	0	5.00653e-59
209	rs1	1:1	2:0.25025	rs2	1:2	2:0.46975	0	1000	1	1.16738e-59	2.83114	0.173799	1.14719e-59	2.83174	0.173825	0.824825	-0.0775103	0.350181	0.638151	-0.17206	0.365862	1.04252e-30	7.39816	0.642185	0	0	5.47026e-57
210	rs1	1:1	2:0.24725	rs2	1:2	2:0.46075	0	1000	1	5.67914e-48	2.5012	0.171881	2.16495e-66	2.97808	0.173025	0.411418	-0.285096	0.347085	0.695246	0.12775	0.326103	1.44637e-28	7.57913	0.683589	0	0	2.50625e-58
211	rs1	1:1	2:0.2505	rs2	1:2	2:0.46375	0	1000	1	1.00556e-46	2.38344	0.166047	6.1729e-60	2.7144	0.166236	0.121611	-0.589469	0.380782	0.712945	-0.123379	0.335356	1.64067e-32	6.54588	0.551338	0	0	2.81971e-54
212	rs1	1:1	2:0.24425	rs2	1:2	2:0.464	0	1000	1	1.90251e-60	2.89587	0.176574	2.31434e-47	2.54737	0.176222	0.419467	0.255712	0.316731	0.234643	-0.482516	0.405993	1.07233e-29	6.9818	0.616891	0	0	4.20753e-52
213	rs1	1:1	2:0.249	rs2	1:2	2:0.46575	0	1000	1	8.91661e-55	2.64495	0.169689	1.20411e-55	2.66972	0.16989	0.94396	-0.0227492	0.323634	0.329909	-0.373556	0.38341	6.44233e-32	6.64122	0.564837	0	0	4.25999e-53
214	rs1	1:1	2:0.24975	rs2	1:2	2:0.4675	0	1000	1	1.32456e-53	2.66248	0.172735	1.73005e-58	2.78804	0.172912	0.692442	-0.13815	0.349267	0.651632	-0.165259	0.366024	1.60298e-31	6.77844	0.580319	0	0	9.48311e-53
215	rs1	1:1	2:0.2435	rs2	1:2	2:0.45775	0	1000	1	3.24583e-51	2.58405	0.171651	6.49707e-53	2.63254	0.171942	0.68726	-0.134753	0.334727	0.575182	-0.195378	0.348618	4.22571e-32	6.83685	0.579722	0	0	3.89637e-54
216	rs1	1:1	2:0.24875	rs2	1:2	2:0.46475	0	1000	1	1.11185e-63	2.84597	0.168935	3.87982e-55	2.6437	0.169033	0.0968177	0.463063	0.278873	0.653295	-0.156812	0.3491	3.82387e-31	6.36294	0.548227	0	0	1.79037e-50
217	rs1	1:1	2:0.24125	rs2	1:2	2:0.45775	0	1000	1	5.63899e-58	2.73564	0.170436	3.26234e-52	2.57831	0.169567	0.7418	0.103573	0.314362	0.624092	0.144891	0.295661	4.44984e-30	6.68382	0.586579	0	0	1.75874e-52
218	rs1	1:1	2:0.2495	rs2	1:2	2:0.4675	0	1000	1	1.83006e-52	2.70551	0.177491	1.13576e-56	2.81934	0.177726	0.320027	0.315704	0.317481	0.488727	0.235661	0.340386	8.2909e-28	5.70548	0.522005	0	0	1.59837e-40
219	rs1	1:1	2:0.2395	rs2	1:2	2:0.461	0	1000	1	5.88324e-62	2.82413	0.170024	1.60731e-43	2.32505	0.168078	0.950803	-0.0207959	0.337056	0.814914	-0.0705574	0.30141	1.21308e-32	6.37201	0.535556	0	0	1.3478e-51
220	rs1	1:1	2:0.2395	rs2	1:2	2:0.46275	0	1000	1	4.4017e-60	3.02658	0.18512	1.98459e-39	2.39091	0.181979	0.296942	0.358174	0.343403	0.588645	0.170194	0.314707	2.61535e-27	5.91338	0.546261	0	0	1.91081e-40
221	rs1	1:1	2:0.23925	rs2	1:2	2:0.461	0	1000	1	7.41541e-54	2.83998	0.183804	8.18486e-45	2.54996	0.181547	0.543985	-0.248536	0.409586	0.77913	0.0911275	0.32493	3.29916e-28	6.87152	0.623933	0	0	2.73541e-48
222	rs1	1:1	2:0.2465	rs2	1:2	2:0.46025	0	1000	1	9.83693e-50	2.55184	0.17211	2.07838e-56	2.7358	0.172874	0.459201	-0.257248	0.347556	0.228295	-0.489469	0.406279	9.5783e-32	7.3026	0.622864	0	0	1.69236e-57
223	rs1	1:1	2:0.251	rs2	1:2	2:0.4635	0	1000	1	3.88249e-50	2.4957	0.16762	3.34189e-61	2.77388	0.168056	0.437537	-0.258597	0.333089	0.19813	-0.52253	0.406038	6.58528e-33	7.06677	0.59142	0	0	2.88357e-58
224	rs1	1:1	2:0.24625	rs2	1:2	2:0.46725	0	1000	1	1.53962e-62	2.79221	0.167295	3.81983e-53	2.5627	0.167005	0.775827	-0.0955487	0.33554	0.510746	-0.219418	0.333626	9.91007e-34	6.90595	0.570493	0	0	1.69122e-57
225	rs1	1:1	2:0.24325	rs2	1:2	2:0.457	0	1000	1	1.37701e-52	2.6146	0.171319	2.08906e-53	2.63688	0.171402	0.9347	-0.0265076	0.323526	0.963175	-0.0149468	0.323733	1.40503e-31	6.67344	0.570783	0	0	1.26923e-52
226	rs1	1:1	2:0.248	rs2	1:2	2:0.46675	0	1000	1	1.02617e-53	2.62606	0.17019	5.30591e-60	2.77907	0.1701	0.973248	-0.0112857	0.336536	0.117635	0.446505	0.285348	2.05802e-30	5.86125	0.511384	0	0	2.01123e-45
227	rs1	1:1	2:0.2425	rs2	1:2	2:0.4575	0	1000	1	6.11742e-56	2.65705	0.168623	1.39858e-53	2.59699	0.168525	0.993709	0.00246609	0.31275	0.757522	-0.0995555	0.322462	1.93373e-31	6.99726	0.599873	0	0	1.45839e-56
228	rs1	1:1	2:0.24625	rs2	1:2	2:0.4725	0	1000	1	2.38656e-62	2.88405	0.173069	1.16401e-52	2.63831	0.172748	0.831763	-0.0780439	0.367368	0.722926	0.111433	0.314293	6.1352e-31	6.48236	0.560472	0	0	6.30155e-50
229	rs1	1:1	2:0.24725	rs2	1:2	2:0.4625	0	1000	1	5.52194e-54	2.7905	0.18038	5.58132e-51	2.72311	0.181321	0.26613	0.342251	0.307775	0.111042	-0.834526	0.523698	1.06239e-25	7.18602	0.68566	0	0	7.61943e-50
230	rs1	1:1	2:0.24125	rs2	1:2	2:0.467	0	1000	1	1.98095e-51	2.79094	0.184993	8.641e-52	2.7791	0.183544	0.154534	-0.746964	0.524665	0.210191	0.386452	0.308411	5.45925e-25	7.19268	0.696661	0	0	3.65773e-48
231	rs1	1:1	2:0.247	rs2	1:2	2:0.46825	0	1000	1	6.11363e-55	2.73434	0.175153	5.58274e-50	2.60116	0.174988	0.700896	0.13014	0.338806	0.866027	0.0569362	0.337485	1.55568e-28	5.80189	0.523601	0	0	1.83197e-42
232	rs1	1:1	2:0.24975	rs2	1:2	2:0.463	0	1000	1	2.64238e-49	2.55804	0.173306	2.99456e-59	2.82694	0.174158	0.241449	0.340458	0.290649	0.808434	0.0855659	0.352927	8.35138e-29	5.73948	0.515384	0	0	1.88002e-42
233	rs1	1:1	2:0.246	rs2	1:2	2:0.45775	0	1000	1	2.14142e-52	2.53403	0.166353	2.1822e-53	2.56639	0.166851	0.769119	-0.0914137	0.311432	0.179575	-0.512383	0.381787	2.25776e-33	6.78381	0.563558	0	0	1.29648e-56
234	rs1	1:1	2:0.24675	rs2	1:2	2:0.46425	0	1000	1	6.48749e-61	2.77534	0.168554	2.54972e-59	2.73543	0.168418	0.216532	0.359933	0.291254	0.17213	0.388122	0.284257	4.198e-30	6.0369	0.529569	0	0	2.38437e-47
235	rs1	1:1	2:0.24925	rs2	1:2	2:0.4625	0	1000	1	3.17364e-47	2.48158	0.171929	8.53178e-62	2.86404	0.172659	0.303312	-0.37369	0.363032	0.636508	-0.173019	0.366111	4.05194e-32	7.04255	0.596986	0	0	1.27928e-55
236	rs1	1:1	2:0.246	rs2	1:2	2:0.466	0	1000	1	1.14355e-44	2.534	0.180716	1.45158e-60	2.97281	0.181084	0.122688	-0.728654	0.472052	0.36609	0.297097	0.328712	2.35422e-27	7.02855	0.6487	0	0	1.1139e-49
237	rs1	1:1	2:0.25025	rs2	1:2	2:0.46825	0	1000	1	1.16403e-44	2.49777	0.178148	1.98367e-64	3.02532	0.178504	0.0425585	-1.05738	0.521387	0.943892	-0.0259092	0.368139	1.03912e-27	7.69148	0.70503	0	0	4.16712e-56
238	rs1	1:1	2:0.2465	rs2	1:2	2:0.46625	0	1000	1	7.43766e-68	2.90979	0.167172	8.72557e-48	2.42364	0.166888	0.145273	0.41533	0.285169	0.364099	-0.314911	0.346978	2.12425e-32	6.21848	0.524718	0	0	7.85844e-51
239	rs1	1:1	2:0.242	rs2	1:2	2:0.459	0	1000	1	2.60968e-54	2.6466	0.170547	8.10432e-52	2.57783	0.170204	0.200594	-0.488818	0.38193	0.25245	-0.414998	0.362627	3.47949e-32	7.79401	0.659968	0	0	6.79969e-63
240	rs1	1:1	2:0.2465	rs2	1:2	2:0.45875	0	1000	1	9.59143e-49	2.47197	0.16847	4.84578e-56	2.66682	0.169085	0.4942	-0.227959	0.333447	0.399533	-0.306933	0.364331	7.45662e-33	6.67001	0.558698	0	0	2.18026e-54
241	rs1	1:1	2:0.248	rs2	1:2	2:0.46825	0	1000	1	4.84647e-61	2.72929	0.16558	2.34789e-56	2.61552	0.165354	0.566632	-0.199844	0.348756	0.750621	0.0938298	0.295229	1.25922e-33	6.50793	0.538489	0	0	1.38736e-54
242	rs1	1:1	2:0.2435	rs2	1:2	2:0.45675	0	1000	1	3.71614e-52	2.6513	0.174465	9.91209e-56	2.76126	0.175577	0.914962	-0.0345067	0.323152	0.365894	-0.346881	0.383637	1.31524e-22	8.43252	0.861844	0	0	8.93069e-61
243	rs1	1:1	2:0.23825	rs2	1:2	2:0.459	0	1000	1	2.99713e-56	2.80741	0.177658	2.06725e-43	2.42287	0.175379	0.769992	-0.107409	0.367354	0.940895	0.0231859	0.31271	3.60551e-30	6.49778	0.569337	0	0	1.23354e-48
244	rs1	1:1	2:0.24975	rs2	1:2	2:0.46875	0	1000	1	3.12625e-50	2.5556	0.171476	1.62191e-73	3.11223	0.171594	0.083878	-0.749085	0.433344	0.0883664	0.487861	0.28629	9.61504e-28	7.78911	0.713518	0	0	1.03948e-59
245	rs1	1:1	2:0.2495	rs2	1:2	2:0.475	0	1000	1	1.63314e-69	3.24952	0.184388	1.38885e-55	2.89494	0.184327	0.0139648	0.753732	0.306623	0.399258	0.287572	0.341152	4.87084e-24	6.76206	0.668694	0	0	1.17188e-44
246	rs1	1:1	2:0.2485	rs2	1:2	2:0.461	0	1000	1	6.54975e-54	2.61776	0.169335	1.99147e-53	2.61705	0.170079	0.299643	0.293133	0.282619	0.143565	-0.635843	0.434722	2.29823e-29	6.47306	0.575348	0	0	2.09166e-50
247	rs1	1:1	2:0.24125	rs2	1:2	2:0.46	0	1000	1	2.36982e-52	2.74448	0.180247	5.77016e-53	2.75187	0.179646	0.394471	0.279514	0.328247	0.0727198	0.527456	0.293915	4.12158e-27	5.86182	0.543594	0	0	9.90923e-41
248	rs1	1:1	2:0.246	rs2	1:2	2:0.46475	0	1000	1	1.82875e-61	2.9154	0.176242	3.36772e-49	2.59387	0.175928	0.221522	0.377395	0.30871	0.615352	-0.183626	0.365462	1.23827e-29	6.4933	0.574369	0	0	3.36434e-48
249	rs1	1:1	2:0.24625	rs2	1:2	2:0.46925	0	1000	1	1.95978e-63	2.84182	0.169025	5.78059e-54	2.60913	0.168688	0.304257	-0.3937	0.38322	0.366009	-0.313658	0.346976	1.69225e-32	7.73096	0.651296	0	0	3.41404e-63
250	rs1	1:1	2:0.2385	rs2	1:2	2:0.465	0	1000	1	1.5876e-63	3.0266	0.179882	7.49775e-38	2.27274	0.176721	0.767646	-0.114542	0.387677	0.525441	-0.211603	0.333244	2.85955e-30	6.78657	0.593594	0	0	1.79637e-50
251	rs1	1:1	2:0.2445	rs2	1:2	2:0.46175	0	1000	1	5.2012e-57	2.61938	0.164613	1.52082e-51	2.48213	0.164335	0.323058	-0.34275	0.346844	0.230545	-0.414575	0.34578	4.41342e-35	7.01548	0.567691	0	0	1.38646e-60
252	rs1	1:1	2:0.248	rs2	1:2	2:0.4665	0	1000	1	2.11824e-53	2.5487	0.165679	2.25624e-66	2.85123	0.165678	0.154374	-0.543086	0.381314	0.304083	0.290728	0.282887	2.14428e-32	7.0968	0.598871	0	0	3.84549e-59
253	rs1	1:1	2:0.2355	rs2	1:2	2:0.45525	0	1000	1	4.06217e-60	2.96821	0.181496	2.70259e-42	2.42262	0.177759	0.136608	0.463063	0.311085	0.310472	0.293645	0.289525	1.55501e-26	6.2022	0.581784	0	0	2.02711e-43
254	rs1	1:1	2:0.2505	rs2	1:2	2:0.4635	0	1000	1	6.18344e-52	2.50967	0.165509	2.38525e-54	2.57262	0.165719	0.279938	-0.374219	0.346352	0.0605272	-0.812474	0.432873	2.64255e-32	7.10981	0.600858	0	0	1.61223e-59
255	rs1	1:1	2:0.24625	rs2	1:2	2:0.46725	0	1000	1	1.13255e-63	2.86515	0.170085	3.57782e-54	2.63098	0.169763	0.848363	0.0621397	0.324985	0.672577	-0.141405	0.334597	2.30333e-31	7.1276	0.611828	0	0	6.14473e-57
256	rs1	1:1	2:0.2465	rs2	1:2	2:0.46175	0	1000	1	2.63706e-53	2.6497	0.172404	1.21772e-52	2.63774	0.172744	0.772123	-0.0970832	0.335233	0.204665	-0.514779	0.405858	2.07491e-31	7.07258	0.606642	0	0	2.27101e-55
257	rs1	1:1	2:0.2395	rs2	1:2	2:0.45175	0	1000	1	7.18445e-58	2.81313	0.175428	1.91351e-43	2.41315	0.174605	0.0583346	0.531016	0.280489	0.765264	-0.100047	0.335081	4.51943e-29	6.0641	0.541879	0	0	4.58195e-45
258	rs1	1:1	2:0.239	rs2	1:2	2:0.45025	0	1000	1	2.99146e-50	2.59933	0.174376	6.30435e-49	2.57218	0.17496	0.920523	0.0312525	0.313229	0.391426	-0.312081	0.36414	3.61549e-30	7.1218	0.624027	0	0	1.5739e-54
259	rs1	1:1	2:0.25275	rs2	1:2	2:0.47725	0	1000	1	1.01244e-59	2.91751	0.179006	3.7034e-62	2.97796	0.178987	0.991996	0.00369686	0.368508	0.709808	0.13153	0.353468	1.26252e-29	6.77623	0.599486	0	0	2.06606e-49
260	rs1	1:1	2:0.246	rs2	1:2	2:0.46525	0	1000	1	3.10751e-60	2.90009	0.177153	7.16031e-53	2.70968	0.177054	0.210567	0.386492	0.308698	0.977543	-0.00987841	0.350924	8.1643e-29	6.59815	0.592382	0	0	3.57633e-48
261	rs1	1:1	2:0.24625	rs2	1:2	2:0.46325	0	1000	1	2.25029e-61	2.73112	0.165227	3.19706e-58	2.65299	0.164925	0.687285	0.122657	0.304705	0.384922	0.244987	0.281963	3.00211e-32	6.34138	0.536402	0	0	1.6039e-52
262	rs1	1:1	2:0.247	rs2	1:2	2:0.46375	0	1000	1	8.98917e-51	2.66368	0.177738	6.34419e-64	3.00912	0.178268	0.825516	0.0743952	0.33746	0.0799193	0.529381	0.302304	1.23423e-27	6.54839	0.601113	0	0	6.66874e-47
263	rs1	1:1	2:0.249	rs2	1:2	2:0.46275	0	1000	1	1.18908e-50	2.62907	0.175647	4.65583e-59	2.85988	0.176483	0.40138	0.257084	0.306359	0.799332	0.0896881	0.352809	2.44276e-29	6.14968	0.546867	0	0	2.91215e-45
264	rs1	1:1	2:0.2465	rs2	1:2	2:0.4605	0	1000	1	1.20537e-58	2.63541	0.163221	3.31569e-60	2.67374	0.163366	0.866873	0.0493704	0.294518	0.973064	0.0102305	0.302985	2.06779e-32	6.87186	0.579741	0	0	2.01183e-58
265	rs1	1:1	2:0.2425	rs2	1:2	2:0.45725	0	1000	1	2.84138e-56	2.75438	0.174265	1.52968e-47	2.52518	0.174343	0.326375	0.292786	0.298323	0.316116	-0.384025	0.383078	3.74277e-30	6.63361	0.581404	0	0	2.08321e-50
266	rs1	1:1	2:0.247	rs2	1:2	2:0.4705	0	1000	1	2.46075e-56	2.82191	0.178435	4.19465e-52	2.70621	0.178171	0.464086	-0.299087	0.408513	0.719239	-0.131654	0.366239	1.96832e-29	6.95772	0.617677	0	0	6.07569e-51
267	rs1	1:1	2:0.2475	rs2	1:2	2:0.4675	0	1000	1	2.08126e-49	2.55744	0.173076	4.64333e-59	2.80423	0.173046	0.144073	-0.634755	0.434528	0.53567	0.195593	0.315792	2.50319e-29	6.65218	0.591666	0	0	1.21375e-50
268	rs1	1:1	2:0.24875	rs2	1:2	2:0.4645	0	1000	1	2.67023e-48	2.49731	0.171009	2.54403e-60	2.80608	0.171284	0.233857	-0.455022	0.382217	0.992807	-0.00303695	0.336878	1.10297e-31	6.69722	0.571813	0	0	5.55736e-53
269	rs1	1:1	2:0.24925	rs2	1:2	2:0.4665	0	1000	1	4.16952e-50	2.53635	0.170405	6.23144e-55	2.66182	0.170521	0.242544	-0.446934	0.382436	0.321317	-0.380243	0.383404	5.5926e-31	6.77555	0.58542	0	0	1.59346e-53
270	rs1	1:1	2:0.24275	rs2	1:2	2:0.46225	0	1000	1	1.26474e-56	2.7415	0.172893	1.29437e-51	2.60362	0.172257	0.753444	-0.109874	0.349802	0.951756	-0.0195709	0.323474	2.23802e-31	6.82258	0.585522	0	0	3.4075e-53
271	rs1	1:1	2:0.2465	rs2	1:2	2:0.458	0	1000	1	1.19803e-40	2.35954	0.176756	2.11177e-64	3.02457	0.178498	0.393307	-0.310397	0.363618	0.169329	0.426236	0.310133	1.40112e-29	6.48995	0.574625	0	0	6.64189e-48
272	rs1	1:1	2:0.24075	rs2	1:2	2:0.4605	0	1000	1	2.96522e-50	2.67033	0.179132	2.55561e-52	2.71104	0.178109	0.617295	-0.192746	0.385733	0.135963	0.435863	0.29233	4.18031e-28	6.26579	0.570037	0	0	8.51779e-45
273	rs1	1:1	2:0.2465	rs2	1:2	2:0.46475	0	1000	1	6.1081e-56	2.76695	0.175597	2.67303e-59	2.85839	0.17602	0.488933	-0.252264	0.364539	0.282681	-0.436887	0.406665	3.84487e-17	9.55445	1.13507	0	0	1.80442e-65
274	rs1	1:1	2:0.2465	rs2	1:2	2:0.4675	0	1000	1	2.52782e-58	2.76623	0.171809	1.25006e-56	2.7196	0.171504	0.377935	-0.338369	0.383766	0.995428	0.00185586	0.323882	1.92782e-31	7.23908	0.62059	0	0	5.3578e-57
275	rs1	1:1	2:0.2435	rs2	1:2	2:0.45825	0	1000	1	7.077e-53	2.66031	0.173819	5.88252e-57	2.7688	0.174087	0.142621	0.42837	0.292184	0.0605666	0.538388	0.286888	6.13702e-28	5.56569	0.507949	0	0	1.52647e-40
276	rs1	1:1	2:0.242	rs2	1:2	2:0.462	0	1000	1	3.24076e-59	2.91428	0.179593	1.12266e-41	2.4095	0.178159	0.431228	0.258561	0.328502	0.47897	-0.257963	0.364375	2.19246e-29	6.391	0.567845	0	0	1.31788e-46
277	rs1	1:1	2:0.246	rs2	1:2	2:0.4555	0	1000	1	1.02316e-44	2.39937	0.171018	8.12698e-75	3.15708	0.172509	0.754846	0.0948469	0.303747	9.34918e-05	0.991906	0.253886	1.52814e-25	6.15126	0.588862	0	0	6.6827e-45
278	rs1	1:1	2:0.247	rs2	1:2	2:0.46125	0	1000	1	1.988e-55	2.69564	0.171887	1.40991e-51	2.60248	0.172245	0.120983	0.442241	0.285195	0.853792	-0.0645768	0.350423	3.41198e-29	5.73216	0.51108	0	0	3.74807e-43
279	rs1	1:1	2:0.24525	rs2	1:2	2:0.465	0	1000	1	6.40197e-60	2.80852	0.172023	7.87984e-56	2.70172	0.171633	0.718522	0.117399	0.325716	0.52687	0.193298	0.305468	2.25849e-30	6.60217	0.576433	0	0	4.78721e-51
280	rs1	1:1	2:0.254	rs2	1:2	2:0.47	0	1000	1	1.75859e-55	2.78932	0.177772	8.12439e-70	3.13982	0.177766	0.285221	0.329128	0.307981	0.228414	0.398121	0.33054	5.16503e-28	6.5697	0.598726	0	0	1.69627e-47
281	rs1	1:1	2:0.2445	rs2	1:2	2:0.455	0	1000	1	9.39669e-53	2.58888	0.169356	1.90879e-55	2.67062	0.170263	0.466231	0.210282	0.288601	0.826864	-0.0734393	0.33576	2.97324e-31	6.4978	0.558811	0	0	1.75118e-51
282	rs1	1:1	2:0.24875	rs2	1:2	2:0.46675	0	1000	1	2.11286e-59	2.82676	0.173918	5.32682e-53	2.66744	0.174075	0.55885	0.184403	0.31546	0.167632	-0.600087	0.434892	6.02969e-30	7.09631	0.624231	0	0	4.66209e-54
283	rs1	1:1	2:0.25	rs2	1:2	2:0.467	0	1000	1	1.62336e-62	2.78277	0.16676	1.12295e-58	2.69373	0.166787	0.0533136	0.529376	0.273951	0.343756	0.282405	0.298282	1.25151e-30	5.52114	0.47991	0	0	9.52754e-44
284	rs1	1:1	2:0.24425	rs2	1:2	2:0.465	0	1000	1	1.72406e-60	2.77408	0.169087	7.16175e-51	2.52631	0.168402	0.643966	-0.1614	0.349229	0.686613	-0.129902	0.321973	5.11545e-33	6.85063	0.572326	0	0	6.3428e-56
285	rs1	1:1	2:0.25425	rs2	1:2	2:0.4735	0	1000	1	1.37919e-55	2.75656	0.175512	5.23546e-69	3.07804	0.175315	0.340669	0.302774	0.317758	0.0249354	0.666284	0.297129	1.51847e-28	5.65092	0.509876	0	0	3.26842e-41
286	rs1	1:1	2:0.2395	rs2	1:2	2:0.45875	0	1000	1	8.50365e-62	2.7707	0.16703	4.46752e-49	2.43716	0.165514	0.644829	-0.154344	0.334834	0.707747	-0.112795	0.300881	2.46882e-31	7.31091	0.627882	0	0	1.6469e-60
287	rs1	1:1	2:0.24825	rs2	1:2	2:0.459	0	1000	1	4.08351e-50	2.5787	0.173234	3.20038e-63	2.92894	0.174509	0.261522	0.325914	0.290269	0.190544	0.404944	0.309361	7.50412e-29	6.05366	0.543133	0	0	5.54617e-45
288	rs1	1:1	2:0.2515	rs2	1:2	2:0.473	0	1000	1	5.45471e-62	2.9023	0.174683	5.70992e-58	2.80347	0.17467	0.371323	0.283602	0.317228	0.795391	-0.0951728	0.367015	2.22856e-30	6.51867	0.569085	0	0	2.7327e-49
289	rs1	1:1	2:0.244	rs2	1:2	2:0.47	0	1000	1	4.40642e-69	2.95784	0.168374	1.72795e-50	2.50412	0.167577	0.89452	0.0447888	0.337806	0.676707	0.119824	0.287375	3.53586e-32	6.59247	0.558291	0	0	1.49176e-53
290	rs1	1:1	2:0.244	rs2	1:2	2:0.46425	0	1000	1	4.66859e-62	2.86797	0.17252	5.47078e-50	2.55668	0.17198	0.114472	0.462695	0.29314	0.713663	0.115294	0.314204	6.35123e-30	5.95775	0.524286	0	0	2.62169e-45
291	rs1	1:1	2:0.24425	rs2	1:2	2:0.4555	0	1000	1	6.76161e-52	2.55325	0.168448	1.65912e-54	2.62925	0.169113	0.451346	0.217528	0.288816	0.975673	0.00988883	0.32429	1.42974e-31	5.99691	0.512984	0	0	9.53042e-48
292	rs1	1:1	2:0.24225	rs2	1:2	2:0.45475	0	1000	1	1.48973e-46	2.35196	0.164166	3.76587e-60	2.6883	0.164334	0.0744322	-0.677399	0.379719	0.543673	0.170684	0.281068	1.30244e-33	6.90188	0.571216	0	0	6.11932e-59
293	rs1	1:1	2:0.24575	rs2	1:2	2:0.46025	0	1000	1	1.50794e-51	2.53419	0.167775	1.81042e-55	2.63322	0.167843	0.258345	-0.410061	0.362786	0.596586	-0.176955	0.334309	1.5336e-33	6.8867	0.570595	0	0	5.00935e-57
294	rs1	1:1	2:0.246	rs2	1:2	2:0.46075	0	1000	1	1.02239e-47	2.53467	0.174664	4.36426e-60	2.87049	0.175567	0.604891	-0.180292	0.348471	0.812714	0.080098	0.338071	9.98006e-31	6.83045	0.592713	0	0	6.02543e-52
295	rs1	1:1	2:0.24475	rs2	1:2	2:0.4655	0	1000	1	1.51736e-60	2.74699	0.167356	8.52266e-52	2.52473	0.166734	0.62623	-0.170059	0.349168	0.980636	0.00734836	0.302749	3.31685e-33	6.52312	0.543336	0	0	7.56559e-54
296	rs1	1:1	2:0.24525	rs2	1:2	2:0.4645	0	1000	1	5.42766e-55	2.64795	0.169537	2.6314e-53	2.60155	0.16927	0.44345	-0.279376	0.36454	0.884507	-0.046957	0.323266	2.92879e-32	6.53061	0.552312	0	0	1.69944e-52
297	rs1	1:1	2:0.246	rs2	1:2	2:0.465	0	1000	1	2.95637e-51	2.7217	0.180721	3.42072e-57	2.886	0.18107	0.563009	-0.222663	0.384978	0.933313	-0.0307717	0.367743	1.01636e-28	7.37484	0.663277	0	0	1.01054e-52
298	rs1	1:1	2:0.25175	rs2	1:2	2:0.4825	0	1000	1	1.54839e-75	3.12475	0.169906	2.58755e-49	2.52524	0.171067	0.903181	0.0429048	0.352707	0.276617	-0.3956	0.363619	6.73672e-33	6.77812	0.567352	0	0	6.24293e-55
299	rs1	1:1	2:0.251	rs2	1:2	2:0.4665	0	1000	1	2.61871e-48	2.5124	0.172026	2.07242e-60	2.82548	0.172337	0.768612	-0.0986126	0.335199	0.771515	-0.106599	0.367085	1.46863e-30	6.28961	0.547364	0	0	1.74265e-48
300	rs1	1:1	2:0.24575	rs2	1:2	2:0.465	0	1000	1	2.66734e-60	2.8357	0.173122	6.71231e-58	2.77598	0.173065	0.357581	0.282392	0.306953	0.555745	0.185811	0.315376	3.42233e-28	6.81725	0.619191	0	0	2.79612e-51
301	rs1	1:1	2:0.2455	rs2	1:2	2:0.4545	0	1000	1	1.6406e-51	2.52202	0.167031	1.92869e-60	2.76167	0.1684	0.616079	-0.155579	0.310281	0.314082	-0.365912	0.363479	1.29673e-23	8.49831	0.848476	0	0	3.96628e-66
302	rs1	1:1	2:0.24625	rs2	1:2	2:0.469	0	1000	1	1.1287e-59	2.837	0.174137	5.52764e-58	2.79072	0.173854	0.994433	-0.00245098	0.351257	0.38471	0.26658	0.306678	6.26329e-30	6.72033	0.59133	0	0	6.84131e-51
303	rs1	1:1	2:0.24575	rs2	1:2	2:0.4575	0	1000	1	1.25866e-51	2.49476	0.165034	1.03836e-61	2.743	0.16548	0.996707	0.00124922	0.302664	0.385632	0.251314	0.289677	6.84826e-33	6.16682	0.516243	0	0	3.09365e-51
304	rs1	1:1	2:0.244	rs2	1:2	2:0.45375	0	1000	1	6.40271e-46	2.44203	0.171671	2.80714e-58	2.78896	0.173291	0.693177	-0.126989	0.321859	0.935104	-0.0274139	0.336676	2.85065e-31	6.8945	0.592744	0	0	5.28995e-54
305	rs1	1:1	2:0.24225	rs2	1:2	2:0.4635	0	1000	1	1.61404e-58	2.83038	0.175492	1.45502e-48	2.55793	0.174665	0.650943	-0.165627	0.366065	0.401262	-0.305389	0.363831	5.97596e-31	7.31622	0.632445	0	0	5.20237e-56
306	rs1	1:1	2:0.24375	rs2	1:2	2:0.457	0	1000	1	2.41314e-48	2.5736	0.176149	6.23188e-57	2.826	0.177724	0.748288	0.100712	0.313846	0.995906	-0.00180343	0.351491	5.33385e-29	6.88632	0.61616	0	0	7.85339e-51
307	rs1	1:1	2:0.24575	rs2	1:2	2:0.46675	0	1000	1	2.21895e-57	2.77055	0.173533	1.72852e-56	2.74403	0.173267	0.880894	-0.052518	0.350504	0.601836	0.164384	0.315055	1.1194e-30	6.68444	0.580541	0	0	3.08607e-51
308	rs1	1:1	2:0.24825	rs2	1:2	2:0.47175	0	1000	1	1.879e-60	2.85401	0.174014	5.14096e-62	2.89011	0.173912	0.946547	0.0235804	0.351717	0.124617	0.449621	0.292783	2.01439e-29	6.57611	0.583905	0	0	1.77801e-49
309	rs1	1:1	2:0.25275	rs2	1:2	2:0.46475	0	1000	1	5.6757e-44	2.41392	0.173565	1.14131e-65	2.98097	0.17417	0.324285	-0.358063	0.363261	0.883187	-0.0540672	0.367978	4.05004e-31	6.70768	0.578174	0	0	9.75308e-52
310	rs1	1:1	2:0.24625	rs2	1:2	2:0.4635	0	1000	1	6.83437e-53	2.62933	0.17177	1.04227e-53	2.65098	0.171816	0.0786948	-0.761618	0.433153	0.0831797	-0.750689	0.433291	1.98383e-31	8.1755	0.701014	0	0	8.38145e-65
311	rs1	1:1	2:0.23925	rs2	1:2	2:0.45325	0	1000	1	1.28583e-56	2.87239	0.181159	6.7717e-43	2.48497	0.180997	0.12003	0.455735	0.293144	0.15595	-0.616661	0.434628	1.46609e-26	7.28319	0.682833	0	0	4.36156e-51
312	rs1	1:1	2:0.2385	rs2	1:2	2:0.45475	0	1000	1	2.34566e-58	2.77993	0.172611	3.67346e-46	2.4417	0.171181	0.185772	0.386554	0.292138	0.605063	0.152939	0.295744	7.74944e-30	5.95439	0.524794	0	0	1.58713e-45
313	rs1	1:1	2:0.245	rs2	1:2	2:0.45975	0	1000	1	5.88255e-51	2.6367	0.175608	8.19408e-49	2.58856	0.176287	0.819114	-0.0767319	0.335536	0.0462154	-1.04013	0.521782	1.03315e-27	7.45548	0.683366	0	0	1.84727e-55
314	rs1	1:1	2:0.2465	rs2	1:2	2:0.46125	0	1000	1	6.59011e-57	2.69606	0.16959	1.18675e-54	2.64459	0.169865	0.667316	0.130936	0.30462	0.427739	-0.288917	0.364304	4.68523e-32	6.74177	0.572082	0	0	5.49399e-54
315	rs1	1:1	2:0.24575	rs2	1:2	2:0.4655	0	1000	1	1.25249e-60	2.80917	0.171023	4.95325e-47	2.45849	0.170693	0.316407	0.308439	0.307864	0.779206	-0.0939915	0.335259	3.99316e-30	5.77339	0.50626	0	0	1.96832e-44
316	rs1	1:1	2:0.2435	rs2	1:2	2:0.46025	0	1000	1	3.12463e-53	2.65372	0.172789	2.59605e-52	2.62517	0.172479	0.46576	-0.265952	0.36462	0.765512	-0.099967	0.335179	9.19611e-32	6.91321	0.589479	0	0	3.4416e-54
317	rs1	1:1	2:0.24425	rs2	1:2	2:0.46825	0	1000	1	3.96816e-65	2.88301	0.169165	2.88405e-53	2.58658	0.16836	0.853878	0.0622392	0.337939	0.247343	0.319596	0.276269	3.28979e-31	6.27377	0.539946	0	0	8.31735e-50
318	rs1	1:1	2:0.25175	rs2	1:2	2:0.458	0	1000	1	3.56837e-42	2.42489	0.17819	1.64264e-68	3.17452	0.181482	0.214597	0.351334	0.283101	0.396631	0.302544	0.356919	1.18909e-27	6.18514	0.567592	0	0	1.78787e-43
319	rs1	1:1	2:0.247	rs2	1:2	2:0.46175	0	1000	1	1.70134e-50	2.61053	0.174686	3.92704e-57	2.79033	0.175162	0.948624	-0.0216615	0.336174	0.82744	0.0736487	0.33786	1.47603e-30	6.47514	0.563531	0	0	5.51509e-49
320	rs1	1:1	2:0.2495	rs2	1:2	2:0.4625	0	1000	1	3.54461e-59	2.74524	0.169233	2.09955e-55	2.65995	0.169648	0.374933	0.256835	0.289466	0.194119	-0.526826	0.405722	3.88947e-31	6.99946	0.603145	0	0	9.5182e-56
321	rs1	1:1	2:0.24875	rs2	1:2	2:0.471	0	1000	1	1.20085e-63	2.93024	0.173984	4.66938e-58	2.79388	0.173938	0.881666	0.0502352	0.337471	0.576786	-0.203924	0.365399	1.84524e-28	7.71844	0.697526	0	0	1.7028e-58
322	rs1	1:1	2:0.24375	rs2	1:2	2:0.4605	0	1000	1	1.71851e-59	2.88619	0.177436	5.46733e-49	2.61116	0.177495	0.200046	0.38401	0.299676	0.28046	-0.438754	0.406523	1.1875e-27	7.27408	0.667513	0	0	9.15779e-53
323	rs1	1:1	2:0.239	rs2	1:2	2:0.4645	0	1000	1	2.0792e-62	3.05657	0.18333	6.80937e-35	2.22385	0.180463	0.774833	-0.110924	0.387766	0.0682655	-0.788567	0.432506	2.91628e-29	7.35172	0.65467	0	0	2.63518e-53
324	rs1	1:1	2:0.244	rs2	1:2	2:0.45425	0	1000	1	2.43161e-57	2.77208	0.17369	6.564e-54	2.70901	0.175239	0.0193892	0.616703	0.263778	0.688659	-0.146713	0.366165	2.1699e-25	6.94106	0.666596	0	0	6.60131e-50
325	rs1	1:1	2:0.24625	rs2	1:2	2:0.4655	0	1000	1	1.28069e-62	2.95619	0.177003	6.84598e-53	2.70994	0.177037	0.0336473	0.612064	0.288129	0.951126	0.0215378	0.351393	6.58755e-28	6.37257	0.581928	0	0	6.93774e-46
326	rs1	1:1	2:0.244	rs2	1:2	2:0.45725	0	1000	1	1.27633e-52	2.50085	0.163812	5.25069e-61	2.70286	0.164025	0.512406	-0.210279	0.32099	0.604338	0.149229	0.28799	3.88321e-33	6.78618	0.565862	0	0	1.13646e-57
327	rs1	1:1	2:0.249	rs2	1:2	2:0.47125	0	1000	1	1.49648e-53	2.8048	0.182061	5.94108e-66	3.12369	0.182104	0.901885	0.0454624	0.368771	0.0157745	0.718465	0.297613	2.34302e-26	6.54036	0.615711	0	0	1.09794e-44
328	rs1	1:1	2:0.252	rs2	1:2	2:0.46725	0	1000	1	9.8813e-52	2.62895	0.173728	1.3285e-64	2.95302	0.173996	0.669601	0.134264	0.314661	0.809639	0.0849932	0.352828	1.44232e-30	6.33174	0.550955	0	0	3.76502e-48
329	rs1	1:1	2:0.24225	rs2	1:2	2:0.45925	0	1000	1	1.30645e-56	2.7688	0.174637	4.30527e-49	2.5585	0.173725	0.788593	-0.0938732	0.350092	0.728202	-0.116346	0.334791	7.17173e-31	7.01376	0.607122	0	0	6.10795e-54
330	rs1	1:1	2:0.245	rs2	1:2	2:0.459	0	1000	1	1.9141e-52	2.53202	0.166141	1.31084e-55	2.6129	0.16633	0.30119	-0.358199	0.346459	0.362476	-0.316087	0.347098	2.21502e-34	7.04488	0.576148	0	0	1.34468e-59
331	rs1	1:1	2:0.248	rs2	1:2	2:0.464	0	1000	1	8.73202e-51	2.54663	0.169906	6.47289e-62	2.82693	0.170252	0.185053	-0.505726	0.381577	0.836068	-0.069489	0.335816	2.45473e-32	7.41119	0.626	0	0	8.70308e-60
332	rs1	1:1	2:0.2445	rs2	1:2	2:0.466	0	1000	1	6.41927e-49	2.68557	0.182688	3.01407e-57	2.91051	0.182517	0.533668	-0.254492	0.408877	0.123507	0.477876	0.310265	3.42252e-27	6.51789	0.603479	0	0	6.9541e-45
333	rs1	1:1	2:0.25425	rs2	1:2	2:0.471	0	1000	1	1.42657e-52	2.72023	0.178267	1.13238e-68	3.12235	0.178283	0.69204	0.129095	0.325926	0.787335	0.0998249	0.370034	2.36158e-29	6.88018	0.611666	0	0	2.3838e-50
334	rs1	1:1	2:0.2435	rs2	1:2	2:0.46375	0	1000	1	2.00408e-63	2.89237	0.172045	2.16135e-47	2.47592	0.171223	0.945145	-0.0231576	0.336573	0.166085	-0.527941	0.381214	1.84827e-31	7.52677	0.645055	0	0	1.19831e-59
335	rs1	1:1	2:0.246	rs2	1:2	2:0.45725	0	1000	1	2.04536e-54	2.59709	0.167188	4.87303e-57	2.67347	0.167969	0.569387	0.163814	0.28792	0.54905	-0.208816	0.3485	3.15739e-32	6.68959	0.566059	0	0	1.5651e-54
336	rs1	1:1	2:0.24775	rs2	1:2	2:0.4645	0	1000	1	4.19955e-57	2.82648	0.177479	1.04819e-45	2.5224	0.177752	0.290185	0.325596	0.30783	0.0359787	-1.25166	0.596835	2.19738e-23	7.13436	0.716035	0	0	6.1359e-50
337	rs1	1:1	2:0.243	rs2	1:2	2:0.4575	0	1000	1	4.91651e-51	2.54014	0.169043	4.82457e-62	2.81932	0.169613	0.744837	-0.104869	0.322224	0.312942	0.292814	0.290183	8.8377e-28	7.1561	0.655073	0	0	8.76999e-56
338	rs1	1:1	2:0.248	rs2	1:2	2:0.46275	0	1000	1	6.63166e-51	2.54179	0.169376	1.43554e-56	2.68983	0.169719	0.432686	-0.272644	0.347493	0.299751	-0.397348	0.383183	2.02126e-32	6.86495	0.579064	0	0	1.85595e-55
339	rs1	1:1	2:0.2445	rs2	1:2	2:0.4625	0	1000	1	6.93557e-53	2.56107	0.167321	6.45793e-59	2.70178	0.166933	0.115606	-0.636418	0.404463	0.533141	0.179679	0.288307	4.51532e-32	7.09984	0.602307	0	0	2.85326e-58
340	rs1	1:1	2:0.2465	rs2	1:2	2:0.46175	0	1000	1	6.87375e-51	2.67229	0.178101	5.55902e-61	2.95096	0.179119	0.16698	0.414388	0.299853	0.101553	0.509283	0.311038	3.13209e-27	5.9318	0.5488	0	0	1.15691e-41
341	rs1	1:1	2:0.2455	rs2	1:2	2:0.46475	0	1000	1	1.06849e-59	2.90005	0.17797	8.93884e-50	2.63584	0.177699	0.165503	0.429298	0.30956	0.986314	-0.00602049	0.350965	8.67773e-29	6.18583	0.555636	0	0	1.02709e-44
342	rs1	1:1	2:0.24525	rs2	1:2	2:0.46425	0	1000	1	5.49876e-67	2.9542	0.170852	3.1093e-51	2.56584	0.17041	0.0181817	0.652253	0.276156	0.557861	0.178879	0.305243	2.07601e-29	5.85352	0.519867	0	0	1.07597e-44
343	rs1	1:1	2:0.244	rs2	1:2	2:0.46225	0	1000	1	7.753e-61	2.78339	0.169154	2.28423e-47	2.43681	0.168562	0.750354	0.100068	0.31451	0.361563	-0.316447	0.346833	8.48717e-33	6.54599	0.548805	0	0	3.29192e-53
344	rs1	1:1	2:0.245	rs2	1:2	2:0.463	0	1000	1	6.87586e-61	2.85536	0.173451	8.48062e-53	2.64705	0.173086	0.0214746	0.648913	0.282193	0.136938	0.434669	0.292256	9.2514e-28	5.4127	0.49567	0	0	2.14376e-39
345	rs1	1:1	2:0.24625	rs2	1:2	2:0.45875	0	1000	1	1.19134e-50	2.44692	0.163479	2.57901e-58	2.63481	0.163659	0.545896	-0.194045	0.321309	0.728899	0.10243	0.295535	5.06015e-34	6.121	0.503361	0	0	3.72801e-52
346	rs1	1:1	2:0.2435	rs2	1:2	2:0.46025	0	1000	1	2.39206e-53	2.62349	0.170629	1.63985e-48	2.49399	0.170394	0.79546	-0.0870114	0.335658	0.490128	-0.240141	0.347977	1.11687e-31	6.32543	0.540118	0	0	3.89553e-50
347	rs1	1:1	2:0.24525	rs2	1:2	2:0.463	0	1000	1	2.12116e-54	2.70567	0.174205	5.16292e-56	2.74708	0.174218	0.977064	0.00968019	0.336705	0.739121	0.108388	0.325471	1.66754e-30	6.64056	0.578458	0	0	1.60248e-50
348	rs1	1:1	2:0.24025	rs2	1:2	2:0.457	0	1000	1	3.34573e-56	2.82194	0.178656	1.03571e-48	2.61036	0.177965	0.0706066	0.532209	0.294363	0.317472	0.30711	0.307213	2.96755e-27	5.89057	0.544737	0	0	1.3998e-41
349	rs1	1:1	2:0.24925	rs2	1:2	2:0.4655	0	1000	1	2.16648e-59	2.80754	0.172752	2.69088e-60	2.83566	0.173125	0.10754	0.459279	0.285382	0.762503	0.102214	0.338236	3.04713e-29	6.42891	0.572692	0	0	1.65867e-48
350	rs1	1:1	2:0.2475	rs2	1:2	2:0.46325	0	1000	1	1.58609e-53	2.66158	0.172807	3.14236e-63	2.90993	0.173365	0.954279	0.0185764	0.324002	0.641091	0.152108	0.32629	4.2435e-29	7.09326	0.633527	0	0	4.47576e-54
