Outcome	Var1_ID	Var1_Pos	Var1_MAF	Var2_ID	Var2_Pos	Var2_MAF	Num_Missing	Num_Cases	Converged	Red_Var1_Pval	Red_Var1_beta	Red_Var1_SE	Red_Var2_Pval	Red_Var2_beta	Red_Var2_SE	Full_Var1_Pval	Full_Var1_beta	Full_Var1_SE	Full_Var2_Pval	Full_Var2_beta	Full_Var2_SE	Full_Var1_Var2_Pval	Full_Var1_Var2_beta	Full_Var1_Var2_SE	Red_Model_Pval	Full_Model_Pval	Overall_Pval_(LRT)
1	rs1	1:1	2:0.239	rs2	1:2	2:0.45275	0	1000	0	0.999982	-28.263	1.26697e+06	3.57311e-29	8.00019	0.713558	0.999982	-28.263	1.26697e+06	3.57311e-29	8.00019	0.713558	nan	nan	nan	1	0	1
2	rs1	1:1	2:0.24325	rs2	1:2	2:0.4585	0	1000	0	0.999986	-28.2181	1.55172e+06	3.20086e-18	8.74518	1.00472	0.999986	-28.2181	1.55172e+06	3.20086e-18	8.74518	1.00472	nan	nan	nan	1	0	1
3	rs1	1:1	2:0.24725	rs2	1:2	2:0.46475	0	1000	1	0.57342	0.631634	1.12187	2.54702e-39	7.68436	0.585721	0.57342	0.631634	1.12187	2.54702e-39	7.68436	0.585721	nan	nan	nan	0	0	1
4	rs1	1:1	2:0.24875	rs2	1:2	2:0.463	0	1000	0	0.999979	-28.2044	1.09723e+06	0.999656	32.2014	74621.9	0.999979	-28.2044	1.09723e+06	0.999656	32.2014	74621.9	nan	nan	nan	1	0	1
5	rs1	1:1	2:0.2475	rs2	1:2	2:0.4625	0	1000	0	0.999986	-28.1743	1.55172e+06	7.54726e-30	8.10275	0.713995	0.999986	-28.1743	1.55172e+06	7.54726e-30	8.10275	0.713995	nan	nan	nan	1	0	1
6	rs1	1:1	2:0.246	rs2	1:2	2:0.45975	0	1000	0	0.99999	-28.322	2.19446e+06	1.01882e-28	7.9306	0.713275	0.99999	-28.322	2.19446e+06	1.01882e-28	7.9306	0.713275	nan	nan	nan	1	0	1
7	rs1	1:1	2:0.2455	rs2	1:2	2:0.458	0	1000	0	0.999979	-28.275	1.09723e+06	1.17788e-60	6.8884	0.419273	0.999979	-28.275	1.09723e+06	1.17788e-60	6.8884	0.419273	nan	nan	nan	1	0	1
8	rs1	1:1	2:0.2415	rs2	1:2	2:0.45625	0	1000	1	0.45595	0.863493	1.15822	4.04316e-18	8.71787	1.00464	0.45595	0.863493	1.15822	4.04316e-18	8.71787	1.00464	nan	nan	nan	0	0	1
9	rs1	1:1	2:0.24325	rs2	1:2	2:0.46675	0	1000	1	0.422619	0.928933	1.15844	7.81474e-30	8.10059	0.713996	0.422619	0.928933	1.15844	7.8122e-30	8.10059	0.713995	nan	nan	nan	0	0	1
10	rs1	1:1	2:0.24675	rs2	1:2	2:0.46125	0	1000	0	0.999979	-28.2346	1.09723e+06	3.76068e-18	8.72636	1.00467	0.999979	-28.2346	1.09723e+06	3.76068e-18	8.72636	1.00467	nan	nan	nan	1	0	1
11	rs1	1:1	2:0.24925	rs2	1:2	2:0.45975	0	1000	0	0.99999	-28.2034	2.19446e+06	1.25736e-29	8.06906	0.713839	0.99999	-28.2034	2.19446e+06	1.25736e-29	8.06906	0.713839	nan	nan	nan	1	0	1
12	rs1	1:1	2:0.251	rs2	1:2	2:0.47	0	1000	0	0.999982	-28.0803	1.26697e+06	2.02808e-40	7.80506	0.586411	0.999982	-28.0803	1.26697e+06	2.02808e-40	7.80506	0.586411	nan	nan	nan	1	0	1
13	rs1	1:1	2:0.248	rs2	1:2	2:0.46425	0	1000	0	0.999977	-28.0907	981393	2.59234e-40	7.79354	0.586354	0.999977	-28.0907	981393	2.59234e-40	7.79354	0.586354	nan	nan	nan	1	0	1
14	rs1	1:1	2:0.2515	rs2	1:2	2:0.46925	0	1000	0	0.999988	32.3912	2.19469e+06	4.38176e-19	8.9761	1.00551	0.999988	32.3912	2.19469e+06	4.38176e-19	8.9761	1.00551	nan	nan	nan	1	0	1
15	rs1	1:1	2:0.247	rs2	1:2	2:0.46975	0	1000	1	nan	nan	nan	3.42297e-40	7.77976	0.586235	nan	nan	nan	nan	nan	nan	nan	nan	nan	0	1	1
16	rs1	1:1	2:0.25025	rs2	1:2	2:0.47125	0	1000	0	0.999986	-28.0265	1.55172e+06	5.80249e-31	8.27106	0.714829	0.999986	-28.0265	1.55172e+06	5.80249e-31	8.27106	0.714829	nan	nan	nan	1	0	1
17	rs1	1:1	2:0.2505	rs2	1:2	2:0.4735	0	1000	0	0.99998	-28.0728	1.09723e+06	1.69872e-40	7.81363	0.586471	0.99998	-28.0728	1.09723e+06	1.69872e-40	7.81363	0.586471	nan	nan	nan	1	0	1
18	rs1	1:1	2:0.24775	rs2	1:2	2:0.472	0	1000	0	0.999986	-28.0537	1.55172e+06	1.08102e-40	7.835	0.586592	0.999986	-28.0537	1.55172e+06	1.08102e-40	7.835	0.586592	nan	nan	nan	1	0	1
19	rs1	1:1	2:0.247	rs2	1:2	2:0.457	0	1000	0	0.999982	-28.1657	1.26697e+06	0.999654	32.2401	74407.1	0.999982	-28.1657	1.26697e+06	0.999654	32.2401	74407.1	nan	nan	nan	1	0	1
20	rs1	1:1	2:0.24525	rs2	1:2	2:0.467	0	1000	0	0.999982	-28.1154	1.26697e+06	2.25167e-56	7.25461	0.458561	0.999982	-28.1154	1.26697e+06	2.25167e-56	7.25461	0.458561	nan	nan	nan	1	0	1
21	rs1	1:1	2:0.243	rs2	1:2	2:0.4605	0	1000	0	0.999977	-28.2074	981393	1.34133e-29	8.06504	0.713842	0.999977	-28.2074	981393	1.34133e-29	8.06504	0.713842	nan	nan	nan	1	0	1
22	rs1	1:1	2:0.24775	rs2	1:2	2:0.475	0	1000	0	0.999986	-28.0353	1.55172e+06	6.75441e-31	8.26112	0.714776	0.999986	-28.0353	1.55172e+06	6.75441e-31	8.26112	0.714776	nan	nan	nan	1	0	1
23	rs1	1:1	2:0.24175	rs2	1:2	2:0.45625	0	1000	0	0.999986	-28.2171	1.55172e+06	0.999656	32.1887	74708.3	0.999986	-28.2171	1.55172e+06	0.999656	32.1887	74708.3	nan	nan	nan	1	0	1
24	rs1	1:1	2:0.247	rs2	1:2	2:0.461	0	1000	0	0.99999	-28.1324	2.19446e+06	0.999653	32.2734	74236.6	0.99999	-28.1324	2.19446e+06	0.999653	32.2734	74236.6	nan	nan	nan	1	0	1
25	rs1	1:1	2:0.2505	rs2	1:2	2:0.46325	0	1000	0	0.999975	-28.1707	895885	7.04484e-30	8.10753	0.714038	0.999975	-28.1707	895885	7.04484e-30	8.10753	0.714038	nan	nan	nan	1	0	1
26	rs1	1:1	2:0.24225	rs2	1:2	2:0.45775	0	1000	0	0.99999	-28.254	2.19446e+06	3.0577e-29	8.01038	0.71359	0.99999	-28.254	2.19446e+06	3.0577e-29	8.01038	0.71359	nan	nan	nan	1	0	1
27	rs1	1:1	2:0.24525	rs2	1:2	2:0.46475	0	1000	1	0.14178	2.08246	1.41742	1.45727e-48	7.47039	0.51011	0.14178	2.08246	1.41742	1.45727e-48	7.47039	0.51011	nan	nan	nan	0	0	1
28	rs1	1:1	2:0.244	rs2	1:2	2:0.45825	0	1000	0	0.999982	-28.2479	1.26697e+06	4.29464e-18	8.71076	1.00462	0.999982	-28.2479	1.26697e+06	4.29464e-18	8.71076	1.00462	nan	nan	nan	1	0	1
29	rs1	1:1	2:0.25075	rs2	1:2	2:0.458	0	1000	1	0.840902	0.217615	1.08406	1.0694e-29	8.08011	0.71392	0.840902	0.217615	1.08406	1.0694e-29	8.08011	0.71392	nan	nan	nan	0	0	1
30	rs1	1:1	2:0.25225	rs2	1:2	2:0.4625	0	1000	1	0.407342	0.959943	1.15854	4.54848e-30	8.1362	0.714161	0.407342	0.959943	1.15854	4.54694e-30	8.1362	0.714159	nan	nan	nan	0	0	1
31	rs1	1:1	2:0.249	rs2	1:2	2:0.46375	0	1000	0	0.287124	1.30733	1.22817	0.999656	32.2034	74665	0.287124	1.30733	1.22817	0.999656	32.2034	74665	nan	nan	nan	1	0	1
32	rs1	1:1	2:0.24125	rs2	1:2	2:0.45575	0	1000	1	0.164423	1.97028	1.41711	2.13912e-29	8.03406	0.713695	0.164423	1.97028	1.41711	2.13851e-29	8.03406	0.713693	nan	nan	nan	0	0	1
33	rs1	1:1	2:0.249	rs2	1:2	2:0.4665	0	1000	0	0.999986	-28.1305	1.55172e+06	3.809e-56	7.2372	0.458421	0.999986	-28.1305	1.55172e+06	3.809e-56	7.2372	0.458421	nan	nan	nan	1	0	1
34	rs1	1:1	2:0.2485	rs2	1:2	2:0.4625	0	1000	1	nan	nan	nan	5.58452e-30	8.12244	0.714074	nan	nan	nan	nan	nan	nan	nan	nan	nan	0	1	1
35	rs1	1:1	2:0.247	rs2	1:2	2:0.47075	0	1000	0	0.999986	-28.0527	1.55172e+06	9.11965e-31	8.24147	0.714672	0.999986	-28.0527	1.55172e+06	9.11965e-31	8.24147	0.714672	nan	nan	nan	1	0	1
36	rs1	1:1	2:0.2425	rs2	1:2	2:0.4515	0	1000	0	0.999985	-28.3406	1.55172e+06	0.999661	32.0652	75499.8	0.999985	-28.3406	1.55172e+06	0.999661	32.0652	75499.8	nan	nan	nan	1	0	1
37	rs1	1:1	2:0.244	rs2	1:2	2:0.461	0	1000	0	0.999979	-28.2064	1.09723e+06	1.3198e-29	8.06604	0.713841	0.999979	-28.2064	1.09723e+06	1.3198e-29	8.06604	0.713841	nan	nan	nan	1	0	1
38	rs1	1:1	2:0.24825	rs2	1:2	2:0.46875	0	1000	1	0.258418	1.38831	1.22844	1.50076e-48	7.46939	0.510111	0.258418	1.38831	1.22844	1.50076e-48	7.46939	0.510111	nan	nan	nan	0	0	1
39	rs1	1:1	2:0.24075	rs2	1:2	2:0.4535	0	1000	0	0.99999	-28.3406	2.19446e+06	1.08304e-17	8.60166	1.00431	0.99999	-28.3406	2.19446e+06	1.08304e-17	8.60166	1.00431	nan	nan	nan	1	0	1
40	rs1	1:1	2:0.24725	rs2	1:2	2:0.47	0	1000	0	0.99999	-28.0517	2.19446e+06	8.97088e-31	8.24247	0.714671	0.99999	-28.0517	2.19446e+06	8.97088e-31	8.24247	0.714671	nan	nan	nan	1	0	1
41	rs1	1:1	2:0.2465	rs2	1:2	2:0.45875	0	1000	0	0.999986	-28.158	1.55172e+06	1.76684e-18	8.81458	1.00494	0.999986	-28.158	1.55172e+06	1.76684e-18	8.81458	1.00494	nan	nan	nan	1	0	1
42	rs1	1:1	2:0.24575	rs2	1:2	2:0.4595	0	1000	0	0.999979	-28.2064	1.09723e+06	1.3198e-29	8.06604	0.713841	0.999979	-28.2064	1.09723e+06	1.3198e-29	8.06604	0.713841	nan	nan	nan	1	0	1
43	rs1	1:1	2:0.2415	rs2	1:2	2:0.463	0	1000	0	0.999982	-28.1905	1.26697e+06	9.99852e-30	8.08429	0.713917	0.999982	-28.1905	1.26697e+06	9.99852e-30	8.08429	0.713917	nan	nan	nan	1	0	1
44	rs1	1:1	2:0.25325	rs2	1:2	2:0.463	0	1000	0	0.999979	-28.1717	1.09723e+06	1.61196e-55	7.19024	0.458095	0.999979	-28.1717	1.09723e+06	1.61196e-55	7.19024	0.458095	nan	nan	nan	1	0	1
45	rs1	1:1	2:0.243	rs2	1:2	2:0.4645	0	1000	1	0.274918	1.34106	1.22829	6.12648e-48	7.41525	0.509754	0.274918	1.34106	1.22829	6.12648e-48	7.41525	0.509754	nan	nan	nan	0	0	1
46	rs1	1:1	2:0.247	rs2	1:2	2:0.4665	0	1000	1	nan	nan	nan	5.04719e-40	7.76122	0.586125	nan	nan	nan	nan	nan	nan	nan	nan	nan	0	1	1
47	rs1	1:1	2:0.24525	rs2	1:2	2:0.46	0	1000	0	0.999982	-28.2181	1.26697e+06	0.999656	32.1877	74708.3	0.999982	-28.2181	1.26697e+06	0.999656	32.1877	74708.3	nan	nan	nan	1	0	1
48	rs1	1:1	2:0.245	rs2	1:2	2:0.45925	0	1000	0	0.99999	-28.263	2.19446e+06	1.01501e-46	7.30704	0.509082	0.99999	-28.263	2.19446e+06	1.01501e-46	7.30704	0.509082	nan	nan	nan	1	0	1
49	rs1	1:1	2:0.2475	rs2	1:2	2:0.46775	0	1000	0	0.99999	-28.0333	2.19446e+06	5.20346e-19	8.95627	1.00544	0.99999	-28.0333	2.19446e+06	5.20346e-19	8.95627	1.00544	nan	nan	nan	1	0	1
50	rs1	1:1	2:0.24575	rs2	1:2	2:0.46775	0	1000	1	0.246383	1.42411	1.22855	8.76614e-19	8.89604	1.00522	0.246383	1.42411	1.22855	8.76614e-19	8.89604	1.00522	nan	nan	nan	0	0	1
51	rs1	1:1	2:0.24425	rs2	1:2	2:0.462	0	1000	0	0.999986	-28.196	1.55172e+06	2.57141e-18	8.7708	1.0048	0.999986	-28.196	1.55172e+06	2.57141e-18	8.7708	1.0048	nan	nan	nan	1	0	1
52	rs1	1:1	2:0.246	rs2	1:2	2:0.4565	0	1000	0	0.429192	0.915789	1.15838	0.999655	32.2173	74578.8	0.429192	0.915789	1.15838	0.999655	32.2173	74578.8	nan	nan	nan	1	0	1
53	rs1	1:1	2:0.24875	rs2	1:2	2:0.46125	0	1000	0	0.154798	2.01641	1.41722	0.999655	32.2193	74578.8	0.154798	2.01641	1.41722	0.999655	32.2193	74578.8	nan	nan	nan	1	0	1
54	rs1	1:1	2:0.24375	rs2	1:2	2:0.47	0	1000	1	0.141205	2.08547	1.41742	1.19883e-18	8.8597	1.00509	0.141205	2.08547	1.41742	1.19883e-18	8.8597	1.00509	nan	nan	nan	0	0	1
55	rs1	1:1	2:0.24975	rs2	1:2	2:0.4645	0	1000	0	0.999975	-28.1474	895885	4.68854e-30	8.13432	0.714162	0.999975	-28.1474	895885	4.68854e-30	8.13432	0.714162	nan	nan	nan	1	0	1
56	rs1	1:1	2:0.24875	rs2	1:2	2:0.4695	0	1000	0	0.999986	-28.1164	1.55172e+06	6.40849e-70	6.91713	0.391327	0.999986	-28.1164	1.55172e+06	6.40849e-70	6.91713	0.391327	nan	nan	nan	1	0	1
57	rs1	1:1	2:0.2475	rs2	1:2	2:0.46825	0	1000	0	0.999977	-28.0633	981393	6.95608e-19	8.92289	1.00533	0.999977	-28.0633	981393	6.95608e-19	8.92289	1.00533	nan	nan	nan	1	0	1
58	rs1	1:1	2:0.2525	rs2	1:2	2:0.46675	0	1000	0	0.999986	-28.0876	1.55172e+06	2.41795e-40	7.79656	0.586351	0.999986	-28.0876	1.55172e+06	2.41795e-40	7.79656	0.586351	nan	nan	nan	1	0	1
59	rs1	1:1	2:0.238	rs2	1:2	2:0.4625	0	1000	1	0.0493699	1.97348	1.00412	1.34246e-54	7.12097	0.45762	0.0493699	1.97348	1.00412	1.34246e-54	7.12097	0.45762	nan	nan	nan	0	0	1
60	rs1	1:1	2:0.24725	rs2	1:2	2:0.46375	0	1000	1	0.403013	0.968853	1.15857	1.42846e-18	8.8394	1.00503	0.403013	0.968853	1.15857	1.42846e-18	8.8394	1.00503	nan	nan	nan	0	0	1
61	rs1	1:1	2:0.245	rs2	1:2	2:0.45725	0	1000	0	0.625356	0.54764	1.12158	0.999658	32.1363	75035.4	0.625356	0.54764	1.12158	0.999659	32.1368	75100.9	1	-0.547639	2.19598e+06	1	0	1
62	rs1	1:1	2:0.243	rs2	1:2	2:0.45675	0	1000	0	0.999982	-28.2499	1.26697e+06	1.19598e-38	7.61013	0.585317	0.999982	-28.2499	1.26697e+06	1.19598e-38	7.61013	0.585317	nan	nan	nan	1	0	1
63	rs1	1:1	2:0.24275	rs2	1:2	2:0.46325	0	1000	0	0.999982	-28.2074	1.26697e+06	1.89052e-47	7.37189	0.509481	0.999982	-28.2074	1.26697e+06	1.89052e-47	7.37189	0.509481	nan	nan	nan	1	0	1
64	rs1	1:1	2:0.2435	rs2	1:2	2:0.46225	0	1000	1	0.0469099	1.99546	1.0042	6.15906e-55	7.14643	0.457792	0.0469099	1.99546	1.0042	6.15906e-55	7.14643	0.457792	nan	nan	nan	0	0	1
65	rs1	1:1	2:0.24975	rs2	1:2	2:0.46275	0	1000	0	0.999982	-28.1285	1.26697e+06	3.38654e-30	8.15551	0.714246	0.999982	-28.1285	1.26697e+06	3.38654e-30	8.15551	0.714246	nan	nan	nan	1	0	1
66	rs1	1:1	2:0.24325	rs2	1:2	2:0.4555	0	1000	0	0.999986	-28.2254	1.55172e+06	3.43983e-18	8.73675	1.00469	0.999986	-28.2254	1.55172e+06	3.43983e-18	8.73675	1.00469	nan	nan	nan	1	0	1
67	rs1	1:1	2:0.24475	rs2	1:2	2:0.46725	0	1000	0	0.999986	-28.1464	1.55172e+06	6.62866e-56	7.21904	0.458287	0.999986	-28.1464	1.55172e+06	6.62866e-56	7.21904	0.458287	nan	nan	nan	1	0	1
68	rs1	1:1	2:0.24025	rs2	1:2	2:0.451	0	1000	0	0.999982	-28.3416	1.26697e+06	0.999661	32.0642	75499.8	0.999982	-28.3416	1.26697e+06	0.999661	32.0642	75499.8	nan	nan	nan	1	0	1
69	rs1	1:1	2:0.24625	rs2	1:2	2:0.46575	0	1000	0	0.999986	-28.0678	1.55172e+06	0.999651	32.338	73899.2	0.999986	-28.0678	1.55172e+06	0.999651	32.338	73899.2	nan	nan	nan	1	0	1
70	rs1	1:1	2:0.24475	rs2	1:2	2:0.46375	0	1000	1	nan	nan	nan	2.78462e-48	7.4452	0.509925	nan	nan	nan	nan	nan	nan	nan	nan	nan	0	1	1
71	rs1	1:1	2:0.24175	rs2	1:2	2:0.46	0	1000	0	0.99999	-28.2469	2.19446e+06	2.69977e-29	8.01861	0.713624	0.99999	-28.2469	2.19446e+06	2.69977e-29	8.01861	0.713624	nan	nan	nan	1	0	1
72	rs1	1:1	2:0.24425	rs2	1:2	2:0.4545	0	1000	0	0.99999	-28.3154	2.19446e+06	9.06235e-29	7.93838	0.713305	0.99999	-28.3154	2.19446e+06	9.06235e-29	7.93838	0.713305	nan	nan	nan	1	0	1
73	rs1	1:1	2:0.24625	rs2	1:2	2:0.46075	0	1000	0	0.0647612	1.69526	0.917896	0.999652	32.3036	74151.9	0.0647612	1.69526	0.917896	0.999652	32.3036	74151.9	nan	nan	nan	1	0	1
74	rs1	1:1	2:0.2455	rs2	1:2	2:0.46075	0	1000	1	0.558368	0.656636	1.12194	1.81704e-18	8.81142	1.00494	0.558368	0.656636	1.12194	1.81704e-18	8.81142	1.00494	nan	nan	nan	0	0	1
75	rs1	1:1	2:0.243	rs2	1:2	2:0.45725	0	1000	0	0.99999	-28.2034	2.19446e+06	1.25736e-29	8.06906	0.713839	0.99999	-28.2034	2.19446e+06	1.25736e-29	8.06906	0.713839	nan	nan	nan	1	0	1
76	rs1	1:1	2:0.24625	rs2	1:2	2:0.47275	0	1000	0	0.99999	-27.971	2.19446e+06	2.23413e-31	8.33336	0.71517	0.99999	-27.971	2.19446e+06	2.23413e-31	8.33336	0.71517	nan	nan	nan	1	0	1
77	rs1	1:1	2:0.24025	rs2	1:2	2:0.46175	0	1000	1	nan	nan	nan	2.52626e-18	8.7728	1.0048	nan	nan	nan	nan	nan	nan	nan	nan	nan	0	1	1
78	rs1	1:1	2:0.24225	rs2	1:2	2:0.4655	0	1000	0	nan	nan	nan	0.999654	32.2586	74321.7	nan	nan	nan	nan	nan	nan	nan	nan	nan	1	1	1
79	rs1	1:1	2:0.25625	rs2	1:2	2:0.46425	0	1000	1	0.668392	0.471011	1.09958	3.09992e-30	8.16153	0.714293	0.668392	0.471011	1.09958	3.09992e-30	8.16153	0.714293	nan	nan	nan	0	0	1
80	rs1	1:1	2:0.24625	rs2	1:2	2:0.47	0	1000	1	0.138331	2.10073	1.41746	2.18912e-30	8.18409	0.714381	0.138331	2.10073	1.41746	2.18832e-30	8.18409	0.714379	nan	nan	nan	0	0	1
81	rs1	1:1	2:0.24225	rs2	1:2	2:0.464	0	1000	0	0.99999	-28.159	2.19446e+06	1.33201e-39	7.71496	0.585865	0.99999	-28.159	2.19446e+06	1.33201e-39	7.71496	0.585865	nan	nan	nan	1	0	1
82	rs1	1:1	2:0.2495	rs2	1:2	2:0.466	0	1000	1	0.696077	0.429464	1.09944	5.31212e-48	7.4211	0.509814	0.696077	0.429464	1.09944	5.31212e-48	7.4211	0.509814	nan	nan	nan	0	0	1
83	rs1	1:1	2:0.2455	rs2	1:2	2:0.4605	0	1000	0	0.999986	-28.1809	1.55172e+06	2.21652e-18	8.78814	1.00485	0.999986	-28.1809	1.55172e+06	2.21652e-18	8.78814	1.00485	nan	nan	nan	1	0	1
84	rs1	1:1	2:0.24825	rs2	1:2	2:0.45725	0	1000	0	0.999982	-28.2326	1.26697e+06	0.999657	32.1732	74795	0.999982	-28.2326	1.26697e+06	0.999657	32.1732	74795	nan	nan	nan	1	0	1
85	rs1	1:1	2:0.2415	rs2	1:2	2:0.46675	0	1000	0	0.999988	32.2823	2.19469e+06	0.999653	32.2823	74236.6	0.999988	32.2823	2.19469e+06	0.999653	32.2823	74236.6	nan	nan	nan	1	0	1
86	rs1	1:1	2:0.252	rs2	1:2	2:0.4725	0	1000	0	0.384928	-2.61703	3.01205	1.16037e-49	7.59483	0.512622	0.999973	-28.0247	829429	8.74008e-50	7.57975	0.510947	0.999982	52.826	2.3462e+06	0	0	1
87	rs1	1:1	2:0.24325	rs2	1:2	2:0.46225	0	1000	1	0.280037	1.32679	1.22824	2.43289e-39	7.68637	0.58572	0.280037	1.32679	1.22824	2.43289e-39	7.68637	0.58572	nan	nan	nan	0	0	1
88	rs1	1:1	2:0.242	rs2	1:2	2:0.46675	0	1000	1	0.0237537	2.77762	1.22844	2.95842e-30	8.1644	0.714291	0.0237537	2.77762	1.22844	2.95742e-30	8.1644	0.714289	nan	nan	nan	0	0	1
89	rs1	1:1	2:0.24725	rs2	1:2	2:0.4645	0	1000	0	0.99999	-28.1265	2.19446e+06	3.27788e-30	8.15751	0.714245	0.99999	-28.1265	2.19446e+06	3.27788e-30	8.15751	0.714245	nan	nan	nan	1	0	1
90	rs1	1:1	2:0.2405	rs2	1:2	2:0.45775	0	1000	1	0.178002	1.90854	1.41695	6.90015e-18	8.65495	1.00446	0.178002	1.90854	1.41695	6.90015e-18	8.65495	1.00446	nan	nan	nan	0	0	1
91	rs1	1:1	2:0.24375	rs2	1:2	2:0.4595	0	1000	0	0.99999	-28.2044	2.19446e+06	3.98376e-39	7.66259	0.585577	0.99999	-28.2044	2.19446e+06	3.98376e-39	7.66259	0.585577	nan	nan	nan	1	0	1
92	rs1	1:1	2:0.2465	rs2	1:2	2:0.47025	0	1000	0	0.999982	-28.0803	1.26697e+06	2.02808e-40	7.80506	0.586411	0.999982	-28.0803	1.26697e+06	2.02808e-40	7.80506	0.586411	nan	nan	nan	1	0	1
93	rs1	1:1	2:0.24825	rs2	1:2	2:0.4675	0	1000	0	0.999982	-28.1697	1.26697e+06	6.10056e-48	7.4154	0.509754	0.999982	-28.1697	1.26697e+06	6.10056e-48	7.4154	0.509754	nan	nan	nan	1	0	1
94	rs1	1:1	2:0.2435	rs2	1:2	2:0.46375	0	1000	1	nan	nan	nan	5.58452e-30	8.12244	0.714074	nan	nan	nan	nan	nan	nan	nan	nan	nan	0	1	1
95	rs1	1:1	2:0.24425	rs2	1:2	2:0.46125	0	1000	0	0.999979	-28.2519	1.09723e+06	7.22471e-47	7.32044	0.50918	0.999979	-28.2519	1.09723e+06	7.22471e-47	7.32044	0.50918	nan	nan	nan	1	0	1
96	rs1	1:1	2:0.24525	rs2	1:2	2:0.46525	0	1000	1	0.265622	1.36742	1.22836	1.53031e-18	8.83135	1.005	0.265622	1.36742	1.22836	1.53031e-18	8.83135	1.005	nan	nan	nan	0	0	1
97	rs1	1:1	2:0.25025	rs2	1:2	2:0.47375	0	1000	1	0.0227714	2.28963	1.00544	1.64668e-19	9.08869	1.00599	0.0227714	2.28963	1.00544	1.64668e-19	9.08869	1.00599	nan	nan	nan	0	0	1
98	rs1	1:1	2:0.24675	rs2	1:2	2:0.46475	0	1000	0	0.999971	-28.2135	775859	7.01568e-55	7.14269	0.457795	0.999971	-28.2135	775859	7.01568e-55	7.14269	0.457795	nan	nan	nan	1	0	1
99	rs1	1:1	2:0.2435	rs2	1:2	2:0.46175	0	1000	1	0.0261676	2.73137	1.22829	1.9287e-18	8.80441	1.00491	0.0261676	2.73137	1.22829	1.9287e-18	8.80441	1.00491	nan	nan	nan	0	0	1
100	rs1	1:1	2:0.24675	rs2	1:2	2:0.46225	0	1000	1	nan	nan	nan	6.39084e-30	8.11356	0.714033	nan	nan	nan	nan	nan	nan	nan	nan	nan	0	1	1
101	rs1	1:1	2:0.2465	rs2	1:2	2:0.46775	0	1000	1	0.530838	0.703259	1.12211	2.64936e-30	8.17177	0.714337	0.530838	0.703259	1.12211	2.64936e-30	8.17177	0.714337	nan	nan	nan	0	0	1
102	rs1	1:1	2:0.2495	rs2	1:2	2:0.46925	0	1000	1	0.222188	1.50007	1.22883	3.91926e-41	7.88357	0.586919	0.222188	1.50007	1.22883	3.91926e-41	7.88357	0.586919	nan	nan	nan	0	0	1
103	rs1	1:1	2:0.24725	rs2	1:2	2:0.46325	0	1000	0	0.682923	0.449118	1.09949	0.999654	32.2615	74321.7	0.682923	0.449118	1.09949	0.999654	32.2615	74321.7	nan	nan	nan	1	0	1
104	rs1	1:1	2:0.25	rs2	1:2	2:0.46925	0	1000	0	0.999986	-28.0773	1.55172e+06	7.99368e-19	8.90668	1.00526	0.999986	-28.0773	1.55172e+06	7.99368e-19	8.90668	1.00526	nan	nan	nan	1	0	1
105	rs1	1:1	2:0.24725	rs2	1:2	2:0.4585	0	1000	0	0.999986	-28.1723	1.55172e+06	0.999655	32.2335	74449.9	0.999986	-28.1723	1.55172e+06	0.999655	32.2335	74449.9	nan	nan	nan	1	0	1
106	rs1	1:1	2:0.23775	rs2	1:2	2:0.454	0	1000	1	nan	nan	nan	4.81028e-18	8.69735	1.00457	nan	nan	nan	nan	nan	nan	nan	nan	nan	0	1	1
107	rs1	1:1	2:0.25175	rs2	1:2	2:0.46175	0	1000	1	0.0233516	2.78571	1.22847	2.56998e-30	8.17364	0.714336	0.0233516	2.78571	1.22847	2.56908e-30	8.17364	0.714334	nan	nan	nan	0	0	1
108	rs1	1:1	2:0.24625	rs2	1:2	2:0.45475	0	1000	0	0.31151	1.24279	1.22798	0.999658	32.1388	75057	0.31151	1.24279	1.22798	0.999658	32.1388	75057	nan	nan	nan	1	0	1
109	rs1	1:1	2:0.24325	rs2	1:2	2:0.46575	0	1000	0	0.999988	32.2965	2.19469e+06	2.4818e-30	8.17579	0.714334	0.999988	32.2965	2.19469e+06	2.4818e-30	8.17579	0.714334	nan	nan	nan	1	0	1
110	rs1	1:1	2:0.2465	rs2	1:2	2:0.47	0	1000	0	0.99998	-28.0749	1.09723e+06	5.55468e-57	7.30078	0.458931	0.99998	-28.0749	1.09723e+06	5.55468e-57	7.30078	0.458931	nan	nan	nan	1	0	1
111	rs1	1:1	2:0.249	rs2	1:2	2:0.46775	0	1000	0	0.999988	32.2955	2.19469e+06	4.27013e-40	7.76932	0.586181	0.999988	32.2955	2.19469e+06	4.27013e-40	7.76932	0.586181	nan	nan	nan	1	0	1
112	rs1	1:1	2:0.24375	rs2	1:2	2:0.46325	0	1000	0	0.999986	-28.1502	1.55172e+06	1.63642e-18	8.82351	1.00497	0.999986	-28.1502	1.55172e+06	1.63642e-18	8.82351	1.00497	nan	nan	nan	1	0	1
113	rs1	1:1	2:0.2445	rs2	1:2	2:0.45975	0	1000	1	0.615297	0.56366	1.12165	2.97233e-54	7.09512	0.457457	0.615297	0.56366	1.12165	2.97233e-54	7.09512	0.457457	nan	nan	nan	0	0	1
114	rs1	1:1	2:0.23875	rs2	1:2	2:0.464	0	1000	0	0.999986	-28.1512	1.55172e+06	5.0363e-30	8.12936	0.714117	0.999986	-28.1512	1.55172e+06	5.0363e-30	8.12936	0.714117	nan	nan	nan	1	0	1
115	rs1	1:1	2:0.25325	rs2	1:2	2:0.45925	0	1000	0	0.999986	-28.1819	1.55172e+06	8.6207e-30	8.09399	0.713955	0.999986	-28.1819	1.55172e+06	8.6207e-30	8.09399	0.713955	nan	nan	nan	1	0	1
116	rs1	1:1	2:0.243	rs2	1:2	2:0.47025	0	1000	0	0.999986	-28.1194	1.55172e+06	2.89728e-30	8.16568	0.71429	0.999986	-28.1194	1.55172e+06	2.89728e-30	8.16568	0.71429	nan	nan	nan	1	0	1
117	rs1	1:1	2:0.25225	rs2	1:2	2:0.4755	0	1000	0	0.999982	-27.9551	1.26697e+06	1.06124e-41	7.94599	0.58735	0.999982	-27.9551	1.26697e+06	1.06124e-41	7.94599	0.58735	nan	nan	nan	1	0	1
118	rs1	1:1	2:0.25125	rs2	1:2	2:0.46425	0	1000	0	0.999982	-28.1512	1.26697e+06	1.65109e-18	8.82251	1.00497	0.999982	-28.1512	1.26697e+06	1.65109e-18	8.82251	1.00497	nan	nan	nan	1	0	1
119	rs1	1:1	2:0.246	rs2	1:2	2:0.46	0	1000	0	0.999979	-28.2284	1.09723e+06	1.9409e-29	8.04059	0.713731	0.999979	-28.2284	1.09723e+06	1.9409e-29	8.04059	0.713731	nan	nan	nan	1	0	1
120	rs1	1:1	2:0.24725	rs2	1:2	2:0.4685	0	1000	1	0.53616	0.694155	1.12208	5.68276e-40	7.75606	0.586129	0.53616	0.694155	1.12208	5.68276e-40	7.75606	0.586129	nan	nan	nan	0	0	1
121	rs1	1:1	2:0.246	rs2	1:2	2:0.46475	0	1000	0	0.999986	-28.1443	1.55172e+06	9.36725e-40	7.73188	0.585967	0.999986	-28.1443	1.55172e+06	9.36725e-40	7.73188	0.585967	nan	nan	nan	1	0	1
122	rs1	1:1	2:0.248	rs2	1:2	2:0.4665	0	1000	0	0.99999	-28.0613	2.19446e+06	1.29453e-40	7.82629	0.586529	0.99999	-28.0613	2.19446e+06	1.29453e-40	7.82629	0.586529	nan	nan	nan	1	0	1
123	rs1	1:1	2:0.24375	rs2	1:2	2:0.458	0	1000	0	0.999985	-28.2469	1.55172e+06	4.25697e-18	8.71176	1.00462	0.999985	-28.2469	1.55172e+06	4.25697e-18	8.71176	1.00462	nan	nan	nan	1	0	1
124	rs1	1:1	2:0.2485	rs2	1:2	2:0.4645	0	1000	0	0.99999	-28.1433	2.19446e+06	9.15427e-40	7.73288	0.585967	0.99999	-28.1433	2.19446e+06	9.15427e-40	7.73288	0.585967	nan	nan	nan	1	0	1
125	rs1	1:1	2:0.24125	rs2	1:2	2:0.45675	0	1000	0	0.999988	32.1599	2.19469e+06	2.70685e-29	8.01845	0.713624	0.999988	32.1599	2.19469e+06	2.70685e-29	8.01845	0.713624	nan	nan	nan	1	0	1
126	rs1	1:1	2:0.24425	rs2	1:2	2:0.46825	0	1000	0	0.99999	-28.1403	2.19446e+06	0.999653	32.2655	74279.2	0.99999	-28.1403	2.19446e+06	0.999653	32.2655	74279.2	nan	nan	nan	1	0	1
127	rs1	1:1	2:0.24475	rs2	1:2	2:0.45825	0	1000	1	0.293689	1.28961	1.22813	5.97208e-39	7.6434	0.585489	0.293689	1.28961	1.22813	5.97208e-39	7.6434	0.585489	nan	nan	nan	0	0	1
128	rs1	1:1	2:0.2445	rs2	1:2	2:0.465	0	1000	1	0.554325	0.663413	1.12197	5.30051e-30	8.1262	0.714119	0.554325	0.663413	1.12197	5.30051e-30	8.1262	0.714119	nan	nan	nan	0	0	1
129	rs1	1:1	2:0.24875	rs2	1:2	2:0.46925	0	1000	0	0.999986	-28.0441	1.55172e+06	7.85308e-31	8.25126	0.714723	0.999986	-28.0441	1.55172e+06	7.85308e-31	8.25126	0.714723	nan	nan	nan	1	0	1
130	rs1	1:1	2:0.24375	rs2	1:2	2:0.463	0	1000	1	0.0857602	1.57629	0.917409	6.27306e-39	7.64124	0.585491	0.0857602	1.57629	0.917409	6.27306e-39	7.64124	0.585491	nan	nan	nan	0	0	1
131	rs1	1:1	2:0.24725	rs2	1:2	2:0.46325	0	1000	0	0.999982	-28.1022	1.26697e+06	0.999652	32.3036	74067.4	0.999982	-28.1022	1.26697e+06	0.999652	32.3036	74067.4	nan	nan	nan	1	0	1
132	rs1	1:1	2:0.24225	rs2	1:2	2:0.468	0	1000	1	nan	nan	nan	2.02007e-18	8.7989	1.00488	nan	nan	nan	nan	nan	nan	nan	nan	nan	0	1	1
133	rs1	1:1	2:0.241	rs2	1:2	2:0.45625	0	1000	1	0.453796	0.867644	1.15825	4.71231e-47	7.33689	0.509278	0.453796	0.867644	1.15825	4.71231e-47	7.33689	0.509278	nan	nan	nan	0	0	1
134	rs1	1:1	2:0.2495	rs2	1:2	2:0.47175	0	1000	0	0.99999	-28.0187	2.19446e+06	7.06699e-50	7.58692	0.51094	0.99999	-28.0187	2.19446e+06	7.06699e-50	7.58692	0.51094	nan	nan	nan	1	0	1
135	rs1	1:1	2:0.244	rs2	1:2	2:0.4615	0	1000	0	0.999979	-28.2519	1.09723e+06	7.22471e-47	7.32044	0.50918	0.999979	-28.2519	1.09723e+06	7.22471e-47	7.32044	0.50918	nan	nan	nan	1	0	1
136	rs1	1:1	2:0.24575	rs2	1:2	2:0.46625	0	1000	1	0.138143	2.10173	1.41746	1.02181e-18	8.87824	1.00516	0.138143	2.10173	1.41746	1.02181e-18	8.87824	1.00516	nan	nan	nan	0	0	1
137	rs1	1:1	2:0.25125	rs2	1:2	2:0.47025	0	1000	1	0.129331	2.15016	1.41761	1.08426e-40	7.83487	0.586592	0.129331	2.15016	1.41761	1.08426e-40	7.83487	0.586592	nan	nan	nan	0	0	1
138	rs1	1:1	2:0.244	rs2	1:2	2:0.45925	0	1000	0	0.99999	-28.2254	2.19446e+06	1.84933e-29	8.0436	0.713729	0.99999	-28.2254	2.19446e+06	1.84933e-29	8.0436	0.713729	nan	nan	nan	1	0	1
139	rs1	1:1	2:0.24675	rs2	1:2	2:0.45575	0	1000	0	0.999975	-28.257	895885	0.999658	32.1488	74925.6	0.999975	-28.257	895885	0.999658	32.1488	74925.6	nan	nan	nan	1	0	1
140	rs1	1:1	2:0.25	rs2	1:2	2:0.46425	0	1000	0	0.99998	-28.1364	1.09723e+06	1.42667e-18	8.83954	1.00503	0.99998	-28.1364	1.09723e+06	1.42667e-18	8.83954	1.00503	nan	nan	nan	1	0	1
141	rs1	1:1	2:0.2505	rs2	1:2	2:0.4745	0	1000	0	0.999982	-27.9996	1.26697e+06	3.73786e-19	8.99449	1.00559	0.999982	-27.9996	1.26697e+06	3.73786e-19	8.99449	1.00559	nan	nan	nan	1	0	1
142	rs1	1:1	2:0.2425	rs2	1:2	2:0.4585	0	1000	0	0.99999	-28.261	2.19446e+06	3.46043e-29	8.0022	0.713557	0.99999	-28.261	2.19446e+06	3.46043e-29	8.0022	0.713557	nan	nan	nan	1	0	1
143	rs1	1:1	2:0.2445	rs2	1:2	2:0.45775	0	1000	0	0.999982	-28.2346	1.26697e+06	2.16826e-29	8.03322	0.713695	0.999982	-28.2346	1.26697e+06	2.16826e-29	8.03322	0.713695	nan	nan	nan	1	0	1
144	rs1	1:1	2:0.253	rs2	1:2	2:0.4725	0	1000	0	0.999982	-28.0275	1.26697e+06	5.8991e-31	8.27005	0.71483	0.999982	-28.0275	1.26697e+06	5.8991e-31	8.27005	0.71483	nan	nan	nan	1	0	1
145	rs1	1:1	2:0.245	rs2	1:2	2:0.46775	0	1000	0	0.99999	-28.1154	2.19446e+06	6.11575e-70	6.91814	0.391325	0.99999	-28.1154	2.19446e+06	6.11575e-70	6.91814	0.391325	nan	nan	nan	1	0	1
146	rs1	1:1	2:0.243	rs2	1:2	2:0.46225	0	1000	1	0.442034	0.89047	1.15831	5.11728e-39	7.65088	0.585535	0.442034	0.89047	1.15831	5.11728e-39	7.65088	0.585535	nan	nan	nan	0	0	1
147	rs1	1:1	2:0.2465	rs2	1:2	2:0.46725	0	1000	0	0.99998	-28.1364	1.09723e+06	1.42667e-18	8.83954	1.00503	0.99998	-28.1364	1.09723e+06	1.42667e-18	8.83954	1.00503	nan	nan	nan	1	0	1
148	rs1	1:1	2:0.244	rs2	1:2	2:0.46575	0	1000	0	0.999982	-28.1522	1.26697e+06	5.11888e-30	8.12836	0.714118	0.999982	-28.1522	1.26697e+06	5.11888e-30	8.12836	0.714118	nan	nan	nan	1	0	1
149	rs1	1:1	2:0.24425	rs2	1:2	2:0.461	0	1000	0	0.99999	-28.158	2.19446e+06	5.67584e-30	8.12143	0.714075	0.99999	-28.158	2.19446e+06	5.67584e-30	8.12143	0.714075	nan	nan	nan	1	0	1
150	rs1	1:1	2:0.245	rs2	1:2	2:0.45625	0	1000	0	0.999979	-28.2346	1.09723e+06	3.76068e-18	8.72636	1.00467	0.999979	-28.2346	1.09723e+06	3.76068e-18	8.72636	1.00467	nan	nan	nan	1	0	1
151	rs1	1:1	2:0.24125	rs2	1:2	2:0.45275	0	1000	1	0.170563	1.94191	1.41704	3.52561e-29	8.00103	0.713557	0.170563	1.94191	1.41704	3.5246e-29	8.00103	0.713556	nan	nan	nan	0	0	1
152	rs1	1:1	2:0.2405	rs2	1:2	2:0.46	0	1000	0	0.99999	-28.27	2.19446e+06	1.25417e-46	7.29891	0.509036	0.99999	-28.27	2.19446e+06	1.25417e-46	7.29891	0.509036	nan	nan	nan	1	0	1
153	rs1	1:1	2:0.24075	rs2	1:2	2:0.455	0	1000	0	0.0317588	2.63706	1.228	0.999658	32.1468	75057	0.0317588	2.63706	1.228	0.999658	32.1468	75057	nan	nan	nan	1	0	1
154	rs1	1:1	2:0.24325	rs2	1:2	2:0.455	0	1000	0	0.999982	-28.2346	1.26697e+06	2.16826e-29	8.03322	0.713695	0.999982	-28.2346	1.26697e+06	2.16826e-29	8.03322	0.713695	nan	nan	nan	1	0	1
155	rs1	1:1	2:0.24775	rs2	1:2	2:0.46425	0	1000	0	0.999986	-28.1133	1.55172e+06	1.14175e-48	7.47977	0.510173	0.999986	-28.1133	1.55172e+06	1.14175e-48	7.47977	0.510173	nan	nan	nan	1	0	1
156	rs1	1:1	2:0.24275	rs2	1:2	2:0.4595	0	1000	1	0.883957	0.158195	1.08387	1.31468e-38	7.60595	0.585321	0.883957	0.158195	1.08387	1.31468e-38	7.60595	0.585321	nan	nan	nan	0	0	1
157	rs1	1:1	2:0.2455	rs2	1:2	2:0.46	0	1000	1	0.568214	0.640245	1.12189	7.9426e-30	8.09958	0.713997	0.568214	0.640245	1.12189	7.94002e-30	8.09958	0.713995	nan	nan	nan	0	0	1
158	rs1	1:1	2:0.243	rs2	1:2	2:0.4645	0	1000	0	0.999979	-28.2509	1.09723e+06	1.22348e-38	7.60913	0.585318	0.999979	-28.2509	1.09723e+06	1.22348e-38	7.60913	0.585318	nan	nan	nan	1	0	1
159	rs1	1:1	2:0.23725	rs2	1:2	2:0.44975	0	1000	1	nan	nan	nan	7.04198e-29	7.95507	0.713364	nan	nan	nan	nan	nan	nan	nan	nan	nan	0	1	1
160	rs1	1:1	2:0.24275	rs2	1:2	2:0.46175	0	1000	1	nan	nan	nan	1.08606e-29	8.07865	0.713876	nan	nan	nan	nan	nan	nan	nan	nan	nan	0	1	1
161	rs1	1:1	2:0.249	rs2	1:2	2:0.465	0	1000	0	0.999986	-28.1433	1.55172e+06	4.39262e-30	8.13835	0.714159	0.999986	-28.1433	1.55172e+06	4.39262e-30	8.13835	0.714159	nan	nan	nan	1	0	1
162	rs1	1:1	2:0.23875	rs2	1:2	2:0.44875	0	1000	1	0.167275	1.95699	1.41707	4.26305e-18	8.7116	1.00462	0.167275	1.95699	1.41707	4.26305e-18	8.7116	1.00462	nan	nan	nan	0	0	1
163	rs1	1:1	2:0.24675	rs2	1:2	2:0.47625	0	1000	0	0.99998	-27.9833	1.09723e+06	2.75449e-31	8.31993	0.715113	0.99998	-27.9833	1.09723e+06	2.75449e-31	8.31993	0.715113	nan	nan	nan	1	0	1
164	rs1	1:1	2:0.24725	rs2	1:2	2:0.467	0	1000	0	0.254297	1.40042	1.22847	0.999653	32.2965	74151.9	0.254297	1.40042	1.22847	0.999653	32.2965	74151.9	nan	nan	nan	1	0	1
165	rs1	1:1	2:0.2455	rs2	1:2	2:0.46	0	1000	0	0.999979	-28.2054	1.09723e+06	2.81701e-18	8.7602	1.00477	0.999979	-28.2054	1.09723e+06	2.81701e-18	8.7602	1.00477	nan	nan	nan	1	0	1
166	rs1	1:1	2:0.24475	rs2	1:2	2:0.45875	0	1000	0	0.999986	-28.2128	1.55172e+06	4.87187e-39	7.65305	0.585533	0.999986	-28.2128	1.55172e+06	4.87187e-39	7.65305	0.585533	nan	nan	nan	1	0	1
167	rs1	1:1	2:0.24125	rs2	1:2	2:0.4555	0	1000	1	0.314991	1.23387	1.22797	4.57761e-29	7.9838	0.713493	0.314991	1.23387	1.22797	4.57635e-29	7.9838	0.713491	nan	nan	nan	0	0	1
168	rs1	1:1	2:0.24825	rs2	1:2	2:0.46575	0	1000	0	0.999977	-28.1143	981393	2.64353e-30	8.17191	0.714337	0.999977	-28.1143	981393	2.64353e-30	8.17191	0.714337	nan	nan	nan	1	0	1
169	rs1	1:1	2:0.24775	rs2	1:2	2:0.46475	0	1000	0	0.999986	-28.1512	1.55172e+06	5.0363e-30	8.12936	0.714117	0.999986	-28.1512	1.55172e+06	5.0363e-30	8.12936	0.714117	nan	nan	nan	1	0	1
170	rs1	1:1	2:0.24425	rs2	1:2	2:0.46	0	1000	0	0.999982	-28.2428	1.26697e+06	1.00611e-38	7.61841	0.585359	0.999982	-28.2428	1.26697e+06	1.00611e-38	7.61841	0.585359	nan	nan	nan	1	0	1
171	rs1	1:1	2:0.2455	rs2	1:2	2:0.46325	0	1000	0	0.999986	-28.0876	1.55172e+06	2.41795e-40	7.79656	0.586351	0.999986	-28.0876	1.55172e+06	2.41795e-40	7.79656	0.586351	nan	nan	nan	1	0	1
172	rs1	1:1	2:0.2495	rs2	1:2	2:0.46475	0	1000	0	0.99998	-28.0866	1.09723e+06	0.999651	32.3191	73983.1	0.99998	-28.0866	1.09723e+06	0.999651	32.3191	73983.1	nan	nan	nan	1	0	1
173	rs1	1:1	2:0.24475	rs2	1:2	2:0.46325	0	1000	1	0.424634	0.924905	1.15844	2.60774e-62	6.99795	0.420073	0.424634	0.924905	1.15844	2.60774e-62	6.99795	0.420073	nan	nan	nan	0	0	1
174	rs1	1:1	2:0.246	rs2	1:2	2:0.467	0	1000	1	0.283507	1.31723	1.22822	3.49121e-55	7.16483	0.457909	0.283507	1.31723	1.22822	3.49121e-55	7.16483	0.457909	nan	nan	nan	0	0	1
175	rs1	1:1	2:0.24575	rs2	1:2	2:0.45825	0	1000	0	0.999986	-28.2034	1.55172e+06	2.7675e-18	8.76221	1.00477	0.999986	-28.2034	1.55172e+06	2.7675e-18	8.76221	1.00477	nan	nan	nan	1	0	1
176	rs1	1:1	2:0.25225	rs2	1:2	2:0.468	0	1000	1	0.0518323	1.78574	0.918341	6.17651e-50	7.59275	0.511022	0.0518323	1.78574	0.918341	6.17651e-50	7.59275	0.511022	nan	nan	nan	0	0	1
177	rs1	1:1	2:0.24375	rs2	1:2	2:0.45925	0	1000	0	0.999975	-28.266	895885	3.74952e-29	7.99717	0.71356	0.999975	-28.266	895885	3.74952e-29	7.99717	0.71356	nan	nan	nan	1	0	1
178	rs1	1:1	2:0.25075	rs2	1:2	2:0.4635	0	1000	1	0.784314	0.296787	1.08434	1.15789e-18	8.86391	1.00513	0.784314	0.296787	1.08434	1.15789e-18	8.86391	1.00513	nan	nan	nan	0	0	1
179	rs1	1:1	2:0.2475	rs2	1:2	2:0.46125	0	1000	0	0.999969	-28.204	731487	1.25651e-29	8.06959	0.713883	0.999969	-28.204	731487	1.25651e-29	8.06959	0.713883	nan	nan	nan	1	0	1
180	rs1	1:1	2:0.251	rs2	1:2	2:0.46725	0	1000	1	0.138143	2.10173	1.41746	1.02181e-18	8.87824	1.00516	0.138143	2.10173	1.41746	1.02181e-18	8.87824	1.00516	nan	nan	nan	0	0	1
181	rs1	1:1	2:0.24225	rs2	1:2	2:0.44825	0	1000	0	0.999982	-28.3306	1.26697e+06	1.18157e-28	7.92086	0.713247	0.999982	-28.3306	1.26697e+06	1.18157e-28	7.92086	0.713247	nan	nan	nan	1	0	1
182	rs1	1:1	2:0.2495	rs2	1:2	2:0.46375	0	1000	0	0.999979	-28.184	1.09723e+06	8.90474e-30	8.09198	0.713956	0.999979	-28.184	1.09723e+06	8.90474e-30	8.09198	0.713956	nan	nan	nan	1	0	1
183	rs1	1:1	2:0.249	rs2	1:2	2:0.463	0	1000	0	0.999986	-28.1204	1.55172e+06	5.28549e-40	7.75921	0.586127	0.999986	-28.1204	1.55172e+06	5.28549e-40	7.75921	0.586127	nan	nan	nan	1	0	1
184	rs1	1:1	2:0.2395	rs2	1:2	2:0.458	0	1000	0	0.99999	-28.2306	2.19446e+06	0.999657	32.1752	74795	0.99999	-28.2306	2.19446e+06	0.999657	32.1752	74795	nan	nan	nan	1	0	1
185	rs1	1:1	2:0.24625	rs2	1:2	2:0.46	0	1000	0	0.99999	-28.1875	2.19446e+06	2.36693e-18	8.78044	1.00483	0.99999	-28.1875	2.19446e+06	2.36693e-18	8.78044	1.00483	nan	nan	nan	1	0	1
186	rs1	1:1	2:0.24025	rs2	1:2	2:0.45625	0	1000	0	0.999982	-28.2509	1.26697e+06	7.0182e-47	7.32145	0.509179	0.999982	-28.2509	1.26697e+06	7.0182e-47	7.32145	0.509179	nan	nan	nan	1	0	1
187	rs1	1:1	2:0.25125	rs2	1:2	2:0.47375	0	1000	0	0.999986	-28.0087	1.55172e+06	4.26646e-31	8.29117	0.714939	0.999986	-28.0087	1.55172e+06	4.26646e-31	8.29117	0.714939	nan	nan	nan	1	0	1
188	rs1	1:1	2:0.246	rs2	1:2	2:0.461	0	1000	0	0.99999	-28.1482	2.19446e+06	0.999654	32.2576	74321.7	0.99999	-28.1482	2.19446e+06	0.999654	32.2576	74321.7	nan	nan	nan	1	0	1
189	rs1	1:1	2:0.24125	rs2	1:2	2:0.458	0	1000	1	nan	nan	nan	3.40548e-29	8.0032	0.713556	nan	nan	nan	nan	nan	nan	nan	nan	nan	0	1	1
190	rs1	1:1	2:0.24675	rs2	1:2	2:0.46425	0	1000	0	0.99999	-28.1413	2.19446e+06	1.50134e-18	8.8335	1.005	0.99999	-28.1413	2.19446e+06	1.50134e-18	8.8335	1.005	nan	nan	nan	1	0	1
191	rs1	1:1	2:0.24175	rs2	1:2	2:0.45425	0	1000	0	0.866131	0.182724	1.08394	0.999657	32.1774	74795	0.866131	0.182724	1.08394	0.999657	32.1774	74795	nan	nan	nan	1	0	1
192	rs1	1:1	2:0.24575	rs2	1:2	2:0.4555	0	1000	0	0.999985	-28.2264	1.55172e+06	1.87934e-29	8.0426	0.71373	0.999985	-28.2264	1.55172e+06	1.87934e-29	8.0426	0.71373	nan	nan	nan	1	0	1
193	rs1	1:1	2:0.249	rs2	1:2	2:0.467	0	1000	0	0.999986	-28.1032	1.55172e+06	2.18422e-30	8.18423	0.714381	0.999986	-28.1032	1.55172e+06	2.18422e-30	8.18423	0.714381	nan	nan	nan	1	0	1
194	rs1	1:1	2:0.2475	rs2	1:2	2:0.46175	0	1000	0	0.999986	-28.2201	1.55172e+06	5.81686e-39	7.64456	0.585488	0.999986	-28.2201	1.55172e+06	5.81686e-39	7.64456	0.585488	nan	nan	nan	1	0	1
195	rs1	1:1	2:0.2415	rs2	1:2	2:0.45475	0	1000	0	0.824661	0.243449	1.09882	0.999662	32.0558	75589.3	0.824661	0.243449	1.09882	0.999662	32.0558	75589.3	nan	nan	nan	1	0	1
196	rs1	1:1	2:0.244	rs2	1:2	2:0.4525	0	1000	1	0.164423	1.97028	1.41711	2.13912e-29	8.03406	0.713695	0.164423	1.97028	1.41711	2.13851e-29	8.03406	0.713693	nan	nan	nan	0	0	1
197	rs1	1:1	2:0.24925	rs2	1:2	2:0.465	0	1000	0	0.999977	-28.1784	981393	2.11382e-39	7.69326	0.585769	0.999977	-28.1784	981393	2.11382e-39	7.69326	0.585769	nan	nan	nan	1	0	1
198	rs1	1:1	2:0.25075	rs2	1:2	2:0.46525	0	1000	0	0.999975	-28.1552	895885	5.37524e-30	8.12533	0.71412	0.999975	-28.1552	895885	5.37524e-30	8.12533	0.71412	nan	nan	nan	1	0	1
199	rs1	1:1	2:0.245	rs2	1:2	2:0.46975	0	1000	1	0.240874	1.44092	1.22861	7.43432e-19	8.91512	1.00529	0.240874	1.44092	1.22861	7.43432e-19	8.91512	1.00529	nan	nan	nan	0	0	1
200	rs1	1:1	2:0.24075	rs2	1:2	2:0.46525	0	1000	0	0.999988	32.2468	2.19469e+06	4.58816e-48	7.42613	0.509809	0.999988	32.2468	2.19469e+06	4.58816e-48	7.42613	0.509809	nan	nan	nan	1	0	1
201	rs1	1:1	2:0.24825	rs2	1:2	2:0.4605	0	1000	0	0.999982	-28.2211	1.26697e+06	5.95109e-39	7.64356	0.585489	0.999982	-28.2211	1.26697e+06	5.95109e-39	7.64356	0.585489	nan	nan	nan	1	0	1
202	rs1	1:1	2:0.2445	rs2	1:2	2:0.4675	0	1000	1	0.263926	1.37231	1.22839	2.41347e-48	7.4511	0.509988	0.263926	1.37231	1.22839	2.41347e-48	7.4511	0.509988	nan	nan	nan	0	0	1
203	rs1	1:1	2:0.2415	rs2	1:2	2:0.45025	0	1000	1	nan	nan	nan	4.81028e-18	8.69735	1.00457	nan	nan	nan	nan	nan	nan	nan	nan	nan	0	1	1
204	rs1	1:1	2:0.24625	rs2	1:2	2:0.462	0	1000	0	0.999982	-28.2095	1.26697e+06	8.30231e-62	6.96441	0.419809	0.999982	-28.2095	1.26697e+06	8.30231e-62	6.96441	0.419809	nan	nan	nan	1	0	1
205	rs1	1:1	2:0.2465	rs2	1:2	2:0.46025	0	1000	0	0.999982	-28.1204	1.26697e+06	2.94498e-30	8.16468	0.714291	0.999982	-28.1204	1.26697e+06	2.94498e-30	8.16468	0.714291	nan	nan	nan	1	0	1
206	rs1	1:1	2:0.24475	rs2	1:2	2:0.4655	0	1000	1	0.0234516	2.78371	1.22847	1.18542e-48	7.47849	0.510174	0.0234516	2.78371	1.22847	1.18542e-48	7.47849	0.510174	nan	nan	nan	0	0	1
207	rs1	1:1	2:0.246	rs2	1:2	2:0.47175	0	1000	1	nan	nan	nan	4.1278e-31	8.29317	0.714938	nan	nan	nan	nan	nan	nan	nan	nan	nan	0	1	1
208	rs1	1:1	2:0.25	rs2	1:2	2:0.477	0	1000	0	0.99999	-27.9616	2.19446e+06	1.90206e-31	8.34387	0.715231	0.99999	-27.9616	2.19446e+06	1.90206e-31	8.34387	0.715231	nan	nan	nan	1	0	1
209	rs1	1:1	2:0.25025	rs2	1:2	2:0.46975	0	1000	1	0.491829	0.771516	1.12236	5.8827e-19	8.94227	1.0054	0.491829	0.771516	1.12236	5.8827e-19	8.94227	1.0054	nan	nan	nan	0	0	1
210	rs1	1:1	2:0.24725	rs2	1:2	2:0.46075	0	1000	0	0.99999	-28.1502	2.19446e+06	4.95512e-30	8.13036	0.714116	0.99999	-28.1502	2.19446e+06	4.95512e-30	8.13036	0.714116	nan	nan	nan	1	0	1
211	rs1	1:1	2:0.2505	rs2	1:2	2:0.46375	0	1000	0	0.999977	-28.184	981393	2.27645e-18	8.78513	1.00486	0.999977	-28.184	981393	2.27645e-18	8.78513	1.00486	nan	nan	nan	1	0	1
212	rs1	1:1	2:0.24425	rs2	1:2	2:0.464	0	1000	0	0.999986	-28.1364	1.55172e+06	7.75075e-40	7.74093	0.58602	0.999986	-28.1364	1.55172e+06	7.75075e-40	7.74093	0.58602	nan	nan	nan	1	0	1
213	rs1	1:1	2:0.249	rs2	1:2	2:0.46575	0	1000	0	0.999986	-28.1285	1.55172e+06	6.40475e-40	7.75004	0.586073	0.999986	-28.1285	1.55172e+06	6.40475e-40	7.75004	0.586073	nan	nan	nan	1	0	1
214	rs1	1:1	2:0.24975	rs2	1:2	2:0.4675	0	1000	0	0.99998	-28.0708	1.09723e+06	7.49284e-19	8.91425	1.00529	0.99998	-28.0708	1.09723e+06	7.49284e-19	8.91425	1.00529	nan	nan	nan	1	0	1
215	rs1	1:1	2:0.2435	rs2	1:2	2:0.45775	0	1000	1	0.45432	0.866637	1.15825	1.72574e-54	7.11274	0.457564	0.45432	0.866637	1.15825	1.72574e-54	7.11274	0.457564	nan	nan	nan	0	0	1
216	rs1	1:1	2:0.24875	rs2	1:2	2:0.46475	0	1000	0	0.999982	-28.159	1.26697e+06	1.78264e-18	8.81358	1.00494	0.999982	-28.159	1.26697e+06	1.78264e-18	8.81358	1.00494	nan	nan	nan	1	0	1
217	rs1	1:1	2:0.24125	rs2	1:2	2:0.45775	0	1000	1	0.463897	0.848303	1.15818	3.21684e-29	8.00721	0.713592	0.463897	0.848303	1.15818	3.21596e-29	8.00721	0.713591	nan	nan	nan	0	0	1
218	rs1	1:1	2:0.2495	rs2	1:2	2:0.4675	0	1000	0	0.999982	-28.0613	1.26697e+06	6.8317e-19	8.9249	1.00533	0.999982	-28.0613	1.26697e+06	6.8317e-19	8.9249	1.00533	nan	nan	nan	1	0	1
219	rs1	1:1	2:0.2395	rs2	1:2	2:0.461	0	1000	0	0.999985	-28.262	1.55172e+06	3.51628e-29	8.00119	0.713557	0.999985	-28.262	1.55172e+06	3.51628e-29	8.00119	0.713557	nan	nan	nan	1	0	1
220	rs1	1:1	2:0.2395	rs2	1:2	2:0.46275	0	1000	0	0.999977	-28.1935	981393	3.04486e-39	7.6758	0.585674	0.999977	-28.1935	981393	3.04486e-39	7.6758	0.585674	nan	nan	nan	1	0	1
221	rs1	1:1	2:0.23925	rs2	1:2	2:0.461	0	1000	1	0.418812	0.936596	1.15846	6.83542e-30	8.1094	0.714036	0.418812	0.936596	1.15846	6.8332e-30	8.1094	0.714035	nan	nan	nan	0	0	1
222	rs1	1:1	2:0.2465	rs2	1:2	2:0.46025	0	1000	0	0.999986	-28.1657	1.55172e+06	1.90659e-18	8.80571	1.00491	0.999986	-28.1657	1.55172e+06	1.90659e-18	8.80571	1.00491	nan	nan	nan	1	0	1
223	rs1	1:1	2:0.251	rs2	1:2	2:0.4635	0	1000	0	0.999986	-28.1423	1.55172e+06	1.5148e-18	8.8325	1.005	0.999986	-28.1423	1.55172e+06	1.5148e-18	8.8325	1.005	nan	nan	nan	1	0	1
224	rs1	1:1	2:0.24625	rs2	1:2	2:0.46725	0	1000	0	0.999986	-28.1512	1.55172e+06	5.0363e-30	8.12936	0.714117	0.999986	-28.1512	1.55172e+06	5.0363e-30	8.12936	0.714117	nan	nan	nan	1	0	1
225	rs1	1:1	2:0.24325	rs2	1:2	2:0.457	0	1000	1	0.751099	0.348643	1.09916	1.08111e-38	7.61524	0.585362	0.751099	0.348643	1.09916	1.08111e-38	7.61524	0.585362	nan	nan	nan	0	0	1
226	rs1	1:1	2:0.248	rs2	1:2	2:0.46675	0	1000	0	0.999975	-28.167	895885	1.52519e-62	7.01375	0.420213	0.999975	-28.167	895885	1.52519e-62	7.01375	0.420213	nan	nan	nan	1	0	1
227	rs1	1:1	2:0.2425	rs2	1:2	2:0.4575	0	1000	1	0.304947	1.25983	1.22805	7.05082e-47	7.32129	0.509179	0.304947	1.25983	1.22805	7.05082e-47	7.32129	0.509179	nan	nan	nan	0	0	1
228	rs1	1:1	2:0.24625	rs2	1:2	2:0.4725	0	1000	0	0.99999	-28.0897	2.19446e+06	7.15962e-64	7.1014	0.420884	0.99999	-28.0897	2.19446e+06	7.15962e-64	7.1014	0.420884	nan	nan	nan	1	0	1
229	rs1	1:1	2:0.24725	rs2	1:2	2:0.4625	0	1000	0	0.999982	-28.0856	1.26697e+06	0.999651	32.3202	73983.1	0.999982	-28.0856	1.26697e+06	0.999651	32.3202	73983.1	nan	nan	nan	1	0	1
230	rs1	1:1	2:0.24125	rs2	1:2	2:0.467	0	1000	1	nan	nan	nan	1.89174e-40	7.80807	0.586408	nan	nan	nan	nan	nan	nan	nan	nan	nan	0	1	1
231	rs1	1:1	2:0.247	rs2	1:2	2:0.46825	0	1000	0	0.999986	-28.1042	1.55172e+06	3.58492e-40	7.77776	0.586237	0.999986	-28.1042	1.55172e+06	3.58492e-40	7.77776	0.586237	nan	nan	nan	1	0	1
232	rs1	1:1	2:0.24975	rs2	1:2	2:0.463	0	1000	0	0.99999	-28.1453	2.19446e+06	6.39851e-56	7.22005	0.458285	0.99999	-28.1453	2.19446e+06	6.39851e-56	7.22005	0.458285	nan	nan	nan	1	0	1
233	rs1	1:1	2:0.246	rs2	1:2	2:0.45775	0	1000	0	0.999982	-28.2408	1.26697e+06	4.00202e-18	8.71904	1.00464	0.999982	-28.2408	1.26697e+06	4.00202e-18	8.71904	1.00464	nan	nan	nan	1	0	1
234	rs1	1:1	2:0.24675	rs2	1:2	2:0.46425	0	1000	0	0.999979	-28.184	1.09723e+06	8.90474e-30	8.09198	0.713956	0.999979	-28.184	1.09723e+06	8.90474e-30	8.09198	0.713956	nan	nan	nan	1	0	1
235	rs1	1:1	2:0.24925	rs2	1:2	2:0.4625	0	1000	0	0.99998	-28.1275	1.09723e+06	0.999653	32.2783	74194.2	0.99998	-28.1275	1.09723e+06	0.999653	32.2783	74194.2	nan	nan	nan	1	0	1
236	rs1	1:1	2:0.246	rs2	1:2	2:0.466	0	1000	1	nan	nan	nan	1.02364e-30	8.23376	0.71462	nan	nan	nan	nan	nan	nan	nan	nan	nan	0	1	1
237	rs1	1:1	2:0.25025	rs2	1:2	2:0.46825	0	1000	0	0.999986	-28.0353	1.55172e+06	6.75441e-31	8.26112	0.714776	0.999986	-28.0353	1.55172e+06	6.75441e-31	8.26112	0.714776	nan	nan	nan	1	0	1
238	rs1	1:1	2:0.2465	rs2	1:2	2:0.46625	0	1000	0	0.999986	-28.1723	1.55172e+06	0.999655	32.2335	74449.9	0.999986	-28.1723	1.55172e+06	0.999655	32.2335	74449.9	nan	nan	nan	1	0	1
239	rs1	1:1	2:0.242	rs2	1:2	2:0.459	0	1000	0	0.99999	-28.2336	2.19446e+06	8.07872e-39	7.62876	0.5854	0.99999	-28.2336	2.19446e+06	8.07872e-39	7.62876	0.5854	nan	nan	nan	1	0	1
240	rs1	1:1	2:0.2465	rs2	1:2	2:0.45875	0	1000	0	0.999985	-28.2264	1.55172e+06	1.87934e-29	8.0426	0.71373	0.999985	-28.2264	1.55172e+06	1.87934e-29	8.0426	0.71373	nan	nan	nan	1	0	1
241	rs1	1:1	2:0.248	rs2	1:2	2:0.46825	0	1000	0	0.999973	-28.1804	829429	2.21336e-39	7.69124	0.585771	0.999973	-28.1804	829429	2.21336e-39	7.69124	0.585771	nan	nan	nan	1	0	1
242	rs1	1:1	2:0.2435	rs2	1:2	2:0.45675	0	1000	0	0.999979	-28.1915	1.09723e+06	1.01618e-29	8.08328	0.713918	0.999979	-28.1915	1.09723e+06	1.01618e-29	8.08328	0.713918	nan	nan	nan	1	0	1
243	rs1	1:1	2:0.23825	rs2	1:2	2:0.459	0	1000	0	0.999985	-28.2326	1.55172e+06	3.69485e-18	8.72837	1.00467	0.999985	-28.2326	1.55172e+06	3.69485e-18	8.72837	1.00467	nan	nan	nan	1	0	1
244	rs1	1:1	2:0.24975	rs2	1:2	2:0.46875	0	1000	1	nan	nan	nan	1.18604e-30	8.22411	0.71457	nan	nan	nan	nan	nan	nan	nan	nan	nan	0	1	1
245	rs1	1:1	2:0.2495	rs2	1:2	2:0.475	0	1000	1	0.32154	1.14916	1.15925	1.08941e-41	7.94487	0.587351	0.32154	1.14916	1.15925	1.08941e-41	7.94487	0.587351	nan	nan	nan	0	0	1
246	rs1	1:1	2:0.2485	rs2	1:2	2:0.461	0	1000	0	0.999988	32.2228	2.19469e+06	2.49409e-55	7.17554	0.457967	0.999988	32.2228	2.19469e+06	2.49409e-55	7.17554	0.457967	nan	nan	nan	1	0	1
247	rs1	1:1	2:0.24125	rs2	1:2	2:0.46	0	1000	0	0.99999	-28.1799	2.19446e+06	2.19694e-18	8.78914	1.00485	0.99999	-28.1799	2.19446e+06	2.19694e-18	8.78914	1.00485	nan	nan	nan	1	0	1
248	rs1	1:1	2:0.246	rs2	1:2	2:0.46475	0	1000	1	0.53969	0.688135	1.12205	1.33263e-18	8.84751	1.00506	0.53969	0.688135	1.12205	1.33263e-18	8.84751	1.00506	nan	nan	nan	0	0	1
249	rs1	1:1	2:0.24625	rs2	1:2	2:0.46925	0	1000	0	0.999986	-28.1103	1.55172e+06	1.10576e-18	8.86907	1.00512	0.999986	-28.1103	1.55172e+06	1.10576e-18	8.86907	1.00512	nan	nan	nan	1	0	1
250	rs1	1:1	2:0.2385	rs2	1:2	2:0.465	0	1000	0	0.99999	-28.1809	2.19446e+06	8.48237e-30	8.09499	0.713954	0.99999	-28.1809	2.19446e+06	8.48237e-30	8.09499	0.713954	nan	nan	nan	1	0	1
251	rs1	1:1	2:0.2445	rs2	1:2	2:0.46175	0	1000	0	0.999985	-28.2428	1.55172e+06	5.49707e-47	7.33073	0.509227	0.999985	-28.2428	1.55172e+06	5.49707e-47	7.33073	0.509227	nan	nan	nan	1	0	1
252	rs1	1:1	2:0.248	rs2	1:2	2:0.4665	0	1000	1	0.269782	1.35555	1.22834	9.08055e-56	7.2089	0.458222	0.269782	1.35555	1.22834	9.08055e-56	7.2089	0.458222	nan	nan	nan	0	0	1
253	rs1	1:1	2:0.2355	rs2	1:2	2:0.45525	0	1000	0	0.99999	-28.2807	2.19446e+06	5.96486e-18	8.67208	1.0045	0.99999	-28.2807	2.19446e+06	5.96486e-18	8.67208	1.0045	nan	nan	nan	1	0	1
254	rs1	1:1	2:0.2505	rs2	1:2	2:0.4635	0	1000	0	0.999973	-28.1784	829429	2.14992e-18	8.79187	1.00488	0.999973	-28.1784	829429	2.14992e-18	8.79187	1.00488	nan	nan	nan	1	0	1
255	rs1	1:1	2:0.24625	rs2	1:2	2:0.46725	0	1000	1	0.257729	1.39032	1.22844	2.95166e-30	8.16454	0.714291	0.257729	1.39032	1.22844	2.95062e-30	8.16454	0.714289	nan	nan	nan	0	0	1
256	rs1	1:1	2:0.2465	rs2	1:2	2:0.46175	0	1000	0	0.999977	-28.162	981393	6.0571e-30	8.11741	0.714078	0.999977	-28.162	981393	6.0571e-30	8.11741	0.714078	nan	nan	nan	1	0	1
257	rs1	1:1	2:0.2395	rs2	1:2	2:0.45175	0	1000	0	0.999977	-28.3108	981393	0.99966	32.095	75277.4	0.999977	-28.3108	981393	0.99966	32.095	75277.4	nan	nan	nan	1	0	1
258	rs1	1:1	2:0.239	rs2	1:2	2:0.45025	0	1000	0	0.999985	-28.3108	1.55172e+06	5.29052e-38	7.53873	0.584963	0.999985	-28.3108	1.55172e+06	5.29052e-38	7.53873	0.584963	nan	nan	nan	1	0	1
259	rs1	1:1	2:0.25275	rs2	1:2	2:0.47725	0	1000	1	0.188786	1.61548	1.22927	6.13704e-32	8.41788	0.715693	0.188786	1.61548	1.22927	6.13704e-32	8.41788	0.715693	nan	nan	nan	0	0	1
260	rs1	1:1	2:0.246	rs2	1:2	2:0.46525	0	1000	0	0.999982	-28.1123	1.26697e+06	2.5584e-30	8.17392	0.714336	0.999982	-28.1123	1.26697e+06	2.5584e-30	8.17392	0.714336	nan	nan	nan	1	0	1
261	rs1	1:1	2:0.24625	rs2	1:2	2:0.46325	0	1000	0	0.999977	-28.2201	981393	0.999656	32.1857	74708.3	0.999977	-28.2201	981393	0.999656	32.1857	74708.3	nan	nan	nan	1	0	1
262	rs1	1:1	2:0.247	rs2	1:2	2:0.46375	0	1000	0	0.999982	-28.1113	1.26697e+06	1.11572e-18	8.86807	1.00512	0.999982	-28.1113	1.26697e+06	1.11572e-18	8.86807	1.00512	nan	nan	nan	1	0	1
263	rs1	1:1	2:0.249	rs2	1:2	2:0.46275	0	1000	1	0.39145	0.992951	1.15865	1.12713e-18	8.86693	1.00512	0.39145	0.992951	1.15865	1.12713e-18	8.86693	1.00512	nan	nan	nan	0	0	1
264	rs1	1:1	2:0.2465	rs2	1:2	2:0.4605	0	1000	0	0.999982	-28.2346	1.26697e+06	2.16826e-29	8.03322	0.713695	0.999982	-28.2346	1.26697e+06	2.16826e-29	8.03322	0.713695	nan	nan	nan	1	0	1
265	rs1	1:1	2:0.2425	rs2	1:2	2:0.45725	0	1000	0	0.999986	-28.2098	1.55172e+06	0.999656	32.196	74665	0.999986	-28.2098	1.55172e+06	0.999656	32.196	74665	nan	nan	nan	1	0	1
266	rs1	1:1	2:0.247	rs2	1:2	2:0.4705	0	1000	0	0.999982	-28.0558	1.26697e+06	2.09208e-49	7.5453	0.510646	0.999982	-28.0558	1.26697e+06	2.09208e-49	7.5453	0.510646	nan	nan	nan	1	0	1
267	rs1	1:1	2:0.2475	rs2	1:2	2:0.4675	0	1000	0	0.99999	-28.1012	2.19446e+06	1.01146e-18	8.87938	1.00516	0.99999	-28.1012	2.19446e+06	1.01146e-18	8.87938	1.00516	nan	nan	nan	1	0	1
268	rs1	1:1	2:0.24875	rs2	1:2	2:0.4645	0	1000	0	0.999982	-28.1354	1.26697e+06	1.41397e-18	8.84055	1.00503	0.999982	-28.1354	1.26697e+06	1.41397e-18	8.84055	1.00503	nan	nan	nan	1	0	1
269	rs1	1:1	2:0.24925	rs2	1:2	2:0.4665	0	1000	1	0.258074	1.38931	1.22844	5.42615e-40	7.75807	0.586128	0.258074	1.38931	1.22844	5.42615e-40	7.75807	0.586128	nan	nan	nan	0	0	1
270	rs1	1:1	2:0.24275	rs2	1:2	2:0.46225	0	1000	0	0.999986	-28.1905	1.55172e+06	2.84256e-39	7.67882	0.585671	0.999986	-28.1905	1.55172e+06	2.84256e-39	7.67882	0.585671	nan	nan	nan	1	0	1
271	rs1	1:1	2:0.2465	rs2	1:2	2:0.458	0	1000	1	0.568214	0.640245	1.12189	7.9426e-30	8.09958	0.713997	0.568214	0.640245	1.12189	7.94002e-30	8.09958	0.713995	nan	nan	nan	0	0	1
272	rs1	1:1	2:0.24075	rs2	1:2	2:0.4605	0	1000	0	0.999986	-28.197	1.55172e+06	1.1217e-29	8.07664	0.713878	0.999986	-28.197	1.55172e+06	1.1217e-29	8.07664	0.713878	nan	nan	nan	1	0	1
273	rs1	1:1	2:0.2465	rs2	1:2	2:0.46475	0	1000	0	0.99999	-28.0856	2.19446e+06	1.61308e-30	8.20403	0.714474	0.99999	-28.0856	2.19446e+06	1.61308e-30	8.20403	0.714474	nan	nan	nan	1	0	1
274	rs1	1:1	2:0.2465	rs2	1:2	2:0.4675	0	1000	0	0.99998	-28.1214	1.09723e+06	2.99351e-30	8.16367	0.714291	0.99998	-28.1214	1.09723e+06	2.99351e-30	8.16367	0.714291	nan	nan	nan	1	0	1
275	rs1	1:1	2:0.2435	rs2	1:2	2:0.45825	0	1000	0	0.999986	-28.2181	1.55172e+06	3.20086e-18	8.74518	1.00472	0.999986	-28.2181	1.55172e+06	3.20086e-18	8.74518	1.00472	nan	nan	nan	1	0	1
276	rs1	1:1	2:0.242	rs2	1:2	2:0.462	0	1000	1	0.126373	1.33138	0.871	8.44705e-48	7.40327	0.509701	0.126373	1.33138	0.871	8.44705e-48	7.40327	0.509701	nan	nan	nan	0	0	1
277	rs1	1:1	2:0.246	rs2	1:2	2:0.4555	0	1000	0	0.16859	1.95093	1.41705	0.999658	32.1538	74969.3	0.16859	1.95093	1.41705	0.999658	32.1538	74969.3	nan	nan	nan	1	0	1
278	rs1	1:1	2:0.247	rs2	1:2	2:0.46125	0	1000	0	0.999982	-28.1905	1.26697e+06	9.99852e-30	8.08429	0.713917	0.999982	-28.1905	1.26697e+06	9.99852e-30	8.08429	0.713917	nan	nan	nan	1	0	1
279	rs1	1:1	2:0.24525	rs2	1:2	2:0.465	0	1000	0	0.999982	-28.16	1.26697e+06	5.86324e-30	8.11942	0.714076	0.999982	-28.16	1.26697e+06	5.86324e-30	8.11942	0.714076	nan	nan	nan	1	0	1
280	rs1	1:1	2:0.254	rs2	1:2	2:0.47	0	1000	0	0.99998	-27.9996	1.09723e+06	0.999649	32.4062	73566.3	0.99998	-27.9996	1.09723e+06	0.999649	32.4062	73566.3	nan	nan	nan	1	0	1
281	rs1	1:1	2:0.2445	rs2	1:2	2:0.455	0	1000	1	0.459663	0.856375	1.1582	4.33879e-18	8.70959	1.00462	0.459663	0.856375	1.1582	4.33879e-18	8.70959	1.00462	nan	nan	nan	0	0	1
282	rs1	1:1	2:0.24875	rs2	1:2	2:0.46675	0	1000	1	0.0337518	2.13306	1.00473	1.272e-30	8.21984	0.714573	0.0337518	2.13306	1.00473	1.27153e-30	8.21984	0.714571	nan	nan	nan	0	0	1
283	rs1	1:1	2:0.25	rs2	1:2	2:0.467	0	1000	1	0.0254965	2.74386	1.22834	3.87336e-48	7.43291	0.50987	0.0254965	2.74386	1.22834	3.87336e-48	7.43291	0.50987	nan	nan	nan	0	0	1
284	rs1	1:1	2:0.24425	rs2	1:2	2:0.465	0	1000	1	0.436032	0.902262	1.15836	6.45368e-62	6.97184	0.419874	0.436032	0.902262	1.15836	6.45368e-62	6.97184	0.419874	nan	nan	nan	0	0	1
285	rs1	1:1	2:0.25425	rs2	1:2	2:0.4735	0	1000	0	0.99998	-27.9915	1.09723e+06	3.45047e-19	9.00374	1.00563	0.99998	-27.9915	1.09723e+06	3.45047e-19	9.00374	1.00563	nan	nan	nan	1	0	1
286	rs1	1:1	2:0.2395	rs2	1:2	2:0.45875	0	1000	0	0.99999	-28.2817	2.19446e+06	4.9925e-29	7.97793	0.713459	0.99999	-28.2817	2.19446e+06	4.9925e-29	7.97793	0.713459	nan	nan	nan	1	0	1
287	rs1	1:1	2:0.24825	rs2	1:2	2:0.459	0	1000	0	0.999975	-28.1935	895885	1.04968e-29	8.08127	0.713919	0.999975	-28.1935	895885	1.04968e-29	8.08127	0.713919	nan	nan	nan	1	0	1
288	rs1	1:1	2:0.2515	rs2	1:2	2:0.473	0	1000	1	0.213294	1.52947	1.22893	3.12872e-19	9.01496	1.00568	0.213294	1.52947	1.22893	3.12872e-19	9.01496	1.00568	nan	nan	nan	0	0	1
289	rs1	1:1	2:0.244	rs2	1:2	2:0.47	0	1000	0	0.999986	-28.1667	1.55172e+06	6.60145e-30	8.11156	0.714035	0.999986	-28.1667	1.55172e+06	6.60145e-30	8.11156	0.714035	nan	nan	nan	1	0	1
290	rs1	1:1	2:0.244	rs2	1:2	2:0.46425	0	1000	1	0.14773	2.05172	1.41733	1.13439e-39	7.72275	0.585916	0.14773	2.05172	1.41733	1.13439e-39	7.72275	0.585916	nan	nan	nan	0	0	1
291	rs1	1:1	2:0.24425	rs2	1:2	2:0.4555	0	1000	0	0.99999	-28.267	2.19446e+06	5.20055e-18	8.68821	1.00455	0.99999	-28.267	2.19446e+06	5.20055e-18	8.68821	1.00455	nan	nan	nan	1	0	1
292	rs1	1:1	2:0.24225	rs2	1:2	2:0.45475	0	1000	0	0.999982	-28.3194	1.26697e+06	5.6465e-46	7.24122	0.508731	0.999982	-28.3194	1.26697e+06	5.6465e-46	7.24122	0.508731	nan	nan	nan	1	0	1
293	rs1	1:1	2:0.24575	rs2	1:2	2:0.46025	0	1000	0	0.999977	-28.2294	981393	1.97248e-29	8.03959	0.713732	0.999977	-28.2294	981393	1.97248e-29	8.03959	0.713732	nan	nan	nan	1	0	1
294	rs1	1:1	2:0.246	rs2	1:2	2:0.46075	0	1000	0	0.999986	-28.1512	1.55172e+06	5.0363e-30	8.12936	0.714117	0.999986	-28.1512	1.55172e+06	5.0363e-30	8.12936	0.714117	nan	nan	nan	1	0	1
295	rs1	1:1	2:0.24475	rs2	1:2	2:0.4655	0	1000	1	0.044185	2.02095	1.00428	8.94788e-30	8.09168	0.713957	0.044185	2.02095	1.00428	8.94508e-30	8.09168	0.713955	nan	nan	nan	0	0	1
296	rs1	1:1	2:0.24525	rs2	1:2	2:0.4645	0	1000	0	0.99999	-28.1637	2.19446e+06	0.999654	32.2421	74407.1	0.99999	-28.1637	2.19446e+06	0.999654	32.2421	74407.1	nan	nan	nan	1	0	1
297	rs1	1:1	2:0.246	rs2	1:2	2:0.465	0	1000	0	0.999986	-28.0688	1.55172e+06	7.3591e-19	8.91626	1.00529	0.999986	-28.0688	1.55172e+06	7.3591e-19	8.91626	1.00529	nan	nan	nan	1	0	1
298	rs1	1:1	2:0.25175	rs2	1:2	2:0.4825	0	1000	1	0.329087	1.1313	1.15917	2.35286e-31	8.33023	0.715173	0.329087	1.1313	1.15917	2.35286e-31	8.33023	0.715173	nan	nan	nan	0	0	1
299	rs1	1:1	2:0.251	rs2	1:2	2:0.4665	0	1000	0	0.99999	-28.0949	2.19446e+06	2.87884e-40	7.78813	0.586293	0.99999	-28.0949	2.19446e+06	2.87884e-40	7.78813	0.586293	nan	nan	nan	1	0	1
300	rs1	1:1	2:0.24575	rs2	1:2	2:0.465	0	1000	0	0.99999	-28.1265	2.19446e+06	3.27788e-30	8.15751	0.714245	0.99999	-28.1265	2.19446e+06	3.27788e-30	8.15751	0.714245	nan	nan	nan	1	0	1
301	rs1	1:1	2:0.2455	rs2	1:2	2:0.4545	0	1000	0	0.999977	-28.2499	981393	4.37112e-18	8.70875	1.00462	0.999977	-28.2499	981393	4.37112e-18	8.70875	1.00462	nan	nan	nan	1	0	1
302	rs1	1:1	2:0.24625	rs2	1:2	2:0.469	0	1000	0	0.99999	-28.1042	2.19446e+06	8.70652e-49	7.49007	0.510236	0.99999	-28.1042	2.19446e+06	8.70652e-49	7.49007	0.510236	nan	nan	nan	1	0	1
303	rs1	1:1	2:0.24575	rs2	1:2	2:0.4575	0	1000	0	0.99999	-28.267	2.19446e+06	5.20055e-18	8.68821	1.00455	0.99999	-28.267	2.19446e+06	5.20055e-18	8.68821	1.00455	nan	nan	nan	1	0	1
304	rs1	1:1	2:0.244	rs2	1:2	2:0.45375	0	1000	1	0.0901237	1.55463	0.917323	1.0606e-38	7.61609	0.585361	0.0901237	1.55463	0.917323	1.0606e-38	7.61609	0.585361	nan	nan	nan	0	0	1
305	rs1	1:1	2:0.24225	rs2	1:2	2:0.4635	0	1000	1	nan	nan	nan	1.60753e-18	8.82551	1.00497	nan	nan	nan	nan	nan	nan	nan	nan	nan	0	1	1
306	rs1	1:1	2:0.24375	rs2	1:2	2:0.457	0	1000	0	0.999986	-28.183	1.55172e+06	2.36971e-39	7.68752	0.585719	0.999986	-28.183	1.55172e+06	2.36971e-39	7.68752	0.585719	nan	nan	nan	1	0	1
307	rs1	1:1	2:0.24575	rs2	1:2	2:0.46675	0	1000	0	0.999986	-28.1204	1.55172e+06	5.28549e-40	7.75921	0.586127	0.999986	-28.1204	1.55172e+06	5.28549e-40	7.75921	0.586127	nan	nan	nan	1	0	1
308	rs1	1:1	2:0.24825	rs2	1:2	2:0.47175	0	1000	0	0.999986	-28.0527	1.55172e+06	9.11965e-31	8.24147	0.714672	0.999986	-28.0527	1.55172e+06	9.11965e-31	8.24147	0.714672	nan	nan	nan	1	0	1
309	rs1	1:1	2:0.25275	rs2	1:2	2:0.46475	0	1000	1	0.515966	0.728957	1.1222	8.92511e-19	8.89404	1.00522	0.515966	0.728957	1.1222	8.92511e-19	8.89404	1.00522	nan	nan	nan	0	0	1
310	rs1	1:1	2:0.24625	rs2	1:2	2:0.4635	0	1000	0	0.99998	-28.1354	1.09723e+06	0.999653	32.2704	74236.6	0.99998	-28.1354	1.09723e+06	0.999653	32.2704	74236.6	nan	nan	nan	1	0	1
311	rs1	1:1	2:0.23925	rs2	1:2	2:0.45325	0	1000	0	0.999985	-28.2316	1.55172e+06	0.999657	32.1742	74795	0.999985	-28.2316	1.55172e+06	0.999657	32.1742	74795	nan	nan	nan	1	0	1
312	rs1	1:1	2:0.2385	rs2	1:2	2:0.45475	0	1000	0	0.999985	-28.3041	1.55172e+06	4.49119e-38	7.5466	0.585	0.999985	-28.3041	1.55172e+06	4.49119e-38	7.5466	0.585	nan	nan	nan	1	0	1
313	rs1	1:1	2:0.245	rs2	1:2	2:0.45975	0	1000	0	0.999982	-28.1945	1.26697e+06	4.5618e-62	6.98165	0.419938	0.999982	-28.1945	1.26697e+06	4.5618e-62	6.98165	0.419938	nan	nan	nan	1	0	1
314	rs1	1:1	2:0.2465	rs2	1:2	2:0.46125	0	1000	0	0.999986	-28.1885	1.55172e+06	2.38801e-18	8.77944	1.00483	0.999986	-28.1885	1.55172e+06	2.38801e-18	8.77944	1.00483	nan	nan	nan	1	0	1
315	rs1	1:1	2:0.24575	rs2	1:2	2:0.4655	0	1000	0	0.99999	-28.1799	2.19446e+06	2.19694e-18	8.78914	1.00485	0.99999	-28.1799	2.19446e+06	2.19694e-18	8.78914	1.00485	nan	nan	nan	1	0	1
316	rs1	1:1	2:0.2435	rs2	1:2	2:0.46025	0	1000	0	0.999979	-28.197	1.09723e+06	0.999655	32.2088	74578.8	0.999979	-28.197	1.09723e+06	0.999655	32.2088	74578.8	nan	nan	nan	1	0	1
317	rs1	1:1	2:0.24425	rs2	1:2	2:0.46825	0	1000	0	0.999982	-28.183	1.26697e+06	8.76151e-30	8.09299	0.713956	0.999982	-28.183	1.26697e+06	8.76151e-30	8.09299	0.713956	nan	nan	nan	1	0	1
318	rs1	1:1	2:0.25175	rs2	1:2	2:0.458	0	1000	0	0.394831	0.985857	1.15862	0.999653	32.2874	74194.2	0.394831	0.985857	1.15862	0.999653	32.2874	74194.2	nan	nan	nan	1	0	1
319	rs1	1:1	2:0.247	rs2	1:2	2:0.46175	0	1000	0	0.999975	-28.1542	895885	1.69592e-18	8.81949	1.00497	0.999975	-28.1542	895885	1.69592e-18	8.81949	1.00497	nan	nan	nan	1	0	1
320	rs1	1:1	2:0.2495	rs2	1:2	2:0.4625	0	1000	0	0.171933	1.15017	0.841987	0.999654	32.2694	74321.7	0.171933	1.15017	0.841987	0.999654	32.2694	74321.7	nan	nan	nan	1	0	1
321	rs1	1:1	2:0.24875	rs2	1:2	2:0.471	0	1000	0	0.999986	-28.0353	1.55172e+06	6.75441e-31	8.26112	0.714776	0.999986	-28.0353	1.55172e+06	6.75441e-31	8.26112	0.714776	nan	nan	nan	1	0	1
322	rs1	1:1	2:0.24375	rs2	1:2	2:0.4605	0	1000	1	0.265622	1.36742	1.22836	1.53031e-18	8.83135	1.005	0.265622	1.36742	1.22836	1.53031e-18	8.83135	1.005	nan	nan	nan	0	0	1
323	rs1	1:1	2:0.239	rs2	1:2	2:0.4645	0	1000	0	0.99999	-28.1502	2.19446e+06	4.95512e-30	8.13036	0.714116	0.99999	-28.1502	2.19446e+06	4.95512e-30	8.13036	0.714116	nan	nan	nan	1	0	1
324	rs1	1:1	2:0.244	rs2	1:2	2:0.45425	0	1000	0	0.999985	-28.2326	1.55172e+06	3.69485e-18	8.72837	1.00467	0.999985	-28.2326	1.55172e+06	3.69485e-18	8.72837	1.00467	nan	nan	nan	1	0	1
325	rs1	1:1	2:0.24625	rs2	1:2	2:0.4655	0	1000	0	0.99999	-28.1022	2.19446e+06	2.1488e-30	8.18523	0.71438	0.99999	-28.1022	2.19446e+06	2.1488e-30	8.18523	0.71438	nan	nan	nan	1	0	1
326	rs1	1:1	2:0.244	rs2	1:2	2:0.45725	0	1000	0	0.99999	-28.2906	2.19446e+06	2.34859e-46	7.27478	0.508901	0.99999	-28.2906	2.19446e+06	2.34859e-46	7.27478	0.508901	nan	nan	nan	1	0	1
327	rs1	1:1	2:0.249	rs2	1:2	2:0.47125	0	1000	0	0.999982	-27.9813	1.26697e+06	3.12538e-19	9.01508	1.00568	0.999982	-27.9813	1.26697e+06	3.12538e-19	9.01508	1.00568	nan	nan	nan	1	0	1
328	rs1	1:1	2:0.252	rs2	1:2	2:0.46725	0	1000	0	0.99999	-28.0688	2.19446e+06	1.20565e-30	8.22311	0.714571	0.99999	-28.0688	2.19446e+06	1.20565e-30	8.22311	0.714571	nan	nan	nan	1	0	1
329	rs1	1:1	2:0.24225	rs2	1:2	2:0.45925	0	1000	1	0.734829	0.372318	1.09923	3.32072e-18	8.74101	1.00472	0.734829	0.372318	1.09923	3.32072e-18	8.74101	1.00472	nan	nan	nan	0	0	1
330	rs1	1:1	2:0.245	rs2	1:2	2:0.459	0	1000	0	0.99999	-28.2306	2.19446e+06	0.999657	32.1752	74795	0.99999	-28.2306	2.19446e+06	0.999657	32.1752	74795	nan	nan	nan	1	0	1
331	rs1	1:1	2:0.248	rs2	1:2	2:0.464	0	1000	1	0.546174	0.677147	1.12203	2.5596e-48	7.44908	0.50999	0.546174	0.677147	1.12203	2.5596e-48	7.44908	0.50999	nan	nan	nan	0	0	1
332	rs1	1:1	2:0.2445	rs2	1:2	2:0.466	0	1000	0	0.999986	-28.0793	1.55172e+06	1.98156e-40	7.80606	0.58641	0.999986	-28.0793	1.55172e+06	1.98156e-40	7.80606	0.58641	nan	nan	nan	1	0	1
333	rs1	1:1	2:0.25425	rs2	1:2	2:0.471	0	1000	0	0.999982	-27.9636	1.26697e+06	1.96636e-31	8.34186	0.715232	0.999982	-27.9636	1.26697e+06	1.96636e-31	8.34186	0.715232	nan	nan	nan	1	0	1
334	rs1	1:1	2:0.2435	rs2	1:2	2:0.46375	0	1000	0	0.270748	1.35279	1.22831	0.999654	32.2488	74407.1	0.270748	1.35279	1.22831	0.999654	32.2488	74407.1	nan	nan	nan	1	0	1
335	rs1	1:1	2:0.246	rs2	1:2	2:0.45725	0	1000	0	0.999985	-28.2489	1.55172e+06	1.1691e-38	7.61114	0.585316	0.999985	-28.2489	1.55172e+06	1.1691e-38	7.61114	0.585316	nan	nan	nan	1	0	1
336	rs1	1:1	2:0.24775	rs2	1:2	2:0.4645	0	1000	0	0.99998	-28.1133	1.09723e+06	2.6006e-30	8.17291	0.714336	0.99998	-28.1133	1.09723e+06	2.6006e-30	8.17291	0.714336	nan	nan	nan	1	0	1
337	rs1	1:1	2:0.243	rs2	1:2	2:0.4575	0	1000	0	0.99999	-28.2509	2.19446e+06	4.43117e-61	6.91598	0.41944	0.99999	-28.2509	2.19446e+06	4.43117e-61	6.91598	0.41944	nan	nan	nan	1	0	1
338	rs1	1:1	2:0.248	rs2	1:2	2:0.46275	0	1000	0	0.99999	-28.156	2.19446e+06	0.999654	32.2498	74364.4	0.99999	-28.156	2.19446e+06	0.999654	32.2498	74364.4	nan	nan	nan	1	0	1
339	rs1	1:1	2:0.2445	rs2	1:2	2:0.4625	0	1000	0	0.999977	-28.2158	981393	5.21745e-39	7.65003	0.585535	0.999977	-28.2158	981393	5.21745e-39	7.65003	0.585535	nan	nan	nan	1	0	1
340	rs1	1:1	2:0.2465	rs2	1:2	2:0.46175	0	1000	1	0.141396	2.08447	1.41742	2.9039e-30	8.16555	0.71429	0.141396	2.08447	1.41742	2.90288e-30	8.16555	0.714288	nan	nan	nan	0	0	1
341	rs1	1:1	2:0.2455	rs2	1:2	2:0.46475	0	1000	0	0.0228544	2.79588	1.22849	0.999652	32.3056	74151.9	0.0228544	2.79588	1.22849	0.999652	32.3056	74151.9	nan	nan	nan	1	0	1
342	rs1	1:1	2:0.24525	rs2	1:2	2:0.46425	0	1000	0	0.999986	-28.1799	1.55172e+06	0.999655	32.2258	74492.8	0.999986	-28.1799	1.55172e+06	0.999655	32.2258	74492.8	nan	nan	nan	1	0	1
343	rs1	1:1	2:0.244	rs2	1:2	2:0.46225	0	1000	0	0.999979	-28.2138	1.09723e+06	1.50214e-29	8.05751	0.713804	0.999979	-28.2138	1.09723e+06	1.50214e-29	8.05751	0.713804	nan	nan	nan	1	0	1
344	rs1	1:1	2:0.245	rs2	1:2	2:0.463	0	1000	1	0.426922	0.920323	1.15841	2.48925e-39	7.68536	0.58572	0.426922	0.920323	1.15841	2.48925e-39	7.68536	0.58572	nan	nan	nan	0	0	1
345	rs1	1:1	2:0.24625	rs2	1:2	2:0.45875	0	1000	1	0.467594	0.841286	1.15816	3.6404e-29	7.99902	0.713559	0.467594	0.841286	1.15816	3.6394e-29	7.99902	0.713557	nan	nan	nan	0	0	1
346	rs1	1:1	2:0.2435	rs2	1:2	2:0.46025	0	1000	0	0.99999	-28.2418	2.19446e+06	5.34006e-47	7.33174	0.509226	0.99999	-28.2418	2.19446e+06	5.34006e-47	7.33174	0.509226	nan	nan	nan	1	0	1
347	rs1	1:1	2:0.24525	rs2	1:2	2:0.463	0	1000	1	0.0245659	2.76162	1.22839	3.90839e-30	8.14611	0.714203	0.0245659	2.76162	1.22839	3.9071e-30	8.14611	0.714201	nan	nan	nan	0	0	1
348	rs1	1:1	2:0.24025	rs2	1:2	2:0.457	0	1000	1	0.159606	1.9931	1.41716	2.98113e-18	8.75351	1.00475	0.159606	1.9931	1.41716	2.98113e-18	8.75351	1.00475	nan	nan	nan	0	0	1
349	rs1	1:1	2:0.24925	rs2	1:2	2:0.4655	0	1000	1	0.136799	2.10896	1.41749	1.89771e-30	8.19346	0.714427	0.136799	2.10896	1.41749	1.89701e-30	8.19346	0.714425	nan	nan	nan	0	0	1
350	rs1	1:1	2:0.2475	rs2	1:2	2:0.46325	0	1000	0	0.99999	-28.1164	2.19446e+06	0.999653	32.2894	74151.9	0.99999	-28.1164	2.19446e+06	0.999653	32.2894	74151.9	nan	nan	nan	1	0	1
