Outcome	Var1_ID	Var1_Pos	Var1_MAF	Var2_ID	Var2_Pos	Var2_MAF	Num_Missing	Num_Cases	Converged	Red_Var1_Pval	Red_Var1_beta	Red_Var1_SE	Red_Var2_Pval	Red_Var2_beta	Red_Var2_SE	Full_Var1_Pval	Full_Var1_beta	Full_Var1_SE	Full_Var2_Pval	Full_Var2_beta	Full_Var2_SE	Full_Var1_Var2_Pval	Full_Var1_Var2_beta	Full_Var1_Var2_SE	Red_Model_Pval	Full_Model_Pval	Overall_Pval_(LRT)
1	rs1	1:1	2:0.239	rs2	1:2	2:0.45275	0	1000	0	0.44528	-2.26281	1.77887	1.36787e-23	7.65388	0.745904	0.590821	-1.84819	1.80152	0.999269	0.0722516	1.88986	0.999999	-1728.74	1.0312e+06	0	0	1
2	rs1	1:1	2:0.24325	rs2	1:2	2:0.4585	0	1000	1	0.918667	-0.681956	1.65563	4.4356e-16	8.65651	1.02949	0.984102	-0.280503	1.56681	0.977588	-3.76684	17.6915	0.78764	-123.862	179.261	0	0	9.33496e-05
3	rs1	1:1	2:0.24725	rs2	1:2	2:0.46475	0	1000	0	0.805628	-0.0311379	0.0473602	8.70193e-32	7.8678	0.65785	0.476504	-0.0661383	0.0543184	0.928359	-3.97286	10.3035	0.996475	112.14	1334.48	0	1	1
4	rs1	1:1	2:0.24875	rs2	1:2	2:0.463	0	1000	1	0.590177	-1.679	1.63491	0.415669	32.1833	24.2886	0.572312	-1.85393	1.75483	0.463296	30.6215	24.6853	0.955338	-89.6306	296.503	0	0	0.77952
5	rs1	1:1	2:0.2475	rs2	1:2	2:0.4625	0	1000	1	0.225025	-3.0263	1.75218	4.49184e-24	7.76598	0.748949	0.608767	-1.7335	1.73992	0.970455	0.44587	1.82056	0.0338905	-71.7696	27.5848	0	0	2.10585e-06
6	rs1	1:1	2:0.246	rs2	1:2	2:0.45975	0	1000	1	0.984721	0.282857	1.61187	5.72076e-26	7.97978	0.740119	0.79023	1.02732	1.49713	0.920097	-1.86098	4.56001	0.195923	-106.629	59.0558	0	0	1.55747e-07
7	rs1	1:1	2:0.2455	rs2	1:2	2:0.458	0	1000	0	0.962241	-0.366219	1.31993	5.00177e-51	6.83239	0.448913	0.899426	0.503643	1.09385	0.993488	0.123189	1.07771	0.999987	-5208.7	1.02949e+06	0	1	1
8	rs1	1:1	2:0.2415	rs2	1:2	2:0.45625	0	1000	0	0.868804	-0.0352347	0.0664361	8.12646e-18	8.77706	0.989359	0.796158	-0.0467746	0.0692738	0.104921	3.43217	1.61631	1	20.4804	23274.5	0	0	1
9	rs1	1:1	2:0.24325	rs2	1:2	2:0.46675	0	1000	1	0.292143	0.0985489	0.0628194	4.72085e-23	7.68988	0.758388	0.809082	0.0459676	0.0706184	0.990341	-24.9821	179.302	0.804598	75.2996	114.192	0	0	1.80414e-07
10	rs1	1:1	2:0.24675	rs2	1:2	2:0.46125	0	1000	1	0.780926	-1.05671	1.50262	4.72931e-16	8.60331	1.02409	0.999236	0.0526818	1.34777	0.962045	-7.42918	26.7055	0.19316	-747.317	412.105	0	0	1.86855e-05
11	rs1	1:1	2:0.24925	rs2	1:2	2:0.45975	0	1000	0	0.690968	-1.55105	1.80389	3.65417e-25	7.84191	0.739219	0.735979	-1.47784	1.88738	0.459451	1.45482	1.16649	0.999998	-2154.14	1.11727e+06	0	0	1
12	rs1	1:1	2:0.251	rs2	1:2	2:0.47	0	1000	0	0.0609672	-4.01779	1.69861	7.15772e-30	7.26382	0.626987	0.658135	-1.62395	1.77538	0.782185	-352.66	503.119	0.122755	-12549.7	6127.16	0	1	1
13	rs1	1:1	2:0.248	rs2	1:2	2:0.46425	0	1000	0	0.865714	-0.765869	1.42612	7.73898e-35	7.63672	0.609305	0.989868	-0.181455	1.27147	0.914646	0.565338	1.33834	0.999999	-1031.15	840360	0	0	1
14	rs1	1:1	2:0.2515	rs2	1:2	2:0.46925	0	1000	1	0.0367576	4.39996	1.7118	1.35092e-15	8.46501	1.02296	0.060801	3.86607	1.63367	0.98562	-0.793515	4.66222	0.268117	95.7503	59.0122	0	0	0.000228517
15	rs1	1:1	2:0.247	rs2	1:2	2:0.46975	0	1000	1	0.26771	0.918675	0.565867	4.46614e-30	7.36041	0.633103	0.72922	0.481979	0.606486	0.910863	-1.55735	3.604	0.116735	27.3225	13.1827	0	0	1.41907e-09
16	rs1	1:1	2:0.25025	rs2	1:2	2:0.47125	0	1000	1	0.595471	-1.85409	1.82088	4.44404e-25	8.03427	0.758673	0.917082	-0.70732	1.69999	0.975009	-0.695076	3.08947	0.0539831	-78.8647	32.6395	0	0	4.68692e-07
17	rs1	1:1	2:0.2505	rs2	1:2	2:0.4735	0	1000	1	0.846474	-0.906499	1.57006	2.72326e-34	7.75848	0.624038	0.991375	0.162443	1.23415	0.977483	0.339543	1.59095	0.00478399	-71.0636	21.7401	0	0	5.74925e-09
18	rs1	1:1	2:0.24775	rs2	1:2	2:0.472	0	1000	1	0.334663	-2.71067	1.83201	2.23535e-30	7.4247	0.635388	0.341153	-2.29177	1.56267	0.956684	-0.716704	2.40831	0.0463542	-79.9076	32.2405	0	0	1.1287e-09
19	rs1	1:1	2:0.247	rs2	1:2	2:0.457	0	1000	1	0.964542	-0.39332	1.46374	0.92613	32.32	82.4982	0.967811	-0.373355	1.45953	0.913861	36.9963	87.164	0.97945	137.451	674.493	0	0	0.89254
20	rs1	1:1	2:0.24525	rs2	1:2	2:0.467	0	1000	1	0.111808	-3.73056	1.78213	1.90281e-37	6.70329	0.515478	0.186951	-2.66025	1.45262	0.957461	-0.48674	1.65076	0.000636226	-69.2183	18.0413	0	0	2.09076e-13
21	rs1	1:1	2:0.243	rs2	1:2	2:0.4605	0	1000	1	0.00430895	-5.36661	1.62594	1.31776e-21	7.34645	0.749182	0.193157	-3.28205	1.80987	0.943196	-1.13589	3.32133	0.116227	-197.178	95.0386	0	0	1.76922e-07
22	rs1	1:1	2:0.24775	rs2	1:2	2:0.475	0	1000	1	0.405109	-2.47291	1.83953	3.03427e-24	7.89127	0.75827	0.640928	-1.84184	1.9527	0.934837	-1.99844	5.4438	0.769343	-225.651	311.595	0	0	1.82044e-07
23	rs1	1:1	2:0.24175	rs2	1:2	2:0.45625	0	1000	1	0.729351	1.02753	1.29333	0.782839	33.7657	48.2538	0.75568	0.978344	1.30705	0.681557	43.8859	50.1184	0.860431	197.424	360.059	0	0	0.681214
24	rs1	1:1	2:0.247	rs2	1:2	2:0.461	0	1000	1	0.767667	1.13851	1.56564	0.966819	33.3674	128.442	0.759773	1.15841	1.56276	0.930573	51.1225	134.762	0.968415	236.553	933.68	0	0	0.824686
25	rs1	1:1	2:0.2505	rs2	1:2	2:0.46325	0	1000	1	0.102067	-3.59073	1.68073	1.36479e-23	7.63776	0.744317	0.214655	-3.03762	1.73156	0.117002	2.07996	1.00408	0.828091	-627.818	1022.14	0	0	3.94012e-06
26	rs1	1:1	2:0.24225	rs2	1:2	2:0.45775	0	1000	1	0.86516	-0.980385	1.82153	1.37117e-24	7.87538	0.751254	0.997719	-0.116734	1.72736	0.579201	1.27718	1.22208	0.535178	-83.368	74.5573	0	0	1.02616e-06
27	rs1	1:1	2:0.24525	rs2	1:2	2:0.46475	0	1000	1	0.972304	0.0361921	0.152703	1.61474e-35	7.42241	0.586386	0.493228	-0.214833	0.180694	0.766896	0.786366	1.07933	0.164009	5.85061	3.07685	0	0	1.08957e-11
28	rs1	1:1	2:0.244	rs2	1:2	2:0.45825	0	1000	1	0.77544	-1.15473	1.61909	6.80768e-16	8.57869	1.02647	0.89642	-0.70833	1.51467	0.345749	2.06315	1.41561	0.344468	-71.703	49.1127	0	0	0.000572009
29	rs1	1:1	2:0.25075	rs2	1:2	2:0.458	0	1000	1	0.278919	0.0255864	0.0160113	8.54722e-24	7.69953	0.747024	0.545283	0.0182793	0.0165977	0.930863	-1.80159	4.75942	0.296469	0.879227	0.563836	0	0	3.24086e-07
30	rs1	1:1	2:0.25225	rs2	1:2	2:0.4625	0	1000	0	0.738907	-0.0563312	0.0724122	5.7795e-27	8.29314	0.754449	0.562806	-0.0838684	0.0782199	0.915781	0.657016	1.56629	0.999999	47.5214	32534.4	0	0	1
31	rs1	1:1	2:0.249	rs2	1:2	2:0.46375	0	1000	1	0.512899	-0.120301	0.104105	0.366553	33.0367	23.3184	0.603856	-0.105524	0.10506	0.257449	39.8018	24.1606	0.622735	-8.22801	8.45392	0	0	0.511693
32	rs1	1:1	2:0.24125	rs2	1:2	2:0.45575	0	1000	1	0.304816	0.200055	0.129783	5.4847e-23	7.63132	0.753713	0.614649	0.134193	0.136014	0.927606	-2.5379	6.54637	0.830221	8.26287	13.5452	0	0	2.50975e-07
33	rs1	1:1	2:0.249	rs2	1:2	2:0.4665	0	1000	0	0.868402	-0.911287	1.71544	4.21688e-43	7.10175	0.508379	0.914457	0.590826	1.39706	0.831813	-2.43216	4.00769	0.999996	-4344.68	1.47953e+06	0	0	1
34	rs1	1:1	2:0.2485	rs2	1:2	2:0.4625	0	1000	0	0.994485	-0.063246	0.60138	3.74042e-26	8.09409	0.747992	0.911524	-0.275852	0.640867	0.256026	1.81448	1.09919	0.999999	400.994	280999	0	0	1
35	rs1	1:1	2:0.247	rs2	1:2	2:0.47075	0	1000	1	0.612152	-1.8174	1.8344	5.80448e-25	7.9388	0.751448	0.829781	-1.1011	1.80246	0.918823	0.694119	1.68684	0.0110143	-64.5005	21.4798	0	0	2.19396e-06
36	rs1	1:1	2:0.2425	rs2	1:2	2:0.4515	0	1000	1	0.244722	-2.86774	1.70915	0.990671	26.9846	197.094	0.193033	-3.22075	1.77571	0.994316	-21.878	204.909	0.785815	-3651.14	5258.65	0	0	0.453402
37	rs1	1:1	2:0.244	rs2	1:2	2:0.461	0	1000	1	0.89116	-0.699034	1.45613	5.62459e-26	7.99917	0.741809	0.999309	-0.046531	1.25127	0.976844	-0.583473	2.69549	0.035778	-80.6546	31.2511	0	0	4.46969e-07
38	rs1	1:1	2:0.24825	rs2	1:2	2:0.46875	0	1000	1	0.500973	0.109799	0.093386	2.28202e-35	7.17574	0.568126	0.989213	-0.0153693	0.104354	0.902999	-3.46176	7.66319	0.753486	6.10778	8.11784	0	0	1.89139e-12
39	rs1	1:1	2:0.24075	rs2	1:2	2:0.4535	0	1000	1	0.794095	1.06441	1.56751	1.23301e-16	8.71158	1.01778	0.994783	-0.1533	1.4988	0.94628	0.732586	2.20449	0.0122751	-71.0583	23.9533	0	0	0.000540082
40	rs1	1:1	2:0.24725	rs2	1:2	2:0.47	0	1000	0	0.000360402	-6.20767	1.55892	6.23702e-22	7.31707	0.740448	0.000781606	-6.1165	1.61699	0.997738	-0.155562	2.31135	0.999998	-1794.35	943240	0	0	1
41	rs1	1:1	2:0.2465	rs2	1:2	2:0.45875	0	1000	1	0.696182	-1.52614	1.79324	3.47764e-16	8.57009	1.01572	0.218383	-2.59409	1.48707	0.689747	1.56688	1.81795	0.00625994	-58.4944	18.3629	0	0	0.000607077
42	rs1	1:1	2:0.24575	rs2	1:2	2:0.4595	0	1000	1	0.852252	-0.837089	1.48037	8.36669e-26	7.96285	0.740976	0.98321	-0.239796	1.30307	0.937222	-2.81957	7.83004	0.427816	-109.003	83.6477	0	0	1.56136e-07
43	rs1	1:1	2:0.2415	rs2	1:2	2:0.463	0	1000	1	0.626076	-1.71032	1.76729	3.66001e-24	7.85989	0.756567	0.893969	-0.7457	1.57499	0.930359	-1.76875	4.6551	0.362225	-95.9683	67.3403	0	0	2.32549e-07
44	rs1	1:1	2:0.25325	rs2	1:2	2:0.463	0	1000	1	0.173514	-3.18844	1.70357	1.22122e-40	6.81753	0.502859	0.786183	-1.0323	1.48825	0.833651	-2.06471	3.42278	0.15071	-101.194	52.0157	0	0	3.75927e-14
45	rs1	1:1	2:0.243	rs2	1:2	2:0.4645	0	1000	1	0.162646	0.166498	0.0873604	2.377e-33	6.94105	0.566284	0.846294	0.0555755	0.0961955	0.828118	0.684673	1.1148	0.532834	3.95534	3.52497	0	0	6.00395e-11
46	rs1	1:1	2:0.247	rs2	1:2	2:0.4665	0	1000	1	0.339989	0.82923	0.564522	3.15415e-30	7.40743	0.635514	0.895602	0.284979	0.606862	0.907243	-2.50299	5.67266	0.346221	31.3341	21.5134	0	0	8.27989e-10
47	rs1	1:1	2:0.24525	rs2	1:2	2:0.46	0	1000	1	0.981761	-0.269836	1.40633	0.928995	32.257	84.0463	0.999911	-0.0208629	1.56032	0.952995	26.8396	86.4938	0.952049	-355.152	1132.88	0	0	0.736507
48	rs1	1:1	2:0.245	rs2	1:2	2:0.45925	0	1000	1	0.91935	-0.735817	1.79426	1.32416e-37	7.25721	0.556881	0.650966	1.41543	1.52754	0.880625	-1.16317	2.30682	0.242933	-174.007	103.437	0	0	9.89858e-13
49	rs1	1:1	2:0.2475	rs2	1:2	2:0.46775	0	1000	1	0.998141	-0.111816	1.83314	4.96235e-17	8.97464	1.03572	0.857588	0.932008	1.68137	0.995388	-0.341331	3.54971	0.365141	-208.085	146.592	0	0	6.30979e-05
50	rs1	1:1	2:0.24575	rs2	1:2	2:0.46775	0	1000	1	0.988346	0.0163107	0.106526	7.45421e-17	8.90821	1.03367	0.946713	-0.0369835	0.111754	0.153344	2.82457	1.45857	0.0406663	2.68433	1.06068	0	0	0.00249421
51	rs1	1:1	2:0.24425	rs2	1:2	2:0.462	0	1000	1	0.902814	0.613558	1.35686	3.97965e-17	8.86836	1.02046	0.658909	1.2902	1.41249	0.353176	2.04196	1.4153	0.608355	-82.5641	82.8131	0	0	0.000327668
52	rs1	1:1	2:0.246	rs2	1:2	2:0.4565	0	1000	0	0.324418	-0.119447	0.0796057	0.781934	32.2188	45.9346	0.441913	-0.102233	0.0799947	0.896328	21.6663	46.3088	0.963839	200.506	738.768	0	1	1
53	rs1	1:1	2:0.24875	rs2	1:2	2:0.46125	0	1000	1	0.384117	0.181536	0.13123	0.566899	33.5041	31.4465	0.443448	0.176464	0.138372	0.60063	35.2417	34.9022	0.993031	-4.70333	39.768	0	0	0.906505
54	rs1	1:1	2:0.24375	rs2	1:2	2:0.47	0	1000	1	0.981525	0.0301122	0.155923	5.37009e-16	8.79228	1.04848	0.991299	-0.0213916	0.161809	0.342438	2.07482	1.41721	0.97957	7.31878	36.0206	0	0	0.000355382
55	rs1	1:1	2:0.24975	rs2	1:2	2:0.4645	0	1000	1	0.951712	-0.378723	1.20375	1.61531e-27	8.12803	0.731749	0.972891	0.255565	1.09006	0.99912	-0.0935735	2.22958	0.0410431	-80.9084	32.0162	0	0	4.6696e-07
56	rs1	1:1	2:0.24875	rs2	1:2	2:0.4695	0	1000	1	0.00572279	-5.29973	1.64921	1.45294e-43	6.23712	0.444067	0.552006	-1.9198	1.76107	0.795197	-2.47155	3.65074	0.258277	-99.8805	60.7017	0	0	1.61445e-17
57	rs1	1:1	2:0.2475	rs2	1:2	2:0.46825	0	1000	1	0.78907	0.69832	1.01451	6.60682e-18	9.03849	1.01616	0.606086	1.00653	1.00579	0.312265	2.16168	1.41683	0.793799	-86.3271	127.027	0	0	0.000303741
58	rs1	1:1	2:0.2525	rs2	1:2	2:0.46675	0	1000	1	0.232449	-2.99223	1.75162	5.37445e-31	7.41796	0.628287	0.69765	-1.46992	1.73222	0.910446	-2.55909	5.90776	0.49111	-107.999	90.5616	0	0	8.88689e-10
59	rs1	1:1	2:0.238	rs2	1:2	2:0.4625	0	1000	1	0.0486831	0.310028	0.126098	1.89549e-34	6.47673	0.519726	0.694631	0.120751	0.141449	0.875728	-3.49788	6.78979	0.384845	7.35847	5.32464	0	0	6.55506e-14
60	rs1	1:1	2:0.24725	rs2	1:2	2:0.46375	0	1000	0	0.6102	-0.0790336	0.0795146	4.61001e-17	9.14048	1.05383	0.558993	-0.0901881	0.083621	0.975461	-0.983137	4.41036	0.989783	192.701	1344.57	0	1	1
61	rs1	1:1	2:0.245	rs2	1:2	2:0.45725	0	1000	1	0.384834	0.113303	0.0819859	0.961369	33.3483	118.802	0.424379	0.113301	0.0865355	0.966001	33.344	126.772	1	0.0109189	112.739	0	0	1
62	rs1	1:1	2:0.243	rs2	1:2	2:0.45675	0	1000	1	0.583278	-1.79022	1.72409	8.73974e-31	7.37793	0.627087	0.91879	-0.616939	1.49896	0.755163	0.867827	1.15798	0.882522	-98.4974	197.017	0	0	4.54325e-09
63	rs1	1:1	2:0.24275	rs2	1:2	2:0.46325	0	1000	1	0.152658	-3.43485	1.7716	1.25305e-33	6.91764	0.561984	0.803836	-1.19396	1.80671	0.845773	0.646969	1.11778	0.858149	-191.172	345.617	0	0	4.98601e-11
64	rs1	1:1	2:0.2435	rs2	1:2	2:0.46225	0	1000	1	0.412991	0.176939	0.133046	5.94731e-38	6.76857	0.516955	0.999462	-0.00496375	0.151319	0.890858	-0.907173	1.88691	0.0143768	5.79752	1.99037	0	0	6.53515e-14
65	rs1	1:1	2:0.24975	rs2	1:2	2:0.46275	0	1000	1	0.813904	-1.04247	1.62445	7.61724e-26	8.01166	0.744913	0.965665	-0.389926	1.47507	0.934602	-2.09838	5.70536	0.260467	-99.3476	60.567	0	0	1.89946e-07
66	rs1	1:1	2:0.24325	rs2	1:2	2:0.4555	0	1000	1	0.996953	0.114898	1.47074	9.05144e-17	8.73011	1.01567	0.973784	0.329753	1.43059	0.327868	2.09359	1.40188	0.611086	-80.4624	81.0713	0	0	0.00043905
67	rs1	1:1	2:0.24475	rs2	1:2	2:0.46725	0	1000	1	0.329244	-2.72821	1.83027	2.22686e-38	6.85761	0.52078	0.942731	0.499762	1.45518	0.932206	-7.76327	20.7184	0.161695	-553.78	290.097	0	0	2.58034e-15
68	rs1	1:1	2:0.24025	rs2	1:2	2:0.451	0	1000	0	0.789293	0.774765	1.12624	0.935423	31.1847	85.3456	0.901546	0.542096	1.19066	0.999994	0.286999	85.9598	0.740095	-7067.79	9109.66	0	1	1
69	rs1	1:1	2:0.24625	rs2	1:2	2:0.46575	0	1000	1	0.998782	0.0772192	1.56388	0.480182	32.4055	26.7533	0.99994	-0.0175245	1.60334	0.433921	35.8721	27.7604	0.834867	132.318	220.235	0	0	0.720397
70	rs1	1:1	2:0.24475	rs2	1:2	2:0.46375	0	1000	1	0.0408178	1.35723	0.536605	1.94599e-33	6.85662	0.558652	0.734402	0.497278	0.632873	0.958356	-12.9471	44.3899	0.503065	234.57	200.109	0	0	3.8892e-12
71	rs1	1:1	2:0.24175	rs2	1:2	2:0.46	0	1000	1	0.479878	-2.21934	1.83145	1.4249e-23	7.7186	0.752503	0.784805	-1.27478	1.83116	0.563973	1.30758	1.22172	0.37827	-76.4669	54.8394	0	0	1.60598e-06
72	rs1	1:1	2:0.24425	rs2	1:2	2:0.4545	0	1000	1	0.588518	-1.83239	1.77952	5.79325e-24	7.70159	0.744504	0.831318	-1.07262	1.76461	0.921303	-2.32941	5.75325	0.402366	-109.59	81.2163	0	0	2.17234e-07
73	rs1	1:1	2:0.24625	rs2	1:2	2:0.46075	0	1000	1	0.893946	-0.0643302	0.135856	0.227781	32.4468	18.8634	0.949105	-0.0441765	0.136677	0.109203	40.2998	19.149	0.42164	-10.4289	7.93537	0	0	0.357407
74	rs1	1:1	2:0.2455	rs2	1:2	2:0.46075	0	1000	1	0.232791	0.0766864	0.044914	4.9123e-15	8.39973	1.03477	0.84696	0.0296482	0.0514394	0.953124	-2.41396	7.79022	0.118723	9.15052	4.43243	0	0	2.34196e-05
75	rs1	1:1	2:0.243	rs2	1:2	2:0.45725	0	1000	1	0.904248	0.727853	1.62225	1.01547e-26	8.15608	0.745466	0.664518	1.39247	1.54018	0.925608	-1.92737	4.90171	0.379938	-105.32	75.7036	0	0	1.06894e-07
76	rs1	1:1	2:0.24625	rs2	1:2	2:0.47275	0	1000	1	0.0817345	-3.99821	1.78653	3.37499e-23	7.75595	0.76242	0.412805	-2.58436	1.94277	0.399653	1.64722	1.21623	0.811334	-83.2982	128.816	0	0	2.52899e-06
77	rs1	1:1	2:0.24025	rs2	1:2	2:0.46175	0	1000	1	0.173293	1.06819	0.570518	1.05079e-14	8.30544	1.03517	0.487237	0.762739	0.636056	0.961778	-2.07537	7.43377	0.793454	59.5968	87.6123	0	0	0.000128881
78	rs1	1:1	2:0.24225	rs2	1:2	2:0.4655	0	1000	1	0.570472	0.648814	0.612366	0.390862	33.1266	24.1678	0.65022	0.570729	0.615116	0.342523	39.6804	27.1071	0.710703	-51.3057	62.0805	0	0	0.578244
79	rs1	1:1	2:0.25625	rs2	1:2	2:0.46425	0	1000	1	0.258294	0.052648	0.0319973	1.35568e-24	7.76693	0.740832	0.437372	0.0433763	0.0337282	0.985618	-0.428415	2.51695	0.653237	1.95955	2.12339	0	0	3.97905e-07
80	rs1	1:1	2:0.24625	rs2	1:2	2:0.47	0	1000	1	0.781881	-0.12035	0.17156	1.36371e-25	8.39988	0.784971	0.417326	-0.250913	0.189793	0.540746	1.36105	1.22741	0.91732	7.33639	17.659	0	0	3.37532e-07
81	rs1	1:1	2:0.24225	rs2	1:2	2:0.464	0	1000	1	0.980885	-0.361675	1.84086	7.02656e-32	7.66164	0.639657	0.832669	0.976268	1.6132	0.944535	-4.07492	12.0622	0.665214	-121.828	134.924	0	0	2.33475e-10
82	rs1	1:1	2:0.2495	rs2	1:2	2:0.466	0	1000	1	0.750696	0.0210717	0.0278247	3.20604e-36	7.2644	0.568197	0.831612	-0.0190829	0.0314241	0.252233	1.42406	0.857993	0.285876	1.13186	0.715221	0	0	8.46147e-11
83	rs1	1:1	2:0.2455	rs2	1:2	2:0.4605	0	1000	1	0.688235	-1.51749	1.75547	4.92481e-16	8.55137	1.0185	0.755232	-1.31667	1.75718	0.910727	0.930751	2.15221	0.0556164	-68.4454	28.4731	0	0	0.00062146
84	rs1	1:1	2:0.24825	rs2	1:2	2:0.45725	0	1000	1	0.235736	-2.87534	1.69135	0.993792	18.5991	166.654	0.296238	-2.70234	1.73242	0.79482	1412.63	2084.44	0.799109	9479.71	14154.9	0	0	0.488321
85	rs1	1:1	2:0.2415	rs2	1:2	2:0.46675	0	1000	1	0.379912	2.12659	1.52852	0.209961	32.9742	18.6629	0.451067	1.98902	1.57626	0.287831	30.8992	19.5786	0.929645	169.56	443.901	0	0	0.708388
86	rs1	1:1	2:0.252	rs2	1:2	2:0.4725	0	1000	1	0.726319	0.0125003	0.0156311	1.23544e-35	7.37816	0.581918	0.757826	-0.013938	0.0187158	0.990715	0.192502	1.40934	0.540646	2.08753	1.88227	0	0	7.2222e-12
87	rs1	1:1	2:0.24325	rs2	1:2	2:0.46225	0	1000	1	0.888539	0.0460381	0.0946971	3.99032e-31	7.61877	0.643921	0.760901	-0.079392	0.107394	0.370524	1.43907	1.02124	0.0978497	3.34835	1.55299	0	0	1.45047e-08
88	rs1	1:1	2:0.242	rs2	1:2	2:0.46675	0	1000	0	0.389939	0.25949	0.189075	1.49601e-23	7.71831	0.752823	0.611798	0.199036	0.200779	0.913749	0.677245	1.59451	0.999999	136.804	89184.8	0	0	1
89	rs1	1:1	2:0.24725	rs2	1:2	2:0.4645	0	1000	1	0.936636	-0.664634	1.83687	1.29088e-25	8.09364	0.75599	0.969797	0.414355	1.67307	0.960315	-0.902897	3.17268	0.151026	-89.4737	46.0166	0	0	2.43278e-07
90	rs1	1:1	2:0.2405	rs2	1:2	2:0.45775	0	1000	1	0.0402493	0.298582	0.117792	1.87122e-14	8.05437	1.013	0.0438877	0.297675	0.119049	0.603103	1.82723	1.81697	0.027056	3.66616	1.36443	0	0	0.00468278
91	rs1	1:1	2:0.24375	rs2	1:2	2:0.4595	0	1000	1	0.0207325	-4.64856	1.66958	3.05416e-28	7.04016	0.625423	0.183105	-3.20878	1.74139	0.91023	-2.78658	6.42478	0.318233	-98.2437	64.9221	0	0	2.31392e-09
92	rs1	1:1	2:0.2465	rs2	1:2	2:0.47025	0	1000	0	0.993848	-0.162964	1.46691	1.04552e-34	7.78436	0.622278	0.927146	0.500922	1.28786	0.982021	-94.2579	494.826	0.848647	-12064.7	21058.6	0	1	1
93	rs1	1:1	2:0.24825	rs2	1:2	2:0.4675	0	1000	1	0.0440532	-4.2167	1.6874	2.8184e-34	6.87243	0.552893	0.390488	-2.35441	1.7168	0.813629	0.71634	1.11534	0.307709	-78.3794	51.051	0	0	1.08888e-10
94	rs1	1:1	2:0.2435	rs2	1:2	2:0.46375	0	1000	1	0.931911	0.234942	0.625599	1.89213e-24	8.03094	0.768348	0.938208	-0.239614	0.670877	0.930461	-1.85462	4.88481	0.333098	30.4079	20.5074	0	0	1.55521e-07
95	rs1	1:1	2:0.24425	rs2	1:2	2:0.46125	0	1000	1	0.225241	-3.0037	1.73966	1.43071e-34	6.95755	0.557301	0.756034	-1.13482	1.51736	0.882505	-1.25834	2.51677	0.0550165	-87.5573	36.3554	0	0	1.11721e-11
96	rs1	1:1	2:0.24525	rs2	1:2	2:0.46525	0	1000	1	0.696359	-0.0956859	0.112472	1.53348e-17	9.1601	1.04097	0.39713	-0.163519	0.12032	0.842215	1.19885	2.04569	0.090809	3.54093	1.61654	0	0	0.000395627
97	rs1	1:1	2:0.25025	rs2	1:2	2:0.47375	0	1000	0	0.998395	-0.0103264	0.18221	1.08874e-16	9.08708	1.05985	0.998905	0.00906244	0.193564	0.933765	-37.0693	100.128	0.741174	474.835	613.501	0	1	1
98	rs1	1:1	2:0.24675	rs2	1:2	2:0.46475	0	1000	1	0.0155065	-4.81192	1.66693	2.5293e-37	6.592	0.507775	0.417251	-2.04846	1.54932	0.988421	0.189158	1.23941	0.0162385	-72.6557	25.3097	0	0	2.1786e-12
99	rs1	1:1	2:0.2435	rs2	1:2	2:0.46175	0	1000	1	0.254901	0.293751	0.177664	4.59895e-15	8.34875	1.02746	0.357024	0.260378	0.181418	0.298318	2.18066	1.40201	0.599758	6.96537	6.88845	0	0	0.000721778
100	rs1	1:1	2:0.24675	rs2	1:2	2:0.46225	0	1000	1	0.916545	0.245133	0.587175	6.45342e-25	7.98532	0.756571	0.995583	-0.0581597	0.618085	0.458224	1.48909	1.19192	0.0525029	20.2258	8.33124	0	0	1.89535e-06
101	rs1	1:1	2:0.2465	rs2	1:2	2:0.46775	0	1000	1	0.816693	0.0320645	0.0503856	2.59896e-24	8.01003	0.768584	0.983256	-0.0100995	0.0549578	0.939383	-1.4139	3.99807	0.537686	2.52889	2.27013	0	0	1.80271e-07
102	rs1	1:1	2:0.2495	rs2	1:2	2:0.46925	0	1000	0	0.951935	-0.0375356	0.119587	5.42704e-32	7.92673	0.660601	0.603551	-0.143306	0.142605	0.999995	0.00514603	1.6911	0.999999	70.1454	46694.6	0	0	1
103	rs1	1:1	2:0.24725	rs2	1:2	2:0.46325	0	1000	1	0.638703	0.0307802	0.032506	0.25551	31.7608	19.2261	0.684349	0.0283931	0.0325998	0.230653	35.4394	20.691	0.700789	-2.35149	2.78855	0	0	0.610197
104	rs1	1:1	2:0.25	rs2	1:2	2:0.46925	0	1000	1	0.888253	-0.823608	1.6918	5.66125e-17	8.74729	1.01126	0.928843	-0.649084	1.68932	0.805707	1.2953	1.97058	0.129764	-70.5993	34.9344	0	0	0.000543988
105	rs1	1:1	2:0.24725	rs2	1:2	2:0.4585	0	1000	1	0.984266	0.259016	1.45438	0.633722	32.1903	33.7023	0.921758	0.56632	1.40295	0.837663	21.4077	35.9665	0.534103	-772.118	689.409	0	0	0.291687
106	rs1	1:1	2:0.23775	rs2	1:2	2:0.454	0	1000	1	0.760881	0.450081	0.608798	2.2702e-15	8.52728	1.03839	0.997932	0.0432565	0.672335	0.995166	-0.317497	3.22501	0.524014	56.7004	49.8742	0	0	0.000114378
107	rs1	1:1	2:0.25175	rs2	1:2	2:0.46175	0	1000	1	0.114222	0.360323	0.172976	7.75555e-24	7.70782	0.747145	0.390388	0.246968	0.180061	0.936079	-1.76	4.84219	0.381822	9.9169	7.14649	0	0	3.73706e-07
108	rs1	1:1	2:0.24625	rs2	1:2	2:0.45475	0	1000	1	0.981602	-0.0171807	0.0891505	0.518319	32.1468	28.0405	0.952032	-0.0280031	0.0893102	0.230609	56.3452	32.8945	0.426276	-13.4985	10.3367	0	0	0.22535
109	rs1	1:1	2:0.24325	rs2	1:2	2:0.46575	0	1000	1	0.101003	3.46466	1.61801	8.68841e-25	7.78717	0.739775	0.23573	2.57735	1.51605	0.357046	1.69038	1.17781	0.0750798	70.9293	31.1693	0	0	4.45422e-06
110	rs1	1:1	2:0.2465	rs2	1:2	2:0.47	0	1000	0	0.224419	-3.13113	1.81124	5.09477e-38	6.855	0.523084	0.809706	-1.0621	1.63465	0.988031	-14.4114	92.865	0.830744	-5407.64	8879.7	0	1	1
111	rs1	1:1	2:0.249	rs2	1:2	2:0.46775	0	1000	0	0.297029	2.33749	1.50016	1.12008e-33	7.49469	0.608412	0.476823	1.8793	1.54414	0.957235	-14.6557	49.5699	0.890949	6498.13	13522.1	0	1	1
112	rs1	1:1	2:0.24375	rs2	1:2	2:0.46325	0	1000	1	0.732139	-1.41274	1.78904	7.29115e-16	8.60688	1.03086	0.828836	-1.0809	1.76401	0.994655	-0.363569	3.51169	0.18682	-81.0572	44.2518	0	0	0.000203106
113	rs1	1:1	2:0.2445	rs2	1:2	2:0.45975	0	1000	1	0.169094	0.0693528	0.0367848	1.40633e-37	6.64421	0.510024	0.893875	0.019276	0.0406934	0.85116	-3.09437	5.45049	0.31784	2.23729	1.47766	0	0	3.03045e-14
114	rs1	1:1	2:0.23875	rs2	1:2	2:0.464	0	1000	0	0.942813	-0.596138	1.73709	3.97795e-25	8.03042	0.75756	0.997299	-0.121953	1.65812	0.542245	1.35382	1.22365	0.999481	-4485.17	139140	0	1	1
115	rs1	1:1	2:0.25325	rs2	1:2	2:0.45925	0	1000	1	0.800877	-1.11625	1.67504	9.99736e-26	7.97428	0.743186	0.994316	-0.163872	1.5348	0.926117	-2.16076	5.51489	0.799573	-182.13	272.304	0	0	1.37037e-07
116	rs1	1:1	2:0.243	rs2	1:2	2:0.47025	0	1000	0	0.719918	-1.48034	1.826	8.96517e-25	7.90874	0.751537	0.857629	-1.01803	1.83686	0.999099	0.0844432	1.98852	0.999998	-1948.1	1.02919e+06	0	0	1
117	rs1	1:1	2:0.25225	rs2	1:2	2:0.4755	0	1000	0	0.40255	-2.44446	1.81202	1.59545e-31	7.56651	0.635357	0.740107	-1.39352	1.79616	0.956325	-0.752799	2.51895	0.999998	-2193.86	1.05219e+06	0	0	1
118	rs1	1:1	2:0.25125	rs2	1:2	2:0.46425	0	1000	0	0.744867	-1.24442	1.62133	2.04145e-16	8.63068	1.01534	0.726057	-1.34857	1.68538	0.999963	-0.0250112	2.90748	0.999997	-2873.65	1.26166e+06	0	0	1
119	rs1	1:1	2:0.246	rs2	1:2	2:0.46	0	1000	1	0.484227	-2.02367	1.68034	2.63765e-24	7.77983	0.746598	0.886691	-0.712649	1.45312	0.935555	-27.0939	74.2281	0.340059	-1746.22	1188.91	0	0	6.38652e-08
120	rs1	1:1	2:0.24725	rs2	1:2	2:0.4685	0	1000	0	0.909868	0.0212666	0.0489293	8.90057e-31	7.61911	0.647672	0.971076	-0.0131865	0.0544255	0.707358	0.961155	1.15506	0.967863	123.427	482.9	0	1	1
121	rs1	1:1	2:0.246	rs2	1:2	2:0.46475	0	1000	1	0.414711	-2.40158	1.81008	2.23856e-30	7.42352	0.635294	0.88986	-0.81372	1.68438	0.911767	-1.44729	3.36721	0.0778103	-86.9678	38.4837	0	0	1.32068e-09
122	rs1	1:1	2:0.248	rs2	1:2	2:0.4665	0	1000	1	0.163572	-3.39532	1.78429	7.09954e-30	7.35445	0.634772	0.803691	-1.27304	1.92558	0.958101	-56.4768	193.03	0.587612	-3079.55	2986.37	0	0	5.19643e-10
123	rs1	1:1	2:0.24375	rs2	1:2	2:0.458	0	1000	1	0.999603	0.0414629	1.47104	1.19801e-16	8.6938	1.0153	0.987329	0.230195	1.44141	0.994451	-0.343465	3.25568	0.511188	-97.7845	84.4089	0	0	0.000139946
124	rs1	1:1	2:0.2485	rs2	1:2	2:0.4645	0	1000	1	0.526845	-2.06797	1.82664	5.05251e-31	7.47134	0.632527	0.963808	-0.480169	1.76841	0.908177	-2.70854	6.17121	0.369511	-107.136	75.9247	0	0	5.98938e-10
125	rs1	1:1	2:0.24125	rs2	1:2	2:0.45675	0	1000	1	0.137491	3.12505	1.56873	2.59605e-24	7.67447	0.736379	0.291507	2.34376	1.49269	0.945134	-1.13017	3.36418	0.252755	104.238	62.8502	0	0	4.20085e-07
126	rs1	1:1	2:0.24425	rs2	1:2	2:0.46825	0	1000	1	0.663392	-1.68806	1.86327	0.975266	35.2387	157.451	0.804648	-1.28068	1.94243	0.999998	0.35893	167.903	0.781837	-2186.04	3115.87	0	0	0.499675
127	rs1	1:1	2:0.24475	rs2	1:2	2:0.45825	0	1000	1	0.780129	-0.0708036	0.100474	1.26986e-31	7.85245	0.658309	0.267706	-0.185809	0.11445	0.933032	-3.9022	10.4805	0.57852	5.65749	5.40758	0	0	8.41276e-11
128	rs1	1:1	2:0.2445	rs2	1:2	2:0.465	0	1000	0	0.998577	-0.00262869	0.049254	8.80949e-25	8.10912	0.770456	0.924481	-0.021276	0.0536878	0.492191	1.42077	1.19322	0.999997	69.6985	28320.8	0	0	1
129	rs1	1:1	2:0.24875	rs2	1:2	2:0.46925	0	1000	1	0.0640433	-4.03588	1.72147	2.55125e-23	7.68389	0.753302	0.24259	-2.99699	1.78066	0.967744	-4.04038	15.7781	0.904611	-124.282	277.555	0	0	3.39953e-07
130	rs1	1:1	2:0.24375	rs2	1:2	2:0.463	0	1000	1	0.33332	0.154189	0.104018	3.29801e-29	7.26912	0.63471	0.927072	0.046613	0.119778	0.939194	-4.14858	11.7121	0.924417	13.1512	33.1712	0	0	6.27198e-10
131	rs1	1:1	2:0.24725	rs2	1:2	2:0.46325	0	1000	1	0.284941	-2.78772	1.75926	0.984357	30.7522	173.175	0.287685	-2.87793	1.82316	0.994426	19.281	182.356	0.982541	-681.637	3631.77	0	0	0.848364
132	rs1	1:1	2:0.24225	rs2	1:2	2:0.468	0	1000	0	0.561123	0.638864	0.594291	1.51959e-15	8.47376	1.02578	0.521751	0.700172	0.613825	0.997658	0.182886	2.67077	0.999997	842.571	371579	0	0	1
133	rs1	1:1	2:0.241	rs2	1:2	2:0.45625	0	1000	1	0.751146	0.0459991	0.0608042	6.18481e-34	7.1098	0.574922	0.921473	-0.0281963	0.0697184	0.8463	-2.15266	3.72613	0.585952	3.34849	3.23857	0	0	1.51954e-12
134	rs1	1:1	2:0.2495	rs2	1:2	2:0.47175	0	1000	1	0.732332	-1.49873	1.89873	1.05326e-36	7.39708	0.574675	0.787008	1.67124	2.41465	0.878193	-2.41301	4.73432	0.804248	-129.781	196.616	0	0	1.11136e-12
135	rs1	1:1	2:0.244	rs2	1:2	2:0.4615	0	1000	1	0.621355	-1.60486	1.64508	5.43874e-37	7.14905	0.553203	0.991574	-0.164602	1.26531	0.745467	0.803404	1.04818	0.0212924	-72.4678	26.1176	0	0	6.36707e-11
136	rs1	1:1	2:0.24575	rs2	1:2	2:0.46625	0	1000	1	0.546902	0.159069	0.14479	5.08139e-16	8.5333	1.0168	0.610373	0.147211	0.14815	0.557356	1.92989	1.78487	0.0325336	4.20824	1.60777	0	0	0.00223286
137	rs1	1:1	2:0.25125	rs2	1:2	2:0.47025	0	1000	1	0.498344	0.169514	0.143629	2.89074e-31	7.55783	0.637305	0.996225	0.0136346	0.156775	0.599494	1.14573	1.13259	0.281223	5.94646	3.73319	0	0	6.43588e-09
138	rs1	1:1	2:0.244	rs2	1:2	2:0.45925	0	1000	1	0.145608	-3.42272	1.74355	4.42919e-23	7.57307	0.746405	0.270423	-3.00081	1.85549	0.925758	-1.678	4.27198	0.672623	-223.368	250.81	0	0	2.48985e-07
139	rs1	1:1	2:0.24675	rs2	1:2	2:0.45575	0	1000	1	0.695276	-1.197	1.40398	0.992804	41.2269	343.033	0.708938	-1.1506	1.3872	0.880215	194.077	384.196	0.898123	1232.4	2658.49	0	0	0.64182
140	rs1	1:1	2:0.25	rs2	1:2	2:0.46425	0	1000	1	0.668015	-1.4419	1.6052	2.17946e-16	8.61432	1.01433	0.725989	-1.27348	1.5913	0.912671	0.93332	2.18318	0.0525089	-68.9986	28.4218	0	0	0.000604574
141	rs1	1:1	2:0.2505	rs2	1:2	2:0.4745	0	1000	1	0.849988	0.705806	1.23794	5.75904e-18	9.10417	1.02177	0.625263	1.28113	1.32197	0.978541	-3.58818	17.2267	0.893448	-284.837	600.045	0	0	6.11456e-05
142	rs1	1:1	2:0.2425	rs2	1:2	2:0.4585	0	1000	0	0.903574	-0.812396	1.80401	9.36922e-25	7.89263	0.750305	0.970419	-0.444742	1.81482	0.601884	1.23793	1.22852	0.828394	-4986.92	8127.01	0	1	1
143	rs1	1:1	2:0.2445	rs2	1:2	2:0.45775	0	1000	1	0.611725	-1.68573	1.70029	1.96227e-24	7.81312	0.747758	0.851741	-0.882509	1.55777	0.965283	-4.26682	16.0506	0.726759	-125.196	156.701	0	0	1.68799e-07
144	rs1	1:1	2:0.253	rs2	1:2	2:0.4725	0	1000	1	0.696129	-1.46484	1.72103	8.58483e-26	8.07895	0.751947	0.932604	-0.579199	1.55047	0.951581	-3.15215	10.0051	0.622011	-113.621	116.597	0	0	1.55678e-07
145	rs1	1:1	2:0.245	rs2	1:2	2:0.46775	0	1000	1	0.0188637	-4.8367	1.71637	1.59586e-42	6.25656	0.450962	0.778022	-1.37711	1.94364	0.988568	0.16265	1.07257	0.985652	-212.143	1247.83	0	0	1.03471e-16
146	rs1	1:1	2:0.243	rs2	1:2	2:0.46225	0	1000	0	0.999374	-0.00233152	0.0658776	1.67873e-30	7.65562	0.65378	0.755323	-0.0557893	0.0744705	0.993294	-22.1254	190.728	0.818657	282.742	446.953	0	1	1
147	rs1	1:1	2:0.2465	rs2	1:2	2:0.46725	0	1000	1	0.906942	-0.636725	1.4406	6.85505e-17	8.71393	1.00999	0.944788	-0.476291	1.4132	0.894265	1.00718	2.13041	0.0480058	-67.9217	27.5621	0	0	0.00059235
148	rs1	1:1	2:0.244	rs2	1:2	2:0.46575	0	1000	0	0.524464	-2.02242	1.78012	3.93278e-24	7.83507	0.75468	0.64646	-1.69671	1.81647	0.951272	-4.03803	12.7751	0.996527	-4958.41	59439.1	0	1	1
149	rs1	1:1	2:0.24425	rs2	1:2	2:0.461	0	1000	1	0.741149	-1.44906	1.87212	2.00221e-24	7.92059	0.758184	0.963308	-0.514266	1.88078	0.988536	-6.1824	40.7128	0.976004	-531.024	2409.32	0	0	1.35845e-07
150	rs1	1:1	2:0.245	rs2	1:2	2:0.45625	0	1000	1	0.489106	-2.0219	1.69059	4.65464e-16	8.41299	1.00121	0.137448	-2.93503	1.47323	0.0932367	3.0832	1.41538	0.00909286	-47.1387	15.3745	0	0	0.00239389
151	rs1	1:1	2:0.24125	rs2	1:2	2:0.45275	0	1000	1	0.00955186	0.35765	0.117265	1.10614e-21	7.30269	0.743368	0.03593	0.310952	0.120561	0.937866	-1.32731	3.70567	0.280811	6.25738	3.92611	0	0	7.9148e-07
152	rs1	1:1	2:0.2405	rs2	1:2	2:0.46	0	1000	0	0.000597479	-6.0968	1.58235	6.02454e-31	6.47294	0.548695	0.00373157	-5.68406	1.69981	0.774725	-115.62	161.821	0.374295	-6062.54	4324.41	0	1	1
153	rs1	1:1	2:0.24075	rs2	1:2	2:0.455	0	1000	1	0.998969	0.00881059	0.193943	0.822883	32.2125	51.5891	0.992775	-0.0247893	0.20584	0.908173	23.8353	54.3058	0.853487	63.3967	112.626	0	0	0.587006
154	rs1	1:1	2:0.24325	rs2	1:2	2:0.455	0	1000	1	0.792655	-1.10579	1.62208	4.35619e-25	7.87541	0.743539	0.948852	-0.479319	1.47918	0.557022	1.31532	1.21586	0.782506	-90.6175	129.387	0	0	1.05362e-06
155	rs1	1:1	2:0.24775	rs2	1:2	2:0.46425	0	1000	1	0.283211	-2.85683	1.79852	2.31582e-35	7.1289	0.564469	0.91899	-0.683658	1.66321	0.957782	-0.583491	1.98657	0.00649657	-75.6915	23.8489	0	0	2.3766e-11
156	rs1	1:1	2:0.24275	rs2	1:2	2:0.4595	0	1000	1	0.319268	0.0175395	0.0116071	7.9821e-29	7.20496	0.633391	0.773042	0.00892548	0.0124392	0.910348	-1.24146	2.8643	0.0689176	0.530173	0.229221	0	0	1.84669e-09
157	rs1	1:1	2:0.2455	rs2	1:2	2:0.46	0	1000	1	0.472931	0.0539519	0.0440867	1.01934e-23	7.7568	0.753832	0.769125	0.0334368	0.0461469	0.983381	-0.468348	2.55819	0.0574556	1.83134	0.766158	0	0	6.39249e-07
158	rs1	1:1	2:0.243	rs2	1:2	2:0.4645	0	1000	1	0.360722	-2.47414	1.73255	6.47072e-30	7.26687	0.626779	0.690814	-1.37351	1.59692	0.890026	-2.08971	4.3291	0.208351	-97.0373	54.787	0	0	1.00782e-09
159	rs1	1:1	2:0.23725	rs2	1:2	2:0.44975	0	1000	1	0.923973	0.240996	0.606012	1.30063e-23	7.84494	0.764158	0.989524	-0.0975802	0.672376	0.998522	-17.3437	318.873	0.973009	509.75	2179.05	0	0	1.10883e-07
160	rs1	1:1	2:0.24275	rs2	1:2	2:0.46175	0	1000	1	0.886055	-0.327255	0.665306	3.73104e-25	8.2355	0.776465	0.515993	-0.83791	0.72839	0.573442	1.29367	1.22669	0.918081	30.3774	73.4733	0	0	4.3562e-07
161	rs1	1:1	2:0.249	rs2	1:2	2:0.465	0	1000	1	0.968267	-0.406901	1.60222	2.40045e-26	8.09239	0.745018	0.909891	0.714705	1.64458	0.959769	-4.01387	14.0064	0.903061	-301.448	667.532	0	0	9.44041e-08
162	rs1	1:1	2:0.23875	rs2	1:2	2:0.44875	0	1000	1	0.770546	-0.116698	0.161627	1.84136e-16	8.91742	1.04757	0.635185	-0.161118	0.169113	0.999988	-0.0138944	2.83938	0.169183	5.7573	3.05413	0	0	0.000149409
163	rs1	1:1	2:0.24675	rs2	1:2	2:0.47625	0	1000	1	0.709319	-1.45619	1.757	2.09393e-25	8.14003	0.763553	0.965403	-0.387865	1.46162	0.998502	-0.13321	2.43273	0.0526983	-72.7606	29.9898	0	0	5.22459e-07
164	rs1	1:1	2:0.24725	rs2	1:2	2:0.467	0	1000	1	0.50777	0.112107	0.0962918	0.395735	33.7031	24.7522	0.673789	0.0911607	0.102585	0.550624	28.6103	26.1895	0.791964	18.2775	26.7608	0	0	0.508184
165	rs1	1:1	2:0.2455	rs2	1:2	2:0.46	0	1000	1	0.929677	-0.53567	1.4027	1.33798e-16	8.7202	1.01992	0.999725	0.0294822	1.25669	0.984875	-0.664767	3.80761	0.488126	-176.135	147.067	0	0	8.15412e-05
166	rs1	1:1	2:0.24475	rs2	1:2	2:0.45875	0	1000	1	0.193044	-3.20155	1.76516	1.39461e-29	7.2061	0.625119	0.188799	-2.7355	1.49811	0.987708	-0.301275	1.91552	0.0029707	-71.0644	20.8312	0	0	5.96869e-09
167	rs1	1:1	2:0.24125	rs2	1:2	2:0.4555	0	1000	0	0.697065	0.0720089	0.0847601	1.58369e-23	7.76062	0.757361	0.916095	0.0378674	0.0904505	0.969122	-174.51	696.767	0.863352	626.547	1155.79	0	1	1
168	rs1	1:1	2:0.24825	rs2	1:2	2:0.46575	0	1000	1	0.106455	-3.63964	1.71956	2.50278e-23	7.67049	0.75185	0.29874	-2.65981	1.71107	0.946776	-2.93875	8.8855	0.501193	-102.184	86.937	0	0	3.46759e-07
169	rs1	1:1	2:0.24775	rs2	1:2	2:0.46475	0	1000	1	0.0980266	-3.6961	1.71494	2.23283e-23	7.65861	0.749863	0.339468	-2.56632	1.74586	0.957803	-0.9795	3.33569	0.159954	-84.9138	44.3504	0	0	6.17211e-07
170	rs1	1:1	2:0.24425	rs2	1:2	2:0.46	0	1000	1	0.540881	-1.89655	1.71068	3.51659e-31	7.32997	0.618953	0.828967	-0.967785	1.58007	0.437979	1.31457	1.02303	0.0105945	-64.4199	21.361	0	0	3.6078e-08
171	rs1	1:1	2:0.2455	rs2	1:2	2:0.46325	0	1000	1	0.890091	-0.858234	1.77851	1.05611e-32	7.72623	0.636694	0.918883	0.585505	1.42344	0.996625	-0.154891	1.88376	0.404163	-91.8673	68.2491	0	0	1.09193e-09
172	rs1	1:1	2:0.2495	rs2	1:2	2:0.46475	0	1000	0	0.836208	-0.918787	1.5361	0.973079	36.5837	156.592	0.659857	-1.59968	1.75432	0.942759	-54.3521	158.3	0.561026	-7186.06	6683.69	0	1	1
173	rs1	1:1	2:0.24475	rs2	1:2	2:0.46325	0	1000	1	0.278358	0.0972665	0.060819	6.68137e-41	6.6299	0.487423	0.881457	-0.0363979	0.0724549	0.824299	-1.33925	2.15437	0.0863685	2.99794	1.35457	0	0	2.84625e-16
174	rs1	1:1	2:0.246	rs2	1:2	2:0.467	0	1000	1	0.00177202	0.281683	0.0791316	3.01698e-36	6.38748	0.499422	0.0790084	0.190538	0.0845675	0.84198	-1.80842	3.08333	0.0514475	4.15931	1.70739	0	0	4.62043e-13
175	rs1	1:1	2:0.24575	rs2	1:2	2:0.45825	0	1000	1	0.978259	0.302559	1.44302	7.89929e-17	8.79493	1.02133	0.997705	0.0923388	1.36201	0.970614	-1.24172	5.08405	0.228724	-94.9724	55.2906	0	0	0.000111669
176	rs1	1:1	2:0.25225	rs2	1:2	2:0.468	0	1000	1	0.363988	0.169477	0.119206	4.20119e-36	7.27199	0.569734	0.984938	-0.0241632	0.138691	0.983087	-0.33322	1.80409	0.415236	6.18407	4.66432	0	0	8.66178e-12
177	rs1	1:1	2:0.24375	rs2	1:2	2:0.45925	0	1000	1	0.356417	-2.37644	1.65442	9.6812e-24	7.68239	0.746237	0.74016	-1.23478	1.59174	0.99505	-33.7227	338.501	0.808606	-4105.43	6298.27	0	0	1.5375e-07
178	rs1	1:1	2:0.25075	rs2	1:2	2:0.4635	0	1000	1	0.687348	0.0186092	0.0214905	2.16893e-16	8.71172	1.02573	0.947207	0.00737062	0.0223789	0.785885	1.38671	1.99761	0.13791	0.781757	0.392734	0	0	0.000760489
179	rs1	1:1	2:0.2475	rs2	1:2	2:0.46125	0	1000	1	0.668509	-1.1591	1.29155	4.52699e-26	7.89301	0.730602	0.522598	-1.3516	1.1864	0.999994	0.00720075	2.06414	0.00473124	-71.6462	21.8956	0	0	7.67186e-07
180	rs1	1:1	2:0.251	rs2	1:2	2:0.46725	0	1000	1	0.112047	0.276479	0.132142	3.66898e-15	8.40068	1.03033	0.277959	0.224987	0.140601	0.976429	-3.47708	15.9194	0.919941	25.1736	61.6212	0	0	0.000134236
181	rs1	1:1	2:0.24225	rs2	1:2	2:0.44825	0	1000	0	0.9968	-0.106736	1.33318	5.06014e-26	7.90517	0.732427	0.992854	0.152999	1.27748	0.969996	-5.29334	21.445	0.961463	-5662.18	20196.7	0	1	1
182	rs1	1:1	2:0.2495	rs2	1:2	2:0.46375	0	1000	1	0.668637	-1.43592	1.60038	2.48485e-25	7.91325	0.743401	0.893709	-0.693937	1.46376	0.963648	-4.25239	15.6259	0.977702	-176.502	831.107	0	0	1.46378e-07
183	rs1	1:1	2:0.249	rs2	1:2	2:0.463	0	1000	1	0.328501	-2.65341	1.77828	2.19666e-31	7.47257	0.628888	0.947476	-0.549662	1.67328	0.412093	1.39631	1.04864	0.141551	-77.8812	39.3853	0	0	1.17148e-08
184	rs1	1:1	2:0.2395	rs2	1:2	2:0.458	0	1000	1	0.977323	0.360569	1.68345	0.579326	32.167	30.7853	0.96859	0.421877	1.66987	0.544427	35.646	32.3248	0.868937	136.269	257.079	0	0	0.749745
185	rs1	1:1	2:0.24625	rs2	1:2	2:0.46	0	1000	0	0.401764	-2.41628	1.78921	1.7307e-15	8.43322	1.02282	0.374817	-2.5807	1.84212	0.994432	-0.34712	3.28489	0.999997	-3073.46	1.28314e+06	0	0	1
186	rs1	1:1	2:0.24025	rs2	1:2	2:0.45625	0	1000	0	0.360942	-2.5618	1.79447	4.458e-34	6.94592	0.560471	0.775795	-1.20539	1.69165	0.871167	-1.26501	2.40859	0.999998	-2479.43	1.15586e+06	0	0	1
187	rs1	1:1	2:0.25125	rs2	1:2	2:0.47375	0	1000	0	0.0916216	-3.78967	1.73332	2.50358e-24	7.71529	0.740048	0.162093	-3.44907	1.80801	0.179303	2.02367	1.09151	0.999999	-1130.52	836815	0	0	1
188	rs1	1:1	2:0.246	rs2	1:2	2:0.461	0	1000	1	0.996807	-0.141322	1.76713	0.682179	32.3189	36.9528	0.993916	-0.198521	1.79694	0.675636	33.9696	38.3598	0.971176	111.341	460.354	0	0	0.88135
189	rs1	1:1	2:0.24125	rs2	1:2	2:0.458	0	1000	0	0.775815	0.40853	0.573361	6.67948e-24	7.80987	0.755977	0.864037	0.32852	0.607662	0.599266	1.24122	1.22653	0.997105	1421.08	18663.1	0	1	1
190	rs1	1:1	2:0.24675	rs2	1:2	2:0.46425	0	1000	1	0.99972	-0.0413305	1.74542	1.23386e-16	8.81625	1.03001	0.982968	0.314289	1.69557	0.975104	-1.10604	4.92563	0.272505	-92.8677	57.5919	0	0	0.000124014
191	rs1	1:1	2:0.24175	rs2	1:2	2:0.45425	0	1000	1	0.965959	0.00370102	0.0140622	0.990052	34.214	241.955	0.989547	0.0021239	0.014651	0.9996	7.13294	252.074	0.906637	17.4316	39.3712	0	0	0.670751
192	rs1	1:1	2:0.24575	rs2	1:2	2:0.4555	0	1000	1	0.991998	0.184406	1.45475	8.87821e-27	8.09204	0.738784	0.678562	1.12355	1.27581	0.919953	-1.79181	4.38639	0.237808	-264.832	156.255	0	0	4.59817e-08
193	rs1	1:1	2:0.249	rs2	1:2	2:0.467	0	1000	1	0.89578	-0.805284	1.7164	4.09287e-26	8.11231	0.750253	0.997577	0.105013	1.50759	0.40038	1.60815	1.18856	0.108638	-69.7272	33.093	0	0	1.84118e-06
194	rs1	1:1	2:0.2475	rs2	1:2	2:0.46175	0	1000	1	0.290743	-2.75037	1.7498	2.57714e-30	7.30481	0.62578	0.733522	-1.33415	1.69466	0.8985	-2.42676	5.24518	0.250043	-102.487	61.5538	0	0	9.96378e-10
195	rs1	1:1	2:0.2415	rs2	1:2	2:0.45475	0	1000	0	0.393606	0.0241154	0.0176594	0.886448	28.6157	58.2823	0.235242	0.0302942	0.0178069	0.957651	9.05644	30.7851	0.796829	59.5369	88.3382	0	1	1
196	rs1	1:1	2:0.244	rs2	1:2	2:0.4525	0	1000	1	0.0968201	-0.427735	0.197937	1.72235e-26	8.87002	0.814322	0.0263299	-0.633665	0.234947	0.916836	-2.22656	5.3431	0.504942	8.31637	7.11392	0	0	1.40398e-08
197	rs1	1:1	2:0.24925	rs2	1:2	2:0.465	0	1000	1	0.221637	-2.96689	1.70912	1.91697e-30	7.28513	0.622744	0.272504	-2.43461	1.50982	0.91161	-1.2733	2.95968	0.108571	-90.5611	42.975	0	0	1.16084e-09
198	rs1	1:1	2:0.25075	rs2	1:2	2:0.46525	0	1000	1	0.291735	-2.63852	1.68095	1.11576e-24	7.83409	0.745917	0.672281	-1.34963	1.51447	0.999284	-0.0830155	2.19297	0.433843	-112.267	86.8711	0	0	4.2546e-07
199	rs1	1:1	2:0.245	rs2	1:2	2:0.46975	0	1000	1	0.270063	-0.235544	0.14557	2.2814e-17	9.61516	1.09833	0.168013	-0.343096	0.181651	0.968378	-2.80327	11.0581	0.875469	22.8082	44.2239	0	0	3.12303e-05
200	rs1	1:1	2:0.24075	rs2	1:2	2:0.46525	0	1000	1	0.714895	1.33123	1.62486	6.71748e-40	7.31253	0.544443	0.943421	-0.773658	2.26681	0.186869	1.54343	0.842676	0.0421711	77.0658	30.626	0	0	2.14234e-10
201	rs1	1:1	2:0.24825	rs2	1:2	2:0.4605	0	1000	0	0.34149	-2.51857	1.7181	7.36282e-31	7.29635	0.619387	0.625966	-1.62626	1.68011	0.65408	1.02077	1.1078	0.999998	-2861.93	1.31949e+06	0	0	1
202	rs1	1:1	2:0.2445	rs2	1:2	2:0.4675	0	1000	1	0.941815	-0.0369497	0.106712	2.05816e-35	7.5318	0.595931	0.396125	-0.184064	0.135252	0.834415	0.662198	1.10054	0.80987	13.1407	20.234	0	0	1.99337e-12
203	rs1	1:1	2:0.2415	rs2	1:2	2:0.45025	0	1000	1	0.593018	0.573579	0.561077	3.53288e-15	8.44476	1.03515	0.781583	0.402778	0.57372	0.971006	-3.24097	13.3604	0.742893	35.1918	45.6456	0	0	0.000115756
204	rs1	1:1	2:0.24625	rs2	1:2	2:0.462	0	1000	1	0.886236	-0.777767	1.58253	1.57204e-48	6.92756	0.466904	0.714167	0.924198	1.12634	0.752025	0.690612	0.91476	0.00192219	-72.3242	20.4494	0	0	5.10966e-15
205	rs1	1:1	2:0.2465	rs2	1:2	2:0.46025	0	1000	1	0.85357	-0.933178	1.65833	8.88448e-26	8.01476	0.746194	0.634658	-1.34066	1.4059	0.999987	-0.0107553	2.14698	0.00574533	-70.6638	21.998	0	0	5.47758e-07
206	rs1	1:1	2:0.24475	rs2	1:2	2:0.4655	0	1000	1	0.000420412	0.638858	0.162017	1.59749e-31	6.55483	0.550411	0.0134339	0.504728	0.171912	0.950653	-0.642592	2.01985	0.0757883	7.5387	3.31885	0	0	1.28905e-10
207	rs1	1:1	2:0.246	rs2	1:2	2:0.47175	0	1000	1	0.738676	0.509076	0.654066	1.39694e-24	8.1012	0.772927	0.991393	-0.0953388	0.725105	0.377053	1.66755	1.19393	0.40562	23.9214	17.8068	0	0	1.41773e-06
208	rs1	1:1	2:0.25	rs2	1:2	2:0.477	0	1000	0	0.624724	1.53846	1.58605	5.79472e-29	8.55232	0.749984	0.439439	2.03337	1.58561	0.94169	-2.79012	8.04908	0.999477	-4692.77	145067	0	1	1
209	rs1	1:1	2:0.25025	rs2	1:2	2:0.46975	0	1000	1	0.808146	0.036214	0.0554828	4.91225e-16	8.76215	1.04356	0.93558	-0.023605	0.0646829	0.902332	-21.0716	46.4774	0.13054	39.4968	19.5727	0	0	1.36645e-05
210	rs1	1:1	2:0.24725	rs2	1:2	2:0.46075	0	1000	1	0.998168	0.104673	1.72858	2.24913e-26	8.15684	0.750538	0.827124	0.971152	1.57624	0.929801	-2.15589	5.65057	0.442264	-108.153	84.6678	0	0	1.1605e-07
211	rs1	1:1	2:0.2505	rs2	1:2	2:0.46375	0	1000	1	0.998584	0.0605089	1.13671	4.52228e-17	8.78224	1.01227	0.985859	-0.189774	1.12442	0.985814	-0.656246	3.88216	0.126626	-90.484	44.5079	0	0	0.000127788
212	rs1	1:1	2:0.24425	rs2	1:2	2:0.464	0	1000	1	0.148664	-3.48065	1.78269	3.3458e-29	7.22218	0.630681	0.138593	-3.00825	1.51315	0.99324	-0.219068	1.88086	0.00567666	-69.6727	21.6643	0	0	4.16488e-09
213	rs1	1:1	2:0.249	rs2	1:2	2:0.46575	0	1000	0	0.713243	-1.45163	1.76574	3.14322e-32	7.52384	0.62466	0.912523	-0.740961	1.73169	0.953017	-0.690851	2.22686	0.999998	-2179.83	1.13436e+06	0	0	1
214	rs1	1:1	2:0.24975	rs2	1:2	2:0.4675	0	1000	1	0.923331	-0.59117	1.48008	5.14936e-17	8.80523	1.01667	0.73956	-1.06921	1.37645	0.218022	2.42856	1.39143	0.0677438	-60.1824	25.9367	0	0	0.000624136
215	rs1	1:1	2:0.2435	rs2	1:2	2:0.45775	0	1000	1	0.465672	0.071516	0.0578447	5.55423e-38	6.79667	0.518894	0.96618	-0.0172672	0.0658255	0.912393	-4.31114	10.0677	0.552332	3.7727	3.46249	0	0	1.00393e-14
216	rs1	1:1	2:0.24875	rs2	1:2	2:0.46475	0	1000	1	0.072565	-3.84788	1.6799	6.98094e-15	8.28869	1.02658	0.115292	-3.53429	1.70032	0.966626	-1.8349	7.04239	0.618446	-101.013	103.038	0	0	0.00017311
217	rs1	1:1	2:0.24125	rs2	1:2	2:0.45775	0	1000	1	0.7081	0.0491698	0.0591789	1.58456e-23	7.80012	0.76122	0.992626	0.00761398	0.0625812	0.92763	-1.6217	4.18379	0.277162	2.90366	1.81256	0	0	2.41952e-07
218	rs1	1:1	2:0.2495	rs2	1:2	2:0.4675	0	1000	1	0.585279	-1.817	1.75546	5.34476e-16	8.67452	1.03436	0.738363	-1.321	1.69604	0.971836	-2.62218	10.9701	0.592288	-103.707	101.327	0	0	0.000119869
219	rs1	1:1	2:0.2395	rs2	1:2	2:0.461	0	1000	0	0.847987	-0.985623	1.71632	1.31703e-24	7.85234	0.748782	0.912518	-0.740951	1.73162	0.918815	-2.65938	6.46249	0.999804	-4775.52	241278	0	1	1
220	rs1	1:1	2:0.2395	rs2	1:2	2:0.46275	0	1000	1	0.0361059	-4.49731	1.74496	4.9901e-27	7.03205	0.638948	0.376783	-2.54787	1.82355	0.901955	-1.52096	3.34798	0.513856	-94.3278	81.7427	0	0	2.41995e-09
221	rs1	1:1	2:0.23925	rs2	1:2	2:0.461	0	1000	1	0.971339	0.0172038	0.0713371	1.49012e-23	8.0379	0.783966	0.73267	-0.0697221	0.0883961	0.557415	1.32786	1.22819	0.566066	13.417	12.5767	0	0	4.2835e-07
222	rs1	1:1	2:0.2465	rs2	1:2	2:0.46025	0	1000	1	0.987682	-0.246318	1.5645	7.84179e-17	8.74324	1.01522	0.99958	-0.044496	1.53596	0.99257	0.316344	2.59025	0.281337	-84.7309	53.2026	0	0	0.000211106
223	rs1	1:1	2:0.251	rs2	1:2	2:0.4635	0	1000	1	0.964042	-0.429963	1.58874	5.93145e-17	8.7428	1.01137	0.988132	-0.241593	1.56343	0.226157	2.41784	1.40225	0.0981314	-63.524	29.4811	0	0	0.00104362
224	rs1	1:1	2:0.24625	rs2	1:2	2:0.46725	0	1000	0	0.892586	-0.80573	1.69014	1.08058e-25	7.99531	0.74565	0.967192	-0.428683	1.65966	0.941368	-1.19819	3.4468	0.999996	-3700.52	1.3648e+06	0	0	1
225	rs1	1:1	2:0.24325	rs2	1:2	2:0.457	0	1000	1	0.756715	0.0180688	0.0241988	1.02038e-29	7.41602	0.641822	0.979961	-0.00530077	0.0263446	0.977325	-5.73863	26.7938	0.867777	1.74554	3.27752	0	0	3.45196e-10
226	rs1	1:1	2:0.248	rs2	1:2	2:0.46675	0	1000	1	0.127477	-3.50739	1.72804	2.77422e-42	6.60358	0.477348	0.907739	-0.627395	1.42591	0.844109	0.566134	0.972417	0.0313669	-73.8207	28.0543	0	0	1.12876e-14
227	rs1	1:1	2:0.2425	rs2	1:2	2:0.4575	0	1000	0	0.673867	0.0764333	0.0860245	1.67343e-34	7.0785	0.56756	0.995538	-0.00908712	0.0960839	0.881508	-3.39802	6.76575	0.999783	229.86	11041	0	1	1
228	rs1	1:1	2:0.24625	rs2	1:2	2:0.4725	0	1000	1	0.0905631	-3.89974	1.77935	4.97294e-41	6.59101	0.483792	0.999412	-0.064204	1.8722	0.942817	0.367878	1.072	0.523729	-174.509	153.435	0	0	2.63195e-15
229	rs1	1:1	2:0.24725	rs2	1:2	2:0.4625	0	1000	1	0.34187	-2.60718	1.77947	0.260029	32.8713	20.0274	0.393142	-2.48984	1.82213	0.282788	35.3761	22.2579	0.958619	93.0244	319.971	0	0	0.777937
230	rs1	1:1	2:0.24125	rs2	1:2	2:0.467	0	1000	1	0.930441	-0.292363	0.76993	4.05925e-30	7.98869	0.68666	0.276989	-1.60525	1.0018	0.981416	-0.399418	2.06208	0.53493	31.9046	28.5223	0	0	2.3425e-10
231	rs1	1:1	2:0.247	rs2	1:2	2:0.46825	0	1000	0	0.624509	-1.76751	1.82152	3.44299e-31	7.52544	0.635363	0.78711	-1.31845	1.90546	0.946092	-6.70044	20.1267	0.998417	-5039.44	89518.8	0	1	1
232	rs1	1:1	2:0.24975	rs2	1:2	2:0.463	0	1000	1	0.0341476	-4.3742	1.68312	7.65172e-39	6.66283	0.502899	0.494585	-2.11741	1.7844	0.905834	0.489192	1.09994	0.885878	-99.359	201.829	0	0	7.73431e-13
233	rs1	1:1	2:0.246	rs2	1:2	2:0.45775	0	1000	1	0.941062	-0.524621	1.50512	9.37411e-17	8.60697	1.00181	0.440637	-1.83718	1.43501	0.561873	1.87461	1.74584	0.00442445	-57.0678	17.3321	0	0	0.00104817
234	rs1	1:1	2:0.24675	rs2	1:2	2:0.46425	0	1000	1	0.159473	-3.30865	1.72668	1.57471e-23	7.68675	0.750112	0.427387	-2.20768	1.69315	0.433999	1.54135	1.19294	0.181567	-68.4816	37.0726	0	0	3.52895e-06
235	rs1	1:1	2:0.24925	rs2	1:2	2:0.4625	0	1000	1	0.99975	-0.028659	1.28236	0.782047	32.235	45.9712	0.9965	0.110199	1.31608	0.70152	37.227	44.2112	0.900846	148.513	324.98	0	0	0.712675
236	rs1	1:1	2:0.246	rs2	1:2	2:0.466	0	1000	1	0.471681	-0.992067	0.809235	6.64665e-26	8.71424	0.809284	0.15332	-1.82638	0.943081	0.956032	-1.00228	3.34228	0.162617	29.3338	15.3905	0	0	5.27639e-08
237	rs1	1:1	2:0.25025	rs2	1:2	2:0.46825	0	1000	1	0.963013	0.405476	1.47688	6.03083e-28	8.34207	0.745092	0.536261	1.43191	1.28266	0.929613	-2.23743	5.85615	0.213249	-289.712	164.795	0	0	3.21912e-08
238	rs1	1:1	2:0.2465	rs2	1:2	2:0.46625	0	1000	0	0.429788	-2.28829	1.76078	0.388994	32.1987	23.4311	0.276124	-2.92712	1.82454	0.664216	21.3968	23.6535	0.996892	-4618.42	58534.8	0	1	1
239	rs1	1:1	2:0.242	rs2	1:2	2:0.459	0	1000	1	0.880016	-0.930926	1.84123	3.93878e-31	7.49447	0.633356	0.979069	0.344627	1.67549	0.891683	-2.01411	4.20621	0.120462	-95.8374	46.5821	0	0	5.60514e-10
240	rs1	1:1	2:0.2465	rs2	1:2	2:0.45875	0	1000	1	0.894937	-0.774679	1.64415	1.47902e-25	7.9276	0.741362	0.99211	-0.19332	1.53591	0.933047	-1.41902	3.81162	0.256694	-99.223	60.1657	0	0	2.00155e-07
241	rs1	1:1	2:0.248	rs2	1:2	2:0.46825	0	1000	1	0.488729	-1.88781	1.57762	7.57513e-32	7.45985	0.623137	0.80981	-0.831891	1.28072	0.893931	-2.12537	4.48813	0.584919	-109.714	105.938	0	0	6.2608e-10
242	rs1	1:1	2:0.2435	rs2	1:2	2:0.45675	0	1000	0	0.612012	-1.64803	1.66306	8.46904e-25	7.82665	0.743353	0.79992	-1.03438	1.54801	0.420727	1.53348	1.16536	0.999998	-2010.89	1.12346e+06	0	0	1
243	rs1	1:1	2:0.23825	rs2	1:2	2:0.459	0	1000	1	0.919526	-0.694449	1.69532	6.77662e-16	8.62555	1.03201	0.969388	-0.4214	1.68992	0.377894	1.9748	1.41553	0.939766	-336.512	954.672	0	0	0.000364569
244	rs1	1:1	2:0.24975	rs2	1:2	2:0.46875	0	1000	1	0.614848	-0.706985	0.716814	1.70674e-27	8.59202	0.773866	0.188501	-1.57727	0.863391	0.324357	1.73247	1.15452	0.512023	43.3113	37.4325	0	0	3.72032e-07
245	rs1	1:1	2:0.2495	rs2	1:2	2:0.475	0	1000	1	0.000174713	0.29456	0.0708095	1.27204e-27	7.03385	0.63202	0.0824523	0.181854	0.0814005	0.978644	-0.48796	2.34837	0.0965279	7.0961	3.28163	0	0	2.68416e-09
246	rs1	1:1	2:0.2485	rs2	1:2	2:0.461	0	1000	1	0.0316121	4.64067	1.7656	2.29154e-40	6.62822	0.490578	0.118164	3.3046	1.59895	0.945644	-0.538781	1.61151	0.241668	105.284	62.4701	0	0	1.99489e-13
247	rs1	1:1	2:0.24125	rs2	1:2	2:0.46	0	1000	1	0.454512	-2.33478	1.85918	1.38132e-15	8.51106	1.02886	0.742774	-1.44638	1.87552	0.225191	2.44007	1.41311	0.235022	-61.9684	36.4133	0	0	0.00114215
248	rs1	1:1	2:0.246	rs2	1:2	2:0.46475	0	1000	1	0.155121	0.0903898	0.0468202	7.15884e-15	8.35278	1.03491	0.267878	0.0776081	0.0478148	0.983841	-4.19567	23.2437	0.881217	3.20806	6.37919	0	0	0.000142034
249	rs1	1:1	2:0.24625	rs2	1:2	2:0.46925	0	1000	1	0.999979	0.00993417	1.53944	5.47374e-17	8.8495	1.02262	0.984249	0.265158	1.48802	0.991133	-0.496677	3.72144	0.3654	-90.4299	63.7284	0	0	0.00013271
250	rs1	1:1	2:0.2385	rs2	1:2	2:0.465	0	1000	1	0.850313	-1.10148	1.9342	5.09556e-24	7.91679	0.76439	0.99641	-0.158085	1.86408	0.929678	-1.6116	4.22015	0.772383	-106.784	148.576	0	0	1.65633e-07
251	rs1	1:1	2:0.2445	rs2	1:2	2:0.46175	0	1000	1	0.846159	-0.976189	1.68888	9.51771e-38	7.17482	0.549492	0.989887	0.207147	1.45284	0.89118	-1.06295	2.21439	0.320526	-100.208	66.429	0	0	2.85309e-12
252	rs1	1:1	2:0.248	rs2	1:2	2:0.4665	0	1000	1	0.953778	-0.0309759	0.100685	1.18128e-40	7.31873	0.539729	0.163068	-0.240138	0.126089	0.894729	0.497314	1.05438	0.148768	4.05323	2.07633	0	0	1.61083e-14
253	rs1	1:1	2:0.2355	rs2	1:2	2:0.45525	0	1000	1	0.128921	-3.62774	1.79225	2.58448e-14	8.19094	1.03547	0.323581	-2.78558	1.85433	0.999994	-0.00962442	2.8976	0.591708	-86.8588	84.7863	0	0	0.000292351
254	rs1	1:1	2:0.2505	rs2	1:2	2:0.4635	0	1000	1	0.911918	-0.51057	1.18895	1.33683e-17	8.66793	0.983297	0.483856	-1.65174	1.37078	0.167062	3.3004	1.74461	0.00804892	-43.1543	13.8959	0	0	0.00479235
255	rs1	1:1	2:0.24625	rs2	1:2	2:0.46725	0	1000	1	0.72889	0.0770118	0.0968366	2.57503e-24	7.92565	0.760423	0.975704	0.0227182	0.102429	0.491536	1.44278	1.21056	0.526643	3.87205	3.41915	0	0	1.23038e-06
256	rs1	1:1	2:0.2465	rs2	1:2	2:0.46175	0	1000	1	0.739341	-1.22255	1.57307	8.87156e-26	7.91004	0.736436	0.116869	-2.66531	1.28631	0.733582	1.12537	1.42965	0.000205268	-56.6463	13.7459	0	0	2.83437e-06
257	rs1	1:1	2:0.2395	rs2	1:2	2:0.45175	0	1000	1	0.0716637	-3.88496	1.69207	0.958521	32.5068	111.677	0.0796711	-3.85163	1.71231	0.955452	36.186	119.863	0.992665	121.544	1001.66	0	0	0.93711
258	rs1	1:1	2:0.239	rs2	1:2	2:0.45025	0	1000	1	0.328467	-2.67684	1.7939	5.99882e-29	7.17128	0.629043	0.530645	-1.76572	1.56848	0.885709	-1.80392	3.66146	0.0821497	-90.305	40.392	0	0	1.31055e-09
259	rs1	1:1	2:0.25275	rs2	1:2	2:0.47725	0	1000	1	0.969853	0.0302802	0.122378	1.60309e-25	8.33815	0.780305	0.886871	-0.0655087	0.133688	0.957181	-3.19669	10.8052	0.607655	6.27562	6.28727	0	0	1.0039e-07
260	rs1	1:1	2:0.246	rs2	1:2	2:0.46525	0	1000	1	0.0711265	-3.97046	1.72684	6.34225e-23	7.61826	0.753491	0.337385	-2.70697	1.83632	0.962731	-4.10918	14.9092	0.849955	-335.404	588.207	0	0	2.9279e-07
261	rs1	1:1	2:0.24625	rs2	1:2	2:0.46325	0	1000	1	0.622412	-1.51071	1.55134	0.710894	34.2251	41.429	0.649076	-1.56383	1.68201	0.708523	34.7384	41.8461	0.996408	53.9323	635.695	0	0	0.933813
262	rs1	1:1	2:0.247	rs2	1:2	2:0.46375	0	1000	1	0.459052	-2.22154	1.78026	2.9932e-16	8.63644	1.02144	0.829785	-1.0411	1.70425	0.19209	2.54558	1.40138	0.334679	-110.025	74.3623	0	0	0.000517842
263	rs1	1:1	2:0.249	rs2	1:2	2:0.46275	0	1000	1	0.683052	0.0602495	0.0690035	9.40807e-16	8.6359	1.03814	0.866034	0.0379869	0.0708261	0.978429	-3.6345	17.4033	0.799523	4.33284	6.47718	0	0	0.00010603
264	rs1	1:1	2:0.2465	rs2	1:2	2:0.4605	0	1000	0	0.643443	-1.56644	1.66809	8.70466e-25	7.82295	0.743186	0.791422	-1.10358	1.61344	0.574608	1.28871	1.22421	0.998623	-5364.4	102179	0	1	1
265	rs1	1:1	2:0.2425	rs2	1:2	2:0.45725	0	1000	1	0.631904	-1.72897	1.80451	0.286711	31.6117	19.9988	0.549818	-2.0633	1.88641	0.31235	30.5903	20.0521	0.844375	-111.709	192.055	0	0	0.618843
266	rs1	1:1	2:0.247	rs2	1:2	2:0.4705	0	1000	1	0.383254	-2.53627	1.8313	4.5373e-35	7.19417	0.572054	0.998214	-0.089272	1.49321	0.954055	-5.66766	18.4793	0.454126	-430.107	342.309	0	0	1.18717e-12
267	rs1	1:1	2:0.2475	rs2	1:2	2:0.4675	0	1000	1	0.678302	1.37219	1.55737	1.16702e-17	9.08869	1.02923	0.493752	1.80649	1.52056	0.980218	-0.904899	4.52668	0.33658	-96.3312	65.2761	0	0	9.74811e-05
268	rs1	1:1	2:0.24875	rs2	1:2	2:0.4645	0	1000	1	0.992766	0.160147	1.329	4.24542e-17	8.86422	1.02086	0.97702	0.28546	1.32385	0.990921	-40.485	299.765	0.901732	-3038.22	6679.8	0	0	6.81221e-05
269	rs1	1:1	2:0.24925	rs2	1:2	2:0.4665	0	1000	1	0.892835	-0.0507979	0.106688	2.29307e-32	7.85817	0.651004	0.471778	-0.149262	0.121771	0.934607	-0.906247	2.46413	0.239369	4.70847	2.78442	0	0	2.04848e-10
270	rs1	1:1	2:0.24275	rs2	1:2	2:0.46225	0	1000	1	0.668239	-1.62367	1.8083	1.23296e-30	7.4582	0.635492	0.985747	-0.268632	1.58538	0.983268	-6.15415	33.5005	0.943642	-151.295	444.185	0	0	3.93786e-10
271	rs1	1:1	2:0.2465	rs2	1:2	2:0.458	0	1000	1	0.884562	-0.0239494	0.0483531	1.03844e-25	8.28403	0.77231	0.434738	-0.0689272	0.053401	0.998372	-0.123903	2.17044	0.195894	1.95342	1.08184	0	0	2.1172e-07
272	rs1	1:1	2:0.24075	rs2	1:2	2:0.4605	0	1000	1	0.82779	-1.05217	1.71137	2.81634e-25	7.98442	0.750917	0.947557	0.548941	1.67242	0.994962	0.19417	1.93187	0.19949	-83.0503	46.2535	0	0	4.92205e-07
273	rs1	1:1	2:0.2465	rs2	1:2	2:0.46475	0	1000	1	0.790624	-1.29244	1.88548	7.12301e-25	8.01102	0.759679	0.984645	-0.320602	1.8224	0.943741	-1.41823	4.16751	0.145143	-88.0261	44.8037	0	0	2.48859e-07
274	rs1	1:1	2:0.2465	rs2	1:2	2:0.4675	0	1000	1	0.778171	-1.13452	1.60186	1.2492e-25	8.02174	0.74906	0.992304	-0.167357	1.34636	0.934931	-2.78714	7.59791	0.591526	-341.479	333.233	0	0	9.79914e-08
275	rs1	1:1	2:0.2435	rs2	1:2	2:0.45825	0	1000	1	0.397445	-2.41934	1.78095	1.9277e-15	8.46314	1.02809	0.616793	-1.72394	1.75362	0.927346	0.87231	2.24589	0.0392583	-65.8876	25.8927	0	0	0.000854245
276	rs1	1:1	2:0.242	rs2	1:2	2:0.462	0	1000	1	0.131602	0.17625	0.0875153	2.29402e-32	6.85758	0.568112	0.735217	0.0759712	0.0968607	0.864734	-2.39141	4.43564	0.31894	4.65274	3.07764	0	0	6.98812e-12
277	rs1	1:1	2:0.246	rs2	1:2	2:0.4555	0	1000	1	0.904464	0.0614086	0.137032	0.000100499	32.4455	7.56168	0.982521	0.0279954	0.149075	0.000516245	30.9605	7.95749	0.814062	8.01447	12.4946	0	0	0.527455
278	rs1	1:1	2:0.247	rs2	1:2	2:0.46125	0	1000	1	0.126798	-3.48714	1.71584	2.6816e-23	7.61147	0.74656	0.202303	-3.26349	1.82549	0.928111	-2.73663	7.08467	0.537604	-384.339	344.97	0	0	1.5258e-07
279	rs1	1:1	2:0.24525	rs2	1:2	2:0.465	0	1000	1	0.352923	-2.56665	1.77837	6.73371e-24	7.79671	0.75476	0.761314	-1.26763	1.71643	0.950284	-1.07427	3.36384	0.739351	-131.313	168.968	0	0	2.81183e-07
280	rs1	1:1	2:0.254	rs2	1:2	2:0.47	0	1000	1	0.288556	-2.74041	1.73816	0.318618	34.555	22.8469	0.434797	-2.37251	1.83825	0.478608	29.6747	24.4442	0.810347	-282.703	435.916	0	0	0.521674
281	rs1	1:1	2:0.2445	rs2	1:2	2:0.455	0	1000	0	0.814922	0.0380901	0.0595357	1.55008e-15	8.52742	1.03258	0.806972	0.0401555	0.0613126	0.956936	-1.95023	6.57284	0.999931	149.338	12678.8	0	1	1
282	rs1	1:1	2:0.24875	rs2	1:2	2:0.46675	0	1000	1	0.56494	0.155772	0.145761	1.53316e-24	7.88595	0.753028	0.828606	0.0942978	0.153778	0.995918	0.179331	1.98261	0.143886	5.94557	3.01939	0	0	6.78398e-07
283	rs1	1:1	2:0.25	rs2	1:2	2:0.467	0	1000	1	0.0378591	0.425629	0.166335	1.46918e-34	6.88767	0.551797	0.441718	0.227146	0.177687	0.878681	-1.60206	3.14999	0.0591867	8.68587	3.65284	0	0	1.93101e-11
284	rs1	1:1	2:0.24425	rs2	1:2	2:0.465	0	1000	1	0.209788	0.103818	0.0587443	1.50712e-40	6.54471	0.483289	0.926282	-0.0290795	0.0743062	0.917287	-4.9414	11.8917	0.643832	14.8957	15.8731	0	0	7.9534e-17
285	rs1	1:1	2:0.25425	rs2	1:2	2:0.4735	0	1000	1	0.452566	-2.17329	1.72589	1.3912e-16	8.77845	1.02728	0.72315	-1.37308	1.70536	0.153666	2.77362	1.43307	0.0786247	-55.2991	24.5202	0	0	0.00190719
286	rs1	1:1	2:0.2395	rs2	1:2	2:0.45875	0	1000	1	0.898789	-0.842592	1.82392	2.27541e-24	7.85961	0.753229	0.999885	0.02606	1.71499	0.943616	-3.47166	10.19	0.736639	-123.572	158.048	0	0	1.321e-07
287	rs1	1:1	2:0.24825	rs2	1:2	2:0.459	0	1000	1	0.10946	-3.54464	1.68518	1.68028e-23	7.66124	0.748085	0.380062	-2.31038	1.66096	0.999487	-0.0699551	2.1829	0.218365	-83.0816	47.6257	0	0	9.48299e-07
288	rs1	1:1	2:0.2515	rs2	1:2	2:0.473	0	1000	1	0.539685	0.11635	0.104758	4.33824e-16	8.685	1.03256	0.676777	0.095391	0.107952	0.0510356	3.01031	1.23406	0.670653	3.76044	4.20691	0	0	0.00100697
289	rs1	1:1	2:0.244	rs2	1:2	2:0.47	0	1000	1	0.500518	-2.13815	1.81733	5.21168e-24	7.84028	0.757162	0.89799	-0.812749	1.75203	0.930933	-1.67229	4.42015	0.789207	-168.031	244.203	0	0	2.02795e-07
290	rs1	1:1	2:0.244	rs2	1:2	2:0.46425	0	1000	0	0.122885	0.267217	0.130497	3.50679e-29	7.19923	0.628903	0.334314	0.207149	0.139935	0.0390372	2.08081	0.817012	0.999996	259.728	97489.9	0	0	1
291	rs1	1:1	2:0.24425	rs2	1:2	2:0.4555	0	1000	1	0.632221	-1.72484	1.80118	2.13906e-15	8.46115	1.02943	0.73675	-1.54158	1.97216	0.971959	-3.52086	14.7625	0.952396	-169.452	542.546	0	0	0.000102387
292	rs1	1:1	2:0.24225	rs2	1:2	2:0.45475	0	1000	1	0.999499	-0.0411263	1.29939	1.03319e-40	7.25718	0.534801	0.412388	1.88372	1.41526	0.835248	-2.23011	3.71657	0.361877	-118.338	82.998	0	0	6.98927e-13
293	rs1	1:1	2:0.24575	rs2	1:2	2:0.46025	0	1000	1	0.828248	-0.856375	1.39495	7.20974e-26	7.92379	0.736393	0.953811	-0.386244	1.25593	0.940399	-3.14861	8.98127	0.61286	-118.42	119.669	0	0	1.44132e-07
294	rs1	1:1	2:0.246	rs2	1:2	2:0.46075	0	1000	1	0.960704	-0.463785	1.6379	5.41916e-26	8.06999	0.748137	0.98335	0.267462	1.45955	0.968648	-4.35403	17.2503	0.765354	-127.801	174.753	0	0	1.12688e-07
295	rs1	1:1	2:0.24475	rs2	1:2	2:0.4655	0	1000	1	0.998589	0.00789107	0.148504	1.07658e-24	8.06447	0.767604	0.832894	-0.102422	0.169369	0.572531	1.29761	1.22866	0.979056	103.444	502.765	0	0	6.19953e-07
296	rs1	1:1	2:0.24525	rs2	1:2	2:0.4645	0	1000	0	0.779263	1.10652	1.56672	0.896598	31.3916	67.1881	0.930592	0.641143	1.69033	0.995516	6.42074	67.7242	0.788192	-5455.4	7906.97	0	1	1
297	rs1	1:1	2:0.246	rs2	1:2	2:0.465	0	1000	1	0.87753	-0.895265	1.75143	2.28041e-16	8.80072	1.03693	0.966901	0.456808	1.76062	0.969247	-3.30408	13.2193	0.328663	-598.814	401.406	0	0	3.44352e-05
298	rs1	1:1	2:0.25175	rs2	1:2	2:0.4825	0	1000	1	0.647651	0.0743817	0.0798003	6.73251e-25	8.03368	0.761442	0.916443	0.0354563	0.0848755	0.983472	-0.515439	2.82321	0.120641	3.28067	1.59514	0	0	3.71444e-07
299	rs1	1:1	2:0.251	rs2	1:2	2:0.4665	0	1000	1	0.818878	-1.16675	1.84562	1.84541e-32	7.61797	0.630166	0.9999	-0.0256577	1.81268	0.657369	1.04293	1.1386	0.831962	-136.898	225.689	0	0	2.85832e-09
300	rs1	1:1	2:0.24575	rs2	1:2	2:0.465	0	1000	1	0.247276	-3.01294	1.80235	1.24921e-23	7.75709	0.755312	0.600272	-1.87591	1.85675	0.500811	1.44001	1.22446	0.935363	-95.9548	262.48	0	0	1.74402e-06
301	rs1	1:1	2:0.2455	rs2	1:2	2:0.4545	0	1000	0	0.801159	-0.925372	1.38971	2.79721e-16	8.56239	1.01172	0.847128	-0.786917	1.36611	0.999808	-0.056604	2.88495	0.999998	-2963.25	1.38086e+06	0	0	1
302	rs1	1:1	2:0.24625	rs2	1:2	2:0.469	0	1000	1	0.189855	-3.28811	1.80378	1.05705e-34	7.08868	0.566705	0.99135	-0.245113	1.85955	0.928815	-0.829566	2.15861	0.237728	-143.988	84.9455	0	0	4.57912e-12
303	rs1	1:1	2:0.24575	rs2	1:2	2:0.4575	0	1000	1	0.774157	-1.27893	1.78743	7.97624e-16	8.55981	1.02655	0.97836	-0.373568	1.78589	0.344841	2.05591	1.40891	0.662966	-143.527	158.299	0	0	0.000381057
304	rs1	1:1	2:0.244	rs2	1:2	2:0.45375	0	1000	1	0.963169	0.0302116	0.110278	1.40709e-30	7.52694	0.641965	0.832853	-0.0729288	0.120581	0.767948	0.839238	1.15489	0.808162	5.28283	8.09411	0	0	2.2927e-09
305	rs1	1:1	2:0.24225	rs2	1:2	2:0.4635	0	1000	1	0.999871	-0.0107702	0.66999	3.62225e-16	8.8085	1.04458	0.968635	-0.175618	0.695638	0.990855	-0.493372	3.63967	0.374089	27.7517	19.7898	0	0	0.000129895
306	rs1	1:1	2:0.24375	rs2	1:2	2:0.457	0	1000	1	0.461423	-2.26778	1.82336	2.96063e-30	7.36351	0.631452	0.586033	-1.5803	1.52863	0.167748	1.70575	0.902703	0.120441	-67.5167	32.8153	0	0	2.15834e-08
307	rs1	1:1	2:0.24575	rs2	1:2	2:0.46675	0	1000	1	0.606943	-1.8276	1.82885	6.6191e-31	7.52649	0.638434	0.986025	-0.268472	1.60022	0.901063	-1.83251	4.01456	0.373792	-99.3674	70.8303	0	0	6.31173e-10
308	rs1	1:1	2:0.24825	rs2	1:2	2:0.47175	0	1000	1	0.67495	-1.6271	1.83501	2.29387e-25	8.07308	0.757881	0.979021	-0.337392	1.63846	0.989154	0.292699	1.98192	0.117301	-77.1639	37.2723	0	0	7.34137e-07
309	rs1	1:1	2:0.25275	rs2	1:2	2:0.46475	0	1000	1	0.808298	-0.036254	0.0555687	5.21829e-17	9.08689	1.04938	0.619734	-0.0567037	0.0579658	0.981918	-4.10949	21.5116	0.942202	3.60812	10.4563	0	0	6.13668e-05
310	rs1	1:1	2:0.24625	rs2	1:2	2:0.4635	0	1000	1	0.936976	0.424768	1.17721	0.296103	32.4585	20.8046	0.878574	0.611407	1.20159	0.238286	36.7625	21.7057	0.641872	152.332	161.769	0	0	0.467365
311	rs1	1:1	2:0.23925	rs2	1:2	2:0.45325	0	1000	0	0.282805	-2.8458	1.79056	0.259758	31.6112	19.2522	0.232423	-3.09945	1.81431	0.366438	27.392	19.3312	0.99999	-4454.92	991467	0	1	1
312	rs1	1:1	2:0.2385	rs2	1:2	2:0.45475	0	1000	1	0.153925	-3.42204	1.76888	3.5223e-28	7.08936	0.630504	0.549561	-1.93636	1.76966	0.917002	-3.37664	8.11143	0.440059	-108.016	84.3025	0	0	1.16963e-09
313	rs1	1:1	2:0.245	rs2	1:2	2:0.45975	0	1000	1	0.0587199	-4.13796	1.73779	1.06902e-40	6.40595	0.472159	0.60211	-1.76333	1.75057	0.935685	-0.54927	1.50639	0.000918055	-72.1723	19.2982	0	0	7.41442e-15
314	rs1	1:1	2:0.2465	rs2	1:2	2:0.46125	0	1000	1	0.506039	-2.06699	1.77095	1.47999e-15	8.48764	1.02706	0.461558	-2.01021	1.61658	0.987566	-0.611191	3.8637	0.164944	-83.9285	44.2078	0	0	0.000195952
315	rs1	1:1	2:0.24575	rs2	1:2	2:0.4655	0	1000	1	0.314342	-2.7142	1.78405	3.47552e-15	8.42173	1.03207	0.447944	-2.30061	1.81529	0.97455	-3.37961	14.8838	0.895801	-126.277	269.179	0	0	0.000126471
316	rs1	1:1	2:0.2435	rs2	1:2	2:0.46025	0	1000	1	0.968916	-0.338354	1.34637	0.96188	32.7028	117.298	0.96301	-0.38069	1.38655	0.975896	27.0004	122.226	0.987851	-424.013	2711.85	0	0	0.873398
317	rs1	1:1	2:0.24425	rs2	1:2	2:0.46825	0	1000	1	0.378986	-2.47673	1.77796	4.47109e-24	7.8103	0.753191	0.837116	-0.995199	1.66893	0.999111	-0.0915487	2.17059	0.49964	-106.008	89.9883	0	0	4.56602e-07
318	rs1	1:1	2:0.25175	rs2	1:2	2:0.458	0	1000	1	0.597642	0.068247	0.0672613	0.788453	32.3905	46.979	0.567413	0.0721528	0.0677757	0.706	41.2534	49.4388	0.88196	-6.41472	12.7983	0	0	0.713355
319	rs1	1:1	2:0.247	rs2	1:2	2:0.46175	0	1000	1	0.640307	-1.44244	1.5276	4.79162e-16	8.62698	1.0271	0.751919	-1.07497	1.42351	0.970469	-2.9342	11.9837	0.7056	-112.711	134.965	0	0	0.000108324
320	rs1	1:1	2:0.2495	rs2	1:2	2:0.4625	0	1000	0	0.8989	0.0376883	0.0816296	0.286195	32.0104	20.2364	0.814343	0.052725	0.0822676	0.417859	26.9032	20.3647	0.999933	189.627	16398.2	0	1	1
321	rs1	1:1	2:0.24875	rs2	1:2	2:0.471	0	1000	1	0.505339	-2.13888	1.83067	1.31157e-24	7.94694	0.757774	0.799923	-1.196	1.78991	0.938526	-2.16728	6.0842	0.471995	-99.6892	81.3532	0	0	2.15682e-07
322	rs1	1:1	2:0.24375	rs2	1:2	2:0.4605	0	1000	0	0.408589	0.12455	0.0930905	2.0076e-15	8.43468	1.02524	0.452827	0.120479	0.0957124	0.980532	0.482019	2.43084	0.999998	101.339	52683.9	0	0	1
323	rs1	1:1	2:0.239	rs2	1:2	2:0.4645	0	1000	0	0.901631	-0.882172	1.93849	6.39801e-25	7.94395	0.752593	0.991554	-0.252418	1.93805	0.825625	0.902186	1.45736	0.999999	-1191.74	860672	0	0	1
324	rs1	1:1	2:0.244	rs2	1:2	2:0.45425	0	1000	1	0.0190951	-4.61685	1.64087	2.66318e-14	8.08976	1.02317	0.0342191	-4.31799	1.662	0.964423	-1.69319	6.29054	0.689451	-100.793	116.876	0	0	0.000196105
325	rs1	1:1	2:0.24625	rs2	1:2	2:0.4655	0	1000	1	0.0219944	-4.62738	1.67479	1.1797e-22	7.53312	0.749635	0.0931825	-3.89486	1.78777	0.991755	-29.9958	233.099	0.92913	-1828.91	4769.94	0	0	3.72538e-07
326	rs1	1:1	2:0.244	rs2	1:2	2:0.45725	0	1000	1	0.712306	-1.49791	1.81849	3.63397e-36	7.1175	0.557134	0.938671	0.574781	1.61555	0.847227	-1.69838	2.94948	0.636505	-160.235	168.572	0	0	1.93129e-12
327	rs1	1:1	2:0.249	rs2	1:2	2:0.47125	0	1000	1	0.854461	-0.970083	1.72962	1.62466e-17	8.95725	1.01868	0.978364	-0.323592	1.54713	0.583084	1.95495	1.88215	0.0458367	-58.574	23.5899	0	0	0.0015625
328	rs1	1:1	2:0.252	rs2	1:2	2:0.46725	0	1000	1	0.466512	-2.23634	1.81097	7.64799e-25	7.9398	0.753408	0.859888	-1.0237	1.8631	0.936419	-2.39142	6.59754	0.877595	-128.322	251.11	0	0	1.91452e-07
329	rs1	1:1	2:0.24225	rs2	1:2	2:0.45925	0	1000	1	0.721777	0.0218285	0.0270318	2.78861e-15	8.52898	1.04177	0.935018	-0.0119065	0.0324801	0.945654	-6.93329	20.7398	0.107636	9.42444	4.4636	0	0	1.15805e-05
330	rs1	1:1	2:0.245	rs2	1:2	2:0.459	0	1000	1	0.839143	0.921389	1.55577	0.682213	32.113	36.7197	0.839081	0.938746	1.58474	0.695923	32.7259	38.4338	0.99848	47.9586	869.514	0	0	0.956387
331	rs1	1:1	2:0.248	rs2	1:2	2:0.464	0	1000	1	0.991457	-0.00634868	0.0484648	3.70227e-36	7.47767	0.585395	0.399817	-0.0773958	0.0571581	0.848396	0.640824	1.11754	0.663016	2.13895	2.35933	0	0	4.098e-12
332	rs1	1:1	2:0.2445	rs2	1:2	2:0.466	0	1000	1	0.813366	-1.13887	1.77182	3.29225e-32	7.69519	0.63909	0.854868	0.917825	1.63893	0.99928	-0.0696283	1.83506	0.0549976	-78.0229	32.3946	0	0	1.56657e-09
333	rs1	1:1	2:0.25425	rs2	1:2	2:0.471	0	1000	1	0.558179	-1.92021	1.77816	1.5384e-25	8.07825	0.75571	0.84503	-0.963009	1.65946	0.973944	-4.31615	18.7832	0.795659	-122.889	181.75	0	0	1.64695e-07
334	rs1	1:1	2:0.2435	rs2	1:2	2:0.46375	0	1000	1	0.997889	-0.00669304	0.102941	0.43239	32.2469	24.9023	0.99265	-0.0125337	0.103187	0.376804	36.7762	26.3221	0.752478	-7.00834	9.29283	0	0	0.632808
335	rs1	1:1	2:0.246	rs2	1:2	2:0.45725	0	1000	1	0.20576	-3.08706	1.73603	8.92406e-30	7.20847	0.623234	0.462465	-2.03192	1.63611	0.897368	-2.59079	5.56704	0.269733	-103.532	63.9544	0	0	1.06633e-09
336	rs1	1:1	2:0.24775	rs2	1:2	2:0.4645	0	1000	1	0.0894917	-3.8234	1.74021	1.31814e-23	7.60655	0.741032	0.00465144	-4.51251	1.37687	0.393775	1.71128	1.25344	0.000109717	-47.72	11.1749	0	0	2.06311e-05
337	rs1	1:1	2:0.243	rs2	1:2	2:0.4575	0	1000	1	0.278827	-2.90869	1.81995	8.51968e-42	6.57869	0.478362	0.993752	0.18791	1.67839	0.95055	0.324582	1.01916	0.609226	-97.1547	97.5884	0	0	2.74278e-15
338	rs1	1:1	2:0.248	rs2	1:2	2:0.46275	0	1000	1	0.911532	0.692517	1.60895	0.559198	31.9431	29.6265	0.922	0.666486	1.65376	0.609947	31.1836	31.3602	0.997424	-45.3988	632.074	0	0	0.942244
339	rs1	1:1	2:0.2445	rs2	1:2	2:0.4625	0	1000	1	0.964357	-0.340712	1.26461	1.39081e-34	7.62816	0.610906	0.96322	0.29212	1.06705	0.898153	-1.61107	3.4759	0.126767	-95.5953	47.0348	0	0	5.43069e-10
340	rs1	1:1	2:0.2465	rs2	1:2	2:0.46175	0	1000	1	0.23427	0.231073	0.135631	8.74809e-24	7.77628	0.754636	0.655204	0.131384	0.142875	0.375101	1.65395	1.18106	0.11086	4.87798	2.32576	0	0	3.9966e-06
341	rs1	1:1	2:0.2455	rs2	1:2	2:0.46475	0	1000	1	0.412648	0.249578	0.187577	0.99631	19.5913	227.846	0.494804	0.237909	0.200555	0.999341	-20.1022	553.627	0.985429	154.093	899.35	0	0	0.864939
342	rs1	1:1	2:0.24525	rs2	1:2	2:0.46425	0	1000	1	0.0736816	-3.86936	1.69422	0.956539	36.1019	121.104	0.0679631	-3.97046	1.71217	0.841557	73.9518	125.903	0.897029	380.92	817.088	0	0	0.670019
343	rs1	1:1	2:0.244	rs2	1:2	2:0.46225	0	1000	1	0.560452	-1.82119	1.69237	1.46938e-24	7.7771	0.742346	0.292549	-2.27686	1.45219	0.997905	0.12479	1.9268	0.0111968	-72.3021	24.1218	0	0	5.23171e-07
344	rs1	1:1	2:0.245	rs2	1:2	2:0.463	0	1000	1	0.0254131	0.158909	0.0586346	2.19387e-28	7.09168	0.628362	0.278194	0.0994365	0.0621615	0.974224	-0.495015	2.16605	0.0211198	2.53892	0.914068	0	0	9.33264e-09
345	rs1	1:1	2:0.24625	rs2	1:2	2:0.45875	0	1000	0	0.822552	-0.038999	0.0623934	1.96565e-25	8.16738	0.765692	0.515283	-0.0771848	0.0670265	0.915144	-2223.88	5280.78	0.91401	454.937	1072.81	0	1	1
346	rs1	1:1	2:0.2435	rs2	1:2	2:0.46025	0	1000	1	0.414751	-2.41967	1.82381	8.02895e-35	7.01014	0.559443	0.944553	-0.604035	1.78831	0.883748	-3.15649	6.34906	0.358857	-110.849	77.4265	0	0	2.90379e-12
347	rs1	1:1	2:0.24525	rs2	1:2	2:0.463	0	1000	1	0.90824	0.0871027	0.198529	1.83258e-24	8.02012	0.767089	0.961632	-0.0595351	0.212834	0.931773	-2.48595	6.61259	0.714452	11.169	13.6199	0	0	1.30197e-07
348	rs1	1:1	2:0.24025	rs2	1:2	2:0.457	0	1000	1	0.280067	0.210444	0.131903	8.91925e-15	8.34285	1.03719	0.46253	0.167634	0.134992	0.344683	2.0693	1.41777	0.434916	4.81238	3.72929	0	0	0.000689389
349	rs1	1:1	2:0.24925	rs2	1:2	2:0.4655	0	1000	0	0.187683	0.248139	0.135654	8.73923e-24	7.74595	0.751686	0.324593	0.214202	0.14279	0.937881	-80.3509	224.356	0.744423	462.843	602.422	0	1	1
350	rs1	1:1	2:0.2475	rs2	1:2	2:0.46325	0	1000	1	0.994012	-0.194802	1.77735	0.9589	32.8128	113.257	0.991211	-0.238358	1.79388	0.886898	55.8378	113.967	0.941143	267.554	768.15	0	0	0.755702
