MAF Samp_Size CC_Ratio Baseline Model Encoding Avg_pval SE_pval Power num_conv Avg_pval_indiv SE_pval_indiv Power_indiv num_conv_indiv
0.3 10000 1 0.25 ADD_x_ADD Additive 0.00016871 0.00203068 0.999 1000 0.00016871 0.00203068 0.999 1000
0.3 10000 1 0.25 ADD_x_ADD Codominant 0.000938688 0.00820627 0.997 1000 0.000938688 0.00820627 0.997 1000
0.3 10000 1 0.25 ADD_x_ADD Dominant 0.00191964 0.0260949 0.998 1000 0.00191964 0.0260949 0.998 1000
0.3 10000 1 0.25 ADD_x_ADD Recessive 0.0947479 0.173455 0.648 1000 0.0947479 0.173455 0.648 1000
0.3 10000 1 0.25 ADD_x_ADD Weighted 0.000281918 0.00250623 0.999 1000 0.000281918 0.00250623 0.999 1000
0.3 10000 1 0.25 ADD_x_DOM Additive 8.38527e-08 8.44809e-07 1 1000 8.38527e-08 8.44809e-07 1 1000
0.3 10000 1 0.25 ADD_x_DOM Codominant 2.76533e-08 2.65628e-07 1 1000 2.76533e-08 2.65628e-07 1 1000
0.3 10000 1 0.25 ADD_x_DOM Dominant 8.13668e-08 2.01027e-06 1 1000 8.13668e-08 2.01027e-06 1 1000
0.3 10000 1 0.25 ADD_x_DOM Recessive 0.232529 0.264631 0.331 1000 0.232529 0.264631 0.331 1000
0.3 10000 1 0.25 ADD_x_DOM Weighted 1.14076e-09 1.31612e-08 1 1000 1.14076e-09 1.31612e-08 1 1000
0.3 10000 1 0.25 ADD_x_HET Additive 0.00395156 0.0225426 0.985 1000 0.00395156 0.0225426 0.985 1000
0.3 10000 1 0.25 ADD_x_HET Codominant 4.83861e-07 1.2026e-05 1 1000 4.83861e-07 1.2026e-05 1 1000
0.3 10000 1 0.25 ADD_x_HET Dominant 1.47706e-05 0.000142784 1 1000 1.47706e-05 0.000142784 1 1000
0.3 10000 1 0.25 ADD_x_HET Recessive 0.255175 0.274907 0.315 1000 0.255175 0.274907 0.315 1000
0.3 10000 1 0.25 ADD_x_HET Weighted 3.084e-08 7.15009e-07 1 1000 3.084e-08 7.15009e-07 1 1000
0.3 10000 1 0.25 ADD_x_SUB Additive 0.00171131 0.00944105 0.992 1000 0.00171131 0.00944105 0.992 1000
0.3 10000 1 0.25 ADD_x_SUB Codominant 0.00501369 0.0226503 0.977 1000 0.00501369 0.0226503 0.977 1000
0.3 10000 1 0.25 ADD_x_SUB Dominant 0.0290494 0.0763341 0.865 1000 0.0290494 0.0763341 0.865 1000
0.3 10000 1 0.25 ADD_x_SUB Recessive 0.0534104 0.123471 0.772 1000 0.0534104 0.123471 0.772 1000
0.3 10000 1 0.25 ADD_x_SUB Weighted 0.00434833 0.0342914 0.983 1000 0.00434833 0.0342914 0.983 1000
0.3 10000 1 0.25 DOM_x_DOM Additive 5.47245e-13 1.0088e-11 1 1000 5.47245e-13 1.0088e-11 1 1000
0.3 10000 1 0.25 DOM_x_DOM Codominant 3.27378e-17 8.5694e-16 1 1000 3.27378e-17 8.5694e-16 1 1000
0.3 10000 1 0.25 DOM_x_DOM Dominant 1.09495e-19 2.86167e-18 1 1000 1.09495e-19 2.86167e-18 1 1000
0.3 10000 1 0.25 DOM_x_DOM Recessive 0.357116 0.29589 0.18 1000 0.357116 0.29589 0.18 1000
0.3 10000 1 0.25 DOM_x_DOM Weighted 1.18022e-19 2.83492e-18 1 1000 1.18022e-19 2.83492e-18 1 1000
0.3 10000 1 0.25 DOM_x_SUB Additive 4.44404e-05 0.000528842 1 1000 4.44404e-05 0.000528842 1 1000
0.3 10000 1 0.25 DOM_x_SUB Codominant 1.05043e-05 0.000176876 1 1000 1.05043e-05 0.000176876 1 1000
0.3 10000 1 0.25 DOM_x_SUB Dominant 0.000432244 0.00457638 0.999 1000 0.000432244 0.00457638 0.999 1000
0.3 10000 1 0.25 DOM_x_SUB Recessive 0.172184 0.23464 0.457 1000 0.172184 0.23464 0.457 1000
0.3 10000 1 0.25 DOM_x_SUB Weighted 5.3166e-06 0.000123114 1 1000 5.3166e-06 0.000123114 1 1000
0.3 10000 1 0.25 HET-HA Additive 0.0494192 0.114463 0.791 1000 0.0494192 0.114463 0.791 1000
0.3 10000 1 0.25 HET-HA Codominant 2.39077e-06 4.07217e-05 1 1000 2.39077e-06 4.07217e-05 1 1000
0.3 10000 1 0.25 HET-HA Dominant 0.139723 0.209791 0.53 1000 0.139723 0.209791 0.53 1000
0.3 10000 1 0.25 HET-HA Recessive 0.139636 0.209413 0.518 1000 0.139636 0.209413 0.518 1000
0.3 10000 1 0.25 HET-HA Weighted 0.00163754 0.0215232 0.994 1000 0.00163754 0.0215232 0.994 1000
0.3 10000 1 0.25 HET-HET Additive 0.0254366 0.0778281 0.888 1000 0.0254366 0.0778281 0.888 1000
0.3 10000 1 0.25 HET-HET Codominant 7.7051e-17 2.39777e-15 1 1000 7.7051e-17 2.39777e-15 1 1000
0.3 10000 1 0.25 HET-HET Dominant 2.62188e-09 7.17582e-08 1 1000 2.62188e-09 7.17582e-08 1 1000
0.3 10000 1 0.25 HET-HET Recessive 0.399447 0.30704 0.138 1000 0.399447 0.30704 0.138 1000
0.3 10000 1 0.25 HET-HET Weighted 9.83725e-18 3.10103e-16 1 1000 9.83725e-18 3.10103e-16 1 1000
0.3 10000 1 0.25 HET_x_DOM Additive 0.000258849 0.00253669 0.999 1000 0.000258849 0.00253669 0.999 1000
0.3 10000 1 0.25 HET_x_DOM Codominant 4.59354e-18 7.742e-17 1 1000 4.59354e-18 7.742e-17 1 1000
0.3 10000 1 0.25 HET_x_DOM Dominant 8.80685e-13 1.9906e-11 1 1000 8.80685e-13 1.9906e-11 1 1000
0.3 10000 1 0.25 HET_x_DOM Recessive 0.371318 0.298658 0.169 1000 0.371318 0.298658 0.169 1000
0.3 10000 1 0.25 HET_x_DOM Weighted 3.97244e-20 5.48633e-19 1 1000 3.97244e-20 5.48633e-19 1 1000
0.3 10000 1 0.25 HET_x_HET Additive 0.0222337 0.0626457 0.892 1000 0.0222337 0.0626457 0.892 1000
0.3 10000 1 0.25 HET_x_HET Codominant 2.20568e-18 3.42382e-17 1 1000 2.20568e-18 3.42382e-17 1 1000
0.3 10000 1 0.25 HET_x_HET Dominant 7.67716e-10 1.50174e-08 1 1000 7.67716e-10 1.50174e-08 1 1000
0.3 10000 1 0.25 HET_x_HET Recessive 0.384548 0.300176 0.151 1000 0.384548 0.300176 0.151 1000
0.3 10000 1 0.25 HET_x_HET Weighted 3.67885e-20 4.92545e-19 1 1000 3.67885e-20 4.92545e-19 1 1000
0.3 10000 1 0.25 HET_x_SUB Additive 0.0127026 0.0519825 0.943 1000 0.0127026 0.0519825 0.943 1000
0.3 10000 1 0.25 HET_x_SUB Codominant 4.08707e-06 5.00344e-05 1 1000 4.08707e-06 5.00344e-05 1 1000
0.3 10000 1 0.25 HET_x_SUB Dominant 0.00430345 0.0329968 0.986 1000 0.00430345 0.0329968 0.986 1000
0.3 10000 1 0.25 HET_x_SUB Recessive 0.193113 0.242605 0.401 1000 0.193113 0.242605 0.401 1000
0.3 10000 1 0.25 HET_x_SUB Weighted 7.45301e-07 1.01271e-05 1 1000 7.45301e-07 1.01271e-05 1 1000
0.3 10000 1 0.25 HR-HA Additive 0.000812059 0.00613085 0.998 1000 0.000812059 0.00613085 0.998 1000
0.3 10000 1 0.25 HR-HA Codominant 3.14652e-06 5.57529e-05 1 1000 3.14652e-06 5.57529e-05 1 1000
0.3 10000 1 0.25 HR-HA Dominant 0.0862752 0.164934 0.66 1000 0.0862752 0.164934 0.66 1000
0.3 10000 1 0.25 HR-HA Recessive 0.0976483 0.17123 0.632 1000 0.0976483 0.17123 0.632 1000
0.3 10000 1 0.25 HR-HA Weighted 0.0031688 0.0344687 0.99 1000 0.0031688 0.0344687 0.99 1000
0.3 10000 1 0.25 HR-HET Additive 7.04913e-05 0.00105089 1 1000 7.04913e-05 0.00105089 1 1000
0.3 10000 1 0.25 HR-HET Codominant 4.23336e-17 1.29925e-15 1 1000 4.23336e-17 1.29925e-15 1 1000
0.3 10000 1 0.25 HR-HET Dominant 3.11677e-13 9.47915e-12 1 1000 3.11677e-13 9.47915e-12 1 1000
0.3 10000 1 0.25 HR-HET Recessive 0.362206 0.297566 0.182 1000 0.362206 0.297566 0.182 1000
0.3 10000 1 0.25 HR-HET Weighted 2.62568e-19 8.00775e-18 1 1000 2.62568e-19 8.00775e-18 1 1000
0.3 10000 1 0.25 HR-HR Additive 1.46563e-14 3.72322e-13 1 1000 1.46563e-14 3.72322e-13 1 1000
0.3 10000 1 0.25 HR-HR Codominant 6.27665e-18 1.3035e-16 1 1000 6.27665e-18 1.3035e-16 1 1000
0.3 10000 1 0.25 HR-HR Dominant 3.08476e-20 6.32019e-19 1 1000 3.08476e-20 6.32019e-19 1 1000
0.3 10000 1 0.25 HR-HR Recessive 0.346603 0.304623 0.205 1000 0.346603 0.304623 0.205 1000
0.3 10000 1 0.25 HR-HR Weighted 4.89207e-20 8.41365e-19 1 1000 4.89207e-20 8.41365e-19 1 1000
0.3 10000 1 0.25 Hyp Additive 2.68765e-14 7.26749e-13 1 1000 2.68765e-14 7.26749e-13 1 1000
0.3 10000 1 0.25 Hyp Codominant 1.31264e-12 3.21003e-11 1 1000 1.31264e-12 3.21003e-11 1 1000
0.3 10000 1 0.25 Hyp Dominant 6.65505e-10 1.49641e-08 1 1000 6.65505e-10 1.49641e-08 1 1000
0.3 10000 1 0.25 Hyp Recessive 0.000498557 0.00254525 1 1000 0.000498557 0.00254525 1 1000
0.3 10000 1 0.25 Hyp Weighted 3.90998e-13 1.01677e-11 1 1000 3.90998e-13 1.01677e-11 1 1000
0.3 10000 1 0.25 REC_x_ADD Additive 0.0143001 0.046561 0.925 1000 0.0143001 0.046561 0.925 1000
0.3 10000 1 0.25 REC_x_ADD Codominant 0.00316961 0.0175433 0.987 1000 0.00316961 0.0175433 0.987 1000
0.3 10000 1 0.25 REC_x_ADD Dominant 0.262727 0.279509 0.305 1000 0.262727 0.279509 0.305 1000
0.3 10000 1 0.25 REC_x_ADD Recessive 0.0222058 0.069783 0.899 1000 0.0222058 0.069783 0.899 1000
0.3 10000 1 0.25 REC_x_ADD Weighted 0.0379409 0.139014 0.892 1000 0.0379409 0.139014 0.892 1000
0.3 10000 1 0.25 REC_x_DOM Additive 0.0012067 0.00873815 0.993 1000 0.0012067 0.00873815 0.993 1000
0.3 10000 1 0.25 REC_x_DOM Codominant 1.57092e-05 0.000415436 1 1000 1.57092e-05 0.000415436 1 1000
0.3 10000 1 0.25 REC_x_DOM Dominant 0.0792631 0.147495 0.684 1000 0.0792631 0.147495 0.684 1000
0.3 10000 1 0.25 REC_x_DOM Recessive 0.105678 0.173612 0.58 1000 0.105678 0.173612 0.58 1000
0.3 10000 1 0.25 REC_x_DOM Weighted 0.00106508 0.0148579 0.995 1000 0.00106508 0.0148579 0.995 1000
0.3 10000 1 0.25 REC_x_HET Additive 0.052434 0.117714 0.775 1000 0.052434 0.117714 0.775 1000
0.3 10000 1 0.25 REC_x_HET Codominant 8.6883e-05 0.00229266 0.999 1000 8.6883e-05 0.00229266 0.999 1000
0.3 10000 1 0.25 REC_x_HET Dominant 0.14345 0.215247 0.521 1000 0.14345 0.215247 0.521 1000
0.3 10000 1 0.25 REC_x_HET Recessive 0.130374 0.190885 0.528 1000 0.130374 0.190885 0.528 1000
0.3 10000 1 0.25 REC_x_HET Weighted 0.00478266 0.0499443 0.986 1000 0.00478266 0.0499443 0.986 1000
0.3 10000 1 0.25 REC_x_REC Additive 0.126689 0.207745 0.568 1000 0.126689 0.207745 0.568 1000
0.3 10000 1 0.25 REC_x_REC Codominant 0.00997123 0.0339496 0.953 1000 0.00997123 0.0339496 0.953 1000
0.3 10000 1 0.25 REC_x_REC Dominant 0.466216 0.300671 0.068 1000 0.466216 0.300671 0.068 1000
0.3 10000 1 0.25 REC_x_REC Recessive 0.00246208 0.0137402 0.99 1000 0.00246208 0.0137402 0.99 1000
0.3 10000 1 0.25 REC_x_REC Weighted 0.12189 0.231184 0.678 1000 0.12189 0.231184 0.678 1000
0.3 10000 1 0.25 REC_x_SUB Additive 0.0551794 0.127858 0.788 1000 0.0551794 0.127858 0.788 1000
0.3 10000 1 0.25 REC_x_SUB Codominant 0.0143471 0.0509026 0.933 1000 0.0143471 0.0509026 0.933 1000
0.3 10000 1 0.25 REC_x_SUB Dominant 0.381609 0.299251 0.145 1000 0.381609 0.299251 0.145 1000
0.3 10000 1 0.25 REC_x_SUB Recessive 0.00851011 0.0320063 0.952 1000 0.00851011 0.0320063 0.952 1000
0.3 10000 1 0.25 REC_x_SUB Weighted 0.0762265 0.181831 0.776 1000 0.0762265 0.181831 0.776 1000
0.3 10000 1 0.25 RHyp Additive 2.0194e-13 2.68871e-12 1 1000 2.0194e-13 2.68871e-12 1 1000
0.3 10000 1 0.25 RHyp Codominant 1.1983e-11 1.35261e-10 1 1000 1.1983e-11 1.35261e-10 1 1000
0.3 10000 1 0.25 RHyp Dominant 8.01751e-08 2.39153e-06 1 1000 8.01751e-08 2.39153e-06 1 1000
0.3 10000 1 0.25 RHyp Recessive 0.00255169 0.0130589 0.989 1000 0.00255169 0.0130589 0.989 1000
0.3 10000 1 0.25 RHyp Weighted 1.27509e-11 2.29892e-10 1 1000 1.27509e-11 2.29892e-10 1 1000
0.3 10000 1 0.25 SUB_x_SUB Additive 0.0102088 0.0353813 0.939 1000 0.0102088 0.0353813 0.939 1000
0.3 10000 1 0.25 SUB_x_SUB Codominant 0.0172852 0.0627622 0.93 1000 0.0172852 0.0627622 0.93 1000
0.3 10000 1 0.25 SUB_x_SUB Dominant 0.150919 0.218576 0.51 1000 0.150919 0.218576 0.51 1000
0.3 10000 1 0.25 SUB_x_SUB Recessive 0.023816 0.0776882 0.899 1000 0.023816 0.0776882 0.899 1000
0.3 10000 1 0.25 SUB_x_SUB Weighted 0.022954 0.0876586 0.907 1000 0.022954 0.0876586 0.907 1000
0.3 10000 1 0.25 SUP_x_ADD Additive 3.62917e-06 3.3331e-05 1 1000 3.62917e-06 3.3331e-05 1 1000
0.3 10000 1 0.25 SUP_x_ADD Codominant 2.6691e-05 0.000356315 1 1000 2.6691e-05 0.000356315 1 1000
0.3 10000 1 0.25 SUP_x_ADD Dominant 2.01699e-05 0.000237775 1 1000 2.01699e-05 0.000237775 1 1000
0.3 10000 1 0.25 SUP_x_ADD Recessive 0.169774 0.231998 0.489 1000 0.169774 0.231998 0.489 1000
0.3 10000 1 0.25 SUP_x_ADD Weighted 2.62268e-06 2.75992e-05 1 1000 2.62268e-06 2.75992e-05 1 1000
0.3 10000 1 0.25 SUP_x_DOM Additive 1.06373e-09 1.57149e-08 1 1000 1.06373e-09 1.57149e-08 1 1000
0.3 10000 1 0.25 SUP_x_DOM Codominant 1.14791e-11 1.59225e-10 1 1000 1.14791e-11 1.59225e-10 1 1000
0.3 10000 1 0.25 SUP_x_DOM Dominant 2.21437e-12 3.92472e-11 1 1000 2.21437e-12 3.92472e-11 1 1000
0.3 10000 1 0.25 SUP_x_DOM Recessive 0.290547 0.287609 0.264 1000 0.290547 0.287609 0.264 1000
0.3 10000 1 0.25 SUP_x_DOM Weighted 2.13683e-13 3.97009e-12 1 1000 2.13683e-13 3.97009e-12 1 1000
0.3 10000 1 0.25 SUP_x_HET Additive 0.000605973 0.00650348 0.998 1000 0.000605973 0.00650348 0.998 1000
0.3 10000 1 0.25 SUP_x_HET Codominant 1.24971e-11 2.79312e-10 1 1000 1.24971e-11 2.79312e-10 1 1000
0.3 10000 1 0.25 SUP_x_HET Dominant 1.93456e-09 2.5096e-08 1 1000 1.93456e-09 2.5096e-08 1 1000
0.3 10000 1 0.25 SUP_x_HET Recessive 0.330538 0.297322 0.207 1000 0.330538 0.297322 0.207 1000
0.3 10000 1 0.25 SUP_x_HET Weighted 3.67176e-13 7.79079e-12 1 1000 3.67176e-13 7.79079e-12 1 1000
0.3 10000 1 0.25 SUP_x_REC Additive 0.00420089 0.0265449 0.981 1000 0.00420089 0.0265449 0.981 1000
0.3 10000 1 0.25 SUP_x_REC Codominant 0.000240348 0.00241221 0.999 1000 0.000240348 0.00241221 0.999 1000
0.3 10000 1 0.25 SUP_x_REC Dominant 0.157356 0.223461 0.487 1000 0.157356 0.223461 0.487 1000
0.3 10000 1 0.25 SUP_x_REC Recessive 0.0541008 0.125564 0.778 1000 0.0541008 0.125564 0.778 1000
0.3 10000 1 0.25 SUP_x_REC Weighted 0.0100103 0.0685126 0.973 1000 0.0100103 0.0685126 0.973 1000
0.3 10000 1 0.25 SUP_x_SUB Additive 0.000575135 0.00760735 0.998 1000 0.000575135 0.00760735 0.998 1000
0.3 10000 1 0.25 SUP_x_SUB Codominant 0.000797115 0.00617779 0.994 1000 0.000797115 0.00617779 0.994 1000
0.3 10000 1 0.25 SUP_x_SUB Dominant 0.00648407 0.0369256 0.97 1000 0.00648407 0.0369256 0.97 1000
0.3 10000 1 0.25 SUP_x_SUB Recessive 0.0959293 0.169545 0.634 1000 0.0959293 0.169545 0.634 1000
0.3 10000 1 0.25 SUP_x_SUB Weighted 0.00024083 0.00239797 1 1000 0.00024083 0.00239797 1 1000
0.3 10000 1 0.25 SUP_x_SUP Additive 5.14435e-08 9.7038e-07 1 1000 5.14435e-08 9.7038e-07 1 1000
0.3 10000 1 0.25 SUP_x_SUP Codominant 3.02456e-07 5.10946e-06 1 1000 3.02456e-07 5.10946e-06 1 1000
0.3 10000 1 0.25 SUP_x_SUP Dominant 8.02357e-08 2.12346e-06 1 1000 8.02357e-08 2.12346e-06 1 1000
0.3 10000 1 0.25 SUP_x_SUP Recessive 0.213524 0.255039 0.377 1000 0.213524 0.255039 0.377 1000
0.3 10000 1 0.25 SUP_x_SUP Weighted 1.64192e-08 2.85152e-07 1 1000 1.64192e-08 2.85152e-07 1 1000
0.3 10000 1 0.25 XOR Additive 3.39312e-06 3.68894e-05 1 1000 3.39312e-06 3.68894e-05 1 1000
0.3 10000 1 0.25 XOR Codominant 1.08427e-81 3.42705e-80 1 1000 1.08427e-81 3.42705e-80 1 1000
0.3 10000 1 0.25 XOR Dominant 1.07299e-38 2.27118e-37 1 1000 1.07299e-38 2.27118e-37 1 1000
0.3 10000 1 0.25 XOR Recessive 0.222933 0.265233 0.38 1000 0.222933 0.265233 0.38 1000
0.3 10000 1 0.25 XOR Weighted 2.66429e-38 6.36938e-37 1 1000 2.66429e-38 6.36938e-37 1 1000
