Outcome	Var1_ID	Var1_Pos	Var1_MAF	Var2_ID	Var2_Pos	Var2_MAF	Num_Missing	Num_Cases	Converged	Red_Var1_Pval	Red_Var1_beta	Red_Var1_SE	Red_Var2_Pval	Red_Var2_beta	Red_Var2_SE	Full_Var1_Pval	Full_Var1_beta	Full_Var1_SE	Full_Var2_Pval	Full_Var2_beta	Full_Var2_SE	Full_Var1_Var2_Pval	Full_Var1_Var2_beta	Full_Var1_Var2_SE	Red_Model_Pval	Full_Model_Pval	Overall_Pval_(LRT)
1	rs1	1:1	2:0.27325	rs2	1:2	2:0.52625	0	1000	0	0.00416824	2.1887	0.763907	7.27702e-20	6.88369	0.754505	0.999738	-79.9022	243644	0.99987	-23.865	146537	0.999719	81.6505	231487	0	0	1
2	rs1	1:1	2:0.275	rs2	1:2	2:0.52175	0	1000	0	3.95855e-05	6.22106	1.51368	2.76598e-15	8.06445	1.02068	0.999751	-77.4031	248121	0.999926	-23.4134	251262	0.999775	80.5092	285819	0	0	1
3	rs1	1:1	2:0.27125	rs2	1:2	2:0.52175	0	1000	0	7.76652e-05	2.98186	0.754617	2.46097e-19	5.67442	0.631157	0.999761	-78.3426	261076	0.999916	-24.8389	237137	0.999764	81.7178	276566	0	0	1
4	rs1	1:1	2:0.27775	rs2	1:2	2:0.527	0	1000	0	2.61966e-07	6.79489	1.31967	2.15464e-15	7.9782	1.00581	0.999738	-76.8636	233863	0.999915	-23.4419	219526	0.999749	80.2392	254902	0	0	1
5	rs1	1:1	2:0.2715	rs2	1:2	2:0.52325	0	1000	1	3.8201e-09	2.74962	0.466685	6.38421e-36	4.59645	0.36735	0.00143601	-5.90664	1.85317	0.289329	0.797783	0.752913	4.97188e-08	7.97456	1.4626	0	0	2.81583e-15
6	rs1	1:1	2:0.27025	rs2	1:2	2:0.5195	0	1000	0	2.77479e-09	2.95527	0.497152	9.29959e-34	4.43042	0.365835	0.999757	-78.5422	258116	0.877249	0.160072	1.03635	0.99968	56.467	140966	0	0	1
7	rs1	1:1	2:0.2735	rs2	1:2	2:0.52525	0	1000	0	6.11934e-07	3.44841	0.691424	2.12965e-24	5.46937	0.536578	0.999749	-78.143	248351	0.99991	-24.8418	219137	0.999748	81.6013	258095	0	0	1
8	rs1	1:1	2:0.275	rs2	1:2	2:0.5225	0	1000	0	1.1116e-06	3.14262	0.645198	2.32056e-26	5.44904	0.51293	0.999731	-79.6558	236540	0.99986	-23.8356	136124	0.999707	81.3452	221699	0	0	1
9	rs1	1:1	2:0.276	rs2	1:2	2:0.522	0	1000	0	1.76095e-05	2.87068	0.668653	2.06832e-24	5.55086	0.544421	0.999733	-80.1796	239734	0.999856	-23.6745	131478	0.999703	81.4447	218778	0	0	1
10	rs1	1:1	2:0.2745	rs2	1:2	2:0.5245	0	1000	0	0.0101808	1.78086	0.693043	1.48951e-19	6.72155	0.74308	0.99973	-79.9989	236634	0.999866	-24.0957	143631	0.999713	81.778	227706	0	0	1
11	rs1	1:1	2:0.26975	rs2	1:2	2:0.52075	0	1000	0	7.99746e-09	2.95513	0.512287	2.64005e-31	4.84084	0.41595	0.999762	-78.3279	262569	0.684879	0.424579	1.04624	0.999686	56.2433	143038	0	0	1
12	rs1	1:1	2:0.2725	rs2	1:2	2:0.52325	0	1000	0	1.04504e-07	2.85528	0.536837	1.71519e-28	4.89058	0.441706	0.999755	-77.592	252737	0.78231	0.291126	1.05362	0.999677	55.9827	138238	0	0	1
13	rs1	1:1	2:0.27275	rs2	1:2	2:0.5225	0	1000	0	0.000137476	2.37831	0.623793	4.99721e-23	5.47805	0.554363	0.999752	-78.6202	252607	0.589505	0.569199	1.05494	0.999675	56.3199	138295	0	0	1
14	rs1	1:1	2:0.27475	rs2	1:2	2:0.52575	0	1000	0	2.24157e-09	4.46897	0.747413	6.45255e-26	5.64234	0.535962	0.999745	-77.5389	242508	0.99991	-24.5016	216648	0.999746	81.0982	254528	0	0	1
15	rs1	1:1	2:0.274	rs2	1:2	2:0.5235	0	1000	1	7.66547e-06	3.6212	0.80933	1.00816e-21	5.9339	0.619659	0.00888374	-5.44496	2.08101	0.462901	0.953344	1.2987	5.18821e-05	8.21951	2.03102	0	0	5.96647e-08
16	rs1	1:1	2:0.27425	rs2	1:2	2:0.524	0	1000	0	1.92393e-07	5.19514	0.997809	1.24538e-09	10.1467	1.67043	0.999753	-79.2421	255671	0.999866	-22.2802	132324	0.999718	80.2878	226964	0	0	1
17	rs1	1:1	2:0.272	rs2	1:2	2:0.527	0	1000	0	5.87611e-07	3.23377	0.64737	1.3644e-22	5.25176	0.536958	0.999755	-78.2773	254680	0.999904	-25.1034	209581	0.999741	81.8174	251667	0	0	1
18	rs1	1:1	2:0.27025	rs2	1:2	2:0.51875	0	1000	0	5.26329e-10	3.50342	0.564062	1.00051e-30	4.99452	0.433408	0.999764	-76.95	260606	0.401631	0.862624	1.02851	0.999689	55.3162	142083	0	0	1
19	rs1	1:1	2:0.27125	rs2	1:2	2:0.528	0	1000	0	6.3756e-06	3.56379	0.78958	2.71111e-21	5.88319	0.621028	0.999747	-79.8538	251883	0.999866	-23.8358	141664	0.999719	81.5992	231358	0	0	1
20	rs1	1:1	2:0.27425	rs2	1:2	2:0.521	0	1000	0	0.00936233	1.73956	0.669438	1.02229e-17	6.5332	0.762209	0.999738	-80.0223	243505	0.999853	-23.7107	129025	0.999708	81.4	222096	0	0	1
21	rs1	1:1	2:0.271	rs2	1:2	2:0.52025	0	1000	0	0.00292178	1.93001	0.648558	3.92427e-22	5.9371	0.613777	0.99975	-80.5564	256886	0.99988	-24.3105	161714	0.999736	82.1905	248736	0	0	1
22	rs1	1:1	2:0.27175	rs2	1:2	2:0.52	0	1000	0	4.07584e-08	2.75181	0.501466	6.202e-34	4.70551	0.387488	0.999751	-79.1344	253145	0.753384	0.320852	1.02123	0.999674	56.6667	138650	0	0	1
23	rs1	1:1	2:0.27275	rs2	1:2	2:0.5175	0	1000	0	0.000114411	2.67991	0.694673	8.80239e-19	5.54578	0.626687	0.999752	-76.7033	247049	0.0505598	1.70958	0.87438	0.999681	54.3414	135729	0	0	1
24	rs1	1:1	2:0.2765	rs2	1:2	2:0.5185	0	1000	0	0.000108584	2.58697	0.668369	2.47755e-20	5.77293	0.624812	0.999735	-76.7768	230982	0.386193	0.974315	1.12437	0.999657	55.0956	128212	0	0	1
25	rs1	1:1	2:0.27975	rs2	1:2	2:0.527	0	1000	0	3.46426e-09	4.7468	0.803461	7.87018e-28	5.82003	0.532256	0.755934	0.447445	1.43955	0.999912	-23.504	213875	0.99989	29.5462	213875	0	0	1
26	rs1	1:1	2:0.27725	rs2	1:2	2:0.5245	0	1000	0	3.89411e-12	2.81688	0.405834	1.87027e-45	4.60434	0.325397	0.00306899	-5.53623	1.86988	0.999904	-25.5322	213170	0.999873	34.0473	213170	0	0	1
27	rs1	1:1	2:0.27525	rs2	1:2	2:0.526	0	1000	0	2.97893e-10	3.5648	0.565853	8.13557e-34	5.07862	0.41898	0.999738	-78.385	238636	0.999906	-25.0231	213537	0.99974	81.7814	250949	0	0	1
28	rs1	1:1	2:0.27675	rs2	1:2	2:0.51925	0	1000	1	0.00186205	2.2391	0.719644	1.08048e-18	6.26443	0.709733	0.00388958	-5.83561	2.02135	0.574938	0.752995	1.34273	4.98226e-05	8.42202	2.0762	0	0	2.75572e-07
29	rs1	1:1	2:0.27075	rs2	1:2	2:0.52175	0	1000	0	2.43577e-06	3.94385	0.836725	1.59067e-24	5.83674	0.571033	0.999765	-78.495	266241	0.999919	-24.4686	240952	0.999768	81.5769	281085	0	0	1
30	rs1	1:1	2:0.27575	rs2	1:2	2:0.52125	0	1000	0	3.1218e-07	3.45723	0.675775	2.68249e-22	5.56802	0.573318	0.167141	-2.78182	2.0137	0.999917	-24.6056	235287	0.999891	32.2578	235287	0	0	1
31	rs1	1:1	2:0.27275	rs2	1:2	2:0.526	0	1000	0	2.17579e-10	3.55145	0.559426	4.80092e-32	4.39553	0.373054	0.999735	-80.6957	242538	0.999862	-24.6338	142775	0.99971	82.387	226702	0	0	1
32	rs1	1:1	2:0.27675	rs2	1:2	2:0.528	0	1000	0	0.00144102	2.7731	0.870317	2.89477e-15	6.6343	0.840278	0.999736	-77.4101	234349	0.999906	-24.6384	210191	0.999738	81.1515	247031	0	0	1
33	rs1	1:1	2:0.274	rs2	1:2	2:0.52725	0	1000	0	0.000179835	3.97704	1.06174	6.95422e-16	6.42025	0.79544	0.999652	-28.4876	65398.4	0.99991	-24.1887	213516	0.999798	56.4681	223307	0	0	1
34	rs1	1:1	2:0.27575	rs2	1:2	2:0.52125	0	1000	0	1.01397e-08	3.37903	0.589876	6.31447e-30	5.00797	0.440685	0.144892	-2.13078	1.46162	0.999916	-24.8607	235747	0.999893	31.6988	235747	0	0	1
35	rs1	1:1	2:0.278	rs2	1:2	2:0.52525	0	1000	0	5.36698e-13	4.18931	0.580585	1.91701e-33	5.09494	0.422783	0.99973	-76.3363	225568	0.999907	-24.7863	211874	0.999739	80.6151	246339	0	0	1
36	rs1	1:1	2:0.27075	rs2	1:2	2:0.51925	0	1000	0	2.92844e-11	3.61341	0.543359	4.94176e-35	4.53276	0.367059	0.999759	-78.4992	259607	0.999917	-25.0896	240426	0.999766	81.8489	279049	0	0	1
37	rs1	1:1	2:0.26975	rs2	1:2	2:0.5215	0	1000	0	1.47114e-11	3.68956	0.546543	6.56149e-33	4.64447	0.388687	0.0391193	-4.01397	1.94576	0.999913	-24.9985	228827	0.999885	33.0165	228827	0	0	1
38	rs1	1:1	2:0.2715	rs2	1:2	2:0.52825	0	1000	0	7.24383e-10	8.40943	1.36502	1.52437e-14	7.0777	0.92092	0.438599	3.36397	4.34306	0.999924	-19.7247	206673	0.999898	26.3396	206673	0	0	1
39	rs1	1:1	2:0.27425	rs2	1:2	2:0.52275	0	1000	0	0.00390042	3.38654	1.17339	1.27932e-14	7.25687	0.941488	0.125455	-3.21779	2.10001	0.999922	-23.4935	239436	0.999894	31.9115	239436	0	0	1
40	rs1	1:1	2:0.27425	rs2	1:2	2:0.52475	0	1000	0	2.41626e-06	4.41371	0.936085	1.63895e-19	6.62972	0.733776	0.999753	-74.8878	241598	0.12866	1.83215	1.20584	0.999677	53.9421	133140	0	0	1
41	rs1	1:1	2:0.2715	rs2	1:2	2:0.52075	0	1000	1	1.2854e-11	3.46125	0.511242	4.24831e-34	4.77823	0.392477	0.420107	-1.19023	1.47628	0.458554	0.789072	1.06454	5.96594e-05	5.59909	1.39484	0	0	3.80937e-08
42	rs1	1:1	2:0.27275	rs2	1:2	2:0.5185	0	1000	0	8.10199e-09	3.14469	0.545355	1.16986e-31	4.78457	0.408684	0.99975	-77.7982	247837	0.999918	-25.2075	244904	0.999768	81.6037	280191	0	0	1
43	rs1	1:1	2:0.275	rs2	1:2	2:0.52775	0	1000	0	2.9424e-06	3.80436	0.813803	6.52708e-27	5.90953	0.55018	0.999744	-79.0379	246734	0.415562	0.855184	1.05041	0.999668	56.4797	135638	0	0	1
44	rs1	1:1	2:0.276	rs2	1:2	2:0.5215	0	1000	1	0.000102484	3.24177	0.834511	4.6935e-19	5.9994	0.672633	0.0454364	-3.94317	1.971	0.193712	1.49936	1.15365	5.26792e-05	6.9178	1.71088	0	0	3.16558e-06
45	rs1	1:1	2:0.273	rs2	1:2	2:0.529	0	1000	0	2.00711e-07	5.41129	1.0409	3.42489e-16	6.46905	0.793034	0.999759	-75.9096	251598	0.163893	1.65342	1.18772	0.999684	54.6251	137831	0	0	1
46	rs1	1:1	2:0.2775	rs2	1:2	2:0.519	0	1000	0	0.00356219	1.98648	0.681575	4.24635e-21	5.99855	0.63636	0.999728	-78.5301	230094	0.999922	-25.1067	256842	0.999772	81.9433	286896	0	0	1
47	rs1	1:1	2:0.27775	rs2	1:2	2:0.51875	0	1000	0	0.000130314	2.37047	0.619591	3.78103e-25	5.32788	0.514288	0.999726	-78.7049	229421	0.999921	-25.2591	254005	0.99977	82.0884	284224	0	0	1
48	rs1	1:1	2:0.27775	rs2	1:2	2:0.5275	0	1000	0	6.45856e-08	4.44421	0.822147	4.75669e-26	5.94186	0.56288	0.999732	-78.2504	232588	0.999909	-24.5214	214566	0.99974	81.4595	250353	0	0	1
49	rs1	1:1	2:0.274	rs2	1:2	2:0.52	0	1000	0	0.0350764	1.7579	0.834126	3.58537e-16	6.96929	0.854938	0.999748	-78.1882	247849	0.262642	1.30049	1.16098	0.999674	55.6372	136123	0	0	1
50	rs1	1:1	2:0.274	rs2	1:2	2:0.52325	0	1000	0	2.82938e-07	3.38839	0.65993	5.25648e-26	5.44552	0.51632	0.999746	-77.8591	244799	0.999913	-24.8301	227207	0.999754	81.4492	264125	0	0	1
51	rs1	1:1	2:0.27825	rs2	1:2	2:0.52475	0	1000	0	7.84981e-11	4.5275	0.696168	7.50142e-29	5.21689	0.468057	0.048349	-3.86203	1.95616	0.999911	-24.515	218785	0.999881	32.6896	218785	0	0	1
52	rs1	1:1	2:0.269	rs2	1:2	2:0.52375	0	1000	0	2.66207e-10	3.69081	0.584241	1.90485e-29	4.6947	0.416669	0.999769	-78.5371	271074	0.64579	0.472196	1.02737	0.999694	56.3891	147034	0	0	1
53	rs1	1:1	2:0.27075	rs2	1:2	2:0.5205	0	1000	1	7.17299e-11	4.09704	0.62867	4.21263e-32	4.47321	0.379292	0.059569	-4.3421	2.30476	0.122443	1.23608	0.80026	4.18932e-05	7.03245	1.71658	0	0	8.55278e-09
54	rs1	1:1	2:0.2745	rs2	1:2	2:0.52675	0	1000	0	3.08338e-08	2.84022	0.512986	9.93654e-33	5.10111	0.42814	0.999725	-80.2958	232749	0.999855	-24.4585	135031	0.9997	82.076	218445	0	0	1
55	rs1	1:1	2:0.27525	rs2	1:2	2:0.51925	0	1000	1	1.37558e-07	3.83625	0.72815	1.74174e-22	6.15751	0.631163	0.313313	1.56019	1.54736	0.00421827	3.49132	1.22016	0.0434012	2.7139	1.34363	0	0	0.0431358
56	rs1	1:1	2:0.275	rs2	1:2	2:0.52475	0	1000	0	3.46467e-07	2.84364	0.557988	5.13889e-31	5.20618	0.449541	0.999739	-78.5846	240155	0.660566	0.451655	1.02852	0.99966	56.403	132457	0	0	1
57	rs1	1:1	2:0.275	rs2	1:2	2:0.522	0	1000	1	2.81964e-08	3.31186	0.596486	5.01663e-30	5.11195	0.449042	0.00186469	-6.22256	2.0002	0.811711	0.29671	1.24553	7.96759e-06	8.92099	1.99751	0	0	3.65066e-12
58	rs1	1:1	2:0.27175	rs2	1:2	2:0.52275	0	1000	0	0.0141106	2.61397	1.065	1.80007e-12	7.36645	1.04501	0.999762	-77.169	258963	0.999918	-24.1794	235271	0.999765	80.8156	274439	0	0	1
59	rs1	1:1	2:0.2745	rs2	1:2	2:0.52125	0	1000	0	9.44139e-07	3.27589	0.668148	6.81925e-25	5.2975	0.514163	0.999737	-79.6112	241179	0.999861	-23.776	136280	0.99971	81.2668	223925	0	0	1
60	rs1	1:1	2:0.2705	rs2	1:2	2:0.52225	0	1000	0	7.02711e-16	3.78148	0.468582	7.91039e-40	4.3982	0.333	0.999767	-74.0245	253290	0.797097	0.260942	1.01492	0.999688	54.2385	138639	0	0	1
61	rs1	1:1	2:0.27275	rs2	1:2	2:0.52225	0	1000	0	0.000986385	2.81299	0.853876	3.47738e-19	6.39281	0.714087	0.999754	-78.2968	254003	0.999918	-24.5504	239953	0.999765	81.5471	277303	0	0	1
62	rs1	1:1	2:0.27125	rs2	1:2	2:0.52375	0	1000	1	9.12334e-13	5.31774	0.744455	1.16582e-26	4.88498	0.457078	0.805874	-0.485821	1.97687	0.267297	1.16114	1.04673	0.000444237	5.58226	1.58934	0	0	3.6271e-07
63	rs1	1:1	2:0.27125	rs2	1:2	2:0.52175	0	1000	1	2.10263e-09	3.38102	0.564475	9.09355e-30	4.71474	0.416049	0.0243689	-4.33477	1.92549	0.601515	0.551669	1.05639	4.13581e-06	7.61575	1.654	0	0	7.71865e-11
64	rs1	1:1	2:0.275	rs2	1:2	2:0.52	0	1000	0	0.00164893	2.14402	0.681267	1.83963e-19	5.78535	0.641219	0.999739	-78.393	240103	0.518262	0.711724	1.10169	0.999662	56.0614	132520	0	0	1
65	rs1	1:1	2:0.2715	rs2	1:2	2:0.51975	0	1000	0	0.0128363	2.17719	0.874978	3.39975e-17	7.36228	0.873141	0.999767	-77.0766	264181	0.00609801	2.44724	0.892352	0.999698	54.3468	143680	0	0	1
66	rs1	1:1	2:0.2695	rs2	1:2	2:0.52475	0	1000	0	6.64619e-09	3.58329	0.617847	1.04507e-26	5.31562	0.496901	0.999769	-77.7518	268027	0.999909	-24.8227	218051	0.999752	81.4057	262181	0	0	1
67	rs1	1:1	2:0.277	rs2	1:2	2:0.5225	0	1000	0	2.53782e-06	2.7316	0.580565	5.19231e-27	5.22456	0.485455	0.999603	-31.8827	64030.2	0.802362	-0.391088	1.56253	0.999578	33.8892	64030.2	0	0	1
68	rs1	1:1	2:0.27275	rs2	1:2	2:0.5265	0	1000	0	4.46055e-10	3.27536	0.52515	1.43886e-32	5.04299	0.424362	0.999748	-78.1591	247846	0.729535	0.364018	1.05285	0.99967	56.2844	136135	0	0	1
69	rs1	1:1	2:0.27725	rs2	1:2	2:0.5185	0	1000	1	3.28859e-05	2.85677	0.687964	3.2626e-23	5.65524	0.569835	0.0249064	-4.3313	1.93116	0.25499	1.25391	1.10155	1.92576e-05	7.16248	1.67609	0	0	1.09946e-07
70	rs1	1:1	2:0.27375	rs2	1:2	2:0.51975	0	1000	0	1.70852e-11	3.22634	0.479469	1.12366e-35	4.71608	0.378271	0.139242	-2.95263	1.99688	0.999914	-25.2617	233088	0.999888	32.6614	233088	0	0	1
71	rs1	1:1	2:0.277	rs2	1:2	2:0.525	0	1000	0	5.47167e-11	5.08826	0.775945	2.37613e-24	5.79758	0.569373	0.999735	-78.1424	235479	0.999913	-24.432	222858	0.999749	81.3261	258168	0	0	1
72	rs1	1:1	2:0.27275	rs2	1:2	2:0.52125	0	1000	0	4.95355e-05	4.31225	1.0627	3.03207e-19	6.34548	0.707605	0.999757	-77.3143	254148	0.999921	-24.1062	243407	0.99977	80.8158	280324	0	0	1
73	rs1	1:1	2:0.275	rs2	1:2	2:0.519	0	1000	0	8.34685e-09	3.50641	0.608615	6.58594e-29	5.21707	0.467587	0.999743	-76.5414	237961	0.999919	-24.8093	244909	0.999768	80.7697	277961	0	0	1
74	rs1	1:1	2:0.27275	rs2	1:2	2:0.5225	0	1000	0	7.05211e-08	3.26846	0.606411	2.34139e-27	5.10186	0.470855	0.999751	-78.176	250199	0.999913	-25.0477	228434	0.999755	81.7192	266484	0	0	1
75	rs1	1:1	2:0.27375	rs2	1:2	2:0.5205	0	1000	0	1.22036e-05	2.76376	0.631873	3.07499e-24	5.40902	0.532526	0.999745	-78.2926	245368	0.999917	-25.0681	241399	0.999764	81.7983	276565	0	0	1
76	rs1	1:1	2:0.27525	rs2	1:2	2:0.52375	0	1000	0	0.000408489	2.28741	0.64716	2.67279e-24	5.76862	0.567166	0.999728	-80.4029	235648	0.999871	-24.3277	150145	0.999715	82.1028	230109	0	0	1
77	rs1	1:1	2:0.2705	rs2	1:2	2:0.517	0	1000	1	6.70241e-10	2.83469	0.459211	1.34596e-37	4.34882	0.339346	0.200779	-1.54087	1.20443	0.678537	0.43623	1.05253	1.18955e-05	5.6458	1.28914	0	0	1.90195e-09
78	rs1	1:1	2:0.27575	rs2	1:2	2:0.52225	0	1000	0	1.04526e-06	3.98875	0.816877	4.11983e-25	5.79775	0.560088	0.99974	-77.8639	239166	0.999917	-24.5001	236712	0.999761	81.2643	271053	0	0	1
79	rs1	1:1	2:0.2745	rs2	1:2	2:0.52025	0	1000	0	0.0144635	2.15596	0.881588	9.35021e-16	6.87315	0.855391	0.999747	-77.6413	245201	0.016095	2.14952	0.89312	0.999677	54.675	134886	0	0	1
80	rs1	1:1	2:0.274	rs2	1:2	2:0.52125	0	1000	0	4.70218e-09	3.51177	0.599546	4.23038e-28	5.49912	0.500337	0.172465	-2.75745	2.02111	0.999916	-24.5618	234427	0.99989	32.2071	234427	0	0	1
81	rs1	1:1	2:0.27675	rs2	1:2	2:0.521	0	1000	0	0.000192799	1.82591	0.489747	7.46193e-30	5.07242	0.44693	0.999724	-78.9403	228507	0.989708	-0.0136733	1.05994	0.999644	56.745	127049	0	0	1
82	rs1	1:1	2:0.277	rs2	1:2	2:0.521	0	1000	0	2.25795e-07	3.50352	0.676781	4.39002e-27	5.30608	0.492323	0.159082	-2.08584	1.48125	0.999919	-24.5719	241424	0.999896	31.5292	241424	0	0	1
83	rs1	1:1	2:0.27275	rs2	1:2	2:0.52375	0	1000	0	2.60237e-11	3.90212	0.585246	4.30402e-31	4.91757	0.424065	0.999752	-77.1337	248506	0.536053	0.640999	1.03589	0.999675	55.6072	136413	0	0	1
84	rs1	1:1	2:0.27275	rs2	1:2	2:0.5225	0	1000	0	4.05149e-11	3.79563	0.574906	1.95438e-32	4.96152	0.418409	0.0514523	-3.80987	1.9561	0.999913	-24.7927	226411	0.999884	32.8139	226411	0	0	1
85	rs1	1:1	2:0.27575	rs2	1:2	2:0.521	0	1000	0	4.86048e-11	3.86265	0.587462	2.25067e-34	4.5976	0.376043	0.0582125	-3.70755	1.95742	0.999913	-25.0269	230117	0.999886	32.8807	230117	0	0	1
86	rs1	1:1	2:0.274	rs2	1:2	2:0.5195	0	1000	1	2.95194e-06	3.24651	0.694569	3.40103e-21	5.64858	0.597759	0.160143	-2.84058	2.02236	0.0178352	2.12374	0.896463	0.000250953	5.72755	1.56435	0	0	3.03621e-05
87	rs1	1:1	2:0.27475	rs2	1:2	2:0.52025	0	1000	0	0.0135111	2.15682	0.873206	4.91581e-16	6.87235	0.847021	0.999744	-77.9282	243211	0.999922	-24.5849	251722	0.999772	81.3898	285137	0	0	1
88	rs1	1:1	2:0.272	rs2	1:2	2:0.5225	0	1000	0	6.29189e-08	3.04211	0.562281	1.1691e-28	5.09798	0.459017	0.0111853	-4.82207	1.9008	0.999913	-25.0735	229252	0.999883	33.4867	229252	0	0	1
89	rs1	1:1	2:0.2745	rs2	1:2	2:0.526	0	1000	0	1.41245e-07	3.96181	0.752679	1.47288e-26	5.42044	0.508212	0.999746	-78.9434	247610	0.99991	-24.7846	219887	0.999747	81.9444	258560	0	0	1
90	rs1	1:1	2:0.27625	rs2	1:2	2:0.52325	0	1000	0	4.23015e-11	3.98476	0.604138	5.70936e-32	4.94568	0.420267	0.999736	-77.4497	233905	0.524704	0.645633	1.01497	0.999657	55.7441	129596	0	0	1
91	rs1	1:1	2:0.273	rs2	1:2	2:0.52425	0	1000	0	8.75119e-07	4.21255	0.856589	1.38943e-22	5.69717	0.582609	0.999754	-78.1272	253506	0.999914	-24.5076	226421	0.999755	81.4123	265556	0	0	1
92	rs1	1:1	2:0.2735	rs2	1:2	2:0.52675	0	1000	0	9.39004e-09	7.09646	1.23602	1.81261e-16	8.17166	0.992444	0.999757	-77.3648	253574	0.999916	-23.3835	220999	0.999754	80.4569	260964	0	0	1
93	rs1	1:1	2:0.2745	rs2	1:2	2:0.524	0	1000	0	4.09606e-10	3.81238	0.609949	3.68385e-30	4.81416	0.421887	0.999744	-77.527	241318	0.999909	-25.0433	218425	0.999746	81.3753	255756	0	0	1
94	rs1	1:1	2:0.27175	rs2	1:2	2:0.52225	0	1000	0	2.42853e-08	3.24854	0.582351	3.52506e-28	4.80599	0.436619	0.999754	-78.4371	254680	0.999911	-25.2295	227206	0.999755	81.9432	266529	0	0	1
95	rs1	1:1	2:0.27475	rs2	1:2	2:0.526	0	1000	1	2.34799e-08	4.02695	0.721135	3.72933e-28	5.763	0.523804	0.0438519	-3.96839	1.96893	0.266242	1.22085	1.09812	1.73417e-05	7.19493	1.67455	0	0	3.93969e-08
96	rs1	1:1	2:0.2775	rs2	1:2	2:0.52175	0	1000	0	0.000893987	4.13439	1.24458	5.9592e-20	6.73606	0.736579	0.999736	-77.8739	235504	0.999922	-24.1242	248028	0.999769	81.0933	280189	0	0	1
97	rs1	1:1	2:0.273	rs2	1:2	2:0.52075	0	1000	0	0.00020904	2.45017	0.660809	1.68786e-21	5.50077	0.57765	0.999749	-78.7538	250375	0.53325	0.668592	1.07309	0.999673	56.2931	137330	0	0	1
98	rs1	1:1	2:0.2715	rs2	1:2	2:0.5245	0	1000	0	3.01269e-13	4.66827	0.64003	1.86331e-27	5.0403	0.464278	0.999761	-76.6213	255586	0.416367	0.824445	1.0144	0.999684	55.3083	139719	0	0	1
99	rs1	1:1	2:0.27575	rs2	1:2	2:0.52125	0	1000	0	1.26783e-07	3.83642	0.726122	2.37301e-27	5.52803	0.510244	0.999739	-77.8765	238077	0.31682	1.02044	1.0194	0.999662	55.7325	131546	0	0	1
100	rs1	1:1	2:0.2685	rs2	1:2	2:0.52225	0	1000	0	1.46112e-05	3.38408	0.780736	8.08746e-19	5.88714	0.664552	0.999776	-77.2681	275380	0.0229618	1.93295	0.849995	0.999707	54.7136	149030	0	0	1
101	rs1	1:1	2:0.275	rs2	1:2	2:0.52425	0	1000	0	3.15519e-11	3.08423	0.464552	8.91267e-40	4.72306	0.35784	0.999734	-78.5441	235984	0.257079	0.833131	0.735123	0.999659	55.8972	130604	0	0	1
102	rs1	1:1	2:0.27625	rs2	1:2	2:0.523	0	1000	0	7.00378e-05	8.10927	2.03947	1.16905e-11	8.51415	1.25504	0.811891	3.00458	12.6249	0.99994	-17.7053	236907	0.999913	25.8949	236907	0	0	1
103	rs1	1:1	2:0.276	rs2	1:2	2:0.51775	0	1000	0	4.28493e-05	1.8585	0.454229	1.82578e-36	4.77907	0.378946	0.999725	-79.6553	230906	0.947049	0.0690631	1.0399	0.999646	56.9835	128285	0	0	1
104	rs1	1:1	2:0.27625	rs2	1:2	2:0.521	0	1000	1	6.66873e-06	2.53431	0.56268	2.76831e-26	5.34751	0.504155	0.010817	-4.83973	1.89901	0.567572	0.629538	1.1013	3.41185e-06	7.78442	1.67611	0	0	1.62348e-09
105	rs1	1:1	2:0.27125	rs2	1:2	2:0.52	0	1000	1	4.59273e-08	3.67297	0.671918	1.3747e-27	5.19353	0.477173	0.0252234	-4.32231	1.93136	0.287191	1.10381	1.03712	7.83924e-06	7.31021	1.63557	0	0	1.81161e-09
106	rs1	1:1	2:0.27675	rs2	1:2	2:0.524	0	1000	0	0.000455941	3.64157	1.03885	2.84062e-16	6.60374	0.807312	0.999739	-76.7566	234952	0.999915	-24.1801	228004	0.999755	80.5814	262488	0	0	1
107	rs1	1:1	2:0.27375	rs2	1:2	2:0.5195	0	1000	0	9.03622e-07	2.9404	0.59867	6.9614e-28	4.93244	0.450625	0.999632	-30.1257	65360.5	0.999918	-25.2136	244906	0.999818	57.7756	253478	0	0	1
108	rs1	1:1	2:0.27575	rs2	1:2	2:0.5175	0	1000	1	9.03566e-09	2.59062	0.450707	6.65979e-39	4.62378	0.354409	0.00897298	-4.94869	1.89381	0.187072	0.998341	0.756726	7.60411e-07	7.29793	1.47574	0	0	1.15387e-12
109	rs1	1:1	2:0.27025	rs2	1:2	2:0.52275	0	1000	1	9.47533e-05	3.44636	0.882856	5.03207e-16	6.14266	0.757351	0.0053618	-5.18038	1.86046	0.0165794	2.16294	0.902766	9.60645e-06	7.10315	1.60492	0	0	2.2079e-07
110	rs1	1:1	2:0.2765	rs2	1:2	2:0.5225	0	1000	0	7.98245e-11	3.65707	0.562546	2.41351e-34	4.90944	0.401735	0.999734	-77.6202	232439	0.999912	-25.0037	225606	0.99975	81.378	259834	0	0	1
111	rs1	1:1	2:0.275	rs2	1:2	2:0.52025	0	1000	0	6.95843e-07	3.87675	0.781206	8.1065e-23	5.82881	0.592773	0.173652	-2.77035	2.03618	0.999921	-24.1513	244362	0.999896	32.0046	244362	0	0	1
112	rs1	1:1	2:0.27275	rs2	1:2	2:0.51875	0	1000	0	0.0104554	1.80503	0.704983	2.30624e-20	6.12259	0.662108	0.999752	-79.271	255398	0.999924	-25.0849	262288	0.999779	82.3188	297166	0	0	1
113	rs1	1:1	2:0.27425	rs2	1:2	2:0.519	0	1000	0	0.0116937	1.94199	0.770249	1.84321e-18	6.44402	0.735074	0.999745	-78.6022	246330	0.999924	-24.8666	260435	0.999777	81.8698	293539	0	0	1
114	rs1	1:1	2:0.27225	rs2	1:2	2:0.52275	0	1000	0	9.08515e-07	3.92312	0.798927	6.67739e-20	5.26001	0.57595	0.999758	-76.9288	253416	0.358614	0.99757	1.08667	0.999682	55.2979	138705	0	0	1
115	rs1	1:1	2:0.2795	rs2	1:2	2:0.5225	0	1000	0	0.0073974	1.78874	0.667837	6.88961e-21	6.98238	0.744753	0.999732	-76.715	227986	0.0247927	1.90821	0.850127	0.999657	54.4026	126601	0	0	1
116	rs1	1:1	2:0.2755	rs2	1:2	2:0.51975	0	1000	0	0.00719657	1.68682	0.627629	6.00979e-22	6.4377	0.668549	0.999737	-80.2365	243030	0.999863	-23.723	137698	0.999713	81.5285	226526	0	0	1
117	rs1	1:1	2:0.27575	rs2	1:2	2:0.52125	0	1000	0	2.78824e-05	3.66195	0.873951	8.22604e-21	5.80286	0.620182	0.999741	-77.6797	239516	0.999919	-24.5308	241923	0.999765	81.2029	275691	0	0	1
118	rs1	1:1	2:0.27175	rs2	1:2	2:0.527	0	1000	0	1.03292e-11	4.45288	0.654659	3.23685e-27	5.21033	0.482186	0.999759	-77.299	255590	0.453315	0.781867	1.04263	0.999682	55.6886	139731	0	0	1
119	rs1	1:1	2:0.2715	rs2	1:2	2:0.525	0	1000	0	7.26447e-10	3.62701	0.588779	1.9279e-27	5.09747	0.469679	0.0793391	-3.47055	1.97805	0.999908	-24.8661	215543	0.999879	32.7138	215543	0	0	1
120	rs1	1:1	2:0.2735	rs2	1:2	2:0.522	0	1000	0	9.13695e-08	3.69272	0.691119	1.39105e-24	5.1857	0.506694	0.99975	-77.3956	247161	0.999914	-24.8245	230955	0.999758	81.2146	267910	0	0	1
121	rs1	1:1	2:0.2695	rs2	1:2	2:0.52075	0	1000	1	6.61543e-05	2.9649	0.743137	5.10818e-19	5.88787	0.660824	0.0596688	-3.72233	1.97656	0.0180757	2.12247	0.897805	7.12122e-05	6.17522	1.55461	0	0	1.0034e-05
122	rs1	1:1	2:0.27625	rs2	1:2	2:0.5215	0	1000	0	0.000177065	3.90426	1.04123	5.11234e-22	6.36249	0.6596	0.999741	-78.1625	240534	0.18019	1.41309	1.05441	0.999665	55.6767	132702	0	0	1
123	rs1	1:1	2:0.2765	rs2	1:2	2:0.5285	0	1000	0	2.89518e-05	6.23993	1.49225	3.98449e-15	7.99686	1.01801	0.999744	-77.1506	240284	0.999913	-23.4752	214904	0.999746	80.419	252496	0	0	1
124	rs1	1:1	2:0.27325	rs2	1:2	2:0.52525	0	1000	0	1.88985e-07	5.1489	0.9883	1.2049e-18	6.11891	0.694207	0.999756	-77.0534	251451	0.999913	-24.113	220632	0.999753	80.6789	260116	0	0	1
125	rs1	1:1	2:0.274	rs2	1:2	2:0.51825	0	1000	1	9.50406e-10	3.70583	0.605772	4.91276e-31	5.08575	0.438996	0.108541	-3.19553	1.99125	0.276252	1.12398	1.03233	4.39242e-05	6.72661	1.64634	0	0	1.00302e-08
126	rs1	1:1	2:0.272	rs2	1:2	2:0.522	0	1000	0	0.000819488	2.77298	0.828714	8.1864e-19	6.23128	0.703507	0.999747	-79.7705	251638	0.999875	-23.7049	151020	0.999729	81.4383	239414	0	0	1
127	rs1	1:1	2:0.27475	rs2	1:2	2:0.5235	0	1000	0	2.80552e-05	3.28465	0.784169	1.22993e-25	5.9272	0.566297	0.999744	-78.6185	244911	0.33499	1.01381	1.05155	0.999668	56.1193	134766	0	0	1
128	rs1	1:1	2:0.27175	rs2	1:2	2:0.52375	0	1000	0	4.15281e-05	3.67578	0.896792	6.56377e-16	5.72758	0.709002	0.999761	-77.3026	258095	0.999913	-24.5676	225583	0.999757	81.0616	265970	0	0	1
129	rs1	1:1	2:0.273	rs2	1:2	2:0.52525	0	1000	0	8.5003e-14	6.51348	0.872848	1.46684e-19	5.99628	0.662778	0.926216	-0.157956	1.70566	0.999914	-23.2978	216626	0.99989	29.857	216626	0	0	1
130	rs1	1:1	2:0.27675	rs2	1:2	2:0.52075	0	1000	0	3.98919e-05	3.25994	0.793539	1.19949e-21	5.8819	0.615384	0.999737	-77.1291	234389	0.0210882	1.78742	0.774981	0.999663	54.7189	129726	0	0	1
131	rs1	1:1	2:0.275	rs2	1:2	2:0.523	0	1000	0	1.01299e-09	4.57384	0.748907	2.35184e-24	5.67804	0.557578	0.999747	-75.942	239128	0.241729	1.23812	1.05762	0.999669	54.7345	131988	0	0	1
132	rs1	1:1	2:0.2755	rs2	1:2	2:0.52475	0	1000	0	3.20946e-08	4.12187	0.745418	2.82062e-25	5.92583	0.570466	0.999743	-76.2561	236816	0.259877	1.23393	1.09519	0.999665	54.8976	130920	0	0	1
133	rs1	1:1	2:0.27875	rs2	1:2	2:0.519	0	1000	1	4.28169e-07	2.63778	0.521714	2.25311e-32	4.81458	0.406426	0.000881983	-6.12435	1.84152	0.326724	0.830488	0.846803	4.06503e-07	8.12321	1.60351	0	0	6.22716e-13
134	rs1	1:1	2:0.27275	rs2	1:2	2:0.52475	0	1000	0	1.14407e-12	4.2144	0.59258	2.99567e-31	4.8692	0.418774	0.999752	-77.7371	249632	0.556544	0.592653	1.00794	0.999674	55.9552	136947	0	0	1
135	rs1	1:1	2:0.2755	rs2	1:2	2:0.5225	0	1000	1	3.91593e-09	5.24636	0.89107	1.00651e-20	5.62717	0.60278	0.539896	-1.31589	2.14674	0.116509	1.78785	1.13905	0.00104544	5.62207	1.71509	0	0	5.75733e-05
136	rs1	1:1	2:0.274	rs2	1:2	2:0.52375	0	1000	0	0.000178593	2.01731	0.538305	1.14522e-25	5.35148	0.510962	0.9996	-32.5303	64923.6	0.582854	-0.888677	1.61807	0.999575	34.5568	64923.6	0	0	1
137	rs1	1:1	2:0.27375	rs2	1:2	2:0.524	0	1000	1	1.9979e-05	3.57271	0.837657	4.34897e-17	5.84016	0.695002	0.0245564	-4.96744	2.20941	0.414002	1.05352	1.28969	0.000131651	7.87978	2.06096	0	0	1.87746e-06
138	rs1	1:1	2:0.2755	rs2	1:2	2:0.517	0	1000	0	0.000118126	2.44475	0.635003	1.95862e-24	5.3666	0.526076	0.999728	-79.7649	234091	0.999868	-23.9207	144308	0.999715	81.3824	228085	0	0	1
139	rs1	1:1	2:0.27225	rs2	1:2	2:0.525	0	1000	0	9.30776e-09	5.80627	1.01104	4.9007e-18	6.41731	0.7414	0.446919	-1.65933	2.18172	0.999915	-23.4134	219531	0.999887	31.0582	219531	0	0	1
140	rs1	1:1	2:0.27325	rs2	1:2	2:0.521	0	1000	0	2.18974e-07	2.73832	0.528381	3.39373e-32	4.74277	0.40153	0.00110206	-6.0326	1.84874	0.999915	-25.3753	237612	0.999885	34.2235	237612	0	0	1
141	rs1	1:1	2:0.27475	rs2	1:2	2:0.5215	0	1000	1	4.38148e-07	3.15063	0.623691	2.13099e-23	5.24159	0.525908	0.0773818	-3.4822	1.97171	0.472475	0.807218	1.12354	3.54777e-05	7.04514	1.70373	0	0	2.30015e-07
142	rs1	1:1	2:0.274	rs2	1:2	2:0.52225	0	1000	0	0.00116477	2.84178	0.875104	1.69378e-18	6.3713	0.725991	0.999749	-78.2077	248574	0.999918	-24.559	239956	0.999764	81.5039	276040	0	0	1
143	rs1	1:1	2:0.27425	rs2	1:2	2:0.52225	0	1000	0	9.29659e-12	3.26199	0.478509	2.22674e-39	4.36546	0.332488	0.0258792	-3.14326	1.41079	0.99991	-25.3689	224023	0.999885	32.4244	224023	0	0	1
144	rs1	1:1	2:0.27375	rs2	1:2	2:0.523	0	1000	1	1.14754e-13	3.40578	0.458833	2.28025e-40	4.35191	0.327184	0.0643748	-3.63875	1.96734	0.928869	0.0926207	1.03756	4.82827e-06	7.55309	1.65199	0	0	1.69336e-13
145	rs1	1:1	2:0.2735	rs2	1:2	2:0.525	0	1000	0	4.02056e-09	3.34053	0.567794	1.55694e-29	5.12342	0.454003	0.999747	-77.8688	245426	0.999907	-25.0702	215928	0.999744	81.5771	254645	0	0	1
146	rs1	1:1	2:0.27375	rs2	1:2	2:0.5205	0	1000	1	4.03774e-10	3.23514	0.51741	2.03046e-34	4.66014	0.380898	0.105103	-2.34471	1.44682	0.570431	0.597258	1.05259	7.5451e-06	6.23473	1.39239	0	0	1.20158e-09
147	rs1	1:1	2:0.275	rs2	1:2	2:0.524	0	1000	0	1.36447e-11	4.60092	0.680446	1.45591e-28	5.28507	0.476704	0.0353239	-4.09473	1.94558	0.999912	-24.4564	222496	0.999883	32.7577	222496	0	0	1
148	rs1	1:1	2:0.2775	rs2	1:2	2:0.52325	0	1000	0	1.20763e-11	4.03755	0.595571	3.45138e-33	5.194	0.432746	0.999731	-77.0485	228256	0.999911	-24.7552	222479	0.999748	80.9506	256141	0	0	1
149	rs1	1:1	2:0.27	rs2	1:2	2:0.52275	0	1000	0	2.14607e-08	3.4702	0.619702	3.08439e-26	4.95763	0.467843	0.999645	-29.3862	66005.4	0.999912	-25.0392	226007	0.999806	57.3341	235448	0	0	1
150	rs1	1:1	2:0.27175	rs2	1:2	2:0.5245	0	1000	0	1.77637e-14	4.52146	0.589818	2.29784e-33	4.41481	0.3668	0.0162306	-4.59592	1.91203	0.999907	-24.9113	214520	0.999876	33.2096	214520	0	0	1
151	rs1	1:1	2:0.26925	rs2	1:2	2:0.526	0	1000	0	1.19832e-11	3.6755	0.542077	4.55955e-33	4.6647	0.389395	0.999767	-79.3011	271712	0.999905	-25.1532	211869	0.999746	82.3089	258070	0	0	1
152	rs1	1:1	2:0.274	rs2	1:2	2:0.52125	0	1000	0	1.44527e-07	4.03687	0.767553	3.08948e-26	5.63945	0.532193	0.999645	-29.0669	65316.3	0.999918	-24.4867	239511	0.999817	56.8678	248258	0	0	1
153	rs1	1:1	2:0.275	rs2	1:2	2:0.52325	0	1000	0	2.14921e-07	3.12259	0.602124	1.6772e-26	5.07613	0.47647	0.999739	-77.8229	237943	0.0180417	1.5711	0.66438	0.999666	54.9784	131511	0	0	1
154	rs1	1:1	2:0.27625	rs2	1:2	2:0.524	0	1000	0	2.32927e-10	4.76835	0.752355	5.64715e-27	5.31049	0.493794	0.564536	-0.891668	1.54772	0.999914	-24.1228	222901	0.99989	30.696	222901	0	0	1
155	rs1	1:1	2:0.274	rs2	1:2	2:0.524	0	1000	0	3.63581e-10	5.67795	0.905731	2.42574e-20	6.47082	0.700175	0.999751	-77.4256	247876	0.999916	-24.0332	227214	0.999757	80.7885	264863	0	0	1
156	rs1	1:1	2:0.2735	rs2	1:2	2:0.521	0	1000	0	2.5411e-10	3.29534	0.521047	2.94606e-34	4.55998	0.373635	0.999745	-77.4244	241869	0.20531	0.957369	0.755876	0.99967	55.2247	133334	0	0	1
157	rs1	1:1	2:0.268	rs2	1:2	2:0.51675	0	1000	0	0.000223178	2.25017	0.609599	8.70465e-22	5.30139	0.552734	0.999622	-31.2801	65937.5	0.789307	-0.44575	1.66816	0.999593	33.6112	65937.5	0	0	1
158	rs1	1:1	2:0.2725	rs2	1:2	2:0.52425	0	1000	0	1.13867e-08	4.38851	0.768746	1.11442e-24	5.70765	0.556529	0.174389	-2.77087	2.04005	0.999913	-24.1344	222509	0.999885	31.9842	222509	0	0	1
159	rs1	1:1	2:0.27725	rs2	1:2	2:0.5235	0	1000	0	0.00334211	2.61158	0.889992	2.31947e-19	6.62141	0.735957	0.999735	-78.441	236146	0.999917	-24.5794	237139	0.999759	81.6243	270748	0	0	1
160	rs1	1:1	2:0.27425	rs2	1:2	2:0.52125	0	1000	1	3.53045e-05	2.59842	0.628208	9.62313e-22	5.30986	0.554215	0.00185332	-6.2983	2.02337	0.915802	0.13402	1.26764	9.40863e-06	9.01104	2.03394	0	0	3.02904e-10
161	rs1	1:1	2:0.2725	rs2	1:2	2:0.5195	0	1000	0	0.000117529	3.45182	0.896293	2.87444e-15	6.0642	0.767986	0.999759	-76.1269	252133	0.174164	1.55932	1.14745	0.999685	54.5412	138086	0	0	1
162	rs1	1:1	2:0.2755	rs2	1:2	2:0.52175	0	1000	0	8.48721e-08	3.20307	0.597984	7.83816e-30	4.84369	0.426939	0.999737	-78.7267	238512	0.999914	-25.2053	232682	0.999755	82.0496	267407	0	0	1
163	rs1	1:1	2:0.27125	rs2	1:2	2:0.518	0	1000	0	1.11475e-09	2.84807	0.467506	2.4816e-38	4.33118	0.334562	0.999751	-79.015	253440	0.999916	-25.5753	242394	0.999765	82.3825	279314	0	0	1
164	rs1	1:1	2:0.274	rs2	1:2	2:0.524	0	1000	0	0.00648674	2.82215	1.03675	5.37854e-17	7.64219	0.912162	0.999755	-76.8879	250625	0.108179	1.90185	1.1839	0.999681	54.8731	137312	0	0	1
165	rs1	1:1	2:0.274	rs2	1:2	2:0.5215	0	1000	0	1.3358e-06	3.06811	0.634647	3.02292e-26	5.21988	0.492504	0.999745	-78.4883	245367	0.999915	-25.0422	236241	0.99976	81.8681	272080	0	0	1
166	rs1	1:1	2:0.2785	rs2	1:2	2:0.5185	0	1000	0	0.00474791	3.17098	1.123	6.77788e-16	6.7949	0.841531	0.999732	-77.0722	229304	0.999927	-24.15	264884	0.999781	80.7157	293938	0	0	1
167	rs1	1:1	2:0.27	rs2	1:2	2:0.51975	0	1000	0	1.40982e-10	3.50222	0.545957	2.54413e-32	4.85815	0.410457	0.999765	-77.5595	262786	0.999916	-24.9831	238094	0.999766	81.3646	277796	0	0	1
168	rs1	1:1	2:0.275	rs2	1:2	2:0.52625	0	1000	0	0.00210871	3.02658	0.984421	4.04364e-19	7.08021	0.792345	0.999734	-79.3701	237629	0.99987	-23.3927	144104	0.999715	81.1079	227184	0	0	1
169	rs1	1:1	2:0.27575	rs2	1:2	2:0.52175	0	1000	0	7.60606e-10	4.12984	0.671198	2.51053e-33	5.07249	0.421698	0.150736	-1.80206	1.2541	0.999919	-24.4532	241418	0.999897	31.0689	241418	0	0	1
170	rs1	1:1	2:0.2745	rs2	1:2	2:0.52525	0	1000	0	2.23446e-11	4.85902	0.726331	9.11766e-25	5.41583	0.527079	0.999747	-77.0459	243136	0.99991	-24.4719	215946	0.999746	80.8225	254081	0	0	1
171	rs1	1:1	2:0.2775	rs2	1:2	2:0.51825	0	1000	0	1.35974e-08	3.38276	0.595726	8.1751e-28	5.31032	0.485794	0.668153	-0.620348	1.4471	0.999922	-24.6002	251707	0.999902	30.8704	251707	0	0	1
172	rs1	1:1	2:0.28	rs2	1:2	2:0.52375	0	1000	1	4.82812e-08	2.81322	0.515475	7.44548e-35	4.92255	0.399693	0.000224358	-7.10631	1.92589	0.814186	-0.303056	1.28944	1.47276e-06	9.74359	2.02363	0	0	3.87378e-16
173	rs1	1:1	2:0.2695	rs2	1:2	2:0.5245	0	1000	0	0.000723361	2.61291	0.772921	4.26529e-18	6.38527	0.736352	0.999624	-30.9694	65807.9	0.957793	-0.0908225	1.71611	0.999595	33.4315	65807.9	0	0	1
174	rs1	1:1	2:0.271	rs2	1:2	2:0.5295	0	1000	0	0.00727224	2.34302	0.872922	1.38445e-18	7.62872	0.867031	0.999752	-79.7722	256990	0.999873	-23.5856	148415	0.999726	81.5154	237066	0	0	1
175	rs1	1:1	2:0.27075	rs2	1:2	2:0.52325	0	1000	0	2.0904e-11	3.73042	0.556816	2.49352e-32	4.53973	0.3835	0.99976	-77.6905	258273	0.999908	-25.2083	218422	0.99975	81.5486	259981	0	0	1
176	rs1	1:1	2:0.2765	rs2	1:2	2:0.52675	0	1000	0	0.00310911	4.74573	1.60506	1.53091e-14	7.6872	1.0003	0.999743	-76.0951	236241	0.999914	-23.4958	217674	0.999749	79.9107	253871	0	0	1
177	rs1	1:1	2:0.27275	rs2	1:2	2:0.51975	0	1000	0	1.83352e-12	3.40239	0.482842	8.69535e-36	4.60119	0.368453	0.999757	-73.9848	242915	0.999911	-25.4192	227998	0.999759	79.8179	264352	0	0	1
178	rs1	1:1	2:0.27625	rs2	1:2	2:0.52	0	1000	0	0.0117553	2.05887	0.817203	4.07279e-19	6.61296	0.740121	0.999739	-78.5084	239869	0.254547	1.25502	1.1015	0.999664	55.8278	132402	0	0	1
179	rs1	1:1	2:0.27525	rs2	1:2	2:0.52275	0	1000	0	2.6325e-06	3.31293	0.705241	4.19129e-23	5.33295	0.538719	0.999731	-79.6726	236611	0.99986	-23.8542	136167	0.999707	81.3694	221830	0	0	1
180	rs1	1:1	2:0.276	rs2	1:2	2:0.52425	0	1000	0	1.46686e-05	2.62959	0.606791	2.81274e-23	5.36877	0.540165	0.999734	-78.3092	234785	0.999908	-25.3188	220552	0.999745	81.9416	256028	0	0	1
181	rs1	1:1	2:0.27375	rs2	1:2	2:0.52075	0	1000	0	9.17272e-13	3.39429	0.475232	4.0937e-40	4.38569	0.330813	0.999743	-77.1514	239498	0.849328	0.193308	1.01754	0.999663	55.782	132215	0	0	1
182	rs1	1:1	2:0.27425	rs2	1:2	2:0.52175	0	1000	0	9.6108e-09	3.29691	0.57463	9.38548e-31	4.91295	0.426126	0.0109804	-4.83125	1.89958	0.999914	-25.0494	232239	0.999885	33.4639	232239	0	0	1
183	rs1	1:1	2:0.274	rs2	1:2	2:0.5245	0	1000	0	2.1758e-11	4.63079	0.691812	8.76233e-27	5.04462	0.47085	0.999749	-76.7886	244191	0.413149	0.84307	1.03019	0.999671	55.363	134384	0	0	1
184	rs1	1:1	2:0.27375	rs2	1:2	2:0.52425	0	1000	0	9.7685e-07	4.43733	0.906272	2.02133e-20	5.52283	0.59634	0.999751	-77.8688	249411	0.999913	-24.5148	225230	0.999754	81.2849	263538	0	0	1
185	rs1	1:1	2:0.271	rs2	1:2	2:0.52125	0	1000	0	1.63792e-10	2.78336	0.435448	6.25618e-40	4.44016	0.335728	0.999751	-79.2327	254333	0.99991	-25.5998	226388	0.999752	82.511	265762	0	0	1
186	rs1	1:1	2:0.275	rs2	1:2	2:0.5235	0	1000	0	0.00437611	3.19203	1.12013	1.17646e-16	7.00521	0.845482	0.999747	-77.7527	245395	0.999918	-24.1632	235768	0.999762	81.0774	271659	0	0	1
187	rs1	1:1	2:0.27525	rs2	1:2	2:0.523	0	1000	0	3.37655e-08	6.24593	1.13137	5.21806e-17	6.47551	0.772579	0.197658	-2.73342	2.1218	0.99992	-23.4065	232702	0.999892	31.5808	232702	0	0	1
188	rs1	1:1	2:0.271	rs2	1:2	2:0.52225	0	1000	0	7.73755e-10	2.93331	0.476943	3.3269e-34	4.68823	0.384456	0.999754	-78.3502	254149	0.860624	0.183594	1.04564	0.999676	56.4066	139098	0	0	1
189	rs1	1:1	2:0.2735	rs2	1:2	2:0.52475	0	1000	1	5.98889e-12	4.27661	0.621609	1.13256e-27	5.64131	0.517476	0.705598	0.614046	1.62543	0.0169614	2.12985	0.892068	0.000826729	4.40674	1.31793	0	0	1.33434e-05
190	rs1	1:1	2:0.27525	rs2	1:2	2:0.51825	0	1000	0	1.57115e-08	4.0487	0.716126	3.7031e-26	5.34171	0.504904	0.908852	-0.173055	1.51158	0.999924	-24.1449	254006	0.999905	30.3988	254006	0	0	1
191	rs1	1:1	2:0.27175	rs2	1:2	2:0.52	0	1000	0	0.00178631	2.78383	0.891214	4.41904e-14	6.32318	0.837726	0.999761	-77.2743	257518	0.999921	-24.5777	246896	0.999772	81.0663	284135	0	0	1
192	rs1	1:1	2:0.274	rs2	1:2	2:0.51975	0	1000	0	1.21765e-05	3.00681	0.687364	4.76484e-21	5.40664	0.574304	0.999747	-77.3318	243612	0.414215	0.887774	1.08729	0.99967	55.4672	134122	0	0	1
193	rs1	1:1	2:0.27675	rs2	1:2	2:0.52525	0	1000	1	2.13114e-11	4.30527	0.64289	5.66861e-30	5.40918	0.475596	0.303292	1.24953	1.21385	0.145455	1.74184	1.1965	0.00287103	3.91591	1.31353	0	0	0.000302117
194	rs1	1:1	2:0.268	rs2	1:2	2:0.518	0	1000	0	1.99735e-12	3.13318	0.445392	3.2305e-41	4.07709	0.30321	0.999757	-80.5666	264978	0.999863	-24.5771	143486	0.999727	82.1677	240397	0	0	1
195	rs1	1:1	2:0.2735	rs2	1:2	2:0.5205	0	1000	0	0.00278662	2.051	0.685875	2.1707e-18	5.91514	0.676167	0.999736	-80.0099	242108	0.999866	-24.1634	143492	0.999718	81.7464	231526	0	0	1
196	rs1	1:1	2:0.274	rs2	1:2	2:0.52	0	1000	1	6.32304e-11	3.19012	0.488093	1.01099e-38	4.55071	0.349663	0.00796197	-5.01548	1.89001	0.672451	0.426705	1.00927	7.92475e-07	7.98561	1.61743	0	0	2.74899e-14
197	rs1	1:1	2:0.2735	rs2	1:2	2:0.52475	0	1000	0	4.31692e-09	2.9999	0.510919	5.62497e-34	4.78551	0.393817	0.999743	-79.1917	246270	0.999907	-25.3768	217337	0.999743	82.3788	256074	0	0	1
198	rs1	1:1	2:0.271	rs2	1:2	2:0.5205	0	1000	0	0.000158369	2.87978	0.762338	6.46808e-17	5.74545	0.687554	0.999762	-77.6129	260325	0.999918	-24.8678	240873	0.999768	81.382	279590	0	0	1
199	rs1	1:1	2:0.27375	rs2	1:2	2:0.5235	0	1000	0	7.29213e-06	3.16865	0.706504	1.04873e-20	5.83639	0.625483	0.0505896	-3.83152	1.95991	0.999914	-24.602	227557	0.999885	32.773	227557	0	0	1
200	rs1	1:1	2:0.27375	rs2	1:2	2:0.527	0	1000	0	1.28387e-07	6.40872	1.21351	1.0352e-14	7.51926	0.972127	0.999756	-75.3334	246416	0.999912	-23.4325	212212	0.999748	79.4782	251719	0	0	1
201	rs1	1:1	2:0.2725	rs2	1:2	2:0.5215	0	1000	1	4.93878e-07	3.8981	0.775175	3.37104e-23	5.36215	0.540481	0.136202	-2.54686	1.7092	0.229531	1.35175	1.12499	9.58972e-05	6.02517	1.54462	0	0	3.31255e-06
202	rs1	1:1	2:0.2755	rs2	1:2	2:0.51875	0	1000	1	3.81721e-07	2.73088	0.537802	1.46302e-31	5.07319	0.434041	0.00132885	-6.36129	1.98191	0.866302	0.210822	1.25223	7.75349e-06	8.97117	2.00613	0	0	1.87183e-12
203	rs1	1:1	2:0.275	rs2	1:2	2:0.52225	0	1000	0	0.000213743	3.65308	0.986735	6.28577e-17	6.50812	0.778507	0.999747	-76.5988	241565	0.999918	-24.1607	235765	0.999763	80.4958	270759	0	0	1
204	rs1	1:1	2:0.27725	rs2	1:2	2:0.51925	0	1000	0	5.82894e-07	2.78091	0.556539	2.96758e-27	5.45394	0.504359	0.99973	-76.5525	226531	0.999917	-25.1153	242338	0.999764	80.9543	273193	0	0	1
205	rs1	1:1	2:0.27175	rs2	1:2	2:0.52225	0	1000	0	3.14318e-09	4.68604	0.791034	6.35353e-23	5.3654	0.544289	0.99976	-77.5573	258128	0.999916	-24.4566	231829	0.999762	81.0848	271296	0	0	1
206	rs1	1:1	2:0.2775	rs2	1:2	2:0.524	0	1000	0	4.60608e-05	2.67205	0.655755	3.17745e-22	5.63658	0.581411	0.999735	-77.4132	232835	0.526864	0.679062	1.07311	0.999655	55.6856	128906	0	0	1
207	rs1	1:1	2:0.27025	rs2	1:2	2:0.52275	0	1000	0	0.00623158	2.29635	0.839511	7.95221e-15	6.62046	0.852236	0.999766	-77.9211	265615	0.329265	1.13176	1.16008	0.999692	55.6821	144446	0	0	1
208	rs1	1:1	2:0.272	rs2	1:2	2:0.5195	0	1000	0	6.82676e-11	3.10046	0.47521	7.77093e-37	4.71546	0.371923	0.999751	-77.5131	248617	0.669997	0.43739	1.02637	0.999674	55.8113	136486	0	0	1
209	rs1	1:1	2:0.274	rs2	1:2	2:0.52575	0	1000	1	3.53554e-08	3.63364	0.659151	5.35099e-25	5.34731	0.517827	0.00854252	-5.60187	2.13012	0.665707	0.535216	1.23879	2.50357e-05	8.50833	2.01883	0	0	2.92632e-09
210	rs1	1:1	2:0.27825	rs2	1:2	2:0.521	0	1000	0	2.50314e-07	3.01658	0.584896	2.33553e-31	4.95419	0.425307	0.999724	-78.6776	227520	0.999916	-25.208	238090	0.999757	82.0167	269678	0	0	1
211	rs1	1:1	2:0.27325	rs2	1:2	2:0.52375	0	1000	1	1.37718e-11	3.45412	0.510942	3.56634e-33	5.02276	0.418574	0.124874	-3.06779	1.99904	0.540648	0.658033	1.07551	3.1512e-05	6.98581	1.67837	0	0	1.96536e-09
212	rs1	1:1	2:0.2745	rs2	1:2	2:0.52075	0	1000	0	0.181272	1.28521	0.961375	3.99345e-15	8.09946	1.0311	0.99975	-78.2582	249379	0.159131	1.73299	1.23082	0.999677	55.4441	136853	0	0	1
213	rs1	1:1	2:0.27525	rs2	1:2	2:0.52525	0	1000	0	3.11436e-06	3.4311	0.735794	6.81484e-23	5.49838	0.558178	0.999741	-78.2101	241211	0.99991	-24.8499	220240	0.999747	81.6347	257288	0	0	1
214	rs1	1:1	2:0.2745	rs2	1:2	2:0.52175	0	1000	0	2.98072e-13	3.35394	0.459742	6.73107e-38	4.90268	0.38097	0.285175	-2.14027	2.00255	0.999911	-25.0588	223624	0.999885	32.1566	223624	0	0	1
215	rs1	1:1	2:0.2725	rs2	1:2	2:0.5245	0	1000	0	2.46533e-10	3.34711	0.528841	1.17278e-31	4.80855	0.410739	0.999643	-29.343	65553.8	0.999906	-25.2518	214894	0.999796	57.4145	224670	0	0	1
216	rs1	1:1	2:0.272	rs2	1:2	2:0.5215	0	1000	0	1.37918e-08	3.39103	0.597439	1.60366e-30	4.72999	0.411908	0.999754	-79.1968	256528	0.999914	-25.1489	234440	0.99976	82.2491	273171	0	0	1
217	rs1	1:1	2:0.27475	rs2	1:2	2:0.52425	0	1000	0	1.09217e-06	3.04913	0.625557	2.28831e-24	5.32248	0.522525	0.999741	-78.0201	240711	0.999909	-25.0994	220957	0.999747	81.6774	257786	0	0	1
218	rs1	1:1	2:0.27275	rs2	1:2	2:0.5185	0	1000	0	6.0498e-13	3.5814	0.497461	1.3736e-34	4.98457	0.406363	0.829129	-0.345903	1.60275	0.999918	-24.8054	240448	0.999896	31.2813	240448	0	0	1
219	rs1	1:1	2:0.26925	rs2	1:2	2:0.52725	0	1000	0	4.29906e-08	4.39513	0.802309	3.71414e-22	5.54376	0.572779	0.999773	-78.0794	274454	0.999907	-24.5184	211233	0.999748	81.4092	258261	0	0	1
220	rs1	1:1	2:0.27225	rs2	1:2	2:0.51675	0	1000	0	5.64709e-06	2.37039	0.522205	6.00528e-30	4.68804	0.412374	0.999747	-78.9366	248884	0.999919	-25.6811	253395	0.999772	82.4448	287894	0	0	1
221	rs1	1:1	2:0.27275	rs2	1:2	2:0.521	0	1000	1	1.40385e-07	4.95134	0.940472	9.68662e-21	6.04299	0.647042	0.16825	-2.86145	2.07675	0.0942105	1.86285	1.11309	0.000190549	6.30857	1.69075	0	0	1.23183e-05
222	rs1	1:1	2:0.2725	rs2	1:2	2:0.5225	0	1000	0	7.13254e-09	3.27988	0.566692	9.28508e-29	5.27284	0.473884	0.999753	-77.1225	248695	0.493142	0.732969	1.06953	0.999676	55.5169	136499	0	0	1
223	rs1	1:1	2:0.276	rs2	1:2	2:0.52375	0	1000	1	0.00910395	1.62932	0.624711	5.09456e-24	6.77668	0.670432	0.000694565	-5.65669	1.6678	0.120805	1.5299	0.986142	2.26557e-06	7.54857	1.59651	0	0	2.18905e-07
224	rs1	1:1	2:0.2725	rs2	1:2	2:0.52125	0	1000	0	3.35443e-08	3.59994	0.651944	1.60474e-26	5.0297	0.47193	0.999753	-77.7494	251451	0.454149	0.778014	1.03941	0.999677	55.7873	137809	0	0	1
225	rs1	1:1	2:0.2725	rs2	1:2	2:0.52425	0	1000	1	4.56919e-09	3.8401	0.655066	1.27587e-25	4.82563	0.461203	0.123946	-3.07218	1.99697	0.550349	0.656072	1.09851	3.61119e-05	6.99029	1.69214	0	0	4.63116e-08
226	rs1	1:1	2:0.2705	rs2	1:2	2:0.51925	0	1000	0	1.07383e-08	3.42543	0.598995	1.5314e-29	4.50161	0.398852	0.99976	-78.2892	260169	0.643413	0.473539	1.02291	0.999684	56.1727	141916	0	0	1
227	rs1	1:1	2:0.27375	rs2	1:2	2:0.522	0	1000	0	5.3509e-06	2.79082	0.613295	3.6633e-25	5.44142	0.525095	0.999745	-78.2888	244836	0.999914	-25.0765	233085	0.999758	81.8014	269213	0	0	1
228	rs1	1:1	2:0.275	rs2	1:2	2:0.52375	0	1000	0	0.0002071	2.82597	0.761676	7.57038e-20	5.88022	0.64482	0.999743	-78.4098	243025	0.999913	-24.8667	229243	0.999754	81.757	265466	0	0	1
229	rs1	1:1	2:0.27	rs2	1:2	2:0.52225	0	1000	0	0.00169271	2.64801	0.843467	5.01695e-15	6.27546	0.801823	0.999756	-79.6453	260794	0.99987	-23.682	145786	0.999731	81.3551	241173	0	0	1
230	rs1	1:1	2:0.2735	rs2	1:2	2:0.52225	0	1000	0	0.025091	1.55406	0.693779	6.29557e-20	7.58245	0.829669	0.999765	-77.2307	261994	0.196996	1.49066	1.15541	0.999691	55.1545	142509	0	0	1
231	rs1	1:1	2:0.27675	rs2	1:2	2:0.51775	0	1000	0	5.01851e-06	2.84366	0.623061	5.68179e-25	5.14989	0.498988	0.999733	-77.3138	230851	0.48796	0.74158	1.06924	0.999655	55.4815	128165	0	0	1
232	rs1	1:1	2:0.272	rs2	1:2	2:0.52425	0	1000	0	5.43701e-10	4.37561	0.705069	8.87582e-27	5.5636	0.519347	0.999758	-77.2337	254463	0.999912	-24.4772	220992	0.999753	80.9373	261175	0	0	1
233	rs1	1:1	2:0.2735	rs2	1:2	2:0.525	0	1000	0	0.000292967	2.70304	0.7464	9.13338e-18	6.0522	0.705025	0.999749	-77.6412	246536	0.0655926	1.5924	0.86487	0.999676	55.0436	135505	0	0	1
234	rs1	1:1	2:0.2725	rs2	1:2	2:0.52325	0	1000	1	4.33997e-13	3.38843	0.467723	1.96646e-35	4.69914	0.378268	0.619031	-0.683207	1.37404	0.68202	0.443019	1.0813	4.04379e-05	5.61552	1.36798	0	0	1.47919e-08
235	rs1	1:1	2:0.27275	rs2	1:2	2:0.5225	0	1000	0	6.18331e-09	3.80455	0.654634	9.83184e-28	5.17376	0.474029	0.999753	-77.7261	250890	0.999914	-24.7896	228862	0.999757	81.3497	267007	0	0	1
236	rs1	1:1	2:0.272	rs2	1:2	2:0.531	0	1000	0	0.998384	49.7346	24553.6	0.999898	105.288	824663	0.999828	-55.325	257232	0.999997	0.605996	144337	0.999799	57.1882	226931	1	0	1
237	rs1	1:1	2:0.27525	rs2	1:2	2:0.52225	0	1000	1	2.31525e-10	3.13598	0.494725	6.78221e-34	4.7271	0.389501	0.0454108	-3.90039	1.94939	0.774543	0.306082	1.06858	6.05591e-06	7.54504	1.66762	0	0	5.64112e-11
238	rs1	1:1	2:0.2745	rs2	1:2	2:0.5325	0	1000	0	5.72969e-09	4.01458	0.689262	3.966e-26	5.72127	0.541109	0.999736	-79.5972	240723	0.999849	-23.7738	125639	0.999696	81.3768	213452	0	0	1
239	rs1	1:1	2:0.279	rs2	1:2	2:0.524	0	1000	1	3.22137e-07	3.11901	0.610373	2.31649e-27	5.44817	0.50277	0.028902	-4.22657	1.93452	0.000756056	2.19702	0.652245	1.2119e-05	6.21834	1.42119	0	0	8.59256e-08
240	rs1	1:1	2:0.27525	rs2	1:2	2:0.526	0	1000	0	7.3176e-10	3.57364	0.580224	6.94567e-32	4.73704	0.403104	0.999738	-78.7664	239609	0.999905	-25.2128	212540	0.999738	82.0683	250346	0	0	1
241	rs1	1:1	2:0.276	rs2	1:2	2:0.52125	0	1000	0	7.71385e-10	3.35569	0.545578	2.13101e-34	4.87981	0.39898	0.999734	-77.8916	233887	0.592631	0.543901	1.01658	0.999655	55.9637	129600	0	0	1
242	rs1	1:1	2:0.27675	rs2	1:2	2:0.521	0	1000	0	1.80255e-09	3.33912	0.555164	1.4119e-33	5.03922	0.417287	0.999732	-77.5859	231028	0.999915	-25.0218	233996	0.999757	81.381	266834	0	0	1
243	rs1	1:1	2:0.271	rs2	1:2	2:0.5265	0	1000	0	0.00288784	2.81975	0.946405	6.65741e-16	6.88019	0.851862	0.999765	-77.9409	265015	0.254557	1.33494	1.17167	0.999692	55.6752	144159	0	0	1
244	rs1	1:1	2:0.2745	rs2	1:2	2:0.51925	0	1000	0	0.0141362	1.74124	0.709613	2.35284e-18	6.53239	0.747503	0.999734	-79.7464	238817	0.99987	-23.8895	146612	0.999721	81.4546	232693	0	0	1
245	rs1	1:1	2:0.2725	rs2	1:2	2:0.5215	0	1000	0	2.37544e-09	2.70833	0.453672	2.20722e-36	4.63746	0.368154	0.999741	-80.4101	247497	0.999853	-24.5617	133617	0.999708	82.103	224239	0	0	1
246	rs1	1:1	2:0.27325	rs2	1:2	2:0.525	0	1000	0	8.85767e-07	3.2245	0.655992	2.14331e-25	5.45241	0.523572	0.999631	-30.123	65183.7	0.047823	1.4753	0.745503	0.999616	31.3761	65183.7	0	0	1
247	rs1	1:1	2:0.274	rs2	1:2	2:0.521	0	1000	1	1.39364e-10	4.11758	0.641708	9.13148e-31	5.12609	0.444522	0.0241576	-4.34955	1.92918	0.324259	0.985946	1.00021	4.05157e-06	7.42904	1.61195	0	0	6.68706e-11
248	rs1	1:1	2:0.27425	rs2	1:2	2:0.51775	0	1000	1	1.6846e-06	2.3649	0.493924	3.33646e-32	4.79348	0.405773	0.000720313	-6.21119	1.83669	0.368527	0.772533	0.859099	4.30997e-07	8.16282	1.61489	0	0	9.70191e-13
249	rs1	1:1	2:0.27325	rs2	1:2	2:0.5235	0	1000	0	6.58709e-06	3.13979	0.696707	7.2154e-21	5.42587	0.579035	0.999754	-76.9143	249921	0.0615198	1.4874	0.795509	0.999681	54.764	136940	0	0	1
250	rs1	1:1	2:0.274	rs2	1:2	2:0.51625	0	1000	0	8.20071e-13	3.3798	0.472187	5.63462e-43	4.60541	0.335117	0.236778	-1.72883	1.4613	0.999923	-24.8777	256287	0.999902	31.4296	256287	0	0	1
251	rs1	1:1	2:0.27375	rs2	1:2	2:0.5225	0	1000	1	3.02129e-07	4.34013	0.847332	1.15295e-22	6.09991	0.622593	0.303053	-2.18435	2.12092	0.107556	1.90463	1.18353	0.000658062	5.94637	1.74561	0	0	5.98231e-05
252	rs1	1:1	2:0.27375	rs2	1:2	2:0.51775	0	1000	0	0.000245743	2.22403	0.606556	2.93139e-25	5.26342	0.506876	0.999735	-80.3399	241481	0.999875	-24.2861	154606	0.999725	81.9541	237912	0	0	1
253	rs1	1:1	2:0.2705	rs2	1:2	2:0.52775	0	1000	0	1.1171e-13	5.63052	0.758191	2.43369e-21	5.47738	0.577504	0.255113	-2.35338	2.06796	0.999906	-24.0464	204711	0.999876	31.6876	204711	0	0	1
254	rs1	1:1	2:0.273	rs2	1:2	2:0.5205	0	1000	0	0.00188346	2.18786	0.703939	1.33899e-23	6.13354	0.61257	0.999742	-80.2778	247893	0.999881	-24.0308	161546	0.999732	81.8783	243932	0	0	1
255	rs1	1:1	2:0.27625	rs2	1:2	2:0.524	0	1000	0	0.00012834	4.67365	1.2204	4.59236e-19	6.72902	0.754231	0.154648	-3.00248	2.10951	0.999919	-23.4787	230504	0.99989	31.7824	230504	0	0	1
256	rs1	1:1	2:0.27575	rs2	1:2	2:0.52025	0	1000	1	9.3768e-09	2.84571	0.495628	1.86374e-33	4.83863	0.401436	0.0178844	-4.53311	1.91432	0.69265	0.421042	1.06522	2.98104e-06	7.74809	1.65837	0	0	2.63998e-11
257	rs1	1:1	2:0.2725	rs2	1:2	2:0.52	0	1000	0	0.000137659	2.89292	0.758831	1.90581e-19	5.68063	0.629882	0.999754	-78.2177	254068	0.99992	-24.8337	247466	0.999771	81.6478	283850	0	0	1
258	rs1	1:1	2:0.27425	rs2	1:2	2:0.52275	0	1000	0	1.77874e-09	4.02642	0.669193	1.78527e-27	5.23822	0.482336	0.110164	-3.18698	1.99503	0.999914	-24.5437	227206	0.999886	32.396	227206	0	0	1
259	rs1	1:1	2:0.27325	rs2	1:2	2:0.528	0	1000	0	2.37448e-07	5.2775	1.02132	3.2189e-17	6.56454	0.777942	0.999758	-75.8775	249837	0.154928	1.67794	1.17971	0.999682	54.5837	137006	0	0	1
260	rs1	1:1	2:0.26725	rs2	1:2	2:0.52	0	1000	1	5.16549e-09	3.16864	0.542413	1.42246e-28	4.59431	0.414321	0.00524467	-5.94802	2.13068	0.926407	0.110137	1.19239	1.21948e-05	8.78444	2.0083	0	0	3.06966e-11
261	rs1	1:1	2:0.2745	rs2	1:2	2:0.521	0	1000	0	1.29199e-06	3.32794	0.687452	1.00935e-22	5.04213	0.513925	0.999744	-77.525	241807	0.999915	-25.0835	234416	0.999759	81.4204	269656	0	0	1
262	rs1	1:1	2:0.274	rs2	1:2	2:0.5235	0	1000	1	9.23873e-05	3.19443	0.817039	3.04979e-18	6.15456	0.706642	0.012601	-5.28566	2.11863	0.442587	1.01356	1.32003	8.76707e-05	8.08209	2.0605	0	0	8.02748e-07
263	rs1	1:1	2:0.27025	rs2	1:2	2:0.52275	0	1000	0	5.21494e-07	4.01105	0.799296	5.27008e-21	5.51675	0.58666	0.999768	-77.4278	266269	0.999915	-24.5217	229690	0.999762	81.0895	271488	0	0	1
264	rs1	1:1	2:0.274	rs2	1:2	2:0.52475	0	1000	0	0.00288669	4.15035	1.39294	1.3864e-12	7.85887	1.10916	0.999744	-78.3782	244604	0.999869	-22.5214	137063	0.999717	80.0903	226148	0	0	1
265	rs1	1:1	2:0.27175	rs2	1:2	2:0.52425	0	1000	0	2.66444e-12	4.61791	0.660232	1.24333e-27	5.38062	0.493947	0.999664	-27.7026	65772.7	0.99991	-24.4533	216994	0.999802	56.1572	226743	0	0	1
266	rs1	1:1	2:0.27	rs2	1:2	2:0.521	0	1000	0	0.000180165	2.28484	0.610051	8.08456e-22	5.26353	0.548351	0.999765	-78.6247	266593	0.674624	0.44698	1.06472	0.99969	56.3675	144844	0	0	1
267	rs1	1:1	2:0.2755	rs2	1:2	2:0.51925	0	1000	0	4.64784e-08	2.56681	0.469744	3.96371e-37	4.63874	0.364358	0.999722	-80.2811	230530	0.999858	-24.4888	137588	0.999704	81.9609	220558	0	0	1
268	rs1	1:1	2:0.2745	rs2	1:2	2:0.52275	0	1000	0	2.83113e-06	3.08057	0.657861	1.19276e-23	5.63979	0.562615	0.999744	-77.5626	241500	0.999913	-24.8605	229239	0.999755	81.3285	265093	0	0	1
269	rs1	1:1	2:0.277	rs2	1:2	2:0.52525	0	1000	0	4.7484e-09	3.7549	0.641232	7.07769e-30	4.96739	0.437498	0.999732	-78.4623	233247	0.999908	-25.0263	217709	0.999742	81.8162	253216	0	0	1
270	rs1	1:1	2:0.2755	rs2	1:2	2:0.519	0	1000	0	9.33183e-12	2.79918	0.410651	2.56283e-46	4.13673	0.289505	0.999728	-78.0875	229432	0.825214	-0.225587	1.02148	0.999647	56.4319	127567	0	0	1
271	rs1	1:1	2:0.27	rs2	1:2	2:0.5185	0	1000	0	0.00455982	2.5126	0.885781	1.5693e-14	6.48406	0.844086	0.999769	-77.701	267899	0.999924	-24.5598	258620	0.999781	81.2759	296743	0	0	1
272	rs1	1:1	2:0.274	rs2	1:2	2:0.52425	0	1000	0	5.07433e-11	4.6199	0.703317	6.50374e-28	5.33572	0.487194	0.730642	-0.531716	1.54447	0.999913	-24.116	220650	0.99989	30.5217	220650	0	0	1
273	rs1	1:1	2:0.273	rs2	1:2	2:0.519	0	1000	1	3.86645e-12	3.42494	0.493367	2.93617e-35	4.61585	0.372527	0.818035	-0.29567	1.28511	0.56446	0.619428	1.07497	6.961e-05	5.29764	1.33186	0	0	6.21319e-08
274	rs1	1:1	2:0.27175	rs2	1:2	2:0.5225	0	1000	1	5.56808e-09	3.57602	0.613462	4.86864e-28	4.62208	0.421026	0.0240537	-4.34278	1.92476	0.626157	0.515782	1.05879	3.77835e-06	7.65236	1.6552	0	0	9.31056e-11
275	rs1	1:1	2:0.2795	rs2	1:2	2:0.526	0	1000	0	1.26189e-07	3.94253	0.746084	6.83787e-27	5.78377	0.538687	0.999724	-78.4374	226856	0.403807	0.840631	1.00693	0.999645	56.1659	126278	0	0	1
276	rs1	1:1	2:0.27525	rs2	1:2	2:0.528	0	1000	1	7.88592e-09	3.73715	0.647587	4.17719e-28	5.07265	0.461487	0.000682538	-6.67219	1.96443	0.994992	0.00803357	1.27982	2.91943e-06	9.42078	2.01453	0	0	1.08408e-13
277	rs1	1:1	2:0.27625	rs2	1:2	2:0.522	0	1000	0	3.90212e-07	5.10537	1.00625	9.53927e-19	6.11128	0.691291	0.999742	-76.7918	237458	0.999919	-24.0984	236726	0.999763	80.5258	270662	0	0	1
278	rs1	1:1	2:0.273	rs2	1:2	2:0.5225	0	1000	0	1.56583e-10	3.0333	0.474041	1.39145e-36	4.83224	0.382514	0.999745	-78.0251	244349	0.753325	0.325596	1.03608	0.999667	56.1701	134502	0	0	1
279	rs1	1:1	2:0.2695	rs2	1:2	2:0.525	0	1000	0	5.39868e-05	3.33591	0.8262	1.59596e-18	5.78036	0.658153	0.999771	-78.4804	273827	0.373649	0.970116	1.09044	0.999698	56.1167	148323	0	0	1
280	rs1	1:1	2:0.27425	rs2	1:2	2:0.519	0	1000	0	0.000175051	2.44264	0.650929	1.39144e-21	5.64818	0.591884	0.999743	-78.0142	241955	0.99992	-25.0969	250082	0.99977	81.6875	283418	0	0	1
281	rs1	1:1	2:0.27375	rs2	1:2	2:0.52425	0	1000	0	0.000239832	3.12341	0.850398	5.69483e-18	6.19886	0.717584	0.99975	-77.5313	247668	0.0290194	1.87407	0.858397	0.999678	54.8789	136030	0	0	1
282	rs1	1:1	2:0.2765	rs2	1:2	2:0.521	0	1000	0	0.000160745	3.02537	0.801666	1.54537e-16	5.89969	0.714858	0.999766	-79.2266	269792	0.999845	-23.2516	119740	0.999705	80.6746	218514	0	0	1
283	rs1	1:1	2:0.274	rs2	1:2	2:0.52125	0	1000	0	0.0774144	1.45458	0.823712	4.44258e-15	7.90919	1.0086	0.999753	-76.6911	247410	0.190113	1.61187	1.23021	0.999678	54.7712	135762	0	0	1
284	rs1	1:1	2:0.27625	rs2	1:2	2:0.51925	0	1000	1	3.30121e-05	2.54571	0.613184	2.38977e-25	5.21634	0.501402	0.00393403	-5.40358	1.87403	0.494668	0.730602	1.06985	1.3644e-06	7.96666	1.64937	0	0	6.12658e-11
285	rs1	1:1	2:0.273	rs2	1:2	2:0.525	0	1000	0	5.83097e-08	3.21198	0.592189	4.61789e-28	5.21609	0.474928	0.999749	-78.377	249037	0.999908	-25.0642	218049	0.999746	81.8301	257349	0	0	1
286	rs1	1:1	2:0.27225	rs2	1:2	2:0.52325	0	1000	0	8.93829e-12	4.36018	0.639075	3.23832e-29	5.1559	0.459511	0.999754	-78.2271	254257	0.999913	-24.6896	225176	0.999754	81.5054	264687	0	0	1
287	rs1	1:1	2:0.277	rs2	1:2	2:0.52325	0	1000	0	6.98155e-05	5.03678	1.26651	5.89785e-14	6.92386	0.921912	0.999746	-74.0493	232360	0.999918	-23.487	228006	0.99976	78.8784	261868	0	0	1
288	rs1	1:1	2:0.276	rs2	1:2	2:0.52625	0	1000	0	9.18234e-08	3.3583	0.628636	2.77736e-32	5.3105	0.448954	0.999736	-79.268	239298	0.999909	-25.015	218773	0.999743	82.2177	255591	0	0	1
289	rs1	1:1	2:0.27475	rs2	1:2	2:0.52525	0	1000	0	9.65411e-13	4.31128	0.604214	2.38731e-33	4.61397	0.383448	0.999743	-77.1919	239606	0.999905	-25.0007	210900	0.99974	81.1607	248930	0	0	1
290	rs1	1:1	2:0.27075	rs2	1:2	2:0.51575	0	1000	1	5.68257e-12	3.45796	0.502071	1.51031e-36	4.3742	0.346433	0.985036	-0.0221536	1.18117	0.583324	0.581145	1.05945	6.15554e-05	5.18212	1.29334	0	0	3.54905e-08
291	rs1	1:1	2:0.27575	rs2	1:2	2:0.521	0	1000	0	1.88888e-11	3.3972	0.50596	4.66408e-39	4.86697	0.372276	0.01615	-4.59722	1.91112	0.999914	-24.9803	233102	0.999886	33.2795	233102	0	0	1
292	rs1	1:1	2:0.27325	rs2	1:2	2:0.523	0	1000	0	0.000115242	2.76863	0.717999	3.90711e-22	5.68417	0.587601	0.99975	-78.8805	251957	0.457649	0.790288	1.06404	0.999674	56.3417	138073	0	0	1
293	rs1	1:1	2:0.272	rs2	1:2	2:0.5245	0	1000	0	1.1729e-12	4.25595	0.598711	8.61656e-31	5.0191	0.435055	0.999757	-77.1936	253064	0.999909	-24.7472	215937	0.999748	81.0392	256555	0	0	1
294	rs1	1:1	2:0.277	rs2	1:2	2:0.52575	0	1000	0	2.92978e-08	5.03417	0.907781	1.34122e-19	5.60888	0.619289	0.999738	-76.796	233735	0.27697	1.16657	1.07305	0.99966	55.2219	129495	0	0	1
295	rs1	1:1	2:0.279	rs2	1:2	2:0.5185	0	1000	0	1.87006e-09	3.53117	0.587675	2.79614e-34	5.05746	0.414254	0.0330479	-4.12381	1.9347	0.999921	-24.7803	250166	0.999895	32.9539	250166	0	0	1
296	rs1	1:1	2:0.27225	rs2	1:2	2:0.527	0	1000	0	7.73384e-07	4.95816	1.00328	7.50365e-21	6.50698	0.694714	0.999759	-77.8028	257895	0.999911	-24.1139	216297	0.999749	81.0596	258091	0	0	1
297	rs1	1:1	2:0.275	rs2	1:2	2:0.52275	0	1000	0	6.70323e-05	2.30478	0.578134	1.93967e-25	5.27109	0.5057	0.999739	-78.7668	240518	0.726774	0.366589	1.04913	0.99966	56.4919	132644	0	0	1
298	rs1	1:1	2:0.27425	rs2	1:2	2:0.522	0	1000	0	2.91307e-07	3.09411	0.603259	1.7724e-29	5.12895	0.454953	0.999731	-80.103	237676	0.999867	-24.1352	144576	0.999714	81.7651	227810	0	0	1
299	rs1	1:1	2:0.2735	rs2	1:2	2:0.524	0	1000	0	0.00302905	2.63265	0.887976	9.66546e-15	6.61433	0.85417	0.999752	-77.6605	249497	0.999914	-24.6032	227555	0.999756	81.2684	265548	0	0	1
300	rs1	1:1	2:0.2795	rs2	1:2	2:0.52175	0	1000	0	0.00109825	1.76591	0.541015	2.86456e-27	5.46448	0.505182	0.999716	-79.02	222343	0.800139	0.267679	1.05732	0.999636	56.6218	124182	0	0	1
301	rs1	1:1	2:0.275	rs2	1:2	2:0.5215	0	1000	1	4.75259e-09	3.54218	0.60492	1.17571e-29	5.0808	0.449245	0.04489	-3.90825	1.94859	0.0496879	1.54235	0.785857	9.2208e-06	6.62823	1.49463	0	0	7.2343e-09
302	rs1	1:1	2:0.2755	rs2	1:2	2:0.52175	0	1000	0	3.00677e-07	3.25944	0.636235	4.68095e-26	5.27254	0.499403	0.0226543	-4.38371	1.92334	0.999915	-24.861	234439	0.999887	33.162	234439	0	0	1
303	rs1	1:1	2:0.27225	rs2	1:2	2:0.519	0	1000	0	7.59269e-06	2.91334	0.650829	1.3294e-21	5.69523	0.596519	0.999755	-76.492	249243	0.0336792	1.8024	0.84863	0.999683	54.2699	136749	0	0	1
304	rs1	1:1	2:0.27675	rs2	1:2	2:0.52075	0	1000	0	1.16888e-10	3.46049	0.537066	5.05798e-36	4.80646	0.383569	0.0265004	-3.81399	1.71894	0.999915	-25.0227	234010	0.999888	32.9288	234010	0	0	1
305	rs1	1:1	2:0.27075	rs2	1:2	2:0.51925	0	1000	0	0.000184092	1.9954	0.533544	2.25742e-26	5.12707	0.482505	0.999743	-80.7606	250341	0.99987	-24.7338	151868	0.999726	82.4716	240431	0	0	1
306	rs1	1:1	2:0.279	rs2	1:2	2:0.52175	0	1000	1	1.50834e-05	2.94824	0.681286	2.74183e-26	5.80059	0.546824	0.00189673	-6.15612	1.98205	0.677066	0.545112	1.30889	1.56688e-05	8.779	2.03261	0	0	3.25498e-10
307	rs1	1:1	2:0.2715	rs2	1:2	2:0.52025	0	1000	0	3.36979e-08	2.9684	0.537651	1.72673e-30	5.08104	0.442725	0.0193297	-4.00608	1.71265	0.999917	-25.0577	239947	0.99989	33.0712	239947	0	0	1
308	rs1	1:1	2:0.27225	rs2	1:2	2:0.5215	0	1000	0	1.72579e-12	4.4258	0.627326	4.53456e-31	4.65647	0.401703	0.999755	-77.1857	251573	0.487513	0.687565	0.990342	0.999678	55.5901	137854	0	0	1
309	rs1	1:1	2:0.27475	rs2	1:2	2:0.52275	0	1000	0	6.56061e-10	3.21408	0.520386	4.49686e-35	4.5009	0.364255	0.999737	-78.7296	238996	0.870187	0.166643	1.01972	0.999658	56.5948	132021	0	0	1
310	rs1	1:1	2:0.271	rs2	1:2	2:0.51975	0	1000	0	3.05105e-08	3.76343	0.679505	4.31654e-26	4.72102	0.446842	0.999761	-77.502	258884	0.999916	-25.0262	239032	0.999766	81.3723	277664	0	0	1
311	rs1	1:1	2:0.27225	rs2	1:2	2:0.523	0	1000	0	0.000938799	2.617	0.791052	2.60771e-18	6.27324	0.718804	0.999756	-78.158	255095	0.331158	1.08442	1.1159	0.999681	55.8349	139516	0	0	1
312	rs1	1:1	2:0.2705	rs2	1:2	2:0.52525	0	1000	0	2.78372e-13	3.4373	0.470575	5.62549e-38	4.75113	0.368796	0.999759	-77.9915	257765	0.999905	-25.1886	210564	0.999743	81.6788	253286	0	0	1
313	rs1	1:1	2:0.27025	rs2	1:2	2:0.518	0	1000	0	1.23556e-05	3.09441	0.707905	8.61332e-21	5.07748	0.542939	0.999764	-78.1627	264575	0.999921	-25.0418	254010	0.999777	81.7281	291973	0	0	1
314	rs1	1:1	2:0.27375	rs2	1:2	2:0.523	0	1000	0	1.42252e-09	4.86972	0.804526	8.59864e-23	5.92508	0.602927	0.999751	-77.2727	247253	0.230068	1.23199	1.0265	0.999674	55.4114	135819	0	0	1
315	rs1	1:1	2:0.2705	rs2	1:2	2:0.52025	0	1000	0	0.000624578	2.71482	0.793642	6.25086e-16	5.86413	0.72537	0.999764	-77.6744	263070	0.0358851	1.78412	0.850298	0.999694	54.8888	143256	0	0	1
316	rs1	1:1	2:0.2705	rs2	1:2	2:0.51725	0	1000	0	1.54612e-14	3.61535	0.470524	3.47782e-43	4.11695	0.298815	0.999762	-75.6714	253434	0.999914	-25.3886	236208	0.999765	80.5827	273934	0	0	1
317	rs1	1:1	2:0.271	rs2	1:2	2:0.52575	0	1000	0	7.15295e-05	2.72223	0.685503	1.05631e-20	5.81367	0.6231	0.99976	-78.549	260729	0.537341	0.6772	1.09786	0.999684	56.2939	142171	0	0	1
318	rs1	1:1	2:0.277	rs2	1:2	2:0.5215	0	1000	0	7.01385e-05	2.86657	0.721001	3.37337e-21	5.7657	0.610097	0.999733	-77.6012	231816	0.0444063	1.63263	0.81216	0.999659	54.9591	128632	0	0	1
319	rs1	1:1	2:0.27775	rs2	1:2	2:0.524	0	1000	0	2.51425e-09	4.57318	0.767244	8.65837e-26	5.61966	0.535217	0.999732	-78.5668	233655	0.364488	0.90113	0.993695	0.999654	56.1824	129504	0	0	1
320	rs1	1:1	2:0.27625	rs2	1:2	2:0.52225	0	1000	1	2.67411e-11	5.42926	0.814778	2.23466e-22	5.69743	0.585522	0.692144	0.666629	1.68363	0.00534082	2.60682	0.935777	0.0031173	3.58561	1.21302	0	0	0.00135308
321	rs1	1:1	2:0.277	rs2	1:2	2:0.52175	0	1000	0	6.40375e-07	2.8976	0.582009	4.67875e-30	5.3578	0.470387	0.999729	-78.2135	230509	0.999915	-25.054	234874	0.999756	81.7273	267498	0	0	1
322	rs1	1:1	2:0.27475	rs2	1:2	2:0.524	0	1000	0	7.13658e-09	3.57195	0.617164	1.35531e-30	5.39222	0.468984	0.999742	-77.7797	240376	0.999911	-24.8066	222875	0.99975	81.3815	259342	0	0	1
323	rs1	1:1	2:0.2745	rs2	1:2	2:0.51775	0	1000	0	2.79029e-08	2.63049	0.473612	9.77659e-38	4.55066	0.35441	0.999736	-78.8194	237993	0.797643	0.259882	1.01359	0.999657	56.491	131557	0	0	1
324	rs1	1:1	2:0.27125	rs2	1:2	2:0.51975	0	1000	0	9.28528e-10	3.61173	0.590033	4.48973e-31	4.66034	0.402008	0.999757	-78.0546	256740	0.542844	0.613545	1.00826	0.999681	56.0014	140291	0	0	1
325	rs1	1:1	2:0.2705	rs2	1:2	2:0.52225	0	1000	0	0.00263269	2.3802	0.791379	6.21785e-19	7.16588	0.806235	0.999769	-79.9471	275629	0.999872	-23.1589	144056	0.999734	81.1904	243949	0	0	1
326	rs1	1:1	2:0.2765	rs2	1:2	2:0.52	0	1000	0	5.69256e-08	3.8153	0.702866	1.2852e-25	5.55509	0.530956	0.999739	-76.161	232742	0.999919	-24.5319	241918	0.999766	80.4384	274165	0	0	1
327	rs1	1:1	2:0.2715	rs2	1:2	2:0.523	0	1000	0	1.03895e-11	3.3844	0.497633	8.13939e-37	4.61557	0.364148	0.999753	-78.6485	254210	0.755055	0.314575	1.00831	0.999676	56.5002	139125	0	0	1
328	rs1	1:1	2:0.279	rs2	1:2	2:0.52225	0	1000	0	0.00441878	3.08696	1.08443	1.30684e-17	7.0394	0.823988	0.999728	-77.4004	226811	0.999921	-24.1699	242874	0.999764	80.8913	273735	0	0	1
329	rs1	1:1	2:0.2745	rs2	1:2	2:0.5245	0	1000	0	9.23056e-07	3.2111	0.654342	1.35292e-23	5.04402	0.503808	0.999742	-78.2687	242247	0.671748	0.450302	1.06266	0.999664	56.2489	133514	0	0	1
330	rs1	1:1	2:0.276	rs2	1:2	2:0.5245	0	1000	0	1.38768e-11	4.84929	0.717436	4.19303e-31	4.61075	0.397529	0.0324372	-4.14005	1.93552	0.999909	-24.7682	217007	0.999879	32.941	217007	0	0	1
331	rs1	1:1	2:0.27325	rs2	1:2	2:0.52325	0	1000	0	5.75024e-11	4.49341	0.686007	1.56018e-27	4.99256	0.459195	0.999754	-76.0051	246255	0.391034	0.895554	1.04408	0.999676	54.9247	135333	0	0	1
332	rs1	1:1	2:0.278	rs2	1:2	2:0.52625	0	1000	0	8.58314e-11	3.38543	0.521638	4.28908e-36	4.85758	0.387244	0.999724	-78.1967	226144	0.220367	0.916588	0.747897	0.999647	55.7091	126006	0	0	1
333	rs1	1:1	2:0.27575	rs2	1:2	2:0.52325	0	1000	0	6.25473e-07	4.00502	0.803708	6.68532e-22	5.56184	0.57825	0.999742	-76.9502	238027	0.999914	-24.5524	227215	0.999754	80.8513	262519	0	0	1
334	rs1	1:1	2:0.27375	rs2	1:2	2:0.52625	0	1000	0	1.7089e-06	3.95493	0.826506	6.331e-21	6.0006	0.639427	0.999753	-77.0474	248458	0.273561	1.17509	1.07324	0.999676	55.3527	136271	0	0	1
335	rs1	1:1	2:0.27625	rs2	1:2	2:0.525	0	1000	0	0.00181448	2.46752	0.791119	1.49395e-17	6.56336	0.76966	0.999728	-79.413	233323	0.999858	-23.6503	133035	0.999703	81.1707	218055	0	0	1
336	rs1	1:1	2:0.2735	rs2	1:2	2:0.5255	0	1000	0	0.000130645	4.23622	1.10744	1.59955e-20	6.65109	0.716237	0.999753	-77.8703	251920	0.999914	-24.1358	224815	0.999755	81.113	263796	0	0	1
