Outcome	Var1_ID	Var1_Pos	Var1_MAF	Var2_ID	Var2_Pos	Var2_MAF	Num_Missing	Num_Cases	Converged	Red_Var1_Pval	Red_Var1_beta	Red_Var1_SE	Red_Var2_Pval	Red_Var2_beta	Red_Var2_SE	Full_Var1_Pval	Full_Var1_beta	Full_Var1_SE	Full_Var2_Pval	Full_Var2_beta	Full_Var2_SE	Full_Var1_Var2_Pval	Full_Var1_Var2_beta	Full_Var1_Var2_SE	Red_Model_Pval	Full_Model_Pval	Overall_Pval_(LRT)
1	rs1	1:1	2:0.27325	rs2	1:2	2:0.52625	0	1000	0	1.37394e-32	7.58059	0.637692	1.38168e-30	7.35482	0.639772	0.999921	-24.602	248474	0.999912	-24.602	222814	0.999859	59.1447	333744	0	0	1
2	rs1	1:1	2:0.275	rs2	1:2	2:0.52175	0	1000	0	3.58124e-16	8.47656	1.03982	8.81805e-17	8.64254	1.0388	0.999921	-23.4851	236630	0.999927	-23.4852	256844	0.999868	57.9559	349231	0	0	1
3	rs1	1:1	2:0.27125	rs2	1:2	2:0.52175	0	1000	0	2.65457e-36	7.26686	0.577563	1.82946e-35	7.18893	0.578421	0.99992	-24.8701	248463	0.999917	-24.8699	239451	0.999862	59.6739	345066	0	0	1
4	rs1	1:1	2:0.27775	rs2	1:2	2:0.527	0	1000	0	1.63726e-17	8.88533	1.04325	1.24793e-17	8.91675	1.04309	0.999915	-23.5247	221677	0.999917	-23.5246	225151	0.999853	58.1495	315965	0	0	1
5	rs1	1:1	2:0.2715	rs2	1:2	2:0.52325	0	1000	1	2.08362e-50	6.0919	0.408014	6.50761e-45	6.00732	0.427204	0.700693	0.413473	1.07567	0.256706	0.917826	0.80922	7.43123e-09	7.61563	1.31738	0	0	5.50135e-14
6	rs1	1:1	2:0.27025	rs2	1:2	2:0.5195	0	1000	0	1.32845e-48	6.29572	0.429714	3.48715e-46	6.3626	0.44595	0.999916	-25.5659	243828	0.855324	0.194502	1.06676	0.999886	34.8278	243828	0	0	1
7	rs1	1:1	2:0.2735	rs2	1:2	2:0.52525	0	1000	0	7.06221e-38	7.41488	0.57635	1.63902e-36	7.28903	0.57758	0.999916	-24.8959	236635	0.999911	-24.8959	222814	0.999853	59.6999	325026	0	0	1
8	rs1	1:1	2:0.275	rs2	1:2	2:0.5225	0	1000	0	1.1695e-36	7.36338	0.582246	3.60004e-37	7.411	0.581767	0.999914	-24.8865	231335	0.999916	-24.8866	236639	0.999856	59.7966	330929	0	0	1
9	rs1	1:1	2:0.276	rs2	1:2	2:0.522	0	1000	0	1.06354e-35	7.15873	0.573992	3.76934e-37	7.29221	0.572603	0.999913	-24.8845	228771	0.999919	-24.8841	243812	0.999858	59.5925	334336	0	0	1
10	rs1	1:1	2:0.2745	rs2	1:2	2:0.5245	0	1000	0	3.29148e-37	7.24986	0.568806	4.67527e-36	7.14454	0.56987	0.999917	-24.8937	238004	0.999912	-24.8937	226343	0.999855	59.5157	328446	0	0	1
11	rs1	1:1	2:0.26975	rs2	1:2	2:0.52075	0	1000	0	2.44092e-45	6.71168	0.474956	4.95234e-41	6.72018	0.500953	0.99992	-25.2721	253385	0.660829	0.476523	1.08605	0.999891	34.5477	253385	0	0	1
12	rs1	1:1	2:0.2725	rs2	1:2	2:0.52325	0	1000	0	5.21479e-47	6.90855	0.479778	4.62331e-43	6.9478	0.505038	0.999914	-25.2989	235279	0.761584	0.329328	1.08545	0.999882	34.8285	235279	0	0	1
13	rs1	1:1	2:0.27275	rs2	1:2	2:0.5225	0	1000	0	5.20653e-43	6.6941	0.4869	3.47074e-39	6.81576	0.520446	0.999917	-25.1042	242353	0.565581	0.632738	1.10123	0.999888	33.9869	242353	0	0	1
14	rs1	1:1	2:0.27475	rs2	1:2	2:0.52575	0	1000	0	3.1034e-33	7.85543	0.65401	1.19748e-32	7.78875	0.654571	0.999915	-24.6112	231337	0.999912	-24.6113	223982	0.999853	59.5223	322001	0	0	1
15	rs1	1:1	2:0.274	rs2	1:2	2:0.5235	0	1000	0	1.42368e-26	8.28212	0.77629	2.27573e-32	7.82835	0.660881	0.201865	1.56984	1.23004	0.999917	-24.1902	232613	0.999886	33.3404	232613	0	0	1
16	rs1	1:1	2:0.27425	rs2	1:2	2:0.524	0	1000	0	2.13143e-17	8.91607	1.05063	2.13143e-17	8.91607	1.05063	0.999922	-23.4888	240871	0.999922	-23.4888	240869	0.999863	58.296	340642	0	0	1
17	rs1	1:1	2:0.272	rs2	1:2	2:0.527	0	1000	0	4.42564e-43	7.29379	0.530066	1.40218e-39	7.01588	0.532934	0.999917	-25.1277	240857	0.999905	-25.128	211164	0.99985	60.0364	320316	0	0	1
18	rs1	1:1	2:0.27025	rs2	1:2	2:0.51875	0	1000	0	2.29899e-38	7.37797	0.569654	9.61833e-36	7.62993	0.611381	0.99992	-24.855	248471	0.365487	1.01756	1.12443	0.999889	34.479	248471	0	0	1
19	rs1	1:1	2:0.27125	rs2	1:2	2:0.528	0	1000	0	6.71122e-34	7.86859	0.648306	7.85658e-31	7.52034	0.651413	0.999923	-24.6044	253386	0.999908	-24.6041	214154	0.999857	59.4091	331763	0	0	1
20	rs1	1:1	2:0.27425	rs2	1:2	2:0.521	0	1000	0	8.70234e-37	7.62424	0.601769	2.11353e-37	7.68342	0.601194	0.999914	-24.8838	230048	0.999916	-24.8834	236626	0.999854	60.1986	330021	0	0	1
21	rs1	1:1	2:0.271	rs2	1:2	2:0.52025	0	1000	0	7.10631e-38	6.62853	0.515247	3.87132e-37	6.57061	0.516026	0.999923	-25.0807	258633	0.99992	-25.0812	251749	0.999868	59.5472	360928	0	0	1
22	rs1	1:1	2:0.27175	rs2	1:2	2:0.52	0	1000	0	7.0262e-46	6.19022	0.435362	5.94538e-44	6.32667	0.455008	0.999917	-25.43	245370	0.716124	0.391076	1.07544	0.999889	34.2269	245370	0	0	1
23	rs1	1:1	2:0.27275	rs2	1:2	2:0.5175	0	1000	0	2.4163e-40	7.1799	0.539972	2.18364e-37	7.79094	0.609728	0.999914	-24.8694	230054	0.0505598	1.70958	0.87438	0.999883	33.786	230054	0	0	1
24	rs1	1:1	2:0.2765	rs2	1:2	2:0.5185	0	1000	0	1.1006e-38	7.28442	0.559992	1.42728e-38	7.7929	0.599998	0.999909	-24.8847	218354	0.386193	0.974315	1.12437	0.999875	34.3394	218354	0	0	1
25	rs1	1:1	2:0.27975	rs2	1:2	2:0.527	0	1000	0	8.6388e-18	8.95722	1.04266	6.97946e-39	7.57781	0.580993	0.00699699	3.12702	1.15945	0.999914	-23.5399	217290	0.999884	31.4949	217290	0	0	1
26	rs1	1:1	2:0.27725	rs2	1:2	2:0.5245	0	1000	0	8.797e-50	6.37349	0.429646	7.34345e-51	6.2099	0.413993	0.986619	0.0178804	1.0661	0.999906	-25.6097	218322	0.999874	34.5982	218322	0	0	1
27	rs1	1:1	2:0.27525	rs2	1:2	2:0.526	0	1000	0	1.00842e-41	7.06981	0.522441	1.38247e-40	6.98091	0.523366	0.999913	-25.129	230026	0.999909	-25.1292	220552	0.99985	59.8369	318677	0	0	1
28	rs1	1:1	2:0.27675	rs2	1:2	2:0.51925	0	1000	0	7.15777e-31	7.52205	0.65111	7.20339e-38	7.47781	0.581311	0.362177	1.05682	1.15978	0.999923	-24.592	253403	0.999894	33.747	253403	0	0	1
29	rs1	1:1	2:0.27075	rs2	1:2	2:0.52175	0	1000	0	7.66632e-31	7.42173	0.642754	5.51741e-30	7.32378	0.643801	0.999925	-24.5689	260405	0.999921	-24.5693	248440	0.999869	59.1916	359907	0	0	1
30	rs1	1:1	2:0.27575	rs2	1:2	2:0.52125	0	1000	0	1.1583e-32	8.04074	0.675591	3.81273e-38	7.87518	0.609875	0.382733	1.01222	1.15964	0.999917	-24.6052	235241	0.999884	34.3022	235241	0	0	1
31	rs1	1:1	2:0.27275	rs2	1:2	2:0.526	0	1000	0	3.48631e-47	6.49633	0.450281	2.61633e-44	6.31858	0.452518	0.999915	-25.4586	239449	0.999908	-25.4585	220558	0.999853	59.9965	325548	0	0	1
32	rs1	1:1	2:0.27675	rs2	1:2	2:0.528	0	1000	0	2.25383e-34	7.98522	0.653127	1.70419e-33	7.88614	0.653873	0.999911	-24.6384	220552	0.999906	-24.6384	210191	0.999844	59.5488	304669	0	0	1
33	rs1	1:1	2:0.274	rs2	1:2	2:0.52725	0	1000	0	1.37073e-27	8.44007	0.775441	1.49697e-26	8.28101	0.776525	0.999917	-24.2139	232613	0.99991	-24.2139	215185	0.999851	59.1254	316880	0	0	1
34	rs1	1:1	2:0.27575	rs2	1:2	2:0.52125	0	1000	0	2.60303e-36	7.21099	0.573052	2.26705e-44	6.9075	0.494334	0.0942577	1.46059	0.872853	0.999917	-24.8919	238021	0.999889	33.2459	238021	0	0	1
35	rs1	1:1	2:0.278	rs2	1:2	2:0.52525	0	1000	0	3.83496e-38	7.87444	0.609838	5.63655e-39	7.95528	0.609174	0.999906	-24.9184	212147	0.99991	-24.9184	220552	0.999842	60.4156	306022	0	0	1
36	rs1	1:1	2:0.27075	rs2	1:2	2:0.51925	0	1000	0	5.68783e-41	6.65234	0.496275	1.44151e-41	6.69484	0.495694	0.999919	-25.2634	248479	0.99992	-25.2624	253367	0.999865	60.1696	354876	0	0	1
37	rs1	1:1	2:0.26975	rs2	1:2	2:0.5215	0	1000	0	1.90636e-40	7.14556	0.536675	7.39321e-41	6.78884	0.507195	0.462863	0.809127	1.10214	0.999915	-25.0899	235265	0.999884	34.2162	235265	0	0	1
38	rs1	1:1	2:0.2715	rs2	1:2	2:0.52825	0	1000	0	2.14888e-18	9.21964	1.05377	7.14522e-26	8.24105	0.783527	0.096947	2.3557	1.41923	0.999914	-23.5033	217286	0.99988	32.5556	217286	0	0	1
39	rs1	1:1	2:0.27425	rs2	1:2	2:0.52275	0	1000	0	3.00687e-17	8.84178	1.04682	4.14583e-26	8.1592	0.771988	0.110135	2.26665	1.4188	0.999922	-23.4934	239426	0.999892	32.4439	239426	0	0	1
40	rs1	1:1	2:0.27425	rs2	1:2	2:0.52475	0	1000	0	1.84796e-27	9.15673	0.843398	6.79813e-19	9.77383	1.10089	0.999919	-23.5046	232613	0.132444	2.13392	1.41833	0.999885	33.5884	232613	0	0	1
41	rs1	1:1	2:0.2715	rs2	1:2	2:0.52075	0	1000	1	2.10622e-40	7.22318	0.542808	4.59923e-42	6.96332	0.512391	0.0603457	1.64142	0.873905	0.435695	0.875953	1.12376	3.08608e-08	7.63422	1.37889	0	0	8.11288e-10
42	rs1	1:1	2:0.27275	rs2	1:2	2:0.5185	0	1000	0	2.61151e-41	6.81878	0.506514	2.71634e-43	6.96269	0.504711	0.999914	-25.2759	233937	0.999919	-25.276	250096	0.999859	60.435	342454	0	0	1
43	rs1	1:1	2:0.275	rs2	1:2	2:0.52775	0	1000	0	1.62354e-36	7.01078	0.555498	3.23365e-30	7.16259	0.627068	0.999918	-24.6142	239428	0.377191	1.02415	1.15974	0.999889	33.1919	239428	0	0	1
44	rs1	1:1	2:0.276	rs2	1:2	2:0.5215	0	1000	1	1.21751e-31	7.61311	0.650478	4.44903e-33	7.77624	0.649028	0.237078	1.45371	1.22953	0.189791	1.61313	1.23027	4.14405e-06	7.44659	1.61741	0	0	7.03212e-06
45	rs1	1:1	2:0.273	rs2	1:2	2:0.529	0	1000	0	1.4582e-28	8.95782	0.807991	1.95813e-18	9.41457	1.07476	0.99992	-23.522	235264	0.162495	1.98037	1.41787	0.999887	33.3365	235264	0	0	1
46	rs1	1:1	2:0.2775	rs2	1:2	2:0.519	0	1000	0	2.22804e-37	6.63323	0.519188	3.04104e-41	6.93529	0.5156	0.99991	-25.1066	222782	0.999922	-25.1061	256834	0.99986	59.6467	339994	0	0	1
47	rs1	1:1	2:0.27775	rs2	1:2	2:0.51875	0	1000	0	6.69572e-40	6.38428	0.482913	4.04002e-45	6.74355	0.478414	0.999907	-25.2948	217278	0.999921	-25.2947	256813	0.999858	59.8341	336396	0	0	1
48	rs1	1:1	2:0.27775	rs2	1:2	2:0.5275	0	1000	0	1.91495e-32	7.52927	0.634858	2.38212e-32	7.51869	0.634945	0.999912	-24.6283	222792	0.999911	-24.6283	221651	0.99985	59.0969	314270	0	0	1
49	rs1	1:1	2:0.274	rs2	1:2	2:0.52	0	1000	0	5.93029e-35	7.09117	0.574921	7.50868e-32	7.53501	0.641561	0.999917	-24.5847	235271	0.262642	1.30049	1.16098	0.999887	33.3211	235271	0	0	1
50	rs1	1:1	2:0.274	rs2	1:2	2:0.52325	0	1000	0	3.64137e-37	7.41078	0.581791	6.52037e-37	7.38726	0.582025	0.999915	-24.8877	233915	0.999914	-24.8877	231306	0.999855	59.7964	328965	0	0	1
51	rs1	1:1	2:0.27825	rs2	1:2	2:0.52475	0	1000	0	4.77124e-33	7.83336	0.654111	5.10632e-39	7.65875	0.586129	0.426465	0.921989	1.15936	0.999913	-24.6269	226331	0.99988	33.9874	226331	0	0	1
52	rs1	1:1	2:0.269	rs2	1:2	2:0.52375	0	1000	0	3.15923e-44	6.95786	0.498782	7.29587e-38	6.86971	0.534079	0.999923	-25.0959	258588	0.601739	0.574557	1.10089	0.999894	34.333	258588	0	0	1
53	rs1	1:1	2:0.27075	rs2	1:2	2:0.5205	0	1000	1	6.46973e-39	7.76898	0.595386	1.61641e-38	7.73217	0.59576	0.423517	0.899484	1.12388	0.441753	0.864392	1.1237	6.60097e-09	9.36955	1.61522	0	0	9.00626e-12
54	rs1	1:1	2:0.2745	rs2	1:2	2:0.52675	0	1000	0	1.06836e-45	6.88039	0.484903	1.29122e-42	6.66744	0.487296	0.999915	-25.3123	236620	0.999906	-25.3123	214175	0.99985	60.0188	319155	0	0	1
55	rs1	1:1	2:0.27525	rs2	1:2	2:0.51925	0	1000	1	1.54916e-31	8.17821	0.699983	1.91171e-27	8.77788	0.808733	0.121792	2.19481	1.41848	0.0123478	3.07901	1.2306	6.4871e-05	6.55477	1.64101	0	0	0.00181294
56	rs1	1:1	2:0.275	rs2	1:2	2:0.52475	0	1000	0	7.61863e-44	6.70599	0.482904	9.20379e-40	6.81976	0.516789	0.999915	-25.1195	235279	0.616542	0.551286	1.10091	0.999885	33.9889	235279	0	0	1
57	rs1	1:1	2:0.275	rs2	1:2	2:0.522	0	1000	0	1.93986e-36	7.27877	0.577374	8.55959e-41	7.11386	0.53191	0.467078	0.817084	1.12354	0.999917	-24.8859	238040	0.999886	33.9859	238040	0	0	1
58	rs1	1:1	2:0.27175	rs2	1:2	2:0.52275	0	1000	0	1.30773e-26	8.35377	0.782426	5.65155e-26	8.25493	0.783202	0.999922	-24.1794	246896	0.999918	-24.1794	235271	0.999861	59.2087	341043	0	0	1
59	rs1	1:1	2:0.2745	rs2	1:2	2:0.52125	0	1000	0	3.12648e-36	7.39328	0.588216	2.15626e-37	7.50245	0.587106	0.999914	-24.8812	230031	0.999918	-24.8817	242337	0.999857	59.909	334128	0	0	1
60	rs1	1:1	2:0.2705	rs2	1:2	2:0.52225	0	1000	0	2.4339e-43	7.5128	0.544275	2.39994e-40	7.53745	0.566841	0.999915	-25.2878	238023	0.746598	0.350755	1.0855	0.999877	36.7529	238023	0	0	1
61	rs1	1:1	2:0.27275	rs2	1:2	2:0.52225	0	1000	0	2.82213e-31	7.47231	0.642373	8.08339e-31	7.42036	0.64289	0.999921	-24.5822	248466	0.999919	-24.5823	242309	0.999864	59.2047	347058	0	0	1
62	rs1	1:1	2:0.27125	rs2	1:2	2:0.52375	0	1000	1	3.27207e-32	8.71815	0.737899	2.43867e-31	8.60309	0.738792	0.197813	1.58412	1.23009	0.231358	1.47164	1.22958	2.16984e-07	8.76431	1.69059	0	0	6.78337e-07
63	rs1	1:1	2:0.27125	rs2	1:2	2:0.52175	0	1000	1	1.31254e-43	6.91186	0.499132	3.29118e-42	6.81186	0.500345	0.521229	0.706636	1.10162	0.578069	0.612449	1.10111	2.84356e-08	8.48551	1.5287	0	0	2.6196e-12
64	rs1	1:1	2:0.275	rs2	1:2	2:0.52	0	1000	0	8.15497e-42	6.66403	0.491887	3.76761e-41	7.01933	0.522464	0.999911	-25.1091	226324	0.518262	0.711724	1.10169	0.99988	33.995	226324	0	0	1
65	rs1	1:1	2:0.2715	rs2	1:2	2:0.51975	0	1000	0	6.87068e-31	7.65806	0.662682	4.36939e-17	8.8292	1.05078	0.999926	-23.4659	251722	0.0100782	3.16743	1.23096	0.9999	31.6376	251722	0	0	1
66	rs1	1:1	2:0.2695	rs2	1:2	2:0.52475	0	1000	0	2.88813e-38	7.66683	0.592759	7.23515e-35	7.34313	0.596124	0.999923	-24.8765	258584	0.99991	-24.876	221654	0.999859	60.037	340582	0	0	1
67	rs1	1:1	2:0.277	rs2	1:2	2:0.5225	0	1000	0	1.64161e-40	7.09016	0.532068	6.30743e-42	7.20259	0.530901	0.999909	-25.1235	220560	0.999914	-25.1237	232625	0.999851	60.0316	320563	0	0	1
68	rs1	1:1	2:0.27275	rs2	1:2	2:0.5265	0	1000	0	6.55616e-46	7.08167	0.497888	8.68419e-40	7.02981	0.532531	0.999916	-25.1252	239438	0.700187	0.42371	1.10035	0.999885	34.4837	239438	0	0	1
69	rs1	1:1	2:0.27725	rs2	1:2	2:0.5185	0	1000	1	1.54799e-34	7.10333	0.57955	2.94339e-38	7.44805	0.575909	0.381711	1.01435	1.15959	0.246163	1.34679	1.16131	7.32054e-07	7.75318	1.56546	0	0	5.8825e-08
70	rs1	1:1	2:0.27375	rs2	1:2	2:0.51975	0	1000	0	8.06861e-43	7.11396	0.518636	7.49345e-46	7.02994	0.494576	0.727134	0.378829	1.08565	0.999914	-25.2921	235291	0.999881	35.116	235291	0	0	1
71	rs1	1:1	2:0.277	rs2	1:2	2:0.525	0	1000	0	1.41909e-31	7.46741	0.638738	1.76154e-32	7.56918	0.637847	0.999912	-24.6119	223991	0.999917	-24.6121	235288	0.999855	59.1548	324858	0	0	1
72	rs1	1:1	2:0.27275	rs2	1:2	2:0.52125	0	1000	0	1.07623e-25	8.14708	0.777451	5.03148e-26	8.19837	0.777031	0.99992	-24.1733	242336	0.999922	-24.1738	248490	0.999864	59.0851	347094	0	0	1
73	rs1	1:1	2:0.275	rs2	1:2	2:0.519	0	1000	0	1.622e-35	7.61331	0.612093	7.17531e-38	7.84459	0.609809	0.999911	-24.8773	223957	0.999921	-24.8769	250080	0.999857	60.3739	335703	0	0	1
74	rs1	1:1	2:0.27275	rs2	1:2	2:0.5225	0	1000	0	1.45285e-40	7.09211	0.53185	5.9263e-40	7.04334	0.532396	0.999916	-25.1067	238023	0.999914	-25.1067	232612	0.999856	60.0151	332811	0	0	1
75	rs1	1:1	2:0.27375	rs2	1:2	2:0.5205	0	1000	0	3.05999e-39	6.92478	0.528385	3.38587e-40	7.00072	0.527499	0.999915	-25.1005	235268	0.999918	-25.1006	243840	0.999859	59.9035	338835	0	0	1
76	rs1	1:1	2:0.27525	rs2	1:2	2:0.52375	0	1000	0	3.61566e-39	6.66682	0.509194	3.61566e-39	6.66682	0.509194	0.999915	-25.1154	235268	0.999915	-25.1145	235253	0.999857	59.4477	332709	0	0	1
77	rs1	1:1	2:0.2705	rs2	1:2	2:0.517	0	1000	1	1.37376e-46	5.90895	0.412281	3.87364e-48	5.81461	0.39886	0.205821	1.0116	0.799596	0.756007	0.331699	1.06749	6.40818e-09	7.63763	1.31553	0	0	5.42143e-15
78	rs1	1:1	2:0.27575	rs2	1:2	2:0.52225	0	1000	0	2.4077e-31	7.52698	0.64632	1.64996e-32	7.65888	0.645109	0.999914	-24.597	228771	0.99992	-24.5976	243831	0.999858	59.3073	334350	0	0	1
79	rs1	1:1	2:0.2745	rs2	1:2	2:0.52025	0	1000	0	2.37801e-35	7.24545	0.583954	2.5227e-26	8.14004	0.766802	0.999916	-24.1826	230027	0.0173959	2.39547	1.00725	0.999888	32.3128	230027	0	0	1
80	rs1	1:1	2:0.274	rs2	1:2	2:0.52125	0	1000	0	1.41553e-32	8.0295	0.675596	5.06101e-37	7.76457	0.610798	0.328611	1.13336	1.16014	0.999917	-24.592	236618	0.999885	34.1813	236618	0	0	1
81	rs1	1:1	2:0.27675	rs2	1:2	2:0.521	0	1000	0	8.70305e-51	5.92348	0.395196	4.41353e-51	6.12521	0.407431	0.999907	-25.7159	221664	0.989708	-0.0136733	1.05994	0.999876	34.5485	221664	0	0	1
82	rs1	1:1	2:0.277	rs2	1:2	2:0.521	0	1000	0	3.43224e-31	7.46005	0.642242	9.16373e-42	7.13243	0.526794	0.0617856	1.71686	0.919172	0.999919	-24.6055	243859	0.999892	32.9049	243859	0	0	1
83	rs1	1:1	2:0.27275	rs2	1:2	2:0.52375	0	1000	0	3.81457e-41	7.49323	0.557775	4.68155e-37	7.64848	0.601377	0.999915	-24.8894	233936	0.493102	0.769911	1.12333	0.999882	34.5437	233936	0	0	1
84	rs1	1:1	2:0.27275	rs2	1:2	2:0.5225	0	1000	0	3.4984e-37	7.48018	0.587094	5.74252e-40	7.19498	0.54376	0.427918	0.890973	1.12389	0.999915	-24.8811	232628	0.999883	34.1352	232628	0	0	1
85	rs1	1:1	2:0.27575	rs2	1:2	2:0.521	0	1000	0	3.58218e-40	7.20803	0.543292	4.98939e-45	7.1838	0.510186	0.663582	0.478716	1.10056	0.999915	-25.1184	236610	0.999883	34.6794	236610	0	0	1
86	rs1	1:1	2:0.274	rs2	1:2	2:0.5195	0	1000	1	6.8486e-36	7.65289	0.611896	3.55577e-33	8.09955	0.674966	0.219425	1.51016	1.22972	0.0192275	2.35746	1.00699	1.37926e-06	7.11023	1.47271	0	0	9.05082e-06
87	rs1	1:1	2:0.27475	rs2	1:2	2:0.52025	0	1000	0	8.83673e-31	7.46164	0.646896	5.16793e-32	7.60197	0.645528	0.999917	-24.5849	235271	0.999922	-24.5849	251722	0.999863	59.2947	344552	0	0	1
88	rs1	1:1	2:0.272	rs2	1:2	2:0.5225	0	1000	0	1.36522e-40	6.97444	0.522844	1.18537e-41	6.65155	0.491964	0.507359	0.730419	1.10176	0.999913	-25.1021	231288	0.999883	33.9754	231288	0	0	1
89	rs1	1:1	2:0.2745	rs2	1:2	2:0.526	0	1000	0	1.67652e-36	7.06817	0.560157	1.34036e-35	6.98628	0.560995	0.999916	-24.8968	236621	0.999913	-24.8972	227571	0.999856	59.2955	328296	0	0	1
90	rs1	1:1	2:0.27625	rs2	1:2	2:0.52325	0	1000	0	1.15011e-40	7.25403	0.543284	1.92364e-38	7.60003	0.58618	0.999909	-24.9011	219461	0.469101	0.813424	1.1236	0.999876	34.213	219461	0	0	1
91	rs1	1:1	2:0.273	rs2	1:2	2:0.52425	0	1000	0	3.31172e-32	7.62466	0.645402	1.4388e-31	7.55235	0.646069	0.999919	-24.5959	240873	0.999916	-24.5959	232612	0.999859	59.3056	334856	0	0	1
92	rs1	1:1	2:0.2735	rs2	1:2	2:0.52675	0	1000	0	3.29434e-17	8.77932	1.04074	1.36774e-16	8.61227	1.0417	0.999924	-23.4415	246859	0.999918	-23.5063	227709	0.999862	57.9953	335843	0	0	1
93	rs1	1:1	2:0.2745	rs2	1:2	2:0.524	0	1000	0	1.52791e-41	7.32293	0.54237	2.09052e-41	7.31188	0.542481	0.999911	-25.1252	225147	0.99991	-25.1252	223971	0.999849	60.285	317576	0	0	1
94	rs1	1:1	2:0.27175	rs2	1:2	2:0.52225	0	1000	0	1.39947e-43	6.84342	0.494354	2.37498e-42	6.75648	0.49541	0.999916	-25.2878	240873	0.999913	-25.2878	231317	0.999856	60.1952	333957	0	0	1
95	rs1	1:1	2:0.27475	rs2	1:2	2:0.526	0	1000	1	2.93967e-33	7.79704	0.648906	3.59396e-32	7.674	0.649956	0.209197	1.54459	1.22999	0.246691	1.42423	1.22945	3.16044e-06	7.53597	1.61712	0	0	5.82913e-06
96	rs1	1:1	2:0.2775	rs2	1:2	2:0.52175	0	1000	0	2.3518e-24	7.73281	0.759354	4.61045e-26	7.9962	0.75728	0.999913	-24.194	222800	0.999924	-24.194	253390	0.999861	58.6635	337411	0	0	1
97	rs1	1:1	2:0.273	rs2	1:2	2:0.52075	0	1000	0	6.11384e-42	6.61882	0.48779	1.08383e-39	6.85469	0.519922	0.999916	-25.1007	238016	0.520511	0.707853	1.10162	0.999886	33.912	238016	0	0	1
98	rs1	1:1	2:0.2715	rs2	1:2	2:0.5245	0	1000	0	1.81088e-37	7.95004	0.621472	3.10679e-32	8.10981	0.686157	0.999919	-24.5944	240853	0.358512	1.06496	1.15983	0.999886	34.432	240853	0	0	1
99	rs1	1:1	2:0.27575	rs2	1:2	2:0.52125	0	1000	0	2.15219e-35	7.18638	0.578821	1.20968e-32	7.67148	0.644761	0.999914	-24.5925	227539	0.275579	1.26567	1.16084	0.999883	33.4422	227539	0	0	1
100	rs1	1:1	2:0.2685	rs2	1:2	2:0.52225	0	1000	0	6.8142e-37	7.75304	0.61101	2.59534e-25	8.22279	0.790984	0.999927	-24.165	264170	0.0236841	2.27667	1.00639	0.999901	32.8841	264170	0	0	1
101	rs1	1:1	2:0.275	rs2	1:2	2:0.52425	0	1000	0	5.74076e-49	6.4863	0.441009	8.43116e-44	6.74329	0.485845	0.999912	-25.3075	228766	0.209079	1.03462	0.823675	0.999883	33.67	228766	0	0	1
102	rs1	1:1	2:0.27625	rs2	1:2	2:0.523	0	1000	0	0.999552	32.046	57089.7	2.49364e-18	9.25282	1.0596	0.999734	25.6596	76963.1	1	-1.0395e-08	251501	0.999971	9.25282	251501	1	0	1
103	rs1	1:1	2:0.276	rs2	1:2	2:0.51775	0	1000	0	8.29378e-48	5.46509	0.376229	1.86935e-51	5.7953	0.384035	0.99991	-25.7995	228763	0.935403	0.0855659	1.05573	0.999881	34.2411	228763	0	0	1
104	rs1	1:1	2:0.27625	rs2	1:2	2:0.521	0	1000	1	6.25921e-43	6.74101	0.490788	1.347e-44	6.85734	0.489447	0.636938	0.519538	1.10075	0.567572	0.629538	1.1013	2.93408e-08	8.43764	1.52158	0	0	2.70303e-12
105	rs1	1:1	2:0.27125	rs2	1:2	2:0.52	0	1000	1	3.34352e-35	7.16297	0.578581	2.37952e-35	7.17676	0.578421	0.262176	1.30167	1.1609	0.257383	1.31492	1.16097	1.57165e-06	7.52066	1.56618	0	0	1.21266e-07
106	rs1	1:1	2:0.27675	rs2	1:2	2:0.524	0	1000	0	6.76585e-27	8.39893	0.782186	1.86759e-27	8.485	0.781596	0.999912	-24.2088	220561	0.999916	-24.209	230051	0.999852	59.238	318702	0	0	1
107	rs1	1:1	2:0.27375	rs2	1:2	2:0.5195	0	1000	0	6.0235e-41	6.4977	0.484893	5.09873e-43	6.64157	0.483026	0.999914	-25.282	233940	0.999919	-25.2818	250084	0.99986	59.9018	342447	0	0	1
108	rs1	1:1	2:0.27575	rs2	1:2	2:0.5175	0	1000	1	1.13221e-46	6.07022	0.423136	1.48626e-51	6.3353	0.419399	0.970982	0.0387791	1.06604	0.793106	0.279941	1.06734	2.97691e-09	8.90015	1.50014	0	0	1.40028e-17
109	rs1	1:1	2:0.27025	rs2	1:2	2:0.52275	0	1000	1	6.2813e-27	8.57659	0.798221	7.0412e-26	8.41062	0.799543	0.086167	2.43577	1.41947	0.109302	2.27189	1.41874	8.90397e-05	6.97741	1.78056	0	0	0.0013637
110	rs1	1:1	2:0.2765	rs2	1:2	2:0.5225	0	1000	0	2.03777e-40	7.15179	0.537344	4.23496e-42	7.28678	0.535954	0.999909	-25.1227	219446	0.999914	-25.1227	233930	0.99985	60.1489	320749	0	0	1
111	rs1	1:1	2:0.275	rs2	1:2	2:0.52025	0	1000	0	3.65258e-26	8.36019	0.790118	3.18346e-33	8.10965	0.675293	0.223512	1.4968	1.22967	0.999922	-24.1846	246905	0.999891	33.6652	246905	0	0	1
112	rs1	1:1	2:0.27275	rs2	1:2	2:0.51875	0	1000	0	1.5044e-36	6.48933	0.513937	2.26196e-38	6.63226	0.512029	0.999918	-25.0843	245328	0.999924	-25.0845	262279	0.999868	59.4815	359132	0	0	1
113	rs1	1:1	2:0.27425	rs2	1:2	2:0.519	0	1000	0	6.93251e-34	6.89834	0.568489	6.04216e-36	7.08799	0.566278	0.999917	-24.8666	238023	0.999924	-24.8666	260435	0.999866	59.4083	352819	0	0	1
114	rs1	1:1	2:0.27225	rs2	1:2	2:0.52275	0	1000	0	2.96096e-37	7.78765	0.610603	1.13107e-32	8.04125	0.675521	0.999917	-24.5959	235278	0.339844	1.10722	1.16003	0.999884	34.2077	235278	0	0	1
115	rs1	1:1	2:0.2795	rs2	1:2	2:0.5225	0	1000	0	1.1588e-36	7.44032	0.588296	1.16749e-27	8.39237	0.770025	0.999909	-24.2139	211159	0.0253108	2.25129	1.00656	0.999877	32.5528	211159	0	0	1
116	rs1	1:1	2:0.2755	rs2	1:2	2:0.51975	0	1000	0	7.51755e-35	7.07877	0.574807	6.33509e-37	7.27036	0.572713	0.999914	-24.8756	231325	0.999922	-24.8749	253398	0.999861	59.5842	343107	0	0	1
117	rs1	1:1	2:0.27575	rs2	1:2	2:0.52125	0	1000	0	2.62118e-31	7.57471	0.650824	5.47593e-33	7.76573	0.649084	0.999913	-24.5975	225134	0.99992	-24.5971	246871	0.999858	59.4026	334111	0	0	1
118	rs1	1:1	2:0.27175	rs2	1:2	2:0.527	0	1000	0	8.22929e-39	7.82147	0.600253	4.36463e-32	7.87449	0.667862	0.999919	-24.6075	242329	0.407079	0.961221	1.15943	0.999887	34.2001	242329	0	0	1
119	rs1	1:1	2:0.2715	rs2	1:2	2:0.525	0	1000	0	1.04259e-38	7.70783	0.592353	1.98248e-39	7.2424	0.551237	0.414993	0.916291	1.12409	0.999909	-24.8926	217295	0.999874	34.2439	217295	0	0	1
120	rs1	1:1	2:0.2735	rs2	1:2	2:0.522	0	1000	0	6.27703e-37	7.54151	0.594039	2.6529e-37	7.57701	0.59369	0.999914	-24.8849	231319	0.999916	-24.8851	235296	0.999855	60.046	329958	0	0	1
121	rs1	1:1	2:0.2695	rs2	1:2	2:0.52075	0	1000	1	3.09085e-36	7.39412	0.58824	1.3649e-30	7.54655	0.656389	0.145537	1.79176	1.23105	0.0195203	2.35138	1.00682	8.47078e-06	6.49728	1.4591	0	0	3.0198e-05
122	rs1	1:1	2:0.27625	rs2	1:2	2:0.5215	0	1000	0	7.20196e-30	7.23891	0.637646	1.59408e-25	7.88365	0.754994	0.999916	-24.1948	228894	0.160894	1.7257	1.23082	0.999886	32.6819	228894	0	0	1
123	rs1	1:1	2:0.2765	rs2	1:2	2:0.5285	0	1000	0	1.47096e-17	8.87317	1.0403	3.01773e-17	8.78979	1.04072	0.999918	-23.5271	227555	0.999914	-23.5271	218357	0.999853	58.0718	315375	0	0	1
124	rs1	1:1	2:0.27325	rs2	1:2	2:0.52525	0	1000	0	4.08652e-27	8.43238	0.781918	1.58429e-26	8.34141	0.782576	0.999918	-24.1966	236646	0.999915	-24.1966	226360	0.999856	59.2259	327476	0	0	1
125	rs1	1:1	2:0.274	rs2	1:2	2:0.51825	0	1000	1	4.84476e-35	7.45304	0.603464	1.955e-37	7.68478	0.601016	0.332482	1.12421	1.16002	0.24593	1.34735	1.16122	2.97091e-07	8.10929	1.58221	0	0	2.40288e-08
126	rs1	1:1	2:0.272	rs2	1:2	2:0.522	0	1000	0	2.28787e-31	7.52825	0.646188	5.0511e-31	7.48904	0.646578	0.999921	-24.5805	248514	0.99992	-24.5813	243867	0.999864	59.2914	348181	0	0	1
127	rs1	1:1	2:0.27475	rs2	1:2	2:0.5235	0	1000	0	1.64047e-35	7.01475	0.564011	6.95424e-31	7.31712	0.633236	0.999918	-24.5945	239451	0.305377	1.18941	1.16043	0.999889	33.209	239451	0	0	1
128	rs1	1:1	2:0.27175	rs2	1:2	2:0.52375	0	1000	0	3.37077e-33	8.00491	0.666834	3.4867e-32	7.88714	0.667865	0.999919	-24.5957	240891	0.999914	-24.5957	227556	0.999856	59.7572	331376	0	0	1
129	rs1	1:1	2:0.273	rs2	1:2	2:0.52525	0	1000	0	5.79406e-18	9.10472	1.05421	3.02246e-32	7.8985	0.668147	0.014968	2.99329	1.23021	0.999919	-23.496	230048	0.999889	31.9171	230048	0	0	1
130	rs1	1:1	2:0.27675	rs2	1:2	2:0.52075	0	1000	0	2.21212e-35	7.24622	0.583744	2.66152e-33	7.79879	0.648608	0.999911	-24.5975	221672	0.272059	1.27507	1.16091	0.999879	33.5294	221672	0	0	1
131	rs1	1:1	2:0.275	rs2	1:2	2:0.523	0	1000	0	1.21305e-32	8.31466	0.698832	1.42023e-27	8.79909	0.808667	0.999914	-24.1964	225145	0.213784	1.52902	1.22988	0.99988	33.9691	225145	0	0	1
132	rs1	1:1	2:0.2755	rs2	1:2	2:0.52475	0	1000	0	1.89578e-33	8.25942	0.685322	1.98498e-27	8.65483	0.797649	0.999915	-24.2049	226345	0.240285	1.44382	1.22954	0.999881	33.8718	226345	0	0	1
133	rs1	1:1	2:0.27875	rs2	1:2	2:0.519	0	1000	1	8.0366e-44	6.48393	0.467043	3.08466e-49	6.82787	0.462912	0.850853	0.204001	1.08494	0.628376	0.525901	1.08654	7.05854e-09	8.76258	1.51352	0	0	1.65193e-14
134	rs1	1:1	2:0.27275	rs2	1:2	2:0.52475	0	1000	0	2.16418e-41	7.31199	0.542592	8.8477e-37	7.4434	0.587555	0.999916	-24.8899	236615	0.493102	0.769911	1.12333	0.999884	34.2565	236615	0	0	1
135	rs1	1:1	2:0.2755	rs2	1:2	2:0.5225	0	1000	1	4.70859e-27	8.87478	0.823936	8.48282e-28	8.99514	0.823138	0.136434	2.11207	1.41825	0.1158	2.23113	1.41871	2.04332e-05	7.64915	1.79553	0	0	0.000678975
136	rs1	1:1	2:0.274	rs2	1:2	2:0.52375	0	1000	0	1.18937e-46	6.46341	0.450651	1.00059e-44	6.34437	0.452153	0.999914	-25.4582	236612	0.999909	-25.4583	223949	0.999853	59.9973	325789	0	0	1
137	rs1	1:1	2:0.27375	rs2	1:2	2:0.524	0	1000	0	1.6822e-27	8.66582	0.797551	6.83504e-33	8.19287	0.685841	0.217917	1.51525	1.22983	0.999914	-24.1992	225152	0.99988	33.8008	225152	0	0	1
138	rs1	1:1	2:0.2755	rs2	1:2	2:0.517	0	1000	0	1.44842e-36	6.70745	0.531086	3.74525e-41	7.07362	0.526488	0.999912	-25.0897	227555	0.999926	-25.0897	270120	0.999865	59.8928	353194	0	0	1
139	rs1	1:1	2:0.27225	rs2	1:2	2:0.525	0	1000	0	8.99305e-19	9.5039	1.07425	1.29997e-26	8.64872	0.81001	0.103185	2.31241	1.419	0.999917	-23.4961	225154	0.999883	33.0045	225154	0	0	1
140	rs1	1:1	2:0.27325	rs2	1:2	2:0.521	0	1000	0	9.92678e-44	6.16535	0.44458	8.69346e-46	6.02851	0.424433	0.740117	0.356675	1.0753	0.999916	-25.4403	242358	0.999888	33.9742	242358	0	0	1
141	rs1	1:1	2:0.27475	rs2	1:2	2:0.5215	0	1000	1	8.66733e-41	7.35326	0.549848	1.31919e-41	7.42068	0.54917	0.508485	0.742681	1.12323	0.472475	0.80722	1.12354	2.08491e-08	8.71296	1.55455	0	0	4.83627e-11
142	rs1	1:1	2:0.274	rs2	1:2	2:0.52225	0	1000	0	2.90284e-31	7.47159	0.642444	1.36122e-31	7.50886	0.642089	0.999918	-24.591	238023	0.999919	-24.591	242338	0.999861	59.2137	339680	0	0	1
143	rs1	1:1	2:0.27425	rs2	1:2	2:0.52225	0	1000	0	6.44261e-46	6.41072	0.450677	2.14677e-49	6.13069	0.414957	0.239633	0.951924	0.809526	0.999912	-25.455	230043	0.999884	33.5843	230043	0	0	1
144	rs1	1:1	2:0.27375	rs2	1:2	2:0.523	0	1000	1	2.29125e-49	6.7972	0.460207	1.81933e-48	6.74199	0.460846	0.86435	0.183574	1.07454	0.902002	0.132281	1.07429	4.39618e-10	9.52855	1.52719	0	0	8.74459e-18
145	rs1	1:1	2:0.2735	rs2	1:2	2:0.525	0	1000	0	4.23496e-42	7.28678	0.535954	2.03777e-40	7.15179	0.537344	0.999914	-25.1225	233940	0.999909	-25.1225	219456	0.99985	60.1485	320763	0	0	1
146	rs1	1:1	2:0.27375	rs2	1:2	2:0.5205	0	1000	1	1.04081e-42	6.71993	0.49057	7.82838e-46	6.61313	0.465352	0.120127	1.31201	0.844149	0.545768	0.665384	1.10142	1.5642e-08	7.62063	1.34774	0	0	2.30233e-11
147	rs1	1:1	2:0.275	rs2	1:2	2:0.524	0	1000	0	2.07453e-32	7.69868	0.649509	3.0161e-37	7.42114	0.581933	0.34307	1.09985	1.16003	0.999916	-24.6037	232627	0.999884	33.7047	232627	0	0	1
148	rs1	1:1	2:0.2775	rs2	1:2	2:0.52325	0	1000	0	3.75128e-37	7.5642	0.593943	1.16754e-38	7.70649	0.592644	0.999909	-24.9021	217270	0.999915	-24.902	232598	0.999849	60.0628	318289	0	0	1
149	rs1	1:1	2:0.27	rs2	1:2	2:0.52275	0	1000	0	6.69742e-41	7.11713	0.53143	2.46848e-38	6.9114	0.533855	0.999921	-25.0975	253419	0.999913	-25.0971	230036	0.99986	60.006	342254	0	0	1
150	rs1	1:1	2:0.27175	rs2	1:2	2:0.5245	0	1000	0	4.03019e-41	7.07181	0.526565	4.43576e-42	6.74115	0.495946	0.524838	0.700527	1.10162	0.999912	-25.1079	227556	0.99988	34.1015	227556	0	0	1
151	rs1	1:1	2:0.26925	rs2	1:2	2:0.526	0	1000	0	7.60738e-45	6.76711	0.481615	3.06187e-39	6.37811	0.486673	0.999924	-25.2852	264182	0.999909	-25.2853	220561	0.999861	59.9049	344151	0	0	1
152	rs1	1:1	2:0.274	rs2	1:2	2:0.52125	0	1000	0	2.54761e-31	7.5754	0.650747	4.30725e-32	7.66349	0.649905	0.999917	-24.5859	236646	0.999921	-24.586	246911	0.999861	59.3909	342004	0	0	1
153	rs1	1:1	2:0.275	rs2	1:2	2:0.52325	0	1000	0	2.48917e-46	6.87146	0.480823	4.42719e-38	7.49016	0.580575	0.999911	-24.9027	222825	0.0149634	1.87764	0.771654	0.999882	33.0294	222825	0	0	1
154	rs1	1:1	2:0.27625	rs2	1:2	2:0.524	0	1000	0	8.55075e-27	8.31556	0.775985	3.68986e-38	7.66379	0.593389	0.0347097	2.12401	1.00581	0.999916	-24.2077	228794	0.999886	32.7854	228794	0	0	1
155	rs1	1:1	2:0.274	rs2	1:2	2:0.524	0	1000	0	4.7796e-26	8.14795	0.771899	4.7796e-26	8.14795	0.771899	0.999919	-24.1871	238042	0.999919	-24.187	238034	0.99986	58.9934	336637	0	0	1
156	rs1	1:1	2:0.2735	rs2	1:2	2:0.521	0	1000	0	3.63275e-47	6.76212	0.468797	2.60069e-44	7.1222	0.510055	0.99991	-25.2976	225172	0.178087	1.10979	0.824098	0.999879	34.201	225172	0	0	1
157	rs1	1:1	2:0.268	rs2	1:2	2:0.51675	0	1000	0	1.49345e-40	6.68113	0.501108	1.81645e-39	6.60248	0.502278	0.999925	-25.2449	268092	0.999922	-25.245	258635	0.999871	60.2692	372513	0	0	1
158	rs1	1:1	2:0.2725	rs2	1:2	2:0.52425	0	1000	0	2.65975e-27	8.5379	0.788819	3.22369e-32	7.99168	0.67634	0.191797	1.60577	1.23021	0.999915	-24.1903	226344	0.999882	33.5558	226344	0	0	1
159	rs1	1:1	2:0.27725	rs2	1:2	2:0.5235	0	1000	0	7.91598e-31	7.31416	0.63359	4.66022e-32	7.45228	0.632349	0.999912	-24.6105	223976	0.999918	-24.6108	239466	0.999856	59.0102	327886	0	0	1
160	rs1	1:1	2:0.27425	rs2	1:2	2:0.52125	0	1000	0	1.91514e-40	7.08062	0.531811	8.07007e-44	6.93218	0.499341	0.598843	0.579203	1.10101	0.999914	-25.1135	233946	0.999883	34.3289	233946	0	0	1
161	rs1	1:1	2:0.2725	rs2	1:2	2:0.5195	0	1000	0	1.53487e-31	8.1784	0.699953	5.0897e-27	8.70994	0.809171	0.999918	-24.1737	235262	0.170723	1.68568	1.23052	0.999885	33.8128	235262	0	0	1
162	rs1	1:1	2:0.2755	rs2	1:2	2:0.52175	0	1000	0	3.42835e-42	6.58797	0.484005	4.21246e-44	6.71977	0.482425	0.99991	-25.2994	225166	0.999916	-25.2991	239431	0.999855	59.9193	328674	0	0	1
163	rs1	1:1	2:0.27125	rs2	1:2	2:0.518	0	1000	0	1.08829e-46	6.01201	0.418998	5.40274e-48	6.08271	0.417903	0.999915	-25.6781	242367	0.999918	-25.6775	250084	0.999861	60.4771	348258	0	0	1
164	rs1	1:1	2:0.274	rs2	1:2	2:0.524	0	1000	0	3.47839e-26	8.17099	0.771902	2.71634e-17	8.85368	1.04676	0.999921	-23.4959	238018	0.11236	2.25252	1.41875	0.999891	32.4581	238018	0	0	1
165	rs1	1:1	2:0.274	rs2	1:2	2:0.5215	0	1000	0	2.00406e-39	6.88629	0.524165	3.26611e-40	6.94838	0.523449	0.999914	-25.1063	233942	0.999917	-25.1056	240863	0.999858	59.8142	335774	0	0	1
166	rs1	1:1	2:0.2785	rs2	1:2	2:0.5185	0	1000	0	1.77123e-24	7.9036	0.774032	1.85083e-27	8.36391	0.770383	0.99991	-24.1892	214149	0.999928	-24.1894	268071	0.999863	58.9954	343106	0	0	1
167	rs1	1:1	2:0.27	rs2	1:2	2:0.51975	0	1000	0	2.86988e-39	7.22103	0.550785	1.30048e-38	7.16625	0.551448	0.99992	-25.0814	251717	0.999918	-25.0814	245346	0.999863	60.3954	351505	0	0	1
168	rs1	1:1	2:0.275	rs2	1:2	2:0.52625	0	1000	0	4.61294e-26	8.02797	0.760292	1.80621e-25	7.937	0.760968	0.999918	-24.2024	236636	0.999915	-24.2021	226327	0.999857	58.7455	327445	0	0	1
169	rs1	1:1	2:0.27575	rs2	1:2	2:0.52175	0	1000	0	3.13835e-29	7.02093	0.625574	7.07929e-42	6.42258	0.473702	0.00569266	2.27971	0.824493	0.999922	-24.5906	251740	0.999899	31.8801	251740	0	0	1
170	rs1	1:1	2:0.2745	rs2	1:2	2:0.52525	0	1000	0	2.2358e-33	8.02629	0.666731	4.32791e-33	7.99314	0.667003	0.999914	-24.61	228803	0.999913	-24.6097	225157	0.999851	59.7721	321009	0	0	1
171	rs1	1:1	2:0.2775	rs2	1:2	2:0.51825	0	1000	0	1.92609e-31	7.7965	0.668372	2.27256e-42	7.59808	0.556988	0.0705218	1.66177	0.918842	0.999922	-24.5992	251729	0.999894	33.4976	251729	0	0	1
172	rs1	1:1	2:0.28	rs2	1:2	2:0.52375	0	1000	0	3.01753e-43	6.57892	0.477154	1.72122e-48	6.58359	0.449904	0.851126	0.20364	1.08503	0.999912	-25.3262	228753	0.99988	34.2607	228753	0	0	1
173	rs1	1:1	2:0.2695	rs2	1:2	2:0.5245	0	1000	0	6.52065e-33	7.75595	0.649053	5.69926e-30	7.41955	0.652382	0.999926	-24.5826	266118	0.999913	-24.5829	226339	0.999864	59.3881	349354	0	0	1
174	rs1	1:1	2:0.271	rs2	1:2	2:0.5295	0	1000	0	5.35721e-27	8.16988	0.759331	4.11323e-24	7.72598	0.762767	0.999926	-24.2006	262277	0.999909	-24.2002	211165	0.999861	58.7442	336720	0	0	1
175	rs1	1:1	2:0.27075	rs2	1:2	2:0.52325	0	1000	0	2.17027e-44	7.13233	0.510311	4.37606e-42	6.96336	0.512257	0.999917	-25.2902	242344	0.99991	-25.2905	223991	0.999853	60.6034	330003	0	0	1
176	rs1	1:1	2:0.2765	rs2	1:2	2:0.52675	0	1000	0	1.57753e-18	9.30451	1.05926	2.48018e-18	9.25269	1.05951	0.999917	-23.5221	225150	0.999914	-23.5221	219440	0.999851	58.5524	314399	0	0	1
177	rs1	1:1	2:0.27275	rs2	1:2	2:0.51975	0	1000	0	1.4028e-43	7.31131	0.52816	3.41239e-44	7.3578	0.52766	0.99991	-25.448	225147	0.999912	-25.448	230045	0.999845	62.5516	321888	0	0	1
178	rs1	1:1	2:0.27625	rs2	1:2	2:0.52	0	1000	0	9.38492e-34	6.85272	0.565887	6.2686e-32	7.43403	0.632142	0.999913	-24.5924	226310	0.245735	1.34801	1.16131	0.999883	33.0508	226310	0	0	1
179	rs1	1:1	2:0.27525	rs2	1:2	2:0.52275	0	1000	0	8.90365e-37	7.375	0.582179	1.19659e-37	7.45595	0.581386	0.999912	-24.8922	226341	0.999916	-24.8922	235271	0.999854	59.8016	326470	0	0	1
180	rs1	1:1	2:0.276	rs2	1:2	2:0.52425	0	1000	0	7.69554e-45	6.87681	0.48945	1.10128e-44	6.866	0.489566	0.999909	-25.3187	221653	0.999908	-25.3187	220539	0.999847	60.1206	312678	0	0	1
181	rs1	1:1	2:0.27375	rs2	1:2	2:0.52075	0	1000	0	4.70172e-47	6.75153	0.468641	1.33001e-46	6.96824	0.486113	0.999909	-25.4515	223975	0.807071	0.262488	1.07486	0.999874	35.2305	223975	0	0	1
182	rs1	1:1	2:0.27425	rs2	1:2	2:0.52175	0	1000	0	6.08867e-40	6.92489	0.523523	2.03022e-43	6.77699	0.490504	0.583397	0.603886	1.10112	0.999915	-25.1109	236673	0.999885	34.1034	236673	0	0	1
183	rs1	1:1	2:0.274	rs2	1:2	2:0.5245	0	1000	0	1.06002e-37	7.83206	0.610267	3.01057e-33	8.10958	0.675028	0.999914	-24.6086	227579	0.364658	1.05142	1.15983	0.99988	34.2639	227579	0	0	1
184	rs1	1:1	2:0.27375	rs2	1:2	2:0.52425	0	1000	0	1.73194e-32	7.70952	0.649596	2.77617e-32	7.68627	0.649802	0.999916	-24.602	233931	0.999915	-24.6023	231309	0.999856	59.4074	328979	0	0	1
185	rs1	1:1	2:0.271	rs2	1:2	2:0.52125	0	1000	0	1.76822e-49	6.11948	0.413832	9.96488e-47	5.97202	0.416034	0.999918	-25.6884	248474	0.999912	-25.6884	232612	0.999858	60.3921	340364	0	0	1
186	rs1	1:1	2:0.275	rs2	1:2	2:0.5235	0	1000	0	1.30133e-25	7.99408	0.764161	6.4325e-26	8.04114	0.763801	0.999917	-24.194	232620	0.999919	-24.1938	238030	0.999859	58.8174	332822	0	0	1
187	rs1	1:1	2:0.27525	rs2	1:2	2:0.523	0	1000	0	1.18089e-17	9.02341	1.05478	4.93649e-27	8.4212	0.782142	0.124088	2.1814	1.41848	0.999922	-23.4997	239438	0.999891	32.73	239438	0	0	1
188	rs1	1:1	2:0.271	rs2	1:2	2:0.52225	0	1000	0	1.02234e-48	6.59262	0.449433	3.02728e-44	6.56642	0.470619	0.999917	-25.4427	243839	0.840376	0.216434	1.07458	0.999886	34.8063	243839	0	0	1
189	rs1	1:1	2:0.2735	rs2	1:2	2:0.52475	0	1000	1	1.28505e-29	9.30176	0.823031	1.55098e-25	9.60102	0.919233	0.121826	2.19475	1.41857	0.0236067	2.78254	1.22932	5.12885e-06	7.92787	1.73878	0	0	0.000478547
190	rs1	1:1	2:0.27525	rs2	1:2	2:0.51825	0	1000	0	1.15052e-25	8.27976	0.790588	8.30177e-38	7.84341	0.610252	0.0307311	2.1733	1.00591	0.999925	-24.179	256822	0.999898	32.987	256822	0	0	1
191	rs1	1:1	2:0.27175	rs2	1:2	2:0.52	0	1000	0	9.1692e-32	7.83686	0.668223	4.27377e-32	7.87557	0.667853	0.999919	-24.5775	242334	0.999921	-24.5772	246897	0.999862	59.7388	345953	0	0	1
192	rs1	1:1	2:0.274	rs2	1:2	2:0.51975	0	1000	0	2.68061e-39	7.23026	0.551272	1.03361e-37	7.61259	0.593076	0.999913	-24.8805	227582	0.402559	0.940983	1.12415	0.99988	34.2193	227582	0	0	1
193	rs1	1:1	2:0.27675	rs2	1:2	2:0.52525	0	1000	1	6.27268e-34	8.08902	0.666164	2.30763e-38	7.77987	0.600698	0.0375048	2.09212	1.00572	0.262051	1.37877	1.22933	5.5486e-07	7.33636	1.46542	0	0	5.44032e-06
194	rs1	1:1	2:0.268	rs2	1:2	2:0.518	0	1000	0	2.76062e-47	6.27617	0.434537	1.93308e-45	6.17116	0.436199	0.999921	-25.6637	258638	0.999917	-25.6639	246898	0.999864	60.9743	357564	0	0	1
195	rs1	1:1	2:0.2735	rs2	1:2	2:0.5205	0	1000	0	1.18956e-39	7.01853	0.532633	1.98999e-40	7.08063	0.531927	0.999914	-25.1034	233907	0.999917	-25.1033	240867	0.999857	60.012	335752	0	0	1
196	rs1	1:1	2:0.274	rs2	1:2	2:0.52	0	1000	1	4.02689e-44	6.44232	0.462399	6.25428e-46	6.55694	0.460889	0.692851	0.428908	1.08587	0.622081	0.535518	1.08646	2.20515e-08	8.45495	1.51114	0	0	9.63615e-14
197	rs1	1:1	2:0.2735	rs2	1:2	2:0.52475	0	1000	0	7.81029e-47	6.4746	0.450516	1.5983e-44	6.33169	0.452321	0.999915	-25.4575	238038	0.999909	-25.4582	222831	0.999853	59.9964	326061	0	0	1
198	rs1	1:1	2:0.271	rs2	1:2	2:0.5205	0	1000	0	1.9105e-36	7.49361	0.594359	4.86061e-36	7.45491	0.594772	0.999919	-24.8677	245338	0.999918	-24.8676	240858	0.999861	60.0283	343807	0	0	1
199	rs1	1:1	2:0.27375	rs2	1:2	2:0.5235	0	1000	0	5.60704e-33	7.82375	0.65404	7.72831e-37	7.4538	0.587884	0.323065	1.14654	1.16026	0.999914	-24.6018	227553	0.999882	33.7627	227553	0	0	1
200	rs1	1:1	2:0.27375	rs2	1:2	2:0.527	0	1000	0	3.04708e-19	9.72978	1.08507	1.35486e-18	9.55731	1.08592	0.999921	-23.5095	236634	0.999914	-23.5096	217287	0.999853	59.0098	321262	0	0	1
201	rs1	1:1	2:0.2725	rs2	1:2	2:0.5215	0	1000	0	7.5344e-26	8.11331	0.771749	3.64962e-36	7.39166	0.58866	0.0202797	2.33699	1.00683	0.99992	-24.1771	242340	0.999893	32.4672	242340	0	0	1
202	rs1	1:1	2:0.2755	rs2	1:2	2:0.51875	0	1000	0	2.73521e-38	6.84496	0.529045	7.11082e-44	6.86627	0.494271	0.589615	0.593873	1.101	0.999921	-25.0977	253409	0.999892	34.2077	253409	0	0	1
203	rs1	1:1	2:0.275	rs2	1:2	2:0.52225	0	1000	0	1.25554e-26	8.43468	0.789725	3.79132e-27	8.51564	0.789134	0.999916	-24.1913	228773	0.999919	-24.1913	238003	0.999857	59.3538	330125	0	0	1
204	rs1	1:1	2:0.27725	rs2	1:2	2:0.51925	0	1000	0	2.4577e-39	7.33795	0.559202	3.35364e-42	7.57904	0.556751	0.999907	-25.1153	216210	0.999917	-25.1159	242336	0.999851	60.612	324767	0	0	1
205	rs1	1:1	2:0.27175	rs2	1:2	2:0.52225	0	1000	0	4.33331e-32	7.79301	0.660918	7.17651e-32	7.7677	0.661157	0.99992	-24.5825	243826	0.999919	-24.5823	240866	0.999861	59.6105	342736	0	0	1
206	rs1	1:1	2:0.2775	rs2	1:2	2:0.524	0	1000	0	2.34856e-41	7.23093	0.536817	1.4374e-38	7.54039	0.580581	0.999909	-24.9108	217284	0.505066	0.748753	1.12334	0.999875	34.1597	217284	0	0	1
207	rs1	1:1	2:0.27025	rs2	1:2	2:0.52275	0	1000	0	3.00876e-37	7.49063	0.587373	6.1233e-31	7.58832	0.656085	0.999923	-24.5829	255113	0.329265	1.13176	1.16008	0.999894	33.778	255113	0	0	1
208	rs1	1:1	2:0.272	rs2	1:2	2:0.5195	0	1000	0	3.05632e-44	6.81119	0.488185	9.61259e-43	7.00568	0.511215	0.999915	-25.2766	238029	0.632605	0.519326	1.08631	0.999883	34.7923	238029	0	0	1
209	rs1	1:1	2:0.274	rs2	1:2	2:0.52575	0	1000	0	4.9934e-34	8.0997	0.66602	3.15826e-37	7.67031	0.601641	0.343089	1.09986	1.16009	0.99991	-24.6141	217281	0.999875	34.0606	217281	0	0	1
210	rs1	1:1	2:0.27825	rs2	1:2	2:0.521	0	1000	0	2.93514e-41	6.48114	0.481743	2.3571e-45	6.7618	0.478419	0.999906	-25.3068	215193	0.999918	-25.3064	245332	0.999854	59.8466	326337	0	0	1
211	rs1	1:1	2:0.27325	rs2	1:2	2:0.52375	0	1000	1	1.0858e-41	7.53698	0.557187	2.36516e-40	7.42453	0.558303	0.45961	0.830931	1.12366	0.519576	0.7233	1.12314	1.39462e-08	8.86401	1.5622	0	0	3.00694e-11
212	rs1	1:1	2:0.2745	rs2	1:2	2:0.52075	0	1000	0	7.0917e-30	7.23933	0.637607	4.41066e-25	7.81526	0.755465	0.999918	-24.1794	236621	0.159131	1.73299	1.23082	0.99989	32.6665	236621	0	0	1
213	rs1	1:1	2:0.27525	rs2	1:2	2:0.52525	0	1000	0	1.35009e-37	7.33488	0.572364	3.1114e-37	7.30174	0.572679	0.999913	-24.9042	227571	0.999911	-24.9044	223978	0.999851	59.6128	319303	0	0	1
214	rs1	1:1	2:0.2745	rs2	1:2	2:0.52175	0	1000	0	1.16188e-40	7.57655	0.567471	4.77925e-43	7.39328	0.537513	0.614171	0.554997	1.1009	0.999912	-25.1151	227567	0.999877	35.1632	227567	0	0	1
215	rs1	1:1	2:0.2725	rs2	1:2	2:0.5245	0	1000	0	2.95263e-45	7.03207	0.498101	7.70866e-43	6.86032	0.500024	0.999915	-25.3041	236631	0.999908	-25.3046	218379	0.999851	60.3301	322000	0	0	1
216	rs1	1:1	2:0.272	rs2	1:2	2:0.5215	0	1000	0	1.28759e-41	6.50038	0.481	2.01137e-41	6.48698	0.481178	0.999918	-25.2781	245324	0.999917	-25.2776	243785	0.999862	59.8174	345854	0	0	1
217	rs1	1:1	2:0.27475	rs2	1:2	2:0.52425	0	1000	0	1.19934e-41	7.18083	0.531145	4.35323e-41	7.13639	0.5316	0.999912	-25.126	227527	0.99991	-25.126	222809	0.99985	60.0339	318453	0	0	1
218	rs1	1:1	2:0.27275	rs2	1:2	2:0.5185	0	1000	0	9.30501e-35	8.05815	0.65525	4.59809e-38	7.93429	0.615139	0.445221	0.857795	1.12364	0.999919	-24.8679	245349	0.999884	35.5548	245349	0	0	1
219	rs1	1:1	2:0.26925	rs2	1:2	2:0.52725	0	1000	0	6.76784e-34	7.92903	0.653323	2.13348e-30	7.52862	0.657038	0.999925	-24.595	262293	0.999909	-24.595	216214	0.99986	59.5058	339920	0	0	1
220	rs1	1:1	2:0.27225	rs2	1:2	2:0.51675	0	1000	0	4.36542e-46	5.98062	0.419638	3.67462e-49	6.14713	0.417093	0.999913	-25.6818	235273	0.999919	-25.6809	253347	0.99986	60.4807	345743	0	0	1
221	rs1	1:1	2:0.27275	rs2	1:2	2:0.521	0	1000	1	6.80827e-26	8.24207	0.783285	2.65572e-26	8.30578	0.782769	0.102472	2.31711	1.41894	0.0935434	2.38003	1.41922	0.000143969	6.73422	1.77158	0	0	0.0017457
222	rs1	1:1	2:0.2725	rs2	1:2	2:0.5225	0	1000	0	9.30994e-41	7.45987	0.558043	1.07699e-36	7.61274	0.601656	0.999917	-24.8823	238023	0.471086	0.809708	1.12348	0.999884	34.5042	238023	0	0	1
223	rs1	1:1	2:0.276	rs2	1:2	2:0.52375	0	1000	1	1.98202e-34	6.74397	0.551132	1.45263e-34	6.75623	0.550999	0.31921	1.15577	1.16032	0.314305	1.16761	1.16038	4.26697e-06	7.13327	1.55141	0	0	3.29744e-07
224	rs1	1:1	2:0.2725	rs2	1:2	2:0.52125	0	1000	0	7.9396e-40	7.18287	0.543847	8.19935e-37	7.4448	0.587389	0.999916	-24.8761	236626	0.41926	0.907821	1.12395	0.999885	34.1183	236626	0	0	1
225	rs1	1:1	2:0.2725	rs2	1:2	2:0.52425	0	1000	1	4.68926e-42	7.56801	0.556945	1.75528e-40	7.43599	0.558229	0.468421	0.814669	1.1236	0.540005	0.688184	1.12301	1.16853e-08	8.91043	1.56207	0	0	2.48162e-11
226	rs1	1:1	2:0.2705	rs2	1:2	2:0.51925	0	1000	0	5.9732e-44	6.6204	0.476144	3.39267e-42	6.80367	0.499824	0.999917	-25.2709	243793	0.604582	0.562625	1.08652	0.999887	34.4616	243793	0	0	1
227	rs1	1:1	2:0.27375	rs2	1:2	2:0.522	0	1000	0	3.58037e-40	6.99981	0.527597	5.11268e-40	6.98755	0.527736	0.999915	-25.1066	236629	0.999915	-25.1067	235269	0.999857	59.9097	333684	0	0	1
228	rs1	1:1	2:0.275	rs2	1:2	2:0.52375	0	1000	0	1.0507e-36	7.20416	0.569277	7.85062e-37	7.21572	0.569162	0.999914	-24.8959	230042	0.999914	-24.8959	231317	0.999854	59.5176	326231	0	0	1
229	rs1	1:1	2:0.27	rs2	1:2	2:0.52225	0	1000	0	1.26687e-32	7.93697	0.667291	3.48552e-31	7.76886	0.668903	0.999923	-24.5779	255093	0.999917	-24.5777	235263	0.999863	59.7397	347018	0	0	1
230	rs1	1:1	2:0.2735	rs2	1:2	2:0.52225	0	1000	0	5.13371e-32	7.71751	0.655308	5.49272e-26	8.13673	0.771792	0.999919	-24.1831	239435	0.193106	1.60097	1.23015	0.999889	33.2041	239435	0	0	1
231	rs1	1:1	2:0.27675	rs2	1:2	2:0.51775	0	1000	0	1.01696e-40	6.86541	0.513826	8.26073e-43	7.42002	0.541017	0.999906	-25.1103	214173	0.474375	0.788457	1.10215	0.999872	34.3702	214173	0	0	1
232	rs1	1:1	2:0.272	rs2	1:2	2:0.52425	0	1000	0	4.16238e-33	7.99399	0.666895	7.32818e-32	7.84918	0.668193	0.99992	-24.5913	245340	0.999914	-24.5911	228766	0.999858	59.7531	335448	0	0	1
233	rs1	1:1	2:0.2735	rs2	1:2	2:0.525	0	1000	0	5.36395e-42	7.36456	0.542365	1.73741e-32	7.76658	0.654418	0.999916	-24.6105	233929	0.0643073	1.70041	0.919119	0.999887	33.2078	233929	0	0	1
234	rs1	1:1	2:0.2725	rs2	1:2	2:0.52325	0	1000	1	4.73051e-45	7.28212	0.517031	6.10273e-45	6.96929	0.495453	0.120767	1.30988	0.844236	0.670966	0.467525	1.10052	9.40468e-10	8.4132	1.37489	0	0	8.12487e-13
235	rs1	1:1	2:0.27275	rs2	1:2	2:0.5225	0	1000	0	6.8141e-37	7.45548	0.58756	1.23804e-36	7.4311	0.587809	0.999917	-24.8797	238004	0.999916	-24.8797	235248	0.999857	59.9068	334645	0	0	1
236	rs1	1:1	2:0.272	rs2	1:2	2:0.531	0	1000	0	0.999538	32.259	55745.9	0.999558	31.9823	57757	1	-4.1955e-09	261769	1	-2.89677e-09	223970	0.999917	34.9134	335714	1	0	1
237	rs1	1:1	2:0.27525	rs2	1:2	2:0.52225	0	1000	1	7.75886e-47	6.89671	0.479872	2.46415e-47	6.92948	0.47951	0.785615	0.295229	1.08537	0.763933	0.326001	1.08551	1.54918e-09	9.22293	1.52719	0	0	1.70294e-15
238	rs1	1:1	2:0.2745	rs2	1:2	2:0.5325	0	1000	0	1.11583e-35	8.20429	0.658028	1.43739e-32	7.85118	0.660664	0.999916	-24.6422	233930	0.9999	-24.6422	197068	0.999844	59.6704	305875	0	0	1
239	rs1	1:1	2:0.279	rs2	1:2	2:0.524	0	1000	1	2.41349e-44	6.90599	0.494384	3.99004e-43	7.23411	0.525443	0.593179	0.599803	1.12273	0.10094	1.43179	0.872874	1.34537e-08	7.75318	1.36495	0	0	3.90421e-10
240	rs1	1:1	2:0.27525	rs2	1:2	2:0.526	0	1000	0	8.27543e-45	6.77136	0.482122	7.57326e-44	6.70545	0.482851	0.999911	-25.3177	226356	0.999908	-25.3172	219444	0.999848	59.9371	315266	0	0	1
241	rs1	1:1	2:0.276	rs2	1:2	2:0.52125	0	1000	0	1.90295e-42	6.83438	0.50053	7.19891e-42	7.19407	0.530652	0.99991	-25.1153	221674	0.54376	0.668756	1.10149	0.999877	34.2387	221674	0	0	1
242	rs1	1:1	2:0.27675	rs2	1:2	2:0.521	0	1000	0	1.14584e-39	7.09035	0.537968	4.05421e-42	7.28744	0.535877	0.999909	-25.1165	219446	0.999917	-25.1165	240874	0.999853	60.1427	325848	0	0	1
243	rs1	1:1	2:0.271	rs2	1:2	2:0.5265	0	1000	0	1.98424e-33	7.81768	0.648871	5.12348e-25	7.94042	0.768631	0.999924	-24.1929	253414	0.249757	1.41492	1.22936	0.999895	33.2948	253414	0	0	1
244	rs1	1:1	2:0.2745	rs2	1:2	2:0.51925	0	1000	0	5.13162e-35	7.14734	0.578929	5.93865e-37	7.32724	0.576964	0.999915	-24.8729	232595	0.999922	-24.8732	253407	0.999862	59.6775	343970	0	0	1
245	rs1	1:1	2:0.2725	rs2	1:2	2:0.5215	0	1000	0	2.12784e-48	6.57068	0.449464	5.78825e-47	6.48486	0.45058	0.999914	-25.5808	236634	0.99991	-25.5806	227563	0.999852	60.7377	328300	0	0	1
246	rs1	1:1	2:0.27325	rs2	1:2	2:0.525	0	1000	0	1.93536e-41	7.16863	0.531628	1.00978e-31	7.56617	0.645592	0.999918	-24.6032	239435	0.0570427	1.74951	0.91935	0.99989	32.9582	239435	0	0	1
247	rs1	1:1	2:0.274	rs2	1:2	2:0.521	0	1000	1	1.86827e-35	7.18852	0.578467	1.08561e-36	7.30326	0.577225	0.315899	1.16364	1.16025	0.272361	1.27418	1.16083	9.16807e-07	7.68502	1.56559	0	0	7.26399e-08
248	rs1	1:1	2:0.27425	rs2	1:2	2:0.51775	0	1000	1	2.63723e-45	6.25719	0.442965	2.09085e-48	6.43916	0.440432	0.812471	0.254971	1.07474	0.694809	0.422025	1.07567	8.13637e-09	8.68496	1.50634	0	0	1.24953e-15
249	rs1	1:1	2:0.27325	rs2	1:2	2:0.5235	0	1000	0	5.68743e-41	7.48132	0.558118	7.68504e-33	7.95999	0.666891	0.999916	-24.602	232613	0.053923	1.77225	0.919475	0.999885	33.3875	232613	0	0	1
250	rs1	1:1	2:0.274	rs2	1:2	2:0.51625	0	1000	0	1.08838e-36	6.76603	0.534772	2.50914e-45	6.71201	0.475044	0.103268	1.37565	0.844366	0.999927	-25.0787	272227	0.999902	33.5317	272227	0	0	1
251	rs1	1:1	2:0.27375	rs2	1:2	2:0.5225	0	1000	1	6.37901e-27	8.57613	0.798284	6.37901e-27	8.57613	0.798284	0.111777	2.25618	1.41875	0.111777	2.25618	1.41875	5.79921e-05	7.15701	1.77998	0	0	0.00112231
252	rs1	1:1	2:0.27375	rs2	1:2	2:0.51775	0	1000	0	5.58923e-39	6.31358	0.483437	1.84885e-42	6.5555	0.480031	0.999915	-25.2688	238016	0.999924	-25.2685	266070	0.999866	59.8085	356994	0	0	1
253	rs1	1:1	2:0.2705	rs2	1:2	2:0.52775	0	1000	0	3.68852e-28	8.76815	0.796873	1.51341e-31	8.03118	0.687283	0.173001	1.67685	1.2306	0.99991	-24.1953	214158	0.999875	33.639	214158	0	0	1
254	rs1	1:1	2:0.273	rs2	1:2	2:0.5205	0	1000	0	1.81164e-33	6.75449	0.560277	6.15685e-34	6.79762	0.559742	0.999922	-24.8586	253385	0.999923	-24.859	258594	0.99987	59.1923	362043	0	0	1
255	rs1	1:1	2:0.27625	rs2	1:2	2:0.524	0	1000	0	1.15398e-17	8.98662	1.05015	6.60657e-27	8.33682	0.776243	0.127465	2.16196	1.41845	0.999919	-23.5083	232610	0.999888	32.644	232610	0	0	1
256	rs1	1:1	2:0.27575	rs2	1:2	2:0.52025	0	1000	1	2.84912e-45	6.63962	0.470219	1.91038e-47	6.77925	0.468546	0.770528	0.316597	1.08541	0.680502	0.447217	1.08606	5.65218e-09	8.84025	1.51719	0	0	1.19208e-14
257	rs1	1:1	2:0.2725	rs2	1:2	2:0.52	0	1000	0	2.52046e-35	7.17563	0.578545	3.57166e-36	7.25459	0.577665	0.999918	-24.868	240890	0.999921	-24.8681	250099	0.999863	59.6724	347243	0	0	1
258	rs1	1:1	2:0.27425	rs2	1:2	2:0.52275	0	1000	0	6.40008e-33	7.97114	0.666974	1.7685e-37	7.69381	0.601356	0.347374	1.09003	1.15998	0.999915	-24.6026	231323	0.999882	34.0713	231323	0	0	1
259	rs1	1:1	2:0.27325	rs2	1:2	2:0.528	0	1000	0	2.52147e-28	8.92047	0.808202	1.95611e-18	9.41463	1.07475	0.99992	-23.5171	235296	0.153792	2.02242	1.41799	0.999887	33.2945	235296	0	0	1
260	rs1	1:1	2:0.26725	rs2	1:2	2:0.52	0	1000	0	3.26699e-43	7.03479	0.51043	3.75917e-41	6.59537	0.490901	0.498013	0.73695	1.08756	0.999914	-25.261	235258	0.999883	34.5746	235258	0	0	1
261	rs1	1:1	2:0.2745	rs2	1:2	2:0.521	0	1000	0	3.82993e-40	7.20762	0.543467	1.42498e-41	7.32399	0.542243	0.999911	-25.1141	223971	0.999915	-25.1141	236635	0.999852	60.2738	325821	0	0	1
262	rs1	1:1	2:0.274	rs2	1:2	2:0.5235	0	1000	0	6.49741e-27	8.39966	0.781982	1.40508e-32	7.93529	0.667635	0.205939	1.55569	1.22998	0.999916	-24.1931	230054	0.999884	33.4727	230054	0	0	1
263	rs1	1:1	2:0.27025	rs2	1:2	2:0.52275	0	1000	0	1.0125e-32	7.94856	0.667217	2.04214e-31	7.7964	0.668649	0.999922	-24.5808	251725	0.999916	-24.5814	233929	0.999861	59.7426	343640	0	0	1
264	rs1	1:1	2:0.274	rs2	1:2	2:0.52475	0	1000	0	3.60836e-18	9.20942	1.05971	5.9212e-18	9.15226	1.06002	0.999921	-23.4998	236637	0.999919	-23.4998	230041	0.999858	58.5301	330024	0	0	1
265	rs1	1:1	2:0.27175	rs2	1:2	2:0.52425	0	1000	0	2.69517e-33	8.23847	0.685234	5.24228e-32	8.08434	0.686559	0.99992	-24.5922	243827	0.999913	-24.5922	226333	0.999856	60.0904	332684	0	0	1
266	rs1	1:1	2:0.27	rs2	1:2	2:0.521	0	1000	0	2.24233e-45	6.57998	0.465439	6.5692e-41	6.5888	0.491927	0.99992	-25.2749	253375	0.662438	0.474113	1.08605	0.999892	34.3274	253375	0	0	1
267	rs1	1:1	2:0.2755	rs2	1:2	2:0.51925	0	1000	0	1.14077e-45	6.2273	0.439018	6.3401e-49	6.41619	0.436443	0.999909	-25.5794	225173	0.999917	-25.5796	245338	0.999855	60.3799	333007	0	0	1
268	rs1	1:1	2:0.2745	rs2	1:2	2:0.52275	0	1000	0	2.97998e-37	7.49018	0.587303	2.97998e-37	7.49018	0.587303	0.999914	-24.8895	231313	0.999914	-24.8892	231286	0.999854	59.9162	327107	0	0	1
269	rs1	1:1	2:0.277	rs2	1:2	2:0.52525	0	1000	0	5.2599e-41	6.96555	0.519416	1.05827e-41	7.01959	0.518865	0.999909	-25.1365	219445	0.999911	-25.1366	225123	0.999848	59.7573	314382	0	0	1
270	rs1	1:1	2:0.2755	rs2	1:2	2:0.519	0	1000	0	1.25332e-52	5.90469	0.386741	1.46449e-55	6.17969	0.39356	0.999903	-25.9172	214157	0.846632	-0.203171	1.05043	0.999868	35.3556	214157	0	0	1
271	rs1	1:1	2:0.27	rs2	1:2	2:0.5185	0	1000	0	7.54373e-31	7.64696	0.662181	5.67684e-31	7.66134	0.662027	0.999924	-24.5602	256838	0.999924	-24.5598	258623	0.99987	59.5884	364488	0	0	1
272	rs1	1:1	2:0.274	rs2	1:2	2:0.52425	0	1000	0	3.88203e-27	8.43289	0.781622	4.35524e-37	7.65852	0.6019	0.0265352	2.23236	1.00634	0.999915	-24.1982	226356	0.999884	32.7953	226356	0	0	1
273	rs1	1:1	2:0.273	rs2	1:2	2:0.519	0	1000	1	2.18908e-42	7.19637	0.527435	2.86555e-45	7.1133	0.50378	0.129058	1.28093	0.843925	0.551426	0.655995	1.10136	1.11643e-09	8.452	1.38744	0	0	8.85676e-13
274	rs1	1:1	2:0.27175	rs2	1:2	2:0.5225	0	1000	1	4.60468e-44	6.9457	0.498872	1.03542e-42	6.84931	0.500001	0.547248	0.662933	1.10142	0.603402	0.571962	1.10095	2.11846e-08	8.56236	1.52844	0	0	1.76077e-12
275	rs1	1:1	2:0.2795	rs2	1:2	2:0.526	0	1000	0	1.02869e-35	6.96842	0.558614	3.3443e-32	7.41042	0.627311	0.99991	-24.6259	217282	0.343108	1.09987	1.16015	0.999878	33.1738	217282	0	0	1
276	rs1	1:1	2:0.27525	rs2	1:2	2:0.528	0	1000	0	2.6823e-38	7.30425	0.564478	2.25687e-40	6.91883	0.520139	0.482833	0.788457	1.12355	0.999907	-24.9148	214148	0.999874	33.7524	214148	0	0	1
277	rs1	1:1	2:0.27625	rs2	1:2	2:0.522	0	1000	0	3.92573e-26	8.2801	0.783049	2.15755e-27	8.47499	0.781624	0.999913	-24.1955	221674	0.999921	-24.1957	243847	0.999857	59.2251	329546	0	0	1
278	rs1	1:1	2:0.273	rs2	1:2	2:0.5225	0	1000	0	2.62987e-46	6.77977	0.474535	5.9596e-43	6.86333	0.499564	0.999915	-25.2918	236608	0.720531	0.388412	1.08571	0.999883	34.6349	236608	0	0	1
279	rs1	1:1	2:0.2695	rs2	1:2	2:0.525	0	1000	0	1.22279e-37	7.39368	0.576606	3.41562e-30	7.39196	0.647418	0.999925	-24.5874	260440	0.355222	1.07226	1.15982	0.999897	33.6365	260440	0	0	1
280	rs1	1:1	2:0.27425	rs2	1:2	2:0.519	0	1000	0	1.1097e-38	6.93949	0.533501	1.32741e-40	7.09355	0.53169	0.999914	-25.097	232612	0.99992	-25.097	250082	0.99986	60.0054	341540	0	0	1
281	rs1	1:1	2:0.27375	rs2	1:2	2:0.52425	0	1000	0	1.5152e-37	7.52269	0.587429	2.67421e-26	8.1841	0.771349	0.999917	-24.1966	233892	0.0296929	2.18741	1.00609	0.999889	32.6155	233892	0	0	1
282	rs1	1:1	2:0.2765	rs2	1:2	2:0.521	0	1000	0	2.87976e-32	8.26702	0.699081	8.18837e-34	8.45541	0.697591	0.99991	-24.6057	217284	0.999918	-24.6057	238023	0.999851	60.3271	322284	0	0	1
283	rs1	1:1	2:0.274	rs2	1:2	2:0.52125	0	1000	0	3.64241e-32	7.88678	0.668042	1.06991e-26	8.36576	0.782185	0.999918	-24.1843	233914	0.190113	1.61187	1.23021	0.999886	33.4163	233914	0	0	1
284	rs1	1:1	2:0.27625	rs2	1:2	2:0.51925	0	1000	1	1.5571e-40	6.42827	0.482255	2.43342e-44	6.69035	0.478966	0.630553	0.529402	1.10075	0.481204	0.776262	1.10207	1.0912e-07	8.04976	1.51572	0	0	1.60304e-11
285	rs1	1:1	2:0.273	rs2	1:2	2:0.525	0	1000	0	9.87111e-42	7.12429	0.526405	1.14554e-39	6.96122	0.528169	0.999916	-25.1176	239425	0.99991	-25.1178	221676	0.999853	59.9207	326289	0	0	1
286	rs1	1:1	2:0.27225	rs2	1:2	2:0.52325	0	1000	0	1.99388e-36	7.27885	0.577479	9.6775e-36	7.21516	0.578168	0.999919	-24.8738	245348	0.999917	-24.8738	238023	0.999861	59.6779	341834	0	0	1
287	rs1	1:1	2:0.277	rs2	1:2	2:0.52325	0	1000	0	4.68659e-19	10.0197	1.12336	1.50263e-19	10.1546	1.12273	0.999913	-23.5159	215187	0.999918	-23.5158	230044	0.999849	59.5269	315001	0	0	1
288	rs1	1:1	2:0.276	rs2	1:2	2:0.52625	0	1000	0	5.43567e-40	6.70113	0.50628	4.38757e-39	6.63138	0.507056	0.999914	-25.1265	233930	0.999911	-25.1265	226341	0.999854	59.3989	325506	0	0	1
289	rs1	1:1	2:0.27475	rs2	1:2	2:0.52525	0	1000	0	5.69725e-42	7.45187	0.548974	1.39935e-41	7.41979	0.549281	0.99991	-25.1309	222811	0.999909	-25.1313	219468	0.999846	60.4446	312747	0	0	1
290	rs1	1:1	2:0.27075	rs2	1:2	2:0.51575	0	1000	1	1.88975e-42	6.9003	0.505338	8.97311e-46	6.90042	0.485895	0.149786	1.18737	0.824395	0.568747	0.619381	1.08683	5.69513e-10	8.64254	1.39426	0	0	1.47791e-14
291	rs1	1:1	2:0.27575	rs2	1:2	2:0.521	0	1000	0	1.95957e-39	6.93834	0.528059	5.46199e-44	6.87621	0.494314	0.602625	0.573188	1.10095	0.999917	-25.1082	242331	0.999887	34.2291	242331	0	0	1
292	rs1	1:1	2:0.27325	rs2	1:2	2:0.523	0	1000	0	1.58103e-39	6.80565	0.517321	1.76335e-35	7.0061	0.563577	0.999918	-24.8822	240854	0.434694	0.877917	1.12383	0.999889	33.5885	240854	0	0	1
293	rs1	1:1	2:0.272	rs2	1:2	2:0.5245	0	1000	0	7.21088e-38	7.7283	0.600787	2.12233e-36	7.58692	0.602156	0.999918	-24.8844	240877	0.999912	-24.8843	225148	0.999854	60.1988	329717	0	0	1
294	rs1	1:1	2:0.277	rs2	1:2	2:0.52575	0	1000	0	1.54737e-33	8.04708	0.666778	1.00612e-27	8.5252	0.781243	0.999911	-24.2203	216242	0.248673	1.41833	1.2295	0.999876	33.61	216242	0	0	1
295	rs1	1:1	2:0.279	rs2	1:2	2:0.5185	0	1000	0	1.05716e-34	7.17731	0.584114	4.22648e-43	7.36772	0.535309	0.568432	0.640377	1.12275	0.999923	-24.8904	258637	0.999894	34.2687	258637	0	0	1
296	rs1	1:1	2:0.27225	rs2	1:2	2:0.527	0	1000	0	8.86123e-27	8.21346	0.766694	3.56384e-25	7.96662	0.76858	0.999923	-24.1936	250061	0.999913	-24.1938	221665	0.999859	58.9041	334164	0	0	1
297	rs1	1:1	2:0.275	rs2	1:2	2:0.52275	0	1000	0	1.48189e-45	6.44202	0.454744	2.33449e-43	6.62212	0.479644	0.999912	-25.3014	230028	0.703746	0.412928	1.08588	0.999882	34.1258	230028	0	0	1
298	rs1	1:1	2:0.27425	rs2	1:2	2:0.522	0	1000	0	3.98914e-39	6.814	0.520732	9.03982e-40	6.86461	0.520135	0.999915	-25.1028	236638	0.999917	-25.1026	242315	0.999859	59.7231	338695	0	0	1
299	rs1	1:1	2:0.2735	rs2	1:2	2:0.524	0	1000	0	5.93959e-33	7.82301	0.65424	2.39313e-32	7.75402	0.65484	0.999917	-24.6032	235270	0.999914	-24.6034	227556	0.999855	59.5138	327312	0	0	1
300	rs1	1:1	2:0.2795	rs2	1:2	2:0.52175	0	1000	0	3.55615e-46	6.05846	0.424673	8.2863e-48	6.42229	0.442122	0.999905	-25.4712	214161	0.78842	0.288522	1.07512	0.999873	34.041	214161	0	0	1
301	rs1	1:1	2:0.275	rs2	1:2	2:0.5215	0	1000	1	3.86754e-40	7.12827	0.537514	1.89811e-41	7.23359	0.536389	0.493102	0.769911	1.12333	0.438558	0.870555	1.12383	5.8405e-08	8.37725	1.54459	0	0	1.56854e-10
302	rs1	1:1	2:0.2755	rs2	1:2	2:0.52175	0	1000	0	1.48067e-36	7.29037	0.57732	2.37967e-41	7.15874	0.531496	0.494489	0.767445	1.12333	0.999916	-24.8922	236663	0.999885	34.0357	236663	0	0	1
303	rs1	1:1	2:0.27225	rs2	1:2	2:0.519	0	1000	0	2.31187e-38	7.53385	0.581709	1.74258e-32	8.13606	0.685566	0.999918	-24.578	238008	0.0330863	1.96166	0.920519	0.999888	33.5349	238008	0	0	1
304	rs1	1:1	2:0.27675	rs2	1:2	2:0.52075	0	1000	0	1.4717e-39	6.9498	0.528061	4.71491e-45	6.9523	0.493606	0.656166	0.490004	1.10061	0.999917	-25.1176	240868	0.999886	34.3119	240868	0	0	1
305	rs1	1:1	2:0.27075	rs2	1:2	2:0.51925	0	1000	0	2.42839e-46	6.20983	0.434474	1.23759e-44	6.11073	0.435971	0.99992	-25.5585	253395	0.999916	-25.5585	242338	0.999863	60.2632	350623	0	0	1
306	rs1	1:1	2:0.279	rs2	1:2	2:0.52175	0	1000	0	3.68286e-31	7.45882	0.642469	4.83848e-38	7.3771	0.572116	0.388092	1.00083	1.1596	0.999919	-24.6073	243836	0.99989	33.6212	243836	0	0	1
307	rs1	1:1	2:0.2715	rs2	1:2	2:0.52025	0	1000	0	2.08357e-39	6.87844	0.523685	3.86812e-41	6.61265	0.492265	0.477675	0.782459	1.10198	0.999917	-25.0892	242346	0.999888	33.9237	242346	0	0	1
308	rs1	1:1	2:0.27225	rs2	1:2	2:0.5215	0	1000	0	1.24142e-39	7.36403	0.55899	5.78572e-37	7.63782	0.601322	0.999916	-24.8754	235292	0.418638	0.909036	1.12395	0.999883	34.4052	235292	0	0	1
309	rs1	1:1	2:0.27475	rs2	1:2	2:0.52275	0	1000	0	4.62891e-48	6.37464	0.437642	9.91056e-47	6.55659	0.456746	0.99991	-25.4603	225139	0.829395	0.231585	1.07475	0.999878	34.473	225139	0	0	1
310	rs1	1:1	2:0.271	rs2	1:2	2:0.51975	0	1000	0	2.17972e-39	7.23284	0.550811	1.0626e-39	7.2588	0.550512	0.999917	-25.0909	240884	0.999918	-25.0901	243818	0.999859	60.404	342742	0	0	1
311	rs1	1:1	2:0.27225	rs2	1:2	2:0.523	0	1000	0	9.14397e-37	7.31342	0.577413	3.69283e-31	7.50286	0.646275	0.999921	-24.5885	246893	0.322239	1.14844	1.16019	0.999892	33.5603	246893	0	0	1
312	rs1	1:1	2:0.2705	rs2	1:2	2:0.52525	0	1000	0	2.07296e-45	7.11777	0.503284	4.84241e-41	6.80214	0.506999	0.99992	-25.2905	251691	0.999907	-25.2906	217254	0.999855	60.4484	332487	0	0	1
313	rs1	1:1	2:0.27025	rs2	1:2	2:0.518	0	1000	0	3.94256e-38	6.95882	0.539017	5.31137e-39	7.02972	0.538112	0.999919	-25.0783	248496	0.999922	-25.079	256856	0.999866	60.1057	357387	0	0	1
314	rs1	1:1	2:0.27375	rs2	1:2	2:0.523	0	1000	0	3.66806e-32	7.80418	0.661078	2.38189e-26	8.24734	0.776518	0.999918	-24.1838	236629	0.193445	1.59975	1.23015	0.999888	33.3102	236629	0	0	1
315	rs1	1:1	2:0.2705	rs2	1:2	2:0.52025	0	1000	0	1.94573e-39	7.24334	0.551249	1.02494e-31	7.74424	0.660857	0.999921	-24.5765	246906	0.0352708	1.93754	0.920344	0.999893	33.0887	246906	0	0	1
316	rs1	1:1	2:0.2705	rs2	1:2	2:0.51725	0	1000	0	4.70195e-44	6.78144	0.487127	1.13567e-45	6.88952	0.485692	0.999914	-25.5561	236641	0.999918	-25.5562	248486	0.999856	61.9656	343139	0	0	1
317	rs1	1:1	2:0.271	rs2	1:2	2:0.52575	0	1000	0	4.1758e-42	7.15551	0.526259	7.24432e-35	7.07891	0.574679	0.999922	-24.8876	253392	0.526961	0.710496	1.12304	0.999893	33.9976	253392	0	0	1
318	rs1	1:1	2:0.277	rs2	1:2	2:0.5215	0	1000	0	1.00474e-39	7.10069	0.538348	1.3836e-33	7.82971	0.648272	0.99991	-24.6082	218346	0.0409266	1.88114	0.9202	0.99988	32.922	218346	0	0	1
319	rs1	1:1	2:0.27775	rs2	1:2	2:0.524	0	1000	0	5.28948e-35	6.93452	0.561801	4.56517e-32	7.42138	0.629635	0.999911	-24.6104	221691	0.302043	1.19778	1.16057	0.999881	33.136	221691	0	0	1
320	rs1	1:1	2:0.27625	rs2	1:2	2:0.52225	0	1000	0	1.4425e-17	8.99923	1.0548	1.95115e-33	8.0366	0.666965	0.999722	26.7689	76821.5	0.999732	25.8084	76821.5	0.999815	-17.7733	76821.5	0	0	1
321	rs1	1:1	2:0.277	rs2	1:2	2:0.52175	0	1000	0	1.51196e-39	6.89753	0.524171	2.39642e-41	7.03887	0.522617	0.999911	-25.1164	223962	0.999916	-25.1166	239434	0.999854	59.8243	327852	0	0	1
322	rs1	1:1	2:0.27475	rs2	1:2	2:0.524	0	1000	0	2.09233e-37	7.43347	0.581601	4.94349e-37	7.39879	0.58194	0.999915	-24.8921	232599	0.999913	-24.8921	228763	0.999854	59.8014	326243	0	0	1
323	rs1	1:1	2:0.2745	rs2	1:2	2:0.51775	0	1000	0	8.11264e-46	5.9737	0.420431	1.0089e-48	6.34657	0.432633	0.99991	-25.5708	227565	0.758497	0.328234	1.06758	0.999879	34.3757	227565	0	0	1
324	rs1	1:1	2:0.27125	rs2	1:2	2:0.51975	0	1000	0	1.24303e-41	6.84526	0.506422	1.13702e-39	7.08281	0.537372	0.999917	-25.0886	242380	0.491665	0.757686	1.10183	0.999887	34.2676	242380	0	0	1
325	rs1	1:1	2:0.2705	rs2	1:2	2:0.52225	0	1000	0	4.97195e-26	8.19877	0.776986	4.42134e-25	8.05086	0.778257	0.999926	-24.1645	260432	0.99992	-24.1648	242322	0.999867	59.0756	355731	0	0	1
326	rs1	1:1	2:0.2765	rs2	1:2	2:0.52	0	1000	0	8.70209e-32	8.05816	0.686833	6.46386e-34	8.31237	0.684696	0.99991	-24.5982	218350	0.99992	-24.5987	246900	0.999855	60.0968	329600	0	0	1
327	rs1	1:1	2:0.2715	rs2	1:2	2:0.523	0	1000	0	4.68536e-46	6.62615	0.465094	8.15903e-42	6.6558	0.491281	0.999918	-25.2846	245312	0.700445	0.417735	1.08582	0.999888	34.3826	245312	0	0	1
328	rs1	1:1	2:0.279	rs2	1:2	2:0.52225	0	1000	0	3.3095e-25	7.93168	0.764688	9.2397e-27	8.17008	0.76292	0.999912	-24.2031	218360	0.999921	-24.2034	245365	0.999857	58.8275	328458	0	0	1
329	rs1	1:1	2:0.2745	rs2	1:2	2:0.5245	0	1000	0	1.05499e-44	6.92944	0.493982	3.49381e-41	7.0801	0.526768	0.999911	-25.1286	226345	0.650162	0.499212	1.10071	0.999879	34.3024	226345	0	0	1
330	rs1	1:1	2:0.276	rs2	1:2	2:0.5245	0	1000	0	1.18409e-37	7.45553	0.581317	4.88607e-42	7.28522	0.536252	0.532698	0.700694	1.1231	0.999912	-24.9066	226337	0.999879	34.2073	226337	0	0	1
331	rs1	1:1	2:0.27325	rs2	1:2	2:0.52325	0	1000	0	8.08699e-37	8.06067	0.635926	5.9231e-33	8.34907	0.698222	0.999914	-24.6017	228775	0.352208	1.0791	1.15993	0.999879	34.641	228775	0	0	1
332	rs1	1:1	2:0.278	rs2	1:2	2:0.52625	0	1000	0	7.32919e-48	6.75145	0.464513	1.52469e-42	7.13135	0.521662	0.999906	-25.1494	214161	0.179598	1.13172	0.843314	0.999875	33.5742	214161	0	0	1
333	rs1	1:1	2:0.27575	rs2	1:2	2:0.52325	0	1000	0	6.81338e-33	7.97037	0.667201	1.18027e-33	8.05833	0.666481	0.999911	-24.611	221667	0.999915	-24.6112	231320	0.999851	59.7732	320383	0	0	1
334	rs1	1:1	2:0.27375	rs2	1:2	2:0.52625	0	1000	0	1.53496e-33	7.96303	0.659777	2.43806e-26	8.24656	0.776604	0.999918	-24.2015	236644	0.245869	1.4267	1.22945	0.999887	33.4837	236644	0	0	1
335	rs1	1:1	2:0.27625	rs2	1:2	2:0.525	0	1000	0	3.13386e-33	7.85521	0.654035	4.87022e-33	7.83347	0.654214	0.999913	-24.6158	226349	0.999912	-24.6156	223982	0.999851	59.5262	318437	0	0	1
336	rs1	1:1	2:0.2735	rs2	1:2	2:0.5255	0	1000	0	3.85939e-26	8.0751	0.763546	2.71369e-25	7.94475	0.764551	0.999921	-24.1928	243819	0.999916	-24.1927	228771	0.99986	58.8164	334340	0	0	1
