Outcome	Var1_ID	Var1_Pos	Var1_MAF	Var2_ID	Var2_Pos	Var2_MAF	Num_Missing	Num_Cases	Converged	Red_Var1_Pval	Red_Var1_beta	Red_Var1_SE	Red_Var2_Pval	Red_Var2_beta	Red_Var2_SE	Full_Var1_Pval	Full_Var1_beta	Full_Var1_SE	Full_Var2_Pval	Full_Var2_beta	Full_Var2_SE	Full_Var1_Var2_Pval	Full_Var1_Var2_beta	Full_Var1_Var2_SE	Red_Model_Pval	Full_Model_Pval	Overall_Pval_(LRT)
1	rs1	1:1	2:0.27325	rs2	1:2	2:0.52625	0	1000	0	0.99998	-24.3998	981393	3.94789e-28	12.7079	1.15557	0.99998	-24.3998	981393	3.94789e-28	12.7079	1.15557	nan	nan	nan	1	0	1
2	rs1	1:1	2:0.275	rs2	1:2	2:0.52175	0	1000	0	0.999992	-23.2981	2.19446e+06	9.7533e-27	13.1184	1.22556	0.999992	-23.2981	2.19446e+06	9.7533e-27	13.1184	1.22556	nan	nan	nan	1	0	1
3	rs1	1:1	2:0.27125	rs2	1:2	2:0.52175	0	1000	0	0.999991	-24.6834	2.19446e+06	1.21644e-28	12.4232	1.11893	0.999991	-24.6834	2.19446e+06	1.21644e-28	12.4232	1.11893	nan	nan	nan	1	0	1
4	rs1	1:1	2:0.27775	rs2	1:2	2:0.527	0	1000	0	0.999988	-23.3002	1.55172e+06	3.83498e-28	12.7109	1.15557	0.999988	-23.3002	1.55172e+06	3.83498e-28	12.7109	1.15557	nan	nan	nan	1	0	1
5	rs1	1:1	2:0.2715	rs2	1:2	2:0.52325	0	1000	0	0.999984	-25.6037	1.26697e+06	5.91467e-56	10.3982	0.65981	0.999984	-25.6037	1.26697e+06	5.91467e-56	10.3982	0.65981	nan	nan	nan	1	0	1
6	rs1	1:1	2:0.27025	rs2	1:2	2:0.5195	0	1000	0	0.999991	-25.4954	2.19446e+06	3.76682e-44	10.9131	0.783022	0.999991	-25.4954	2.19446e+06	3.76682e-44	10.9131	0.783022	nan	nan	nan	1	0	1
7	rs1	1:1	2:0.2735	rs2	1:2	2:0.52525	0	1000	0	0.999987	-24.6854	1.55172e+06	1.12414e-41	11.7281	0.867184	0.999987	-24.6854	1.55172e+06	1.12414e-41	11.7281	0.867184	nan	nan	nan	1	0	1
8	rs1	1:1	2:0.275	rs2	1:2	2:0.5225	0	1000	0	0.99998	-24.6895	981393	1.60181e-49	11.3186	0.765079	0.99998	-24.6895	981393	1.60181e-49	11.3186	0.765079	nan	nan	nan	1	0	1
9	rs1	1:1	2:0.276	rs2	1:2	2:0.522	0	1000	0	0.99998	-24.6905	981393	1.21446e-54	11.0299	0.708529	0.99998	-24.6905	981393	1.21446e-54	11.0299	0.708529	nan	nan	nan	1	0	1
10	rs1	1:1	2:0.2745	rs2	1:2	2:0.5245	0	1000	0	0.99998	-24.6864	981393	0.99959	35.7193	69541.6	0.99998	-24.6864	981393	0.99959	35.7193	69541.6	nan	nan	nan	1	0	1
11	rs1	1:1	2:0.26975	rs2	1:2	2:0.52075	0	1000	0	0.999984	-25.2461	1.26697e+06	6.09675e-44	11.1644	0.803037	0.999984	-25.2461	1.26697e+06	6.09675e-44	11.1644	0.803037	nan	nan	nan	1	0	1
12	rs1	1:1	2:0.2725	rs2	1:2	2:0.52325	0	1000	0	0.999984	-25.2461	1.26697e+06	6.09675e-44	11.1644	0.803037	0.999984	-25.2461	1.26697e+06	6.09675e-44	11.1644	0.803037	nan	nan	nan	1	0	1
13	rs1	1:1	2:0.27275	rs2	1:2	2:0.5225	0	1000	0	0.999984	-25.0919	1.26697e+06	1.40764e-43	11.3196	0.817727	0.999984	-25.0919	1.26697e+06	1.40764e-43	11.3196	0.817727	nan	nan	nan	1	0	1
14	rs1	1:1	2:0.27475	rs2	1:2	2:0.52575	0	1000	0	0.999985	-24.4008	1.26697e+06	1.53983e-49	11.3206	0.765077	0.999985	-24.4008	1.26697e+06	1.53983e-49	11.3206	0.765077	nan	nan	nan	1	0	1
15	rs1	1:1	2:0.274	rs2	1:2	2:0.5235	0	1000	0	0.999982	-24.3998	1.09723e+06	1.80275e-39	12.0147	0.913971	0.999982	-24.3998	1.09723e+06	1.80275e-39	12.0147	0.913971	nan	nan	nan	1	0	1
16	rs1	1:1	2:0.27425	rs2	1:2	2:0.524	0	1000	0	0.999981	-23.3052	981393	9.67782e-29	12.195	1.09636	0.999981	-23.3052	981393	9.67782e-29	12.195	1.09636	nan	nan	nan	1	0	1
17	rs1	1:1	2:0.272	rs2	1:2	2:0.527	0	1000	0	0.999991	-24.9066	2.19446e+06	9.28441e-29	12.1991	1.09636	0.999991	-24.9066	2.19446e+06	9.28441e-29	12.1991	1.09636	nan	nan	nan	1	0	1
18	rs1	1:1	2:0.27025	rs2	1:2	2:0.51875	0	1000	0	0.999984	-24.9106	1.26697e+06	5.95274e-52	11.0964	0.731672	0.999984	-24.9106	1.26697e+06	5.95274e-52	11.0964	0.731672	nan	nan	nan	1	0	1
19	rs1	1:1	2:0.27125	rs2	1:2	2:0.528	0	1000	0	0.999985	-24.3998	1.26697e+06	9.56057e-46	11.6093	0.817726	0.999985	-24.3998	1.26697e+06	9.56057e-46	11.6093	0.817726	nan	nan	nan	1	0	1
20	rs1	1:1	2:0.27425	rs2	1:2	2:0.521	0	1000	0	0.999982	-24.6854	1.09723e+06	0.99959	35.7203	69541.6	0.999982	-24.6854	1.09723e+06	0.99959	35.7203	69541.6	nan	nan	nan	1	0	1
21	rs1	1:1	2:0.271	rs2	1:2	2:0.52025	0	1000	0	0.999984	-24.9086	1.26697e+06	9.47792e-29	12.1971	1.09636	0.999984	-24.9086	1.26697e+06	9.47792e-29	12.1971	1.09636	nan	nan	nan	1	0	1
22	rs1	1:1	2:0.27175	rs2	1:2	2:0.52	0	1000	0	0.999984	-25.3806	1.26697e+06	2.95527e-55	10.6234	0.678489	0.999984	-25.3806	1.26697e+06	2.95527e-55	10.6234	0.678489	nan	nan	nan	1	0	1
23	rs1	1:1	2:0.27275	rs2	1:2	2:0.5175	0	1000	0	0.999991	-25.0879	2.19446e+06	0.999595	35.3179	69611.5	0.999991	-25.0879	2.19446e+06	0.999595	35.3179	69611.5	nan	nan	nan	1	0	1
24	rs1	1:1	2:0.2765	rs2	1:2	2:0.5185	0	1000	0	0.999982	-24.9086	1.09723e+06	0.999593	35.4972	69576.5	0.999982	-24.9086	1.09723e+06	0.999593	35.4972	69576.5	nan	nan	nan	1	0	1
25	rs1	1:1	2:0.27975	rs2	1:2	2:0.527	0	1000	0	0.99998	-24.6885	981393	1.17902e-41	11.725	0.867186	0.99998	-24.6885	981393	1.17902e-41	11.725	0.867186	nan	nan	nan	1	0	1
26	rs1	1:1	2:0.27725	rs2	1:2	2:0.5245	0	1000	0	0.999974	-25.5034	775859	1.21883e-55	10.4996	0.66818	0.999974	-25.5034	775859	1.21883e-55	10.4996	0.66818	nan	nan	nan	1	0	1
27	rs1	1:1	2:0.27525	rs2	1:2	2:0.526	0	1000	0	0.999982	-24.9126	1.09723e+06	3.89372e-58	10.8067	0.672319	0.999982	-24.9126	1.09723e+06	3.89372e-58	10.8067	0.672319	nan	nan	nan	1	0	1
28	rs1	1:1	2:0.27675	rs2	1:2	2:0.51925	0	1000	0	0.99998	-24.6864	981393	0.99959	35.7193	69541.6	0.99998	-24.6864	981393	0.99959	35.7193	69541.6	nan	nan	nan	1	0	1
29	rs1	1:1	2:0.27075	rs2	1:2	2:0.52175	0	1000	0	0.999985	-24.3998	1.26697e+06	9.56057e-46	11.6093	0.817726	0.999985	-24.3998	1.26697e+06	9.56057e-46	11.6093	0.817726	nan	nan	nan	1	0	1
30	rs1	1:1	2:0.27575	rs2	1:2	2:0.52125	0	1000	0	0.999987	-24.6834	1.55172e+06	0.99959	35.7224	69541.6	0.999987	-24.6834	1.55172e+06	0.99959	35.7224	69541.6	nan	nan	nan	1	0	1
31	rs1	1:1	2:0.27275	rs2	1:2	2:0.526	0	1000	0	0.999991	-25.2481	2.19446e+06	1.12407e-72	10.0638	0.558156	0.999991	-25.2481	2.19446e+06	1.12407e-72	10.0638	0.558156	nan	nan	nan	1	0	1
32	rs1	1:1	2:0.27675	rs2	1:2	2:0.528	0	1000	0	0.999987	-24.3958	1.55172e+06	0.999587	36.01	69506.7	0.999987	-24.3958	1.55172e+06	0.999587	36.01	69506.7	nan	nan	nan	1	0	1
33	rs1	1:1	2:0.274	rs2	1:2	2:0.52725	0	1000	1	nan	nan	nan	3.76127e-28	12.7129	1.15557	nan	nan	nan	nan	nan	nan	nan	nan	nan	0	1	1
34	rs1	1:1	2:0.27575	rs2	1:2	2:0.52125	0	1000	0	0.999987	-25.0899	1.55172e+06	1.07351e-28	12.0147	1.08105	0.999987	-25.0899	1.55172e+06	1.07351e-28	12.0147	1.08105	nan	nan	nan	1	0	1
35	rs1	1:1	2:0.278	rs2	1:2	2:0.52525	0	1000	0	0.999982	-24.6905	1.09723e+06	3.8941e-58	10.8067	0.672319	0.999982	-24.6905	1.09723e+06	3.8941e-58	10.8067	0.672319	nan	nan	nan	1	0	1
36	rs1	1:1	2:0.27075	rs2	1:2	2:0.51925	0	1000	0	0.999987	-25.0939	1.55172e+06	8.83927e-66	10.4013	0.60719	0.999987	-25.0939	1.55172e+06	8.83927e-66	10.4013	0.60719	nan	nan	nan	1	0	1
37	rs1	1:1	2:0.26975	rs2	1:2	2:0.5215	0	1000	0	0.999987	-25.0919	1.55172e+06	1.54011e-53	10.9141	0.708527	0.999987	-25.0919	1.55172e+06	1.54011e-53	10.9141	0.708527	nan	nan	nan	1	0	1
38	rs1	1:1	2:0.2715	rs2	1:2	2:0.52825	0	1000	0	0.999987	37.1046	2.19469e+06	1.06235e-28	12.0157	1.08105	0.999987	37.1046	2.19469e+06	1.06235e-28	12.0157	1.08105	nan	nan	nan	1	0	1
39	rs1	1:1	2:0.27425	rs2	1:2	2:0.52275	0	1000	0	0.999988	-23.9903	1.55172e+06	0.999582	36.4155	69471.8	0.999988	-23.9903	1.55172e+06	0.999582	36.4155	69471.8	nan	nan	nan	1	0	1
40	rs1	1:1	2:0.27425	rs2	1:2	2:0.52475	0	1000	0	0.999979	-23.9963	895885	2.40301e-35	12.4192	1.001	0.999979	-23.9963	895885	2.40301e-35	12.4192	1.001	nan	nan	nan	1	0	1
41	rs1	1:1	2:0.2715	rs2	1:2	2:0.52075	0	1000	0	0.999984	-25.2461	1.26697e+06	6.09675e-44	11.1644	0.803037	0.999984	-25.2461	1.26697e+06	6.09675e-44	11.1644	0.803037	nan	nan	nan	1	0	1
42	rs1	1:1	2:0.27275	rs2	1:2	2:0.5185	0	1000	0	0.999987	-25.0909	1.55172e+06	1.38359e-43	11.3206	0.817727	0.999987	-25.0909	1.55172e+06	1.38359e-43	11.3206	0.817727	nan	nan	nan	1	0	1
43	rs1	1:1	2:0.275	rs2	1:2	2:0.52775	0	1000	0	0.999987	-24.6875	1.55172e+06	1.13527e-54	11.0329	0.708527	0.999987	-24.6875	1.55172e+06	1.13527e-54	11.0329	0.708527	nan	nan	nan	1	0	1
44	rs1	1:1	2:0.276	rs2	1:2	2:0.5215	0	1000	0	0.999991	-24.6834	2.19446e+06	1.21644e-28	12.4232	1.11893	0.999991	-24.6834	2.19446e+06	1.21644e-28	12.4232	1.11893	nan	nan	nan	1	0	1
45	rs1	1:1	2:0.273	rs2	1:2	2:0.529	0	1000	0	0.999991	-23.9923	2.19446e+06	1.72534e-39	12.0177	0.913969	0.999991	-23.9923	2.19446e+06	1.72534e-39	12.0177	0.913969	nan	nan	nan	1	0	1
46	rs1	1:1	2:0.2775	rs2	1:2	2:0.519	0	1000	0	0.99998	-24.9096	981393	0.999593	35.4962	69576.5	0.99998	-24.9096	981393	0.999593	35.4962	69576.5	nan	nan	nan	1	0	1
47	rs1	1:1	2:0.27775	rs2	1:2	2:0.51875	0	1000	0	0.999987	-25.0899	1.55172e+06	1.07351e-28	12.0147	1.08105	0.999987	-25.0899	1.55172e+06	1.07351e-28	12.0147	1.08105	nan	nan	nan	1	0	1
48	rs1	1:1	2:0.27775	rs2	1:2	2:0.5275	0	1000	0	0.999985	-24.4008	1.26697e+06	1.53983e-49	11.3206	0.765077	0.999985	-24.4008	1.26697e+06	1.53983e-49	11.3206	0.765077	nan	nan	nan	1	0	1
49	rs1	1:1	2:0.274	rs2	1:2	2:0.52	0	1000	0	0.999991	-24.6824	2.19446e+06	0.99959	35.7234	69541.6	0.999991	-24.6824	2.19446e+06	0.99959	35.7234	69541.6	nan	nan	nan	1	0	1
50	rs1	1:1	2:0.274	rs2	1:2	2:0.52325	0	1000	0	0.999984	-24.6864	1.26697e+06	1.14212e-41	11.727	0.867185	0.999984	-24.6864	1.26697e+06	1.14212e-41	11.727	0.867185	nan	nan	nan	1	0	1
51	rs1	1:1	2:0.27825	rs2	1:2	2:0.52475	0	1000	0	0.999987	-24.6875	1.55172e+06	1.13527e-54	11.0329	0.708527	0.999987	-24.6875	1.55172e+06	1.13527e-54	11.0329	0.708527	nan	nan	nan	1	0	1
52	rs1	1:1	2:0.269	rs2	1:2	2:0.52375	0	1000	0	0.999991	-25.0919	2.19446e+06	1.31355e-60	10.6264	0.647053	0.999991	-25.0919	2.19446e+06	1.31355e-60	10.6264	0.647053	nan	nan	nan	1	0	1
53	rs1	1:1	2:0.27075	rs2	1:2	2:0.5205	0	1000	0	0.999991	-25.0909	2.19446e+06	1.50634e-53	10.9151	0.708527	0.999991	-25.0909	2.19446e+06	1.50634e-53	10.9151	0.708527	nan	nan	nan	1	0	1
54	rs1	1:1	2:0.2745	rs2	1:2	2:0.52675	0	1000	0	0.999976	-25.0969	829429	1.72118e-53	10.9091	0.708531	0.999976	-25.0969	829429	1.72118e-53	10.9091	0.708531	nan	nan	nan	1	0	1
55	rs1	1:1	2:0.27525	rs2	1:2	2:0.51925	0	1000	1	0.000710235	4.19369	1.23868	3.98608e-28	12.7069	1.15557	0.000710235	4.19369	1.23868	3.98608e-28	12.7069	1.15557	nan	nan	nan	0	0	1
56	rs1	1:1	2:0.275	rs2	1:2	2:0.52475	0	1000	0	0.999978	-25.0969	895885	1.49584e-60	10.6214	0.647057	0.999978	-25.0969	895885	1.49584e-60	10.6214	0.647057	nan	nan	nan	1	0	1
57	rs1	1:1	2:0.275	rs2	1:2	2:0.522	0	1000	0	0.999982	-24.9116	1.09723e+06	6.08004e-52	11.0954	0.731673	0.999982	-24.9116	1.09723e+06	6.08004e-52	11.0954	0.731673	nan	nan	nan	1	0	1
58	rs1	1:1	2:0.27175	rs2	1:2	2:0.52275	0	1000	0	0.999988	-23.9903	1.55172e+06	0.999582	36.4155	69471.8	0.999988	-23.9903	1.55172e+06	0.999582	36.4155	69471.8	nan	nan	nan	1	0	1
59	rs1	1:1	2:0.2745	rs2	1:2	2:0.52125	0	1000	0	0.999984	-24.6875	1.26697e+06	1.53974e-49	11.3206	0.765077	0.999984	-24.6875	1.26697e+06	1.53974e-49	11.3206	0.765077	nan	nan	nan	1	0	1
60	rs1	1:1	2:0.2705	rs2	1:2	2:0.52225	0	1000	0	0.999984	-25.2491	1.26697e+06	3.71432e-68	10.2451	0.587258	0.999984	-25.2491	1.26697e+06	3.71432e-68	10.2451	0.587258	nan	nan	nan	1	0	1
61	rs1	1:1	2:0.27275	rs2	1:2	2:0.52225	0	1000	0	0.999982	-24.3988	1.09723e+06	3.90979e-28	12.7089	1.15557	0.999982	-24.3988	1.09723e+06	3.90979e-28	12.7089	1.15557	nan	nan	nan	1	0	1
62	rs1	1:1	2:0.27125	rs2	1:2	2:0.52375	0	1000	0	0.999991	-24.6875	2.19446e+06	3.61841e-58	10.8098	0.672317	0.999991	-24.6875	2.19446e+06	3.61841e-58	10.8098	0.672317	nan	nan	nan	1	0	1
63	rs1	1:1	2:0.27125	rs2	1:2	2:0.52175	0	1000	0	0.999991	-25.2441	2.19446e+06	5.88559e-44	11.1664	0.803036	0.999991	-25.2441	2.19446e+06	5.88559e-44	11.1664	0.803036	nan	nan	nan	1	0	1
64	rs1	1:1	2:0.275	rs2	1:2	2:0.52	0	1000	0	0.999991	-25.0879	2.19446e+06	0.999595	35.3179	69611.5	0.999991	-25.0879	2.19446e+06	0.999595	35.3179	69611.5	nan	nan	nan	1	0	1
65	rs1	1:1	2:0.2715	rs2	1:2	2:0.51975	0	1000	0	0.999985	-24.3988	1.26697e+06	1.77654e-39	12.0157	0.91397	0.999985	-24.3988	1.26697e+06	1.77654e-39	12.0157	0.91397	nan	nan	nan	1	0	1
66	rs1	1:1	2:0.2695	rs2	1:2	2:0.52475	0	1000	0	0.999984	-24.6864	1.26697e+06	1.14212e-41	11.727	0.867185	0.999984	-24.6864	1.26697e+06	1.14212e-41	11.727	0.867185	nan	nan	nan	1	0	1
67	rs1	1:1	2:0.277	rs2	1:2	2:0.5225	0	1000	0	0.99998	-25.0949	981393	1.64623e-53	10.9111	0.70853	0.99998	-25.0949	981393	1.64623e-53	10.9111	0.70853	nan	nan	nan	1	0	1
68	rs1	1:1	2:0.27275	rs2	1:2	2:0.5265	0	1000	0	0.999982	-25.0939	1.09723e+06	1.61004e-53	10.9121	0.708529	0.999982	-25.0939	1.09723e+06	1.61004e-53	10.9121	0.708529	nan	nan	nan	1	0	1
69	rs1	1:1	2:0.27725	rs2	1:2	2:0.5185	0	1000	0	0.999984	-24.9086	1.26697e+06	9.47792e-29	12.1971	1.09636	0.999984	-24.9086	1.26697e+06	9.47792e-29	12.1971	1.09636	nan	nan	nan	1	0	1
70	rs1	1:1	2:0.27375	rs2	1:2	2:0.51975	0	1000	0	0.999984	-25.2451	1.26697e+06	1.51826e-28	11.8586	1.06999	0.999984	-25.2451	1.26697e+06	1.51826e-28	11.8586	1.06999	nan	nan	nan	1	0	1
71	rs1	1:1	2:0.277	rs2	1:2	2:0.525	0	1000	0	0.999987	-24.4018	1.55172e+06	1.54031e-53	10.9141	0.708527	0.999987	-24.4018	1.55172e+06	1.54031e-53	10.9141	0.708527	nan	nan	nan	1	0	1
72	rs1	1:1	2:0.27275	rs2	1:2	2:0.52125	0	1000	0	0.999988	-23.9923	1.55172e+06	2.28463e-35	12.4232	1.001	0.999988	-23.9923	1.55172e+06	2.28463e-35	12.4232	1.001	nan	nan	nan	1	0	1
73	rs1	1:1	2:0.275	rs2	1:2	2:0.519	0	1000	0	0.999984	-24.6864	1.26697e+06	1.14212e-41	11.727	0.867185	0.999984	-24.6864	1.26697e+06	1.14212e-41	11.727	0.867185	nan	nan	nan	1	0	1
74	rs1	1:1	2:0.27275	rs2	1:2	2:0.5225	0	1000	0	0.999987	-24.9086	1.55172e+06	6.70344e-43	11.5039	0.83786	0.999987	-24.9086	1.55172e+06	6.70344e-43	11.5039	0.83786	nan	nan	nan	1	0	1
75	rs1	1:1	2:0.27375	rs2	1:2	2:0.5205	0	1000	0	0.999984	-24.9086	1.26697e+06	9.47792e-29	12.1971	1.09636	0.999984	-24.9086	1.26697e+06	9.47792e-29	12.1971	1.09636	nan	nan	nan	1	0	1
76	rs1	1:1	2:0.27525	rs2	1:2	2:0.52375	0	1000	0	0.999984	-24.9096	1.26697e+06	6.8162e-43	11.5029	0.83786	0.999984	-24.9096	1.26697e+06	6.8162e-43	11.5029	0.83786	nan	nan	nan	1	0	1
77	rs1	1:1	2:0.2705	rs2	1:2	2:0.517	0	1000	1	0.0014946	4.60317	1.44948	6.31057e-28	11.4999	1.04977	0.0014946	4.60317	1.44948	6.31057e-28	11.4999	1.04977	nan	nan	nan	0	0	1
78	rs1	1:1	2:0.27575	rs2	1:2	2:0.52225	0	1000	0	0.999985	-24.3998	1.26697e+06	9.56057e-46	11.6093	0.817726	0.999985	-24.3998	1.26697e+06	9.56057e-46	11.6093	0.817726	nan	nan	nan	1	0	1
79	rs1	1:1	2:0.2745	rs2	1:2	2:0.52025	0	1000	1	nan	nan	nan	1.20421e-28	12.4242	1.11893	nan	nan	nan	nan	nan	nan	nan	nan	nan	0	1	1
80	rs1	1:1	2:0.274	rs2	1:2	2:0.52125	0	1000	0	0.99998	-24.6875	981393	1.26656e-28	12.4192	1.11893	0.99998	-24.6875	981393	1.26656e-28	12.4192	1.11893	nan	nan	nan	1	0	1
81	rs1	1:1	2:0.27675	rs2	1:2	2:0.521	0	1000	0	0.999977	-25.6037	895885	0.999602	34.802	69752	0.999977	-25.6037	895885	0.999602	34.802	69752	nan	nan	nan	1	0	1
82	rs1	1:1	2:0.277	rs2	1:2	2:0.521	0	1000	0	0.999987	-24.9076	1.55172e+06	9.38062e-29	12.1981	1.09636	0.999987	-24.9076	1.55172e+06	9.38062e-29	12.1981	1.09636	nan	nan	nan	1	0	1
83	rs1	1:1	2:0.27275	rs2	1:2	2:0.52375	0	1000	0	0.999987	-24.9106	1.55172e+06	3.70783e-58	10.8087	0.672318	0.999987	-24.9106	1.55172e+06	3.70783e-58	10.8087	0.672318	nan	nan	nan	1	0	1
84	rs1	1:1	2:0.27275	rs2	1:2	2:0.5225	0	1000	0	0.999984	-24.9106	1.26697e+06	5.95274e-52	11.0964	0.731672	0.999984	-24.9106	1.26697e+06	5.95274e-52	11.0964	0.731672	nan	nan	nan	1	0	1
85	rs1	1:1	2:0.27575	rs2	1:2	2:0.521	0	1000	0	0.999991	-25.0909	2.19446e+06	1.50634e-53	10.9151	0.708527	0.999991	-25.0909	2.19446e+06	1.50634e-53	10.9151	0.708527	nan	nan	nan	1	0	1
86	rs1	1:1	2:0.274	rs2	1:2	2:0.5195	0	1000	0	0.999987	-24.9076	1.55172e+06	9.38062e-29	12.1981	1.09636	0.999987	-24.9076	1.55172e+06	9.38062e-29	12.1981	1.09636	nan	nan	nan	1	0	1
87	rs1	1:1	2:0.27475	rs2	1:2	2:0.52025	0	1000	0	0.999982	-24.3978	1.09723e+06	0.999587	36.008	69506.7	0.999982	-24.3978	1.09723e+06	0.999587	36.008	69506.7	nan	nan	nan	1	0	1
88	rs1	1:1	2:0.272	rs2	1:2	2:0.5225	0	1000	0	0.999984	-25.0909	1.26697e+06	1.08479e-28	12.0137	1.08105	0.999984	-25.0909	1.26697e+06	1.08479e-28	12.0137	1.08105	nan	nan	nan	1	0	1
89	rs1	1:1	2:0.2745	rs2	1:2	2:0.526	0	1000	0	0.999991	-24.6864	2.19446e+06	1.11008e-54	11.0339	0.708526	0.999991	-24.6864	2.19446e+06	1.11008e-54	11.0339	0.708526	nan	nan	nan	1	0	1
90	rs1	1:1	2:0.27625	rs2	1:2	2:0.52325	0	1000	0	0.999987	-24.9116	1.55172e+06	1.45452e-62	10.5846	0.634044	0.999987	-24.9116	1.55172e+06	1.45452e-62	10.5846	0.634044	nan	nan	nan	1	0	1
91	rs1	1:1	2:0.273	rs2	1:2	2:0.52425	0	1000	0	0.999991	-24.3978	2.19446e+06	9.22821e-46	11.6113	0.817725	0.999991	-24.3978	2.19446e+06	9.22821e-46	11.6113	0.817725	nan	nan	nan	1	0	1
92	rs1	1:1	2:0.2735	rs2	1:2	2:0.52675	0	1000	0	0.999983	-23.3032	1.09723e+06	1.25398e-28	12.4202	1.11893	0.999983	-23.3032	1.09723e+06	1.25398e-28	12.4202	1.11893	nan	nan	nan	1	0	1
93	rs1	1:1	2:0.2745	rs2	1:2	2:0.524	0	1000	0	0.999991	-24.9086	2.19446e+06	5.70631e-52	11.0984	0.731671	0.999991	-24.9086	2.19446e+06	5.70631e-52	11.0984	0.731671	nan	nan	nan	1	0	1
94	rs1	1:1	2:0.27175	rs2	1:2	2:0.52225	0	1000	0	0.999991	-25.0899	2.19446e+06	1.35997e-43	11.3216	0.817726	0.999991	-25.0899	2.19446e+06	1.35997e-43	11.3216	0.817726	nan	nan	nan	1	0	1
95	rs1	1:1	2:0.27475	rs2	1:2	2:0.526	0	1000	0	0.99998	-24.6895	981393	1.60181e-49	11.3186	0.765079	0.99998	-24.6895	981393	1.60181e-49	11.3186	0.765079	nan	nan	nan	1	0	1
96	rs1	1:1	2:0.2775	rs2	1:2	2:0.52175	0	1000	0	0.999991	-23.9913	2.19446e+06	2.25599e-35	12.4242	1.001	0.999991	-23.9913	2.19446e+06	2.25599e-35	12.4242	1.001	nan	nan	nan	1	0	1
97	rs1	1:1	2:0.273	rs2	1:2	2:0.52075	0	1000	0	0.999991	-25.0889	2.19446e+06	1.06235e-28	12.0157	1.08105	0.999991	-25.0889	2.19446e+06	1.06235e-28	12.0157	1.08105	nan	nan	nan	1	0	1
98	rs1	1:1	2:0.2715	rs2	1:2	2:0.5245	0	1000	0	0.999987	-24.6895	1.55172e+06	1.34821e-60	10.6254	0.647054	0.999987	-24.6895	1.55172e+06	1.34821e-60	10.6254	0.647054	nan	nan	nan	1	0	1
99	rs1	1:1	2:0.27575	rs2	1:2	2:0.52125	0	1000	0	0.999984	-24.6885	1.26697e+06	1.16105e-54	11.0319	0.708527	0.999984	-24.6885	1.26697e+06	1.16105e-54	11.0319	0.708527	nan	nan	nan	1	0	1
100	rs1	1:1	2:0.2685	rs2	1:2	2:0.52225	0	1000	0	0.999987	-24.6854	1.55172e+06	1.12414e-41	11.7281	0.867184	0.999987	-24.6854	1.55172e+06	1.12414e-41	11.7281	0.867184	nan	nan	nan	1	0	1
101	rs1	1:1	2:0.275	rs2	1:2	2:0.52425	0	1000	0	0.999979	-25.3846	981393	6.33232e-70	10.1085	0.571855	0.999979	-25.3846	981393	6.33232e-70	10.1085	0.571855	nan	nan	nan	1	0	1
102	rs1	1:1	2:0.27625	rs2	1:2	2:0.523	0	1000	0	0.999988	-23.2981	1.55172e+06	1.64993e-22	13.8115	1.41492	0.999988	-23.2981	1.55172e+06	1.64993e-22	13.8115	1.41492	nan	nan	nan	1	0	1
103	rs1	1:1	2:0.276	rs2	1:2	2:0.51775	0	1000	0	0.999975	-25.7011	829429	1.11312e-27	11.3985	1.04543	0.999975	-25.7011	829429	1.11312e-27	11.3985	1.04543	nan	nan	nan	1	0	1
104	rs1	1:1	2:0.27625	rs2	1:2	2:0.521	0	1000	0	0.999982	-25.2451	1.09723e+06	0.999597	35.1607	69646.5	0.999982	-25.2451	1.09723e+06	0.999597	35.1607	69646.5	nan	nan	nan	1	0	1
105	rs1	1:1	2:0.27125	rs2	1:2	2:0.52	0	1000	0	0.999987	-24.9096	1.55172e+06	5.82811e-52	11.0974	0.731672	0.999987	-24.9096	1.55172e+06	5.82811e-52	11.0974	0.731672	nan	nan	nan	1	0	1
106	rs1	1:1	2:0.27675	rs2	1:2	2:0.524	0	1000	0	0.999988	-23.9913	1.55172e+06	9.84016e-27	13.1174	1.22556	0.999988	-23.9913	1.55172e+06	9.84016e-27	13.1174	1.22556	nan	nan	nan	1	0	1
107	rs1	1:1	2:0.27375	rs2	1:2	2:0.5195	0	1000	0	0.999991	-25.2441	2.19446e+06	5.88559e-44	11.1664	0.803036	0.999991	-25.2441	2.19446e+06	5.88559e-44	11.1664	0.803036	nan	nan	nan	1	0	1
108	rs1	1:1	2:0.27575	rs2	1:2	2:0.5175	0	1000	0	0.999981	-25.4974	1.09723e+06	3.87348e-28	11.6042	1.05505	0.999981	-25.4974	1.09723e+06	3.87348e-28	11.6042	1.05505	nan	nan	nan	1	0	1
109	rs1	1:1	2:0.27025	rs2	1:2	2:0.52275	0	1000	0	0.999985	-24.3998	1.26697e+06	9.56057e-46	11.6093	0.817726	0.999985	-24.3998	1.26697e+06	9.56057e-46	11.6093	0.817726	nan	nan	nan	1	0	1
110	rs1	1:1	2:0.2765	rs2	1:2	2:0.5225	0	1000	0	0.999984	-24.9116	1.26697e+06	3.79964e-58	10.8077	0.672318	0.999984	-24.9116	1.26697e+06	3.79964e-58	10.8077	0.672318	nan	nan	nan	1	0	1
111	rs1	1:1	2:0.275	rs2	1:2	2:0.52025	0	1000	0	0.999985	-24.3978	1.26697e+06	3.87214e-28	12.7099	1.15557	0.999985	-24.3978	1.26697e+06	3.87214e-28	12.7099	1.15557	nan	nan	nan	1	0	1
112	rs1	1:1	2:0.27275	rs2	1:2	2:0.51875	0	1000	0	0.999991	-24.9056	2.19446e+06	0.999593	35.5002	69576.5	0.999991	-24.9056	2.19446e+06	0.999593	35.5002	69576.5	nan	nan	nan	1	0	1
113	rs1	1:1	2:0.27425	rs2	1:2	2:0.519	0	1000	0	0.999984	-24.6844	1.26697e+06	0.99959	35.7214	69541.6	0.999984	-24.6844	1.26697e+06	0.99959	35.7214	69541.6	nan	nan	nan	1	0	1
114	rs1	1:1	2:0.27225	rs2	1:2	2:0.52275	0	1000	1	nan	nan	nan	1.08906e-41	11.7301	0.867183	nan	nan	nan	nan	nan	nan	nan	nan	nan	0	1	1
115	rs1	1:1	2:0.2795	rs2	1:2	2:0.5225	0	1000	0	0.999982	-24.6875	1.09723e+06	1.16041e-41	11.726	0.867185	0.999982	-24.6875	1.09723e+06	1.16041e-41	11.726	0.867185	nan	nan	nan	1	0	1
116	rs1	1:1	2:0.2755	rs2	1:2	2:0.51975	0	1000	0	0.99998	-24.6875	981393	1.26656e-28	12.4192	1.11893	0.99998	-24.6875	981393	1.26656e-28	12.4192	1.11893	nan	nan	nan	1	0	1
117	rs1	1:1	2:0.27575	rs2	1:2	2:0.52125	0	1000	0	0.999991	-24.3968	2.19446e+06	1.7253e-39	12.0177	0.913969	0.999991	-24.3968	2.19446e+06	1.7253e-39	12.0177	0.913969	nan	nan	nan	1	0	1
118	rs1	1:1	2:0.27175	rs2	1:2	2:0.527	0	1000	0	0.999987	-24.6885	1.55172e+06	3.70801e-58	10.8087	0.672318	0.999987	-24.6885	1.55172e+06	3.70801e-58	10.8087	0.672318	nan	nan	nan	1	0	1
119	rs1	1:1	2:0.2715	rs2	1:2	2:0.525	0	1000	0	0.999987	-24.9076	1.55172e+06	9.38062e-29	12.1981	1.09636	0.999987	-24.9076	1.55172e+06	9.38062e-29	12.1981	1.09636	nan	nan	nan	1	0	1
120	rs1	1:1	2:0.2735	rs2	1:2	2:0.522	0	1000	0	0.999991	-24.6844	2.19446e+06	1.10645e-41	11.7291	0.867183	0.999991	-24.6844	2.19446e+06	1.10645e-41	11.7291	0.867183	nan	nan	nan	1	0	1
121	rs1	1:1	2:0.2695	rs2	1:2	2:0.52075	0	1000	0	0.999987	-24.9076	1.55172e+06	9.38062e-29	12.1981	1.09636	0.999987	-24.9076	1.55172e+06	9.38062e-29	12.1981	1.09636	nan	nan	nan	1	0	1
122	rs1	1:1	2:0.27625	rs2	1:2	2:0.5215	0	1000	0	0.999991	-24.3978	2.19446e+06	9.22821e-46	11.6113	0.817725	0.999991	-24.3978	2.19446e+06	9.22821e-46	11.6113	0.817725	nan	nan	nan	1	0	1
123	rs1	1:1	2:0.2765	rs2	1:2	2:0.5285	0	1000	0	0.999992	-23.2981	2.19446e+06	9.7533e-27	13.1184	1.22556	0.999992	-23.2981	2.19446e+06	9.7533e-27	13.1184	1.22556	nan	nan	nan	1	0	1
124	rs1	1:1	2:0.27325	rs2	1:2	2:0.52525	0	1000	0	0.999991	-23.9923	2.19446e+06	1.72534e-39	12.0177	0.913969	0.999991	-23.9923	2.19446e+06	1.72534e-39	12.0177	0.913969	nan	nan	nan	1	0	1
125	rs1	1:1	2:0.274	rs2	1:2	2:0.51825	0	1000	0	0.999984	-24.9106	1.26697e+06	5.95274e-52	11.0964	0.731672	0.999984	-24.9106	1.26697e+06	5.95274e-52	11.0964	0.731672	nan	nan	nan	1	0	1
126	rs1	1:1	2:0.272	rs2	1:2	2:0.522	0	1000	0	0.999987	-24.3978	1.55172e+06	1.75073e-39	12.0167	0.91397	0.999987	-24.3978	1.55172e+06	1.75073e-39	12.0167	0.91397	nan	nan	nan	1	0	1
127	rs1	1:1	2:0.27475	rs2	1:2	2:0.5235	0	1000	0	0.999982	-24.6885	1.09723e+06	1.57044e-49	11.3196	0.765078	0.999982	-24.6885	1.09723e+06	1.57044e-49	11.3196	0.765078	nan	nan	nan	1	0	1
128	rs1	1:1	2:0.27175	rs2	1:2	2:0.52375	0	1000	1	nan	nan	nan	3.76127e-28	12.7129	1.15557	nan	nan	nan	nan	nan	nan	nan	nan	nan	0	1	1
129	rs1	1:1	2:0.273	rs2	1:2	2:0.52525	0	1000	0	0.999987	-24.4028	1.55172e+06	1.39645e-54	10.7589	0.691522	0.999987	-24.4028	1.55172e+06	1.39645e-54	10.7589	0.691522	nan	nan	nan	1	0	1
130	rs1	1:1	2:0.27675	rs2	1:2	2:0.52075	0	1000	0	0.999985	-24.3998	1.26697e+06	9.56057e-46	11.6093	0.817726	0.999985	-24.3998	1.26697e+06	9.56057e-46	11.6093	0.817726	nan	nan	nan	1	0	1
131	rs1	1:1	2:0.275	rs2	1:2	2:0.523	0	1000	0	0.999985	-24.4008	1.26697e+06	1.53983e-49	11.3206	0.765077	0.999985	-24.4008	1.26697e+06	1.53983e-49	11.3206	0.765077	nan	nan	nan	1	0	1
132	rs1	1:1	2:0.2755	rs2	1:2	2:0.52475	0	1000	0	0.99998	-24.4018	981393	9.90553e-46	11.6072	0.817727	0.99998	-24.4018	981393	9.90553e-46	11.6072	0.817727	nan	nan	nan	1	0	1
133	rs1	1:1	2:0.27875	rs2	1:2	2:0.519	0	1000	0	0.999984	-25.3796	1.26697e+06	4.19874e-44	11.0299	0.791842	0.999984	-25.3796	1.26697e+06	4.19874e-44	11.0299	0.791842	nan	nan	nan	1	0	1
134	rs1	1:1	2:0.27275	rs2	1:2	2:0.52475	0	1000	0	0.999987	-24.9126	1.55172e+06	8.83978e-66	10.4013	0.60719	0.999987	-24.9126	1.55172e+06	8.83978e-66	10.4013	0.60719	nan	nan	nan	1	0	1
135	rs1	1:1	2:0.2755	rs2	1:2	2:0.5225	0	1000	0	0.999991	-24.3978	2.19446e+06	9.22821e-46	11.6113	0.817725	0.999991	-24.3978	2.19446e+06	9.22821e-46	11.6113	0.817725	nan	nan	nan	1	0	1
136	rs1	1:1	2:0.274	rs2	1:2	2:0.52375	0	1000	0	0.999982	-25.3796	1.09723e+06	2.37783e-28	11.723	1.06161	0.999982	-25.3796	1.09723e+06	2.37783e-28	11.723	1.06161	nan	nan	nan	1	0	1
137	rs1	1:1	2:0.27375	rs2	1:2	2:0.524	0	1000	0	0.999987	-24.3968	1.55172e+06	3.83484e-28	12.7109	1.15557	0.999987	-24.3968	1.55172e+06	3.83484e-28	12.7109	1.15557	nan	nan	nan	1	0	1
138	rs1	1:1	2:0.2755	rs2	1:2	2:0.517	0	1000	0	0.999982	-24.9106	1.09723e+06	6.93096e-43	11.5019	0.837861	0.999982	-24.9106	1.09723e+06	6.93096e-43	11.5019	0.837861	nan	nan	nan	1	0	1
139	rs1	1:1	2:0.27225	rs2	1:2	2:0.525	0	1000	0	0.999985	-23.9943	1.26697e+06	1.77662e-39	12.0157	0.91397	0.999985	-23.9943	1.26697e+06	1.77662e-39	12.0157	0.91397	nan	nan	nan	1	0	1
140	rs1	1:1	2:0.27325	rs2	1:2	2:0.521	0	1000	0	0.999987	-25.3786	1.55172e+06	4.12421e-44	11.0309	0.791841	0.999987	-25.3786	1.55172e+06	4.12421e-44	11.0309	0.791841	nan	nan	nan	1	0	1
141	rs1	1:1	2:0.27475	rs2	1:2	2:0.5215	0	1000	0	0.999991	-25.0879	2.19446e+06	0.999595	35.3179	69611.5	0.999991	-25.0879	2.19446e+06	0.999595	35.3179	69611.5	nan	nan	nan	1	0	1
142	rs1	1:1	2:0.274	rs2	1:2	2:0.52225	0	1000	0	0.999987	-24.3968	1.55172e+06	3.83484e-28	12.7109	1.15557	0.999987	-24.3968	1.55172e+06	3.83484e-28	12.7109	1.15557	nan	nan	nan	1	0	1
143	rs1	1:1	2:0.27425	rs2	1:2	2:0.52225	0	1000	0	0.999987	-25.4974	1.55172e+06	1.05478e-55	10.5056	0.668176	0.999987	-25.4974	1.55172e+06	1.05478e-55	10.5056	0.668176	nan	nan	nan	1	0	1
144	rs1	1:1	2:0.27375	rs2	1:2	2:0.523	0	1000	0	0.999987	-25.4974	1.55172e+06	1.05478e-55	10.5056	0.668176	0.999987	-25.4974	1.55172e+06	1.05478e-55	10.5056	0.668176	nan	nan	nan	1	0	1
145	rs1	1:1	2:0.2735	rs2	1:2	2:0.525	0	1000	0	0.999984	-24.9096	1.26697e+06	6.8162e-43	11.5029	0.83786	0.999984	-24.9096	1.26697e+06	6.8162e-43	11.5029	0.83786	nan	nan	nan	1	0	1
146	rs1	1:1	2:0.27375	rs2	1:2	2:0.5205	0	1000	0	0.999987	-25.3786	1.55172e+06	4.12421e-44	11.0309	0.791841	0.999987	-25.3786	1.55172e+06	4.12421e-44	11.0309	0.791841	nan	nan	nan	1	0	1
147	rs1	1:1	2:0.275	rs2	1:2	2:0.524	0	1000	0	0.999984	-24.6895	1.26697e+06	3.79992e-58	10.8077	0.672318	0.999984	-24.6895	1.26697e+06	3.79992e-58	10.8077	0.672318	nan	nan	nan	1	0	1
148	rs1	1:1	2:0.2775	rs2	1:2	2:0.52325	0	1000	0	0.99998	-24.6915	981393	3.99079e-58	10.8057	0.67232	0.99998	-24.6915	981393	3.99079e-58	10.8057	0.67232	nan	nan	nan	1	0	1
149	rs1	1:1	2:0.27	rs2	1:2	2:0.52275	0	1000	0	0.999991	-25.0899	2.19446e+06	1.35997e-43	11.3216	0.817726	0.999991	-25.0899	2.19446e+06	1.35997e-43	11.3216	0.817726	nan	nan	nan	1	0	1
150	rs1	1:1	2:0.27175	rs2	1:2	2:0.5245	0	1000	0	0.999991	-25.0949	2.19446e+06	1.1241e-72	10.0638	0.558156	0.999991	-25.0949	2.19446e+06	1.1241e-72	10.0638	0.558156	nan	nan	nan	1	0	1
151	rs1	1:1	2:0.26925	rs2	1:2	2:0.526	0	1000	0	0.999987	-25.0939	1.55172e+06	8.83927e-66	10.4013	0.60719	0.999987	-25.0939	1.55172e+06	8.83927e-66	10.4013	0.60719	nan	nan	nan	1	0	1
152	rs1	1:1	2:0.274	rs2	1:2	2:0.52125	0	1000	0	0.999984	-24.6875	1.26697e+06	1.53974e-49	11.3206	0.765077	0.999984	-24.6875	1.26697e+06	1.53974e-49	11.3206	0.765077	nan	nan	nan	1	0	1
153	rs1	1:1	2:0.275	rs2	1:2	2:0.52325	0	1000	0	0.999991	-25.2451	2.19446e+06	1.3645e-54	10.76	0.691521	0.999991	-25.2451	2.19446e+06	1.3645e-54	10.76	0.691521	nan	nan	nan	1	0	1
154	rs1	1:1	2:0.27625	rs2	1:2	2:0.524	0	1000	0	0.999987	-24.6864	1.55172e+06	1.50967e-49	11.3216	0.765077	0.999987	-24.6864	1.55172e+06	1.50967e-49	11.3216	0.765077	nan	nan	nan	1	0	1
155	rs1	1:1	2:0.274	rs2	1:2	2:0.524	0	1000	0	0.999985	-23.9963	1.26697e+06	6.81722e-43	11.5029	0.83786	0.999985	-23.9963	1.26697e+06	6.81722e-43	11.5029	0.83786	nan	nan	nan	1	0	1
156	rs1	1:1	2:0.2735	rs2	1:2	2:0.521	0	1000	0	0.999991	-25.3786	2.19446e+06	2.81926e-55	10.6254	0.678488	0.999991	-25.3786	2.19446e+06	2.81926e-55	10.6254	0.678488	nan	nan	nan	1	0	1
157	rs1	1:1	2:0.268	rs2	1:2	2:0.51675	0	1000	0	0.999984	-25.2441	1.26697e+06	0.999597	35.1617	69646.5	0.999984	-25.2441	1.26697e+06	0.999597	35.1617	69646.5	nan	nan	nan	1	0	1
158	rs1	1:1	2:0.2725	rs2	1:2	2:0.52425	0	1000	0	0.999985	-24.3988	1.26697e+06	1.77654e-39	12.0157	0.91397	0.999985	-24.3988	1.26697e+06	1.77654e-39	12.0157	0.91397	nan	nan	nan	1	0	1
159	rs1	1:1	2:0.27725	rs2	1:2	2:0.5235	0	1000	0	0.999991	-24.3958	2.19446e+06	3.79793e-28	12.7119	1.15557	0.999991	-24.3958	2.19446e+06	3.79793e-28	12.7119	1.15557	nan	nan	nan	1	0	1
160	rs1	1:1	2:0.27425	rs2	1:2	2:0.52125	0	1000	0	0.999987	-25.0889	1.55172e+06	0.999595	35.3169	69611.5	0.999987	-25.0889	1.55172e+06	0.999595	35.3169	69611.5	nan	nan	nan	1	0	1
161	rs1	1:1	2:0.2725	rs2	1:2	2:0.5195	0	1000	0	0.999991	-24.3958	2.19446e+06	3.79793e-28	12.7119	1.15557	0.999991	-24.3958	2.19446e+06	3.79793e-28	12.7119	1.15557	nan	nan	nan	1	0	1
162	rs1	1:1	2:0.2755	rs2	1:2	2:0.52175	0	1000	0	0.999991	-25.0909	2.19446e+06	1.50634e-53	10.9151	0.708527	0.999991	-25.0909	2.19446e+06	1.50634e-53	10.9151	0.708527	nan	nan	nan	1	0	1
163	rs1	1:1	2:0.27125	rs2	1:2	2:0.518	0	1000	0	0.999987	-25.4974	1.55172e+06	1.05478e-55	10.5056	0.668176	0.999987	-25.4974	1.55172e+06	1.05478e-55	10.5056	0.668176	nan	nan	nan	1	0	1
164	rs1	1:1	2:0.274	rs2	1:2	2:0.524	0	1000	0	0.999988	-23.9923	1.55172e+06	2.28463e-35	12.4232	1.001	0.999988	-23.9923	1.55172e+06	2.28463e-35	12.4232	1.001	nan	nan	nan	1	0	1
165	rs1	1:1	2:0.274	rs2	1:2	2:0.5215	0	1000	0	0.999987	-24.9086	1.55172e+06	6.70344e-43	11.5039	0.83786	0.999987	-24.9086	1.55172e+06	6.70344e-43	11.5039	0.83786	nan	nan	nan	1	0	1
166	rs1	1:1	2:0.2785	rs2	1:2	2:0.5185	0	1000	0	0.999991	-23.9903	2.19446e+06	9.75321e-27	13.1184	1.22556	0.999991	-23.9903	2.19446e+06	9.75321e-27	13.1184	1.22556	nan	nan	nan	1	0	1
167	rs1	1:1	2:0.27	rs2	1:2	2:0.51975	0	1000	0	0.999984	-24.9106	1.26697e+06	5.95274e-52	11.0964	0.731672	0.999984	-24.9106	1.26697e+06	5.95274e-52	11.0964	0.731672	nan	nan	nan	1	0	1
168	rs1	1:1	2:0.275	rs2	1:2	2:0.52625	0	1000	0	0.999985	-23.9933	1.26697e+06	2.31362e-35	12.4222	1.001	0.999985	-23.9933	1.26697e+06	2.31362e-35	12.4222	1.001	nan	nan	nan	1	0	1
169	rs1	1:1	2:0.27575	rs2	1:2	2:0.52175	0	1000	0	0.999984	-25.0939	1.26697e+06	1.38353e-60	10.6244	0.647055	0.999984	-25.0939	1.26697e+06	1.38353e-60	10.6244	0.647055	nan	nan	nan	1	0	1
170	rs1	1:1	2:0.2745	rs2	1:2	2:0.52525	0	1000	0	0.999987	-24.4008	1.55172e+06	5.8286e-52	11.0974	0.731672	0.999987	-24.4008	1.55172e+06	5.8286e-52	11.0974	0.731672	nan	nan	nan	1	0	1
171	rs1	1:1	2:0.2775	rs2	1:2	2:0.51825	0	1000	0	0.999984	-24.9076	1.26697e+06	0.999593	35.4982	69576.5	0.999984	-24.9076	1.26697e+06	0.999593	35.4982	69576.5	nan	nan	nan	1	0	1
172	rs1	1:1	2:0.28	rs2	1:2	2:0.52375	0	1000	0	0.999979	-25.2491	981393	1.49588e-54	10.7559	0.691524	0.999979	-25.2491	981393	1.49588e-54	10.7559	0.691524	nan	nan	nan	1	0	1
173	rs1	1:1	2:0.2695	rs2	1:2	2:0.5245	0	1000	0	0.999984	-24.6854	1.26697e+06	1.24123e-28	12.4212	1.11893	0.999984	-24.6854	1.26697e+06	1.24123e-28	12.4212	1.11893	nan	nan	nan	1	0	1
174	rs1	1:1	2:0.271	rs2	1:2	2:0.5295	0	1000	0	0.999985	-23.9923	1.26697e+06	9.92786e-27	13.1164	1.22556	0.999985	-23.9923	1.26697e+06	9.92786e-27	13.1164	1.22556	nan	nan	nan	1	0	1
175	rs1	1:1	2:0.27075	rs2	1:2	2:0.52325	0	1000	0	0.999991	-25.0909	2.19446e+06	1.50634e-53	10.9151	0.708527	0.999991	-25.0909	2.19446e+06	1.50634e-53	10.9151	0.708527	nan	nan	nan	1	0	1
176	rs1	1:1	2:0.2765	rs2	1:2	2:0.52675	0	1000	0	0.999983	-23.3002	1.09723e+06	1.67327e-22	13.8095	1.41492	0.999983	-23.3002	1.09723e+06	1.67327e-22	13.8095	1.41492	nan	nan	nan	1	0	1
177	rs1	1:1	2:0.27275	rs2	1:2	2:0.51975	0	1000	0	0.999987	-25.2441	1.55172e+06	1.50235e-28	11.8596	1.06998	0.999987	-25.2441	1.55172e+06	1.50235e-28	11.8596	1.06998	nan	nan	nan	1	0	1
178	rs1	1:1	2:0.27625	rs2	1:2	2:0.52	0	1000	1	nan	nan	nan	1.20421e-28	12.4242	1.11893	nan	nan	nan	nan	nan	nan	nan	nan	nan	0	1	1
179	rs1	1:1	2:0.27525	rs2	1:2	2:0.52275	0	1000	0	0.999987	-24.6864	1.55172e+06	1.50967e-49	11.3216	0.765077	0.999987	-24.6864	1.55172e+06	1.50967e-49	11.3216	0.765077	nan	nan	nan	1	0	1
180	rs1	1:1	2:0.276	rs2	1:2	2:0.52425	0	1000	0	0.999987	-25.0889	1.55172e+06	0.999595	35.3169	69611.5	0.999987	-25.0889	1.55172e+06	0.999595	35.3169	69611.5	nan	nan	nan	1	0	1
181	rs1	1:1	2:0.27375	rs2	1:2	2:0.52075	0	1000	0	0.999987	-25.3806	1.55172e+06	1.39779e-63	10.3357	0.614015	0.999987	-25.3806	1.55172e+06	1.39779e-63	10.3357	0.614015	nan	nan	nan	1	0	1
182	rs1	1:1	2:0.27425	rs2	1:2	2:0.52175	0	1000	0	0.999987	-25.0909	1.55172e+06	1.38359e-43	11.3206	0.817727	0.999987	-25.0909	1.55172e+06	1.38359e-43	11.3206	0.817727	nan	nan	nan	1	0	1
183	rs1	1:1	2:0.274	rs2	1:2	2:0.5245	0	1000	0	0.999991	-24.6875	2.19446e+06	3.61841e-58	10.8098	0.672317	0.999991	-24.6875	2.19446e+06	3.61841e-58	10.8098	0.672317	nan	nan	nan	1	0	1
184	rs1	1:1	2:0.27375	rs2	1:2	2:0.52425	0	1000	1	nan	nan	nan	9.06627e-46	11.6123	0.817724	nan	nan	nan	nan	nan	nan	nan	nan	nan	0	1	1
185	rs1	1:1	2:0.271	rs2	1:2	2:0.52125	0	1000	0	0.999981	-25.4994	1.09723e+06	1.10677e-55	10.5036	0.668177	0.999981	-25.4994	1.09723e+06	1.10677e-55	10.5036	0.668177	nan	nan	nan	1	0	1
186	rs1	1:1	2:0.275	rs2	1:2	2:0.5235	0	1000	0	0.999991	-23.9903	2.19446e+06	9.75321e-27	13.1184	1.22556	0.999991	-23.9903	2.19446e+06	9.75321e-27	13.1184	1.22556	nan	nan	nan	1	0	1
187	rs1	1:1	2:0.27525	rs2	1:2	2:0.523	0	1000	0	0.999991	-23.9923	2.19446e+06	1.72534e-39	12.0177	0.913969	0.999991	-23.9923	2.19446e+06	1.72534e-39	12.0177	0.913969	nan	nan	nan	1	0	1
188	rs1	1:1	2:0.271	rs2	1:2	2:0.52225	0	1000	0	0.999984	-25.3796	1.26697e+06	4.19874e-44	11.0299	0.791842	0.999984	-25.3796	1.26697e+06	4.19874e-44	11.0299	0.791842	nan	nan	nan	1	0	1
189	rs1	1:1	2:0.2735	rs2	1:2	2:0.52475	0	1000	0	0.99998	-24.6895	981393	1.60181e-49	11.3186	0.765079	0.99998	-24.6895	981393	1.60181e-49	11.3186	0.765079	nan	nan	nan	1	0	1
190	rs1	1:1	2:0.27525	rs2	1:2	2:0.51825	0	1000	0	0.999987	-24.6844	1.55172e+06	1.22877e-28	12.4222	1.11893	0.999987	-24.6844	1.55172e+06	1.22877e-28	12.4222	1.11893	nan	nan	nan	1	0	1
191	rs1	1:1	2:0.27175	rs2	1:2	2:0.52	0	1000	0	0.999991	-24.3948	2.19446e+06	0.999587	36.011	69506.7	0.999991	-24.3948	2.19446e+06	0.999587	36.011	69506.7	nan	nan	nan	1	0	1
192	rs1	1:1	2:0.274	rs2	1:2	2:0.51975	0	1000	0	0.999991	-24.9066	2.19446e+06	9.28441e-29	12.1991	1.09636	0.999991	-24.9066	2.19446e+06	9.28441e-29	12.1991	1.09636	nan	nan	nan	1	0	1
193	rs1	1:1	2:0.27675	rs2	1:2	2:0.52525	0	1000	1	0.000448399	4.41784	1.25871	1.1604e-41	11.726	0.867185	0.000448399	4.41784	1.25871	1.1604e-41	11.726	0.867185	nan	nan	nan	0	0	1
194	rs1	1:1	2:0.268	rs2	1:2	2:0.518	0	1000	0	0.999984	-25.5004	1.26697e+06	2.601e-71	9.99178	0.559579	0.999984	-25.5004	1.26697e+06	2.601e-71	9.99178	0.559579	nan	nan	nan	1	0	1
195	rs1	1:1	2:0.2735	rs2	1:2	2:0.5205	0	1000	0	0.999987	-24.9066	1.55172e+06	0.999593	35.4992	69576.5	0.999987	-24.9066	1.55172e+06	0.999593	35.4992	69576.5	nan	nan	nan	1	0	1
196	rs1	1:1	2:0.274	rs2	1:2	2:0.52	0	1000	0	0.999984	-25.3816	1.26697e+06	1.43759e-63	10.3347	0.614016	0.999984	-25.3816	1.26697e+06	1.43759e-63	10.3347	0.614016	nan	nan	nan	1	0	1
197	rs1	1:1	2:0.2735	rs2	1:2	2:0.52475	0	1000	0	0.999984	-25.2471	1.26697e+06	1.42863e-54	10.7579	0.691523	0.999984	-25.2471	1.26697e+06	1.42863e-54	10.7579	0.691523	nan	nan	nan	1	0	1
198	rs1	1:1	2:0.271	rs2	1:2	2:0.5205	0	1000	0	0.999991	-24.6824	2.19446e+06	0.99959	35.7234	69541.6	0.999991	-24.6824	2.19446e+06	0.99959	35.7234	69541.6	nan	nan	nan	1	0	1
199	rs1	1:1	2:0.27375	rs2	1:2	2:0.5235	0	1000	0	0.999984	-24.6844	1.26697e+06	0.99959	35.7214	69541.6	0.999984	-24.6844	1.26697e+06	0.99959	35.7214	69541.6	nan	nan	nan	1	0	1
200	rs1	1:1	2:0.27375	rs2	1:2	2:0.527	0	1000	0	0.999981	-23.3032	981393	3.94827e-28	12.7079	1.15557	0.999981	-23.3032	981393	3.94827e-28	12.7079	1.15557	nan	nan	nan	1	0	1
201	rs1	1:1	2:0.2725	rs2	1:2	2:0.5215	0	1000	0	0.999987	-24.6854	1.55172e+06	1.12414e-41	11.7281	0.867184	0.999987	-24.6854	1.55172e+06	1.12414e-41	11.7281	0.867184	nan	nan	nan	1	0	1
202	rs1	1:1	2:0.2755	rs2	1:2	2:0.51875	0	1000	0	0.999978	-25.0949	895885	1.48252e-43	11.3166	0.817729	0.999978	-25.0949	895885	1.48252e-43	11.3166	0.817729	nan	nan	nan	1	0	1
203	rs1	1:1	2:0.275	rs2	1:2	2:0.52225	0	1000	0	0.999985	-23.9923	1.26697e+06	9.92786e-27	13.1164	1.22556	0.999985	-23.9923	1.26697e+06	9.92786e-27	13.1164	1.22556	nan	nan	nan	1	0	1
204	rs1	1:1	2:0.27725	rs2	1:2	2:0.51925	0	1000	0	0.999978	-24.9106	895885	0.999593	35.4952	69576.5	0.999978	-24.9106	895885	0.999593	35.4952	69576.5	nan	nan	nan	1	0	1
205	rs1	1:1	2:0.27175	rs2	1:2	2:0.52225	0	1000	0	0.999991	-24.3988	2.19446e+06	1.48024e-49	11.3226	0.765076	0.999991	-24.3988	2.19446e+06	1.48024e-49	11.3226	0.765076	nan	nan	nan	1	0	1
206	rs1	1:1	2:0.2775	rs2	1:2	2:0.524	0	1000	0	0.999982	-24.9106	1.09723e+06	6.93096e-43	11.5019	0.837861	0.999982	-24.9106	1.09723e+06	6.93096e-43	11.5019	0.837861	nan	nan	nan	1	0	1
207	rs1	1:1	2:0.27025	rs2	1:2	2:0.52275	0	1000	0	0.999987	-24.6834	1.55172e+06	0.99959	35.7224	69541.6	0.999987	-24.6834	1.55172e+06	0.99959	35.7224	69541.6	nan	nan	nan	1	0	1
208	rs1	1:1	2:0.272	rs2	1:2	2:0.5195	0	1000	0	0.999982	-25.2481	1.09723e+06	1.46185e-54	10.7569	0.691523	0.999982	-25.2481	1.09723e+06	1.46185e-54	10.7569	0.691523	nan	nan	nan	1	0	1
209	rs1	1:1	2:0.274	rs2	1:2	2:0.52575	0	1000	0	0.999984	-24.6864	1.26697e+06	1.14212e-41	11.727	0.867185	0.999984	-24.6864	1.26697e+06	1.14212e-41	11.727	0.867185	nan	nan	nan	1	0	1
210	rs1	1:1	2:0.27825	rs2	1:2	2:0.521	0	1000	0	0.999987	-25.0919	1.55172e+06	1.54011e-53	10.9141	0.708527	0.999987	-25.0919	1.55172e+06	1.54011e-53	10.9141	0.708527	nan	nan	nan	1	0	1
211	rs1	1:1	2:0.27325	rs2	1:2	2:0.52375	0	1000	0	0.999982	-25.0929	1.09723e+06	1.43215e-43	11.3186	0.817728	0.999982	-25.0929	1.09723e+06	1.43215e-43	11.3186	0.817728	nan	nan	nan	1	0	1
212	rs1	1:1	2:0.2745	rs2	1:2	2:0.52075	0	1000	0	nan	nan	nan	0.999587	36.012	69506.7	nan	nan	nan	nan	nan	nan	nan	nan	nan	1	1	1
213	rs1	1:1	2:0.27525	rs2	1:2	2:0.52525	0	1000	0	0.999991	-24.6844	2.19446e+06	1.10645e-41	11.7291	0.867183	0.999991	-24.6844	2.19446e+06	1.10645e-41	11.7291	0.867183	nan	nan	nan	1	0	1
214	rs1	1:1	2:0.2745	rs2	1:2	2:0.52175	0	1000	0	0.999978	-25.0949	895885	1.48252e-43	11.3166	0.817729	0.999978	-25.0949	895885	1.48252e-43	11.3166	0.817729	nan	nan	nan	1	0	1
215	rs1	1:1	2:0.2725	rs2	1:2	2:0.5245	0	1000	0	0.999987	-25.2451	1.55172e+06	5.99024e-44	11.1654	0.803037	0.999987	-25.2451	1.55172e+06	5.99024e-44	11.1654	0.803037	nan	nan	nan	1	0	1
216	rs1	1:1	2:0.272	rs2	1:2	2:0.5215	0	1000	0	0.999991	-25.0919	2.19446e+06	1.31355e-60	10.6264	0.647053	0.999991	-25.0919	2.19446e+06	1.31355e-60	10.6264	0.647053	nan	nan	nan	1	0	1
217	rs1	1:1	2:0.27475	rs2	1:2	2:0.52425	0	1000	0	0.999987	-24.9076	1.55172e+06	9.38062e-29	12.1981	1.09636	0.999987	-24.9076	1.55172e+06	9.38062e-29	12.1981	1.09636	nan	nan	nan	1	0	1
218	rs1	1:1	2:0.27275	rs2	1:2	2:0.5185	0	1000	0	0.99998	-24.9116	981393	7.04777e-43	11.5009	0.837862	0.99998	-24.9116	981393	7.04777e-43	11.5009	0.837862	nan	nan	nan	1	0	1
219	rs1	1:1	2:0.26925	rs2	1:2	2:0.52725	0	1000	0	0.999991	-24.3978	2.19446e+06	9.22821e-46	11.6113	0.817725	0.999991	-24.3978	2.19446e+06	9.22821e-46	11.6113	0.817725	nan	nan	nan	1	0	1
220	rs1	1:1	2:0.27225	rs2	1:2	2:0.51675	0	1000	0	0.999991	-25.4934	2.19446e+06	0.9996	34.9124	69716.8	0.999991	-25.4934	2.19446e+06	0.9996	34.9124	69716.8	nan	nan	nan	1	0	1
221	rs1	1:1	2:0.27275	rs2	1:2	2:0.521	0	1000	0	0.999987	-24.3988	1.55172e+06	9.39277e-46	11.6103	0.817725	0.999987	-24.3988	1.55172e+06	9.39277e-46	11.6103	0.817725	nan	nan	nan	1	0	1
222	rs1	1:1	2:0.2725	rs2	1:2	2:0.5225	0	1000	0	0.999982	-24.9106	1.09723e+06	6.93096e-43	11.5019	0.837861	0.999982	-24.9106	1.09723e+06	6.93096e-43	11.5019	0.837861	nan	nan	nan	1	0	1
223	rs1	1:1	2:0.276	rs2	1:2	2:0.52375	0	1000	0	0.999987	-25.0889	1.55172e+06	0.999595	35.3169	69611.5	0.999987	-25.0889	1.55172e+06	0.999595	35.3169	69611.5	nan	nan	nan	1	0	1
224	rs1	1:1	2:0.2725	rs2	1:2	2:0.52125	0	1000	0	0.999991	-24.9086	2.19446e+06	5.70631e-52	11.0984	0.731671	0.999991	-24.9086	2.19446e+06	5.70631e-52	11.0984	0.731671	nan	nan	nan	1	0	1
225	rs1	1:1	2:0.2725	rs2	1:2	2:0.52425	0	1000	1	nan	nan	nan	1.05128e-28	12.0167	1.08105	nan	nan	nan	nan	nan	nan	nan	nan	nan	0	1	1
226	rs1	1:1	2:0.2705	rs2	1:2	2:0.51925	0	1000	1	nan	nan	nan	1.33354e-54	10.761	0.69152	nan	nan	nan	nan	nan	nan	nan	nan	nan	0	1	1
227	rs1	1:1	2:0.27375	rs2	1:2	2:0.522	0	1000	0	0.999982	-24.9096	1.09723e+06	9.57631e-29	12.196	1.09636	0.999982	-24.9096	1.09723e+06	9.57631e-29	12.196	1.09636	nan	nan	nan	1	0	1
228	rs1	1:1	2:0.275	rs2	1:2	2:0.52375	0	1000	0	0.999991	-24.6834	2.19446e+06	1.21644e-28	12.4232	1.11893	0.999991	-24.6834	2.19446e+06	1.21644e-28	12.4232	1.11893	nan	nan	nan	1	0	1
229	rs1	1:1	2:0.27	rs2	1:2	2:0.52225	0	1000	0	0.999987	-24.3968	1.55172e+06	3.83484e-28	12.7109	1.15557	0.999987	-24.3968	1.55172e+06	3.83484e-28	12.7109	1.15557	nan	nan	nan	1	0	1
230	rs1	1:1	2:0.2735	rs2	1:2	2:0.52225	0	1000	0	0.999985	-24.3978	1.26697e+06	3.87214e-28	12.7099	1.15557	0.999985	-24.3978	1.26697e+06	3.87214e-28	12.7099	1.15557	nan	nan	nan	1	0	1
231	rs1	1:1	2:0.27675	rs2	1:2	2:0.51775	0	1000	0	0.999991	-25.0889	2.19446e+06	1.06235e-28	12.0157	1.08105	0.999991	-25.0889	2.19446e+06	1.06235e-28	12.0157	1.08105	nan	nan	nan	1	0	1
232	rs1	1:1	2:0.272	rs2	1:2	2:0.52425	0	1000	0	0.999982	-24.4018	1.09723e+06	1.57059e-49	11.3196	0.765078	0.999982	-24.4018	1.09723e+06	1.57059e-49	11.3196	0.765078	nan	nan	nan	1	0	1
233	rs1	1:1	2:0.2735	rs2	1:2	2:0.525	0	1000	0	0.999987	-24.9076	1.55172e+06	9.38062e-29	12.1981	1.09636	0.999987	-24.9076	1.55172e+06	9.38062e-29	12.1981	1.09636	nan	nan	nan	1	0	1
234	rs1	1:1	2:0.2725	rs2	1:2	2:0.52325	0	1000	0	0.999984	-25.3786	1.26697e+06	2.35279e-28	11.724	1.06161	0.999984	-25.3786	1.26697e+06	2.35279e-28	11.724	1.06161	nan	nan	nan	1	0	1
235	rs1	1:1	2:0.27275	rs2	1:2	2:0.5225	0	1000	0	0.999987	-24.6864	1.55172e+06	1.50967e-49	11.3216	0.765077	0.999987	-24.6864	1.55172e+06	1.50967e-49	11.3216	0.765077	nan	nan	nan	1	0	1
236	rs1	1:1	2:0.272	rs2	1:2	2:0.531	0	1000	0	1	-1.03597e-07	1.55328e+06	0.999596	35.3189	69674.2	1	-1.03597e-07	1.55328e+06	0.999596	35.3189	69674.2	nan	nan	nan	1	0	1
237	rs1	1:1	2:0.27525	rs2	1:2	2:0.52225	0	1000	0	0.999987	-25.3776	1.55172e+06	2.32803e-28	11.725	1.06161	0.999987	-25.3776	1.55172e+06	2.32803e-28	11.725	1.06161	nan	nan	nan	1	0	1
238	rs1	1:1	2:0.2745	rs2	1:2	2:0.5325	0	1000	0	0.99998	-24.4028	981393	1.60196e-49	11.3186	0.765079	0.99998	-24.4028	981393	1.60196e-49	11.3186	0.765079	nan	nan	nan	1	0	1
239	rs1	1:1	2:0.279	rs2	1:2	2:0.524	0	1000	0	0.999984	-24.9086	1.26697e+06	9.47792e-29	12.1971	1.09636	0.999984	-24.9086	1.26697e+06	9.47792e-29	12.1971	1.09636	nan	nan	nan	1	0	1
240	rs1	1:1	2:0.27525	rs2	1:2	2:0.526	0	1000	0	0.999991	-25.0919	2.19446e+06	1.31355e-60	10.6264	0.647053	0.999991	-25.0919	2.19446e+06	1.31355e-60	10.6264	0.647053	nan	nan	nan	1	0	1
241	rs1	1:1	2:0.276	rs2	1:2	2:0.52125	0	1000	0	0.999984	-25.0939	1.26697e+06	1.38353e-60	10.6244	0.647055	0.999984	-25.0939	1.26697e+06	1.38353e-60	10.6244	0.647055	nan	nan	nan	1	0	1
242	rs1	1:1	2:0.27675	rs2	1:2	2:0.521	0	1000	0	0.999982	-24.9116	1.09723e+06	6.08004e-52	11.0954	0.731673	0.999982	-24.9116	1.09723e+06	6.08004e-52	11.0954	0.731673	nan	nan	nan	1	0	1
243	rs1	1:1	2:0.271	rs2	1:2	2:0.5265	0	1000	0	0.999991	-24.3958	2.19446e+06	3.79793e-28	12.7119	1.15557	0.999991	-24.3958	2.19446e+06	3.79793e-28	12.7119	1.15557	nan	nan	nan	1	0	1
244	rs1	1:1	2:0.2745	rs2	1:2	2:0.51925	0	1000	0	0.999984	-24.6844	1.26697e+06	0.99959	35.7214	69541.6	0.999984	-24.6844	1.26697e+06	0.99959	35.7214	69541.6	nan	nan	nan	1	0	1
245	rs1	1:1	2:0.2725	rs2	1:2	2:0.5215	0	1000	0	0.999979	-25.3816	981393	4.35219e-44	11.0279	0.791843	0.999979	-25.3816	981393	4.35219e-44	11.0279	0.791843	nan	nan	nan	1	0	1
246	rs1	1:1	2:0.27325	rs2	1:2	2:0.525	0	1000	0	0.999984	-25.0939	1.26697e+06	1.38353e-60	10.6244	0.647055	0.999984	-25.0939	1.26697e+06	1.38353e-60	10.6244	0.647055	nan	nan	nan	1	0	1
247	rs1	1:1	2:0.274	rs2	1:2	2:0.521	0	1000	0	0.999984	-24.9126	1.26697e+06	1.49427e-62	10.5836	0.634045	0.999984	-24.9126	1.26697e+06	1.49427e-62	10.5836	0.634045	nan	nan	nan	1	0	1
248	rs1	1:1	2:0.27425	rs2	1:2	2:0.51775	0	1000	0	0.999981	-25.4974	1.09723e+06	3.87348e-28	11.6042	1.05505	0.999981	-25.4974	1.09723e+06	3.87348e-28	11.6042	1.05505	nan	nan	nan	1	0	1
249	rs1	1:1	2:0.27325	rs2	1:2	2:0.5235	0	1000	0	0.999987	-24.9096	1.55172e+06	5.82811e-52	11.0974	0.731672	0.999987	-24.9096	1.55172e+06	5.82811e-52	11.0974	0.731672	nan	nan	nan	1	0	1
250	rs1	1:1	2:0.274	rs2	1:2	2:0.51625	0	1000	0	0.999976	-25.2531	829429	4.19707e-68	10.2411	0.587262	0.999976	-25.2531	829429	4.19707e-68	10.2411	0.587262	nan	nan	nan	1	0	1
251	rs1	1:1	2:0.27375	rs2	1:2	2:0.5225	0	1000	0	0.999982	-24.3998	1.09723e+06	1.80275e-39	12.0147	0.913971	0.999982	-24.3998	1.09723e+06	1.80275e-39	12.0147	0.913971	nan	nan	nan	1	0	1
252	rs1	1:1	2:0.27375	rs2	1:2	2:0.51775	0	1000	0	0.999984	-25.0919	1.26697e+06	1.40764e-43	11.3196	0.817727	0.999984	-25.0919	1.26697e+06	1.40764e-43	11.3196	0.817727	nan	nan	nan	1	0	1
253	rs1	1:1	2:0.2705	rs2	1:2	2:0.52775	0	1000	0	0.999987	-24.4018	1.55172e+06	1.54031e-53	10.9141	0.708527	0.999987	-24.4018	1.55172e+06	1.54031e-53	10.9141	0.708527	nan	nan	nan	1	0	1
254	rs1	1:1	2:0.273	rs2	1:2	2:0.5205	0	1000	0	0.99998	-24.6885	981393	1.17902e-41	11.725	0.867186	0.99998	-24.6885	981393	1.17902e-41	11.725	0.867186	nan	nan	nan	1	0	1
255	rs1	1:1	2:0.27625	rs2	1:2	2:0.524	0	1000	0	0.999985	-23.9923	1.26697e+06	9.92786e-27	13.1164	1.22556	0.999985	-23.9923	1.26697e+06	9.92786e-27	13.1164	1.22556	nan	nan	nan	1	0	1
256	rs1	1:1	2:0.27575	rs2	1:2	2:0.52025	0	1000	0	0.999984	-25.3786	1.26697e+06	2.35279e-28	11.724	1.06161	0.999984	-25.3786	1.26697e+06	2.35279e-28	11.724	1.06161	nan	nan	nan	1	0	1
257	rs1	1:1	2:0.2725	rs2	1:2	2:0.52	0	1000	0	0.999991	-24.6834	2.19446e+06	1.21644e-28	12.4232	1.11893	0.999991	-24.6834	2.19446e+06	1.21644e-28	12.4232	1.11893	nan	nan	nan	1	0	1
258	rs1	1:1	2:0.27425	rs2	1:2	2:0.52275	0	1000	0	0.999987	-24.6854	1.55172e+06	1.12414e-41	11.7281	0.867184	0.999987	-24.6854	1.55172e+06	1.12414e-41	11.7281	0.867184	nan	nan	nan	1	0	1
259	rs1	1:1	2:0.27325	rs2	1:2	2:0.528	0	1000	0	0.999988	-23.9933	1.55172e+06	1.75078e-39	12.0167	0.91397	0.999988	-23.9933	1.55172e+06	1.75078e-39	12.0167	0.91397	nan	nan	nan	1	0	1
260	rs1	1:1	2:0.26725	rs2	1:2	2:0.52	0	1000	0	0.999987	-25.2441	1.55172e+06	1.50235e-28	11.8596	1.06998	0.999987	-25.2441	1.55172e+06	1.50235e-28	11.8596	1.06998	nan	nan	nan	1	0	1
261	rs1	1:1	2:0.2745	rs2	1:2	2:0.521	0	1000	1	nan	nan	nan	9.18878e-29	12.2001	1.09636	nan	nan	nan	nan	nan	nan	nan	nan	nan	0	1	1
262	rs1	1:1	2:0.274	rs2	1:2	2:0.5235	0	1000	0	0.999982	-24.3988	1.09723e+06	3.90979e-28	12.7089	1.15557	0.999982	-24.3988	1.09723e+06	3.90979e-28	12.7089	1.15557	nan	nan	nan	1	0	1
263	rs1	1:1	2:0.27025	rs2	1:2	2:0.52275	0	1000	0	0.999991	-24.3968	2.19446e+06	1.7253e-39	12.0177	0.913969	0.999991	-24.3968	2.19446e+06	1.7253e-39	12.0177	0.913969	nan	nan	nan	1	0	1
264	rs1	1:1	2:0.274	rs2	1:2	2:0.52475	0	1000	0	0.999985	-23.3002	1.26697e+06	9.92812e-27	13.1164	1.22556	0.999985	-23.3002	1.26697e+06	9.92812e-27	13.1164	1.22556	nan	nan	nan	1	0	1
265	rs1	1:1	2:0.27175	rs2	1:2	2:0.52425	0	1000	0	0.999982	-24.6905	1.09723e+06	3.8941e-58	10.8067	0.672319	0.999982	-24.6905	1.09723e+06	3.8941e-58	10.8067	0.672319	nan	nan	nan	1	0	1
266	rs1	1:1	2:0.27	rs2	1:2	2:0.521	0	1000	0	0.999987	-25.2441	1.55172e+06	1.50235e-28	11.8596	1.06998	0.999987	-25.2441	1.55172e+06	1.50235e-28	11.8596	1.06998	nan	nan	nan	1	0	1
267	rs1	1:1	2:0.2755	rs2	1:2	2:0.51925	0	1000	0	0.999979	-25.3826	981393	3.09812e-55	10.6214	0.678491	0.999979	-25.3826	981393	3.09812e-55	10.6214	0.678491	nan	nan	nan	1	0	1
268	rs1	1:1	2:0.2745	rs2	1:2	2:0.52275	0	1000	0	0.999982	-24.6864	1.09723e+06	1.25382e-28	12.4202	1.11893	0.999982	-24.6864	1.09723e+06	1.25382e-28	12.4202	1.11893	nan	nan	nan	1	0	1
269	rs1	1:1	2:0.277	rs2	1:2	2:0.52525	0	1000	0	0.999991	-24.9096	2.19446e+06	3.61832e-58	10.8098	0.672317	0.999991	-24.9096	2.19446e+06	3.61832e-58	10.8098	0.672317	nan	nan	nan	1	0	1
270	rs1	1:1	2:0.2755	rs2	1:2	2:0.519	0	1000	0	0.999987	-25.7851	1.55172e+06	3.84171e-56	10.2149	0.647058	0.999987	-25.7851	1.55172e+06	3.84171e-56	10.2149	0.647058	nan	nan	nan	1	0	1
271	rs1	1:1	2:0.27	rs2	1:2	2:0.5185	0	1000	0	0.999987	-24.3958	1.55172e+06	0.999587	36.01	69506.7	0.999987	-24.3958	1.55172e+06	0.999587	36.01	69506.7	nan	nan	nan	1	0	1
272	rs1	1:1	2:0.274	rs2	1:2	2:0.52425	0	1000	0	0.999984	-24.6875	1.26697e+06	1.53974e-49	11.3206	0.765077	0.999984	-24.6875	1.26697e+06	1.53974e-49	11.3206	0.765077	nan	nan	nan	1	0	1
273	rs1	1:1	2:0.273	rs2	1:2	2:0.519	0	1000	0	0.999987	-25.3776	1.55172e+06	2.32803e-28	11.725	1.06161	0.999987	-25.3776	1.55172e+06	2.32803e-28	11.725	1.06161	nan	nan	nan	1	0	1
274	rs1	1:1	2:0.27175	rs2	1:2	2:0.5225	0	1000	1	nan	nan	nan	5.78295e-44	11.1674	0.803036	nan	nan	nan	nan	nan	nan	nan	nan	nan	0	1	1
275	rs1	1:1	2:0.2795	rs2	1:2	2:0.526	0	1000	0	0.999984	-24.6905	1.26697e+06	1.38374e-60	10.6244	0.647055	0.999984	-24.6905	1.26697e+06	1.38374e-60	10.6244	0.647055	nan	nan	nan	1	0	1
276	rs1	1:1	2:0.27525	rs2	1:2	2:0.528	0	1000	0	0.999987	-24.9106	1.55172e+06	3.70783e-58	10.8087	0.672318	0.999987	-24.9106	1.55172e+06	3.70783e-58	10.8087	0.672318	nan	nan	nan	1	0	1
277	rs1	1:1	2:0.27625	rs2	1:2	2:0.522	0	1000	0	0.999991	-23.9923	2.19446e+06	1.72534e-39	12.0177	0.913969	0.999991	-23.9923	2.19446e+06	1.72534e-39	12.0177	0.913969	nan	nan	nan	1	0	1
278	rs1	1:1	2:0.273	rs2	1:2	2:0.5225	0	1000	0	0.999979	-25.2491	981393	1.49588e-54	10.7559	0.691524	0.999979	-25.2491	981393	1.49588e-54	10.7559	0.691524	nan	nan	nan	1	0	1
279	rs1	1:1	2:0.2695	rs2	1:2	2:0.525	0	1000	1	nan	nan	nan	1.08906e-41	11.7301	0.867183	nan	nan	nan	nan	nan	nan	nan	nan	nan	0	1	1
280	rs1	1:1	2:0.27425	rs2	1:2	2:0.519	0	1000	0	0.999982	-24.9086	1.09723e+06	0.999593	35.4972	69576.5	0.999982	-24.9086	1.09723e+06	0.999593	35.4972	69576.5	nan	nan	nan	1	0	1
281	rs1	1:1	2:0.27375	rs2	1:2	2:0.52425	0	1000	0	0.999991	-24.6844	2.19446e+06	1.10645e-41	11.7291	0.867183	0.999991	-24.6844	2.19446e+06	1.10645e-41	11.7291	0.867183	nan	nan	nan	1	0	1
282	rs1	1:1	2:0.2765	rs2	1:2	2:0.521	0	1000	0	0.999985	-24.3978	1.26697e+06	3.87214e-28	12.7099	1.15557	0.999985	-24.3978	1.26697e+06	3.87214e-28	12.7099	1.15557	nan	nan	nan	1	0	1
283	rs1	1:1	2:0.274	rs2	1:2	2:0.52125	0	1000	0	0.999985	-24.3968	1.26697e+06	0.999587	36.009	69506.7	0.999985	-24.3968	1.26697e+06	0.999587	36.009	69506.7	nan	nan	nan	1	0	1
284	rs1	1:1	2:0.27625	rs2	1:2	2:0.51925	0	1000	0	0.999991	-25.2431	2.19446e+06	1.48662e-28	11.8606	1.06998	0.999991	-25.2431	2.19446e+06	1.48662e-28	11.8606	1.06998	nan	nan	nan	1	0	1
285	rs1	1:1	2:0.273	rs2	1:2	2:0.525	0	1000	0	0.999984	-24.9096	1.26697e+06	6.8162e-43	11.5029	0.83786	0.999984	-24.9096	1.26697e+06	6.8162e-43	11.5029	0.83786	nan	nan	nan	1	0	1
286	rs1	1:1	2:0.27225	rs2	1:2	2:0.52325	0	1000	0	0.999984	-24.6905	1.26697e+06	1.38374e-60	10.6244	0.647055	0.999984	-24.6905	1.26697e+06	1.38374e-60	10.6244	0.647055	nan	nan	nan	1	0	1
287	rs1	1:1	2:0.277	rs2	1:2	2:0.52325	0	1000	0	0.999988	-23.2981	1.55172e+06	1.64993e-22	13.8115	1.41492	0.999988	-23.2981	1.55172e+06	1.64993e-22	13.8115	1.41492	nan	nan	nan	1	0	1
288	rs1	1:1	2:0.276	rs2	1:2	2:0.52625	0	1000	0	0.999982	-24.9126	1.09723e+06	3.89372e-58	10.8067	0.672319	0.999982	-24.9126	1.09723e+06	3.89372e-58	10.8067	0.672319	nan	nan	nan	1	0	1
289	rs1	1:1	2:0.27475	rs2	1:2	2:0.52525	0	1000	0	0.999991	-24.9106	2.19446e+06	1.41582e-62	10.5856	0.634043	0.999991	-24.9106	2.19446e+06	1.41582e-62	10.5856	0.634043	nan	nan	nan	1	0	1
290	rs1	1:1	2:0.27075	rs2	1:2	2:0.51575	0	1000	0	0.999991	-25.4944	2.19446e+06	3.75221e-28	11.6072	1.05505	0.999991	-25.4944	2.19446e+06	3.75221e-28	11.6072	1.05505	nan	nan	nan	1	0	1
291	rs1	1:1	2:0.27575	rs2	1:2	2:0.521	0	1000	0	0.999978	-25.0969	895885	1.49584e-60	10.6214	0.647057	0.999978	-25.0969	895885	1.49584e-60	10.6214	0.647057	nan	nan	nan	1	0	1
292	rs1	1:1	2:0.27325	rs2	1:2	2:0.523	0	1000	0	0.999991	-24.9076	2.19446e+06	6.59264e-43	11.5049	0.837859	0.999991	-24.9076	2.19446e+06	6.59264e-43	11.5049	0.837859	nan	nan	nan	1	0	1
293	rs1	1:1	2:0.272	rs2	1:2	2:0.5245	0	1000	0	0.999984	-24.6895	1.26697e+06	3.79992e-58	10.8077	0.672318	0.999984	-24.6895	1.26697e+06	3.79992e-58	10.8077	0.672318	nan	nan	nan	1	0	1
294	rs1	1:1	2:0.277	rs2	1:2	2:0.52575	0	1000	1	nan	nan	nan	1.45132e-49	11.3236	0.765075	nan	nan	nan	nan	nan	nan	nan	nan	nan	0	1	1
295	rs1	1:1	2:0.279	rs2	1:2	2:0.5185	0	1000	0	0.999982	-24.9116	1.09723e+06	6.08004e-52	11.0954	0.731673	0.999982	-24.9116	1.09723e+06	6.08004e-52	11.0954	0.731673	nan	nan	nan	1	0	1
296	rs1	1:1	2:0.27225	rs2	1:2	2:0.527	0	1000	0	0.999985	-23.9943	1.26697e+06	1.77662e-39	12.0157	0.91397	0.999985	-23.9943	1.26697e+06	1.77662e-39	12.0157	0.91397	nan	nan	nan	1	0	1
297	rs1	1:1	2:0.275	rs2	1:2	2:0.52275	0	1000	0	0.999984	-25.2461	1.26697e+06	6.09675e-44	11.1644	0.803037	0.999984	-25.2461	1.26697e+06	6.09675e-44	11.1644	0.803037	nan	nan	nan	1	0	1
298	rs1	1:1	2:0.27425	rs2	1:2	2:0.522	0	1000	0	0.999982	-24.9126	1.09723e+06	3.89372e-58	10.8067	0.672319	0.999982	-24.9126	1.09723e+06	3.89372e-58	10.8067	0.672319	nan	nan	nan	1	0	1
299	rs1	1:1	2:0.2735	rs2	1:2	2:0.524	0	1000	0	0.999991	-24.3948	2.19446e+06	0.999587	36.011	69506.7	0.999991	-24.3948	2.19446e+06	0.999587	36.011	69506.7	nan	nan	nan	1	0	1
300	rs1	1:1	2:0.2795	rs2	1:2	2:0.52175	0	1000	0	0.999979	-25.3806	981393	2.40317e-28	11.722	1.06161	0.999979	-25.3806	981393	2.40317e-28	11.722	1.06161	nan	nan	nan	1	0	1
301	rs1	1:1	2:0.275	rs2	1:2	2:0.5215	0	1000	0	0.999987	-24.9086	1.55172e+06	6.70344e-43	11.5039	0.83786	0.999987	-24.9086	1.55172e+06	6.70344e-43	11.5039	0.83786	nan	nan	nan	1	0	1
302	rs1	1:1	2:0.2755	rs2	1:2	2:0.52175	0	1000	0	0.999987	-24.9076	1.55172e+06	9.38062e-29	12.1981	1.09636	0.999987	-24.9076	1.55172e+06	9.38062e-29	12.1981	1.09636	nan	nan	nan	1	0	1
303	rs1	1:1	2:0.27225	rs2	1:2	2:0.519	0	1000	0	0.999982	-24.9096	1.09723e+06	9.57631e-29	12.196	1.09636	0.999982	-24.9096	1.09723e+06	9.57631e-29	12.196	1.09636	nan	nan	nan	1	0	1
304	rs1	1:1	2:0.27675	rs2	1:2	2:0.52075	0	1000	0	0.999984	-25.2471	1.26697e+06	1.42863e-54	10.7579	0.691523	0.999984	-25.2471	1.26697e+06	1.42863e-54	10.7579	0.691523	nan	nan	nan	1	0	1
305	rs1	1:1	2:0.27075	rs2	1:2	2:0.51925	0	1000	0	0.999979	-25.3796	981393	0.999599	35.0262	69681.6	0.999979	-25.3796	981393	0.999599	35.0262	69681.6	nan	nan	nan	1	0	1
306	rs1	1:1	2:0.279	rs2	1:2	2:0.52175	0	1000	0	0.999975	-24.6915	775859	1.23675e-41	11.722	0.867188	0.999975	-24.6915	775859	1.23675e-41	11.722	0.867188	nan	nan	nan	1	0	1
307	rs1	1:1	2:0.2715	rs2	1:2	2:0.52025	0	1000	0	0.999982	-25.2461	1.09723e+06	1.53435e-28	11.8576	1.06999	0.999982	-25.2461	1.09723e+06	1.53435e-28	11.8576	1.06999	nan	nan	nan	1	0	1
308	rs1	1:1	2:0.27225	rs2	1:2	2:0.5215	0	1000	0	0.999991	-24.9116	2.19446e+06	8.58773e-66	10.4023	0.607189	0.999991	-24.9116	2.19446e+06	8.58773e-66	10.4023	0.607189	nan	nan	nan	1	0	1
309	rs1	1:1	2:0.27475	rs2	1:2	2:0.52275	0	1000	0	0.999991	-25.3796	2.19446e+06	1.35913e-63	10.3367	0.614014	0.999991	-25.3796	2.19446e+06	1.35913e-63	10.3367	0.614014	nan	nan	nan	1	0	1
310	rs1	1:1	2:0.271	rs2	1:2	2:0.51975	0	1000	1	nan	nan	nan	6.48377e-43	11.5059	0.837859	nan	nan	nan	nan	nan	nan	nan	nan	nan	0	1	1
311	rs1	1:1	2:0.27225	rs2	1:2	2:0.523	0	1000	0	0.999984	-24.6854	1.26697e+06	1.24123e-28	12.4212	1.11893	0.999984	-24.6854	1.26697e+06	1.24123e-28	12.4212	1.11893	nan	nan	nan	1	0	1
312	rs1	1:1	2:0.2705	rs2	1:2	2:0.52525	0	1000	0	0.99998	-25.0959	981393	1.45736e-60	10.6224	0.647056	0.99998	-25.0959	981393	1.45736e-60	10.6224	0.647056	nan	nan	nan	1	0	1
313	rs1	1:1	2:0.27025	rs2	1:2	2:0.518	0	1000	1	nan	nan	nan	9.18878e-29	12.2001	1.09636	nan	nan	nan	nan	nan	nan	nan	nan	nan	0	1	1
314	rs1	1:1	2:0.27375	rs2	1:2	2:0.523	0	1000	0	0.999985	-24.4018	1.26697e+06	5.95349e-52	11.0964	0.731672	0.999985	-24.4018	1.26697e+06	5.95349e-52	11.0964	0.731672	nan	nan	nan	1	0	1
315	rs1	1:1	2:0.2705	rs2	1:2	2:0.52025	0	1000	1	nan	nan	nan	9.18878e-29	12.2001	1.09636	nan	nan	nan	nan	nan	nan	nan	nan	nan	0	1	1
316	rs1	1:1	2:0.2705	rs2	1:2	2:0.51725	0	1000	0	0.999987	-25.3816	1.55172e+06	5.75665e-70	10.1116	0.571852	0.999987	-25.3816	1.55172e+06	5.75665e-70	10.1116	0.571852	nan	nan	nan	1	0	1
317	rs1	1:1	2:0.271	rs2	1:2	2:0.52575	0	1000	0	0.999984	-24.9086	1.26697e+06	9.47792e-29	12.1971	1.09636	0.999984	-24.9086	1.26697e+06	9.47792e-29	12.1971	1.09636	nan	nan	nan	1	0	1
318	rs1	1:1	2:0.277	rs2	1:2	2:0.5215	0	1000	0	0.999987	-24.9086	1.55172e+06	6.70344e-43	11.5039	0.83786	0.999987	-24.9086	1.55172e+06	6.70344e-43	11.5039	0.83786	nan	nan	nan	1	0	1
319	rs1	1:1	2:0.27775	rs2	1:2	2:0.524	0	1000	0	0.999991	-24.6885	2.19446e+06	1.31362e-60	10.6264	0.647053	0.999991	-24.6885	2.19446e+06	1.31362e-60	10.6264	0.647053	nan	nan	nan	1	0	1
320	rs1	1:1	2:0.27625	rs2	1:2	2:0.52225	0	1000	0	0.999984	-24.6895	1.26697e+06	3.79992e-58	10.8077	0.672318	0.999984	-24.6895	1.26697e+06	3.79992e-58	10.8077	0.672318	nan	nan	nan	1	0	1
321	rs1	1:1	2:0.277	rs2	1:2	2:0.52175	0	1000	0	0.999978	-24.9126	895885	7.16665e-43	11.4999	0.837862	0.999978	-24.9126	895885	7.16665e-43	11.4999	0.837862	nan	nan	nan	1	0	1
322	rs1	1:1	2:0.27475	rs2	1:2	2:0.524	0	1000	0	0.99998	-24.6895	981393	1.60181e-49	11.3186	0.765079	0.99998	-24.6895	981393	1.60181e-49	11.3186	0.765079	nan	nan	nan	1	0	1
323	rs1	1:1	2:0.2745	rs2	1:2	2:0.51775	0	1000	0	0.999984	-25.4984	1.26697e+06	1.08045e-55	10.5046	0.668176	0.999984	-25.4984	1.26697e+06	1.08045e-55	10.5046	0.668176	nan	nan	nan	1	0	1
324	rs1	1:1	2:0.27125	rs2	1:2	2:0.51975	0	1000	0	0.999991	-25.0919	2.19446e+06	1.31355e-60	10.6264	0.647053	0.999991	-25.0919	2.19446e+06	1.31355e-60	10.6264	0.647053	nan	nan	nan	1	0	1
325	rs1	1:1	2:0.2705	rs2	1:2	2:0.52225	0	1000	0	0.999983	-23.9943	1.09723e+06	2.343e-35	12.4212	1.001	0.999983	-23.9943	1.09723e+06	2.343e-35	12.4212	1.001	nan	nan	nan	1	0	1
326	rs1	1:1	2:0.2765	rs2	1:2	2:0.52	0	1000	0	0.999985	-24.3988	1.26697e+06	1.77654e-39	12.0157	0.91397	0.999985	-24.3988	1.26697e+06	1.77654e-39	12.0157	0.91397	nan	nan	nan	1	0	1
327	rs1	1:1	2:0.2715	rs2	1:2	2:0.523	0	1000	0	0.999984	-25.2491	1.26697e+06	3.71432e-68	10.2451	0.587258	0.999984	-25.2491	1.26697e+06	3.71432e-68	10.2451	0.587258	nan	nan	nan	1	0	1
328	rs1	1:1	2:0.279	rs2	1:2	2:0.52225	0	1000	0	0.999981	-23.9943	981393	1.0106e-26	13.1143	1.22556	0.999981	-23.9943	981393	1.0106e-26	13.1143	1.22556	nan	nan	nan	1	0	1
329	rs1	1:1	2:0.2745	rs2	1:2	2:0.5245	0	1000	1	nan	nan	nan	1.33676e-43	11.3226	0.817725	nan	nan	nan	nan	nan	nan	nan	nan	nan	0	1	1
330	rs1	1:1	2:0.276	rs2	1:2	2:0.5245	0	1000	1	nan	nan	nan	1.37822e-62	10.5866	0.634043	nan	nan	nan	nan	nan	nan	nan	nan	nan	0	1	1
331	rs1	1:1	2:0.27325	rs2	1:2	2:0.52325	0	1000	0	0.999991	-24.6864	2.19446e+06	1.11008e-54	11.0339	0.708526	0.999991	-24.6864	2.19446e+06	1.11008e-54	11.0339	0.708526	nan	nan	nan	1	0	1
332	rs1	1:1	2:0.278	rs2	1:2	2:0.52625	0	1000	0	0.999984	-25.2491	1.26697e+06	3.71432e-68	10.2451	0.587258	0.999984	-25.2491	1.26697e+06	3.71432e-68	10.2451	0.587258	nan	nan	nan	1	0	1
333	rs1	1:1	2:0.27575	rs2	1:2	2:0.52325	0	1000	0	0.999991	-24.3968	2.19446e+06	1.7253e-39	12.0177	0.913969	0.999991	-24.3968	2.19446e+06	1.7253e-39	12.0177	0.913969	nan	nan	nan	1	0	1
334	rs1	1:1	2:0.27375	rs2	1:2	2:0.52625	0	1000	0	0.999985	-24.4008	1.26697e+06	1.53983e-49	11.3206	0.765077	0.999985	-24.4008	1.26697e+06	1.53983e-49	11.3206	0.765077	nan	nan	nan	1	0	1
335	rs1	1:1	2:0.27625	rs2	1:2	2:0.525	0	1000	0	0.99998	-24.3998	981393	3.94789e-28	12.7079	1.15557	0.99998	-24.3998	981393	3.94789e-28	12.7079	1.15557	nan	nan	nan	1	0	1
336	rs1	1:1	2:0.2735	rs2	1:2	2:0.5255	0	1000	0	0.999985	-23.9933	1.26697e+06	2.31362e-35	12.4222	1.001	0.999985	-23.9933	1.26697e+06	2.31362e-35	12.4222	1.001	nan	nan	nan	1	0	1
