Outcome	Var1_ID	Var1_Pos	Var1_MAF	Var2_ID	Var2_Pos	Var2_MAF	Num_Missing	Num_Cases	Converged	Red_Var1_Pval	Red_Var1_beta	Red_Var1_SE	Red_Var2_Pval	Red_Var2_beta	Red_Var2_SE	Full_Var1_Pval	Full_Var1_beta	Full_Var1_SE	Full_Var2_Pval	Full_Var2_beta	Full_Var2_SE	Full_Var1_Var2_Pval	Full_Var1_Var2_beta	Full_Var1_Var2_SE	Red_Model_Pval	Full_Model_Pval	Overall_Pval_(LRT)
1	rs1	1:1	2:0.27325	rs2	1:2	2:0.52625	0	1000	0	0.378934	-5.12662	3.67995	2.4444e-14	11.2051	1.41526	0.0290464	-6.91883	2.60067	1	-5.26457e+07	1.15178e+13	1	-1.57916e+08	3.4549e+13	0	1	1
2	rs1	1:1	2:0.275	rs2	1:2	2:0.52175	0	1000	0	0.00027143	-17.8041	4.39324	9.09769e-15	11.3558	1.41219	0.940436	2.52854	7.21485	0.969694	1.48826	5.99885	1	-93.4952	172132	0	0	1
3	rs1	1:1	2:0.27125	rs2	1:2	2:0.52175	0	1000	0	0.540088	-4.0505	3.64918	2.10255e-14	11.2406	1.41633	0.823329	2.46406	3.95174	0.899197	1.70802	3.70516	1	-108.983	211960	0	0	1
4	rs1	1:1	2:0.27775	rs2	1:2	2:0.527	0	1000	0	8.62171e-06	-19.7592	4.09149	5.54404e-15	11.468	1.41534	0.944039	2.11239	6.22431	0.960465	1.41632	4.98642	1	-94.2632	174003	0	0	1
5	rs1	1:1	2:0.2715	rs2	1:2	2:0.52325	0	1000	1	0.0156174	-6.8447	2.37315	5.35988e-30	9.03064	0.777818	0.999994	-0.0105649	3.17311	0.963314	0.988521	3.61553	0.120562	-51.2359	24.9082	0	0	1.0687e-08
6	rs1	1:1	2:0.27025	rs2	1:2	2:0.5195	0	1000	1	0.395595	-3.99817	2.93576	3.27835e-22	9.99697	1.00504	0.636055	2.62084	2.75506	0.995424	-1.33537	13.9422	0.828744	-74.4224	121.42	0	0	1.33137e-07
7	rs1	1:1	2:0.2735	rs2	1:2	2:0.52525	0	1000	0	0.0749509	-7.17179	3.15054	2.29529e-22	9.95984	0.997721	0.850332	1.98589	3.48746	0.874868	1.48	2.86227	1	-110.404	213318	0	0	1
8	rs1	1:1	2:0.275	rs2	1:2	2:0.5225	0	1000	0	0.007389	-10.0371	3.20369	3.06638e-29	9.25277	0.807467	0.0374208	-6.8908	2.68814	1	-7.76026e+07	1.69379e+13	1	-2.47302e+08	5.39773e+13	0	1	1
9	rs1	1:1	2:0.276	rs2	1:2	2:0.522	0	1000	0	0.000500649	-12.7275	3.26462	3.7729e-34	8.90985	0.718163	0.00030426	-7.4364	1.84786	1	-551.549	1.02524e+13	1	-1791.51	3.28729e+13	0	1	1
10	rs1	1:1	2:0.2745	rs2	1:2	2:0.5245	0	1000	0	0.907635	1.42082	3.22726	1	35.9585	65451	0.907635	1.42082	3.22726	1	36.6825	414810	1	2.24244	1.32819e+06	1	0	1
11	rs1	1:1	2:0.26975	rs2	1:2	2:0.52075	0	1000	1	0.191354	-5.2441	2.88361	7.6127e-22	9.94205	1.00814	0.818571	1.69584	2.68005	0.999557	0.220497	7.40426	0.628771	-61.0585	63.3837	0	0	3.08932e-07
12	rs1	1:1	2:0.2725	rs2	1:2	2:0.52325	0	1000	1	0.246139	-4.91433	2.93492	2.04697e-22	10.0474	1.00534	0.755947	2.04063	2.72796	0.999368	-0.34152	9.60628	0.826356	-68.9072	111.568	0	0	2.28087e-07
13	rs1	1:1	2:0.27275	rs2	1:2	2:0.5225	0	1000	1	0.185965	-5.4234	2.95678	1.90967e-22	10.106	1.0105	0.747381	2.1541	2.82274	0.993671	0.707977	6.28258	0.535932	-58.7948	52.6404	0	0	3.29306e-07
14	rs1	1:1	2:0.27475	rs2	1:2	2:0.52575	0	1000	0	3.86641e-05	-15.2187	3.37601	2.69073e-29	9.26324	0.807577	0.900533	1.70904	3.73356	0.89553	1.23348	2.62574	1	-107.028	203740	0	0	1
15	rs1	1:1	2:0.274	rs2	1:2	2:0.5235	0	1000	0	0.00718864	-12.9253	4.11408	7.69185e-25	9.75123	0.925342	0.0129135	-7.81065	2.64822	1	-9.38734e+07	1.26609e+13	1	-2.65334e+08	3.57861e+13	0	1	1
16	rs1	1:1	2:0.27425	rs2	1:2	2:0.524	0	1000	0	2.1594e-07	-21.0085	3.79184	1.62432e-14	11.2929	1.41714	1	-146.928	1.13605e+07	1	73.2888	3.03456e+07	1	249.122	7.68291e+07	0	1	1
17	rs1	1:1	2:0.272	rs2	1:2	2:0.527	0	1000	0	0.722803	-2.97339	3.69021	1.47199e-14	11.3003	1.41587	0.768212	2.51749	3.46662	0.854649	1.76892	3.15613	1	-112.858	221722	0	0	1
18	rs1	1:1	2:0.27025	rs2	1:2	2:0.51875	0	1000	1	0.00581752	-9.01313	2.80924	3.84705e-28	9.23824	0.822192	0.836955	1.79788	3.01339	0.949132	1.35114	4.18138	0.396719	-52.7808	38.8151	0	0	1.99941e-08
19	rs1	1:1	2:0.27125	rs2	1:2	2:0.528	0	1000	0	0.00202708	-12.5237	3.55616	5.59381e-28	9.27765	0.828159	0.0278243	-7.17561	2.68096	1	-5531.45	1.46844e+13	1	-16504.1	4.3745e+13	0	1	1
20	rs1	1:1	2:0.27425	rs2	1:2	2:0.521	0	1000	0	0.837658	2.03138	3.41281	1	36.1582	65814	0.837658	2.03138	3.41281	1	36.136	184290	1	-0.187448	575566	1	0	1
21	rs1	1:1	2:0.271	rs2	1:2	2:0.52025	0	1000	0	0.613299	-3.6038	3.64447	3.64476e-14	11.1411	1.41623	1	2223.84	inf	1	1.98543e+16	inf	1	6.45123e+16	inf	0	1	1
22	rs1	1:1	2:0.27175	rs2	1:2	2:0.52	0	1000	1	0.0485707	-6.41995	2.61019	3.35359e-28	9.23806	0.821284	0.769587	1.76691	2.44136	0.997575	-0.587675	8.43272	0.591061	-65.3992	63.7723	0	0	1.90116e-09
23	rs1	1:1	2:0.27275	rs2	1:2	2:0.5175	0	1000	1	0.719761	2.79592	3.44763	0.137031	35.5469	17.829	0.763158	2.67816	3.64256	0.125947	36.2731	17.8191	0.874925	56.6295	109.546	0	0	0.804235
24	rs1	1:1	2:0.2765	rs2	1:2	2:0.5185	0	1000	1	0.851193	1.66094	2.92596	0.662389	35.8178	39.4627	0.864867	1.61593	2.99886	0.633319	37.6977	39.4409	0.943218	59.7218	174.662	0	0	0.854243
25	rs1	1:1	2:0.27975	rs2	1:2	2:0.527	0	1000	0	0.000154742	-18.2084	4.34674	1.43691e-18	10.1288	1.1174	0.0225696	-8.31607	3.02007	0.962104	1.49119	5.3646	1	-83.62	173141	0	0	1
26	rs1	1:1	2:0.27725	rs2	1:2	2:0.5245	0	1000	0	0.0136549	-7.17396	2.4481	4.01893e-30	8.90273	0.765168	0.957036	-0.911035	3.0741	0.753353	1.27636	1.69588	1	-120.877	238741	0	0	1
27	rs1	1:1	2:0.27525	rs2	1:2	2:0.526	0	1000	0	0.00119792	-10.8582	2.96023	1.60134e-34	8.73262	0.699991	0.879953	1.45864	2.88417	0.836179	1.20867	2.02057	1	-114.986	220825	0	0	1
28	rs1	1:1	2:0.27675	rs2	1:2	2:0.51925	0	1000	0	0.634395	-3.37663	3.53935	1	34.698	66362.6	0.634395	-3.37663	3.53935	1	36.8556	609100	1	6.66442	1.87773e+06	1	0	1
29	rs1	1:1	2:0.27075	rs2	1:2	2:0.52175	0	1000	0	0.00138403	-12.6539	3.48744	1.38912e-27	9.21948	0.828996	0.932672	1.53037	4.09884	0.915237	1.2748	3.02885	1	-104.147	198264	0	0	1
30	rs1	1:1	2:0.27575	rs2	1:2	2:0.52125	0	1000	0	0.670527	-3.17605	3.5523	1	34.7429	66097.9	0.670527	-3.17605	3.5523	1	35.3769	338267	1	1.85534	1.06038e+06	1	0	1
31	rs1	1:1	2:0.27275	rs2	1:2	2:0.526	0	1000	0	1.57047e-05	-11.9219	2.53468	3.14057e-42	7.96757	0.57632	0.0890601	-6.02142	2.73789	1	-409544	1.61649e+13	1	-1.44234e+06	5.69286e+13	0	1	1
32	rs1	1:1	2:0.27675	rs2	1:2	2:0.528	0	1000	0	0.851717	2.10051	3.70741	1	36.4341	65122.9	0.851717	2.10051	3.70741	1	35.9437	307636	1	-1.76927	973672	1	0	1
33	rs1	1:1	2:0.274	rs2	1:2	2:0.52725	0	1000	0	0.0549398	5.82971	2.42002	2.36414e-17	11.0402	1.2617	0.999999	-36.7075	24839.2	1	-227.272	1.89146e+06	1	872.911	3.79019e+06	0	0	1
34	rs1	1:1	2:0.27575	rs2	1:2	2:0.52125	0	1000	0	0.0294357	-7.04259	2.65219	5.21927e-18	10.3248	1.15733	0.231972	-4.8159	2.81719	0.896338	1.67161	3.57303	1	-104.212	215906	0	0	1
35	rs1	1:1	2:0.278	rs2	1:2	2:0.52525	0	1000	0	1.84796e-05	-14.8246	3.17525	9.41107e-36	8.88648	0.699696	0.867847	1.59706	2.99958	0.861648	1.14221	2.09301	1	-113.522	219388	0	0	1
36	rs1	1:1	2:0.27075	rs2	1:2	2:0.51925	0	1000	0	5.32901e-05	-11.644	2.6248	9.55509e-38	8.21368	0.629069	0.82692	1.89909	3.08035	0.848186	1.03176	1.79794	1	-116.669	224769	0	0	1
37	rs1	1:1	2:0.26975	rs2	1:2	2:0.5215	0	1000	0	0.000868076	-9.87674	2.63044	1.24734e-29	8.75328	0.758698	0.736257	-2.77052	3.54047	0.851141	1.26129	2.2215	1	-107.108	217185	0	0	1
38	rs1	1:1	2:0.2715	rs2	1:2	2:0.52825	0	1000	0	6.61164e-08	34.0239	5.91709	2.24153e-14	11.2398	1.41768	0.0160745	9.11213	3.17032	0.974198	1.12382	4.91496	1	135.704	268566	0	0	1
39	rs1	1:1	2:0.27425	rs2	1:2	2:0.52275	0	1000	0	0.27168	-5.84375	3.61978	1	34.6861	66667	0.27168	-5.84375	3.61978	1	35.4213	360997	1	1.81783	937921	1	0	1
40	rs1	1:1	2:0.27425	rs2	1:2	2:0.52475	0	1000	1	0.016096	-12.5783	4.37698	1.03177e-21	10.5388	1.07201	0.913117	1.63886	3.84384	0.49517	3.61737	3.05102	0.245836	-40.859	24.391	0	0	2.2661e-05
41	rs1	1:1	2:0.2715	rs2	1:2	2:0.52075	0	1000	1	0.00224057	-8.64913	2.47603	1.28838e-25	9.32749	0.871224	0.263006	-4.52873	2.77094	0.993219	0.762911	6.54002	0.404581	-46.3186	34.4302	0	0	7.59078e-06
42	rs1	1:1	2:0.27275	rs2	1:2	2:0.5185	0	1000	0	0.190473	-5.39815	2.96418	3.21183e-22	9.96377	1.0015	0.793956	1.99378	2.93503	0.855554	1.37536	2.46224	1	-117.174	229671	0	0	1
43	rs1	1:1	2:0.275	rs2	1:2	2:0.52775	0	1000	1	0.000757692	-12.5782	3.31804	7.96055e-35	9.20312	0.734415	0.710538	2.47747	2.99675	0.96194	1.21179	4.34991	0.226687	-52.4139	30.422	0	0	1.79269e-09
44	rs1	1:1	2:0.276	rs2	1:2	2:0.5215	0	1000	1	0.106791	-6.5431	3.09348	1.24701e-17	11.0497	1.25236	0.779824	-2.58597	3.66676	0.761751	3.03931	4.11972	0.218175	-37.6569	21.5802	0	0	0.000727411
45	rs1	1:1	2:0.273	rs2	1:2	2:0.529	0	1000	1	8.90715e-05	-16.1689	3.74383	5.37758e-22	10.4208	1.05293	0.780786	3.14668	4.47291	0.614082	3.07665	3.11544	0.242701	-44.425	26.3993	0	0	3.85955e-06
46	rs1	1:1	2:0.2775	rs2	1:2	2:0.519	0	1000	0	0.892117	1.32244	2.76762	1	35.715	66046.9	0.892117	1.32244	2.76762	1	35.4368	363885	1	-1.12683	1.24711e+06	1	0	1
47	rs1	1:1	2:0.27775	rs2	1:2	2:0.51875	0	1000	0	0.896832	-1.77058	3.79414	3.04704e-15	11.4918	1.40553	0.750983	2.10587	2.7826	0.873986	1.62571	3.13227	1	-119.864	233701	0	0	1
48	rs1	1:1	2:0.27775	rs2	1:2	2:0.5275	0	1000	0	4.969e-05	-15.4176	3.46316	1.02351e-29	9.3339	0.807824	0.888595	1.76276	3.62684	0.892781	1.23974	2.60306	1	-108.759	204809	0	0	1
49	rs1	1:1	2:0.274	rs2	1:2	2:0.52	0	1000	1	0.748921	2.86416	3.76653	0.537366	37.2208	33.3963	0.794411	2.72779	4.02055	0.497468	39.3615	33.3088	0.906335	61.5284	138.734	0	0	0.809989
50	rs1	1:1	2:0.274	rs2	1:2	2:0.52325	0	1000	0	0.075734	-7.15862	3.15108	2.02923e-22	9.97178	0.997685	0.879702	1.67936	3.31689	0.88285	1.45611	2.91688	1	-110.245	213570	0	0	1
51	rs1	1:1	2:0.27825	rs2	1:2	2:0.52475	0	1000	0	2.70805e-05	-15.6349	3.4091	2.08975e-32	9.14268	0.756935	0.70486	-3.00958	3.59839	0.890655	1.20698	2.50805	1	-104.444	207895	0	0	1
52	rs1	1:1	2:0.269	rs2	1:2	2:0.52375	0	1000	1	0.000765716	-9.91501	2.61744	1.69959e-33	8.67009	0.705773	0.716666	2.63655	3.23001	0.999981	0.0374914	6.14935	0.549424	-60.9177	55.6618	0	0	2.97037e-10
53	rs1	1:1	2:0.27075	rs2	1:2	2:0.5205	0	1000	1	0.00105807	-9.84332	2.65913	1.06216e-30	8.97218	0.763667	0.809329	-2.35162	3.61531	0.989613	0.766657	5.30528	0.587646	-52.3796	50.7974	0	0	1.05748e-07
54	rs1	1:1	2:0.2745	rs2	1:2	2:0.52675	0	1000	0	0.0176256	-7.76023	2.73058	7.12603e-28	9.10344	0.81418	0.0345841	-6.5298	2.51729	1	-8.54062e+06	8.0002e+12	1	-2.90092e+07	2.71736e+13	0	1	1
55	rs1	1:1	2:0.27525	rs2	1:2	2:0.51925	0	1000	1	0.21059	0.933359	0.528776	9.52185e-16	11.5337	1.38673	0.998269	-0.0494161	0.839538	0.124592	4.71652	2.31096	0.110435	5.53101	2.63481	0	0	0.00174304
56	rs1	1:1	2:0.275	rs2	1:2	2:0.52475	0	1000	1	0.00192632	-9.59368	2.71304	1.29596e-34	8.82	0.706036	0.844844	1.45343	2.50291	1	-0.00628868	6.35017	0.460892	-60.0379	48.2363	0	0	1.79663e-10
57	rs1	1:1	2:0.275	rs2	1:2	2:0.522	0	1000	0	0.00164481	-10.8441	3.02863	2.39832e-31	8.98764	0.756867	0.0479528	-7.51772	3.05007	1	-3.90045e+08	3.22164e+13	1	-1.2466e+09	1.02965e+14	0	1	1
58	rs1	1:1	2:0.27175	rs2	1:2	2:0.52275	0	1000	0	0.924067	1.94171	4.8858	1	36.9055	66004.8	0.924067	1.94171	4.8858	1	36.3628	354719	1	-1.70575	1.01343e+06	1	0	1
59	rs1	1:1	2:0.2745	rs2	1:2	2:0.52125	0	1000	0	0.00817914	-9.98277	3.21986	1.93698e-29	9.2852	0.807477	0.0304854	-6.72557	2.54548	1	-3.40408e+07	2.13481e+13	1	-1.08775e+08	6.82163e+13	0	1	1
60	rs1	1:1	2:0.2705	rs2	1:2	2:0.52225	0	1000	1	8.58042e-05	-10.6858	2.46931	3.01597e-38	8.25141	0.627727	0.830848	1.65306	2.71535	0.99529	-0.71327	7.34022	0.890509	-70.8014	147.017	0	0	8.91954e-12
61	rs1	1:1	2:0.27275	rs2	1:2	2:0.52225	0	1000	0	0.370656	-5.1836	3.67921	2.43532e-14	11.2053	1.4152	0.937393	1.37273	3.81748	0.923032	1.72577	4.31195	1	-103.655	200765	0	0	1
62	rs1	1:1	2:0.27125	rs2	1:2	2:0.52375	0	1000	1	1.28558e-07	-16.8314	2.98786	2.0545e-30	9.03261	0.772511	0.605137	-3.54663	3.5385	0.921179	1.5238	3.76044	0.249975	-42.0539	25.255	0	0	1.62463e-07
63	rs1	1:1	2:0.27125	rs2	1:2	2:0.52175	0	1000	1	0.0289424	-6.90986	2.59599	1.22801e-24	9.64534	0.919174	0.913495	-1.55637	3.65871	0.999456	0.250864	7.60747	0.515953	-54.7514	47.5923	0	0	1.61587e-06
64	rs1	1:1	2:0.275	rs2	1:2	2:0.52	0	1000	1	0.672124	2.78828	3.12791	0.808585	36.7791	56.4207	0.693824	2.73889	3.20328	0.774721	40.275	56.3683	0.953626	70.4521	228.615	0	0	0.852117
65	rs1	1:1	2:0.2715	rs2	1:2	2:0.51975	0	1000	1	0.0537273	-8.53014	3.52748	6.86629e-20	10.866	1.15668	0.525847	3.26383	2.87868	0.0515332	4.69707	1.92868	0.00949128	-35.7373	11.7094	0	0	1.4631e-05
66	rs1	1:1	2:0.2695	rs2	1:2	2:0.52475	0	1000	0	0.044193	-7.61798	3.05003	1.47754e-21	9.76658	0.997172	0.911372	1.52987	3.55104	0.875556	1.48348	2.87747	1	-106.822	208670	0	0	1
67	rs1	1:1	2:0.277	rs2	1:2	2:0.5225	0	1000	0	0.00316572	-9.37149	2.76221	7.41127e-32	9.15959	0.765002	0.828299	1.75968	2.86682	1	-411.614	2.41865e+06	1	-1597.56	8.12016e+06	0	0	1
68	rs1	1:1	2:0.27275	rs2	1:2	2:0.5265	0	1000	1	0.0163731	-7.8022	2.72063	1.50052e-28	9.26485	0.81848	0.844323	1.55131	2.66661	0.999894	-0.111742	7.68192	0.629117	-62.106	64.5094	0	0	5.4398e-09
69	rs1	1:1	2:0.27725	rs2	1:2	2:0.5185	0	1000	1	0.184593	-5.48562	2.98414	9.76592e-18	11.0258	1.24575	0.883961	-1.81631	3.65695	0.849306	2.54094	4.44569	0.246814	-41.9478	25.0765	0	0	0.000444606
70	rs1	1:1	2:0.27375	rs2	1:2	2:0.51975	0	1000	0	0.305467	-4.44017	2.88309	3.22753e-17	10.7004	1.22787	0.914395	-1.50892	3.56663	0.851521	1.66771	2.94141	1	-112.819	232218	0	0	1
71	rs1	1:1	2:0.277	rs2	1:2	2:0.525	0	1000	0	1.10118e-08	-18.1717	3.00169	7.81791e-29	9.26535	0.81439	0.86451	2.07493	3.84521	0.902519	1.05041	2.31922	1	-109.538	204789	0	0	1
72	rs1	1:1	2:0.27275	rs2	1:2	2:0.52125	0	1000	0	0.0225053	-12.2788	4.45749	1.2744e-22	10.1344	1.00927	0.9218	1.96862	4.87826	0.941892	1.46204	4.22533	1	-100.114	190096	0	0	1
73	rs1	1:1	2:0.275	rs2	1:2	2:0.519	0	1000	0	0.0906623	-6.95166	3.17258	8.34643e-23	10.061	0.997778	0.86449	1.74673	3.23674	0.896806	1.40618	3.01287	1	-111.257	217271	0	0	1
74	rs1	1:1	2:0.27275	rs2	1:2	2:0.5225	0	1000	0	0.118048	-6.2215	3.00963	3.7498e-22	9.93526	1.0002	0.826478	1.97116	3.19275	0.86021	1.43483	2.61458	1	-113.702	221241	0	0	1
75	rs1	1:1	2:0.27375	rs2	1:2	2:0.5205	0	1000	0	0.718285	-3.00476	3.69364	1.15746e-14	11.3232	1.41341	0.860886	1.65949	3.0319	0.883921	1.67575	3.37332	1	-112.998	221777	0	0	1
76	rs1	1:1	2:0.27525	rs2	1:2	2:0.52375	0	1000	0	0.126968	-6.19375	3.04861	2.98035e-22	9.95882	1.00024	0.0326327	-6.72145	2.56909	0.999929	-3.34293e+11	2.80474e+13	0.999929	-1.11681e+12	9.3701e+13	0	1	1
77	rs1	1:1	2:0.2705	rs2	1:2	2:0.517	0	1000	1	0.245202	0.786246	0.468922	1.24908e-17	10.3976	1.17849	0.786702	0.387679	0.559677	0.997263	-2.31583	31.2787	0.900949	13.1602	28.8133	0	0	0.00019058
78	rs1	1:1	2:0.27575	rs2	1:2	2:0.52225	0	1000	0	0.00389416	-12.5544	3.7688	3.70347e-29	9.45593	0.826385	0.898416	1.72434	3.72536	0.911709	1.28728	2.99392	1	-107.501	204223	0	0	1
79	rs1	1:1	2:0.2745	rs2	1:2	2:0.52025	0	1000	0	0.712843	1.92426	2.3387	1.3242e-14	12.1888	1.52466	1	-69.8244	442747	0.159792	4.4643	2.33105	1	132.411	472600	0	0	1
80	rs1	1:1	2:0.274	rs2	1:2	2:0.52125	0	1000	0	0.0726714	-6.91369	3.01922	4.73726e-17	10.6311	1.22613	0.581383	-3.6284	3.48387	0.917025	1.71456	4.11935	1	-99.0142	204098	0	0	1
81	rs1	1:1	2:0.27675	rs2	1:2	2:0.521	0	1000	1	0.830498	1.22891	2.01634	0.999318	41.4208	1121.19	0.833189	1.25165	2.07177	0.997488	65.5286	924.008	0.998945	163.845	3565.47	0	0	0.965235
82	rs1	1:1	2:0.277	rs2	1:2	2:0.521	0	1000	0	0.0203646	-7.88508	2.8255	3.57154e-18	10.3634	1.15616	0.16414	-5.40347	2.84233	0.92164	1.67228	4.13951	1	-99.9134	206504	0	0	1
83	rs1	1:1	2:0.27275	rs2	1:2	2:0.52375	0	1000	1	0.00079287	-10.9824	2.90629	7.19193e-35	8.87673	0.70791	0.774973	2.18091	3.05432	0.989947	0.697403	4.90592	0.489221	-57.5808	48.1535	0	0	6.69267e-10
84	rs1	1:1	2:0.27275	rs2	1:2	2:0.5225	0	1000	0	0.00117521	-10.9274	2.97489	6.7828e-31	8.9221	0.756949	0.697282	-2.99913	3.53174	0.872888	1.28123	2.45712	1	-105.056	211990	0	0	1
85	rs1	1:1	2:0.27575	rs2	1:2	2:0.521	0	1000	0	0.00419637	-9.19929	2.78039	1.31713e-31	9.05552	0.759363	0.895715	-1.72407	3.67351	0.848491	1.25802	2.19461	1	-112.77	226475	0	0	1
86	rs1	1:1	2:0.274	rs2	1:2	2:0.5195	0	1000	1	0.125265	-5.99113	2.93928	6.35213e-17	11.1411	1.29	0.88072	-1.89831	3.76639	0.21083	4.29444	2.43382	0.087678	-32.6607	14.8028	0	0	0.00183188
87	rs1	1:1	2:0.27475	rs2	1:2	2:0.52025	0	1000	0	0.924198	1.4549	3.66417	1	36.3104	66137.7	0.924198	1.4549	3.66417	1	35.9512	369295	1	-1.26414	1.14078e+06	1	0	1
88	rs1	1:1	2:0.272	rs2	1:2	2:0.5225	0	1000	0	0.151492	-5.54852	2.85595	1.07119e-16	10.5332	1.22824	0.77162	-2.56628	3.56385	0.869443	1.6917	3.19813	1	-107.178	218915	0	0	1
89	rs1	1:1	2:0.2745	rs2	1:2	2:0.526	0	1000	0	0.000429864	-12.8171	3.25511	8.55888e-34	8.86719	0.718558	0.801315	2.53929	3.81512	0.868053	1.20403	2.26329	1	-112.727	212611	0	0	1
90	rs1	1:1	2:0.27625	rs2	1:2	2:0.52325	0	1000	1	9.97609e-05	-12.9038	3.00614	9.3074e-40	8.74325	0.652145	0.721428	2.32032	2.87128	0.991404	0.604062	4.59721	0.365345	-57.8524	40.7672	0	0	4.40315e-11
91	rs1	1:1	2:0.273	rs2	1:2	2:0.52425	0	1000	0	0.00295073	-12.5591	3.67933	1.13586e-28	9.3827	0.827095	0.849448	2.50947	4.39287	0.90304	1.31807	2.91841	1	-107.03	202854	0	0	1
92	rs1	1:1	2:0.2735	rs2	1:2	2:0.52675	0	1000	0	9.85553e-07	-20.2556	3.85139	2.63277e-14	11.2037	1.41675	0.97405	1.42908	6.23195	0.962043	1.28849	4.63165	1	-91.5221	169134	0	0	1
93	rs1	1:1	2:0.2745	rs2	1:2	2:0.524	0	1000	0	0.0174355	-8.3584	2.93711	3.73209e-29	9.28444	0.811445	0.7343	2.62462	3.33954	0.841856	1.30577	2.22537	1	-116.319	225016	0	0	1
94	rs1	1:1	2:0.27175	rs2	1:2	2:0.52225	0	1000	0	0.176682	-5.50173	2.95484	5.25215e-22	9.91574	1.00166	0.739902	2.51995	3.24656	0.835692	1.42385	2.37642	1	-117.03	228067	0	0	1
95	rs1	1:1	2:0.27475	rs2	1:2	2:0.526	0	1000	1	0.000874143	-13.0352	3.47333	4.84718e-31	9.35515	0.791777	0.717983	-2.91677	3.5832	0.909536	1.81948	4.17813	0.168732	-40.3055	21.3652	0	0	1.21068e-06
96	rs1	1:1	2:0.2775	rs2	1:2	2:0.52175	0	1000	0	0.034695	-12.3205	4.75192	2.14734e-23	10.2977	1.00788	0.871367	2.62451	5.00124	0.942535	1.44826	4.20955	1	-103.548	193603	0	0	1
97	rs1	1:1	2:0.273	rs2	1:2	2:0.52075	0	1000	1	0.855014	-2.10213	3.75575	5.53566e-15	11.5636	1.42711	0.655635	2.79224	3.03882	0.971581	1.474	6.13837	0.546562	-56.9988	51.8554	0	0	7.92918e-05
98	rs1	1:1	2:0.2715	rs2	1:2	2:0.5245	0	1000	1	7.44256e-08	-16.0224	2.79648	1.17468e-33	8.78573	0.713442	0.805385	2.21121	3.36087	0.965593	1.02467	3.87217	0.354929	-53.4939	37.1658	0	0	3.30458e-10
99	rs1	1:1	2:0.27575	rs2	1:2	2:0.52125	0	1000	1	0.000697973	-12.6477	3.3175	1.15973e-34	9.20946	0.736687	0.752998	2.15957	2.867	0.908378	1.59978	3.64919	0.161577	-50.1304	26.2555	0	0	2.35916e-09
100	rs1	1:1	2:0.2685	rs2	1:2	2:0.52225	0	1000	1	0.0444052	-7.65389	3.06676	1.27683e-20	10.3319	1.07944	0.692832	2.6246	3.06361	0.200047	3.82141	2.13012	0.0513672	-39.556	16.2334	0	0	5.60698e-06
101	rs1	1:1	2:0.275	rs2	1:2	2:0.52425	0	1000	1	0.000670094	-9.43576	2.46808	9.62499e-39	8.48955	0.641616	0.743337	1.61408	2.09565	0.912391	1.20553	2.8152	0.0700419	-52.651	22.8329	0	0	3.24791e-12
102	rs1	1:1	2:0.27625	rs2	1:2	2:0.523	0	1000	0	0.00828638	11.5431	3.72817	3.35783e-08	13.308	2.26837	0.134286	6.13944	3.06376	0.992262	1.83128	14.6917	1	66.8998	135372	0	0	1
103	rs1	1:1	2:0.276	rs2	1:2	2:0.51775	0	1000	1	0.991382	-0.371482	2.82351	7.24357e-19	11.3183	1.23834	0.857966	1.06728	1.92817	0.998583	-4.27839	80.344	0.979196	-96.5661	470.935	0	0	6.28576e-05
104	rs1	1:1	2:0.27625	rs2	1:2	2:0.521	0	1000	1	0.929933	-1.35583	3.55709	0.92399	34.6095	87.0398	0.913467	-1.55104	3.64558	0.846841	50.8503	88.1876	0.937483	114.02	317.316	0	0	0.765593
105	rs1	1:1	2:0.27125	rs2	1:2	2:0.52	0	1000	1	0.00113788	-10.8761	2.95384	4.19965e-31	9.11205	0.770411	0.811961	-2.3244	3.60121	0.934789	1.52786	4.16033	0.152614	-42.3521	21.8423	0	0	3.10969e-07
106	rs1	1:1	2:0.27675	rs2	1:2	2:0.524	0	1000	0	0.325632	-6.08134	4.05966	4.4089e-15	11.4855	1.41259	0.89655	2.10867	4.51211	0.939293	1.79909	5.08339	1	-101.444	194897	0	0	1
107	rs1	1:1	2:0.27375	rs2	1:2	2:0.5195	0	1000	0	0.0467242	-6.53912	2.64178	3.52596e-25	9.77716	0.921354	0.722248	2.56632	3.18124	1	-490.49	3.26324e+06	1	-1913.97	1.12349e+07	0	0	1
108	rs1	1:1	2:0.27575	rs2	1:2	2:0.5175	0	1000	0	0.520203	-3.43373	3.00342	2.06683e-17	10.7416	1.22543	0.982661	-0.627432	3.35462	0.00630828	4.63626	1.45655	1	-111.932	249259	0	0	1
109	rs1	1:1	2:0.27025	rs2	1:2	2:0.52275	0	1000	1	3.42376e-05	-15.9933	3.5268	4.50039e-24	9.73199	0.938568	0.458192	-4.43732	3.55163	0.675443	2.8801	3.25113	0.127092	-32.5105	16.0057	0	0	3.55971e-05
110	rs1	1:1	2:0.2765	rs2	1:2	2:0.5225	0	1000	0	0.00191365	-10.6932	3.02238	2.49587e-35	8.83277	0.69971	0.829515	1.7664	2.88903	0.851021	1.17266	2.06449	1	-116.677	224887	0	0	1
111	rs1	1:1	2:0.275	rs2	1:2	2:0.52025	0	1000	0	0.0561378	-8.27297	3.4471	2.14589e-17	10.7148	1.22297	0.455834	-4.39117	3.50314	0.945107	1.71198	5.09474	1	-93.8565	192845	0	0	1
112	rs1	1:1	2:0.27275	rs2	1:2	2:0.51875	0	1000	0	0.784281	2.48492	3.56456	1	36.0525	66168	0.784281	2.48492	3.56456	1	35.4617	371628	1	-2.14917	1.25043e+06	1	0	1
113	rs1	1:1	2:0.27425	rs2	1:2	2:0.519	0	1000	0	0.886943	1.65085	3.37014	1	36.0615	66219.3	0.886943	1.65085	3.37014	1	35.6695	374700	1	-1.42697	1.21554e+06	1	0	1
114	rs1	1:1	2:0.27225	rs2	1:2	2:0.52275	0	1000	0	0.066204	4.6017	1.97477	1.33888e-22	10.1914	1.01544	1	-56.1521	457930	0.911171	1.85745	4.30629	1	123.733	482531	0	0	1
115	rs1	1:1	2:0.2795	rs2	1:2	2:0.5225	0	1000	1	0.105687	-6.90356	3.25634	2.14076e-22	10.7057	1.07169	0.606053	2.8068	2.80459	0.203021	3.80497	2.13074	0.0388971	-41.8095	16.407	0	0	2.9487e-06
116	rs1	1:1	2:0.2755	rs2	1:2	2:0.51975	0	1000	0	0.604872	-3.70611	3.696	1.00029e-14	11.3626	1.41512	0.0524479	-6.21836	2.56096	1	-1442.43	1.02657e+13	1	-4635.24	3.28156e+13	0	1	1
117	rs1	1:1	2:0.27575	rs2	1:2	2:0.52125	0	1000	0	0.0569637	-8.5808	3.58447	3.31181e-23	10.1012	0.992782	0.823637	2.61374	4.19583	0.915445	1.43596	3.41614	1	-108.467	206528	0	0	1
118	rs1	1:1	2:0.27175	rs2	1:2	2:0.527	0	1000	1	4.86082e-06	-14.6839	2.96851	2.57556e-34	8.86668	0.712917	0.799248	2.22881	3.3293	0.972839	1.00279	4.27306	0.3781	-53.7982	38.5732	0	0	8.49576e-10
119	rs1	1:1	2:0.2715	rs2	1:2	2:0.525	0	1000	0	0.109792	-6.06969	2.8876	7.62396e-17	10.5757	1.22753	0.695864	-2.99841	3.52097	0.880575	1.74917	3.46824	1	-103.024	212609	0	0	1
120	rs1	1:1	2:0.2735	rs2	1:2	2:0.522	0	1000	0	0.0834806	-7.04416	3.16092	1.29316e-22	10.0173	0.997753	0.790523	2.57664	3.75794	0.884323	1.4455	2.9152	1	-111.474	215547	0	0	1
121	rs1	1:1	2:0.2695	rs2	1:2	2:0.52075	0	1000	1	0.108298	-6.07906	2.88313	2.0471e-16	11.0172	1.29615	0.8645	-2.00672	3.71864	0.220379	4.2755	2.45832	0.0742465	-30.8652	13.5343	0	0	0.00206701
122	rs1	1:1	2:0.27625	rs2	1:2	2:0.5215	0	1000	1	0.0074905	-12.295	3.92986	2.03347e-29	9.94229	0.864938	0.60395	3.35634	3.34211	0.736894	2.51329	3.2163	0.104394	-46.6015	21.9215	0	0	9.63257e-08
123	rs1	1:1	2:0.2765	rs2	1:2	2:0.5285	0	1000	0	0.000279547	-17.9299	4.43225	5.93561e-15	11.4337	1.41258	0.932274	2.58647	6.90629	0.959186	1.60509	5.55996	1	-93.8512	173515	0	0	1
124	rs1	1:1	2:0.27325	rs2	1:2	2:0.52525	0	1000	0	0.000109811	-16.0309	3.75425	8.49591e-23	10.0049	0.992391	0.887937	2.53408	5.19754	0.928157	1.36489	3.53463	1	-101.452	191374	0	0	1
125	rs1	1:1	2:0.274	rs2	1:2	2:0.51825	0	1000	1	0.00150128	-10.873	3.01529	1.18288e-31	9.18007	0.769226	0.822627	-2.26085	3.61792	0.920054	1.61913	3.9663	0.176815	-43.5196	23.3784	0	0	2.62562e-07
126	rs1	1:1	2:0.272	rs2	1:2	2:0.522	0	1000	0	0.0348273	-8.97598	3.46392	2.06677e-22	9.91047	0.991733	0.0184517	-7.30447	2.58491	1	-1.12864e+10	3.3938e+13	1	-3.38906e+10	1.01908e+14	0	1	1
127	rs1	1:1	2:0.27475	rs2	1:2	2:0.5235	0	1000	1	0.00997441	-9.81922	3.23458	1.52636e-29	9.55631	0.82956	0.790858	1.91499	2.79546	0.91051	1.72354	3.98034	0.184904	-49.1291	26.7392	0	0	2.68399e-08
128	rs1	1:1	2:0.27175	rs2	1:2	2:0.52375	0	1000	0	0.427653	3.19908	2.45438	1.28524e-14	11.3204	1.41538	1	-47.6647	330624	0.908974	1.76926	4.0496	1	115.669	357342	0	0	1
129	rs1	1:1	2:0.273	rs2	1:2	2:0.52525	0	1000	0	2.27612e-08	-22.0632	3.71895	1.75583e-17	10.1815	1.15907	0.0462012	-7.73137	3.11772	0.962998	1.00675	3.66614	1	-83.1478	169805	0	0	1
130	rs1	1:1	2:0.27675	rs2	1:2	2:0.52075	0	1000	1	0.00394208	-12.6369	3.79775	6.72688e-30	9.56716	0.825421	0.00617927	-8.12442	2.54721	8.93978e-16	6.98771	0.839389	1.27896e-13	-13.12	1.70268	0	0	6.96492e-05
131	rs1	1:1	2:0.275	rs2	1:2	2:0.523	0	1000	1	3.23156e-05	-15.3519	3.37587	3.11614e-29	9.55936	0.834324	0.828969	2.08971	3.41182	0.809458	2.14114	3.29297	0.241596	-47.977	28.4643	0	0	4.24889e-08
132	rs1	1:1	2:0.2755	rs2	1:2	2:0.52475	0	1000	1	0.00294517	-12.6502	3.70543	7.24316e-29	9.71331	0.853261	0.874939	1.67508	3.24052	0.804979	2.31268	3.511	0.265275	-46.9867	28.8421	0	0	1.99822e-07
133	rs1	1:1	2:0.27875	rs2	1:2	2:0.519	0	1000	1	0.114519	-5.55212	2.66694	6.45555e-26	9.89232	0.918461	0.99693	-0.275857	3.5179	0.999925	-0.100858	8.25292	0.575622	-62.0064	58.9973	0	0	5.94588e-07
134	rs1	1:1	2:0.27275	rs2	1:2	2:0.52475	0	1000	1	1.14541e-06	-14.4564	2.76379	2.62353e-39	8.48397	0.636486	0.758961	2.22496	2.99576	0.997012	0.36535	4.72275	0.380232	-57.6126	41.4281	0	0	1.63794e-11
135	rs1	1:1	2:0.2755	rs2	1:2	2:0.5225	0	1000	1	5.83288e-05	-16.4854	3.73333	2.63402e-25	9.98433	0.938449	0.576011	-3.85089	3.66626	0.68151	2.85167	3.25636	0.132573	-34.9364	17.3788	0	0	2.0647e-05
136	rs1	1:1	2:0.274	rs2	1:2	2:0.52375	0	1000	0	0.370383	-4.07205	2.88919	2.15141e-17	10.7728	1.22963	0.76942	1.97261	2.72445	0.998317	-717.911	12370.5	0.9971	-3317.01	43520.5	0	1	1
137	rs1	1:1	2:0.27375	rs2	1:2	2:0.524	0	1000	0	0.0565268	-8.22716	3.43213	2.34049e-17	10.7033	1.22304	0.0120169	-7.31008	2.45824	1	-1.81442e+08	3.28682e+13	1	-5.14917e+08	9.32773e+13	0	1	1
138	rs1	1:1	2:0.2755	rs2	1:2	2:0.517	0	1000	0	0.136211	-6.07783	3.04383	1.64936e-22	10.0165	1.00008	0.899536	0.534482	1.1615	0.997073	-3.93327e+12	5.13679e+13	0.997073	-1.31227e+13	1.7138e+14	0	1	1
139	rs1	1:1	2:0.27225	rs2	1:2	2:0.525	0	1000	0	7.25124e-06	-19.1864	3.94372	7.27872e-17	10.5711	1.22624	0.247506	-5.96797	3.57124	0.961222	1.36722	4.86123	1	-83.4085	170599	0	0	1
140	rs1	1:1	2:0.27325	rs2	1:2	2:0.521	0	1000	0	0.0453892	-6.44874	2.59302	5.1938e-24	9.48357	0.915831	0.924616	-1.44846	3.65847	0.819773	1.37129	2.17513	1	-116.559	232394	0	0	1
141	rs1	1:1	2:0.27475	rs2	1:2	2:0.5215	0	1000	1	0.862669	-1.99476	3.66987	0.841875	36.8381	62.7859	0.83976	-2.21491	3.74775	0.772155	46.0055	63.9743	0.920075	93.8494	229.929	0	0	0.768583
142	rs1	1:1	2:0.274	rs2	1:2	2:0.52225	0	1000	0	0.425112	-4.87779	3.72926	1.27542e-14	11.3203	1.4152	0.884077	1.98381	3.99633	0.922045	1.72585	4.28365	1	-105.624	203703	0	0	1
143	rs1	1:1	2:0.27425	rs2	1:2	2:0.52225	0	1000	0	0.00116957	-8.66485	2.35808	2.49193e-31	8.67281	0.730553	0.469176	-3.52236	2.86309	0.79527	1.24461	1.83877	1	-115.667	234474	0	0	1
144	rs1	1:1	2:0.27375	rs2	1:2	2:0.523	0	1000	1	0.012433	-7.20771	2.4332	6.47678e-31	9.01843	0.764868	0.987602	-0.559806	3.54398	0.994026	-3.09343	28.2575	0.910544	-80.0002	184.789	0	0	6.7245e-09
145	rs1	1:1	2:0.2735	rs2	1:2	2:0.525	0	1000	0	0.129027	-6.10217	3.01532	2.99357e-22	9.95862	1.00027	0.856181	1.66971	2.99624	0.847727	1.47144	2.55992	1	-113.468	221751	0	0	1
146	rs1	1:1	2:0.27375	rs2	1:2	2:0.5205	0	1000	1	0.00726974	-7.63991	2.43452	3.22251e-26	9.43408	0.870716	0.429703	-3.6858	2.8358	0.999999	0.0145688	8.55431	0.504103	-53.0289	45.3065	0	0	3.19799e-06
147	rs1	1:1	2:0.275	rs2	1:2	2:0.524	0	1000	0	2.08044e-07	-16.9662	3.05854	8.42247e-31	8.93377	0.759123	0.604368	-3.54147	3.52889	0.896478	1.10772	2.36942	1	-102.08	203138	0	0	1
148	rs1	1:1	2:0.2775	rs2	1:2	2:0.52325	0	1000	0	1.37968e-05	-14.813	3.13106	2.47704e-35	8.83336	0.699724	0.899621	1.37937	2.99889	0.874813	1.10864	2.14357	1	-112.793	216447	0	0	1
149	rs1	1:1	2:0.27	rs2	1:2	2:0.52275	0	1000	0	0.0137616	-7.74471	2.64527	2.12826e-24	9.61373	0.920771	0.796295	2.43669	3.61012	1	-455.919	3.02688e+06	1	-1707.03	9.83157e+06	0	0	1
150	rs1	1:1	2:0.27175	rs2	1:2	2:0.5245	0	1000	0	6.90121e-09	-15.7752	2.57323	2.50872e-39	8.00954	0.600742	0.793475	-2.45248	3.60555	0.832959	0.978041	1.61767	1	-110.173	219068	0	0	1
151	rs1	1:1	2:0.26925	rs2	1:2	2:0.526	0	1000	0	2.68509e-05	-11.7819	2.56794	1.36699e-36	8.09796	0.630118	0.851491	1.80342	3.18041	0.806721	1.11604	1.70283	1	-114.939	221254	0	0	1
152	rs1	1:1	2:0.274	rs2	1:2	2:0.52125	0	1000	0	0.00101481	-12.9804	3.49597	5.00822e-31	9.39665	0.795475	0.906963	1.67468	3.78941	1	-218.775	1.74138e+06	1	-772.289	5.27878e+06	0	0	1
153	rs1	1:1	2:0.275	rs2	1:2	2:0.52325	0	1000	1	0.0478368	-6.72482	2.72729	2.74997e-28	9.72912	0.863586	0.432329	3.28007	2.53279	0.243761	3.04538	1.81249	0.0162964	-45.4488	15.839	0	0	1.54487e-08
154	rs1	1:1	2:0.27625	rs2	1:2	2:0.524	0	1000	0	3.94416e-05	-16.4977	3.66333	9.30417e-27	9.42987	0.861261	0.0986786	-6.22948	2.89453	0.929456	1.30608	3.41451	1	-94.0186	192732	0	0	1
155	rs1	1:1	2:0.274	rs2	1:2	2:0.524	0	1000	0	4.05594e-08	-18.8515	3.23105	4.1106e-22	9.92621	1.00022	0.935171	1.68309	4.59696	0.934215	1.13354	3.07265	1	-101.192	189735	0	0	1
156	rs1	1:1	2:0.2735	rs2	1:2	2:0.521	0	1000	1	0.059138	-6.30363	2.6506	1.20519e-28	9.43795	0.832349	0.552552	2.88917	2.6525	0.830156	1.71684	2.81379	0.204335	-54.6138	30.6452	0	0	2.99976e-09
157	rs1	1:1	2:0.268	rs2	1:2	2:0.51675	0	1000	0	0.785517	-2.44309	3.51596	0.845294	34.1687	58.9343	0.857859	1.78394	3.22159	1	-1359.5	1.3405e+07	1	-5106.61	4.40207e+07	0	0	1
158	rs1	1:1	2:0.2725	rs2	1:2	2:0.52425	0	1000	0	0.00645547	-12.904	4.06324	1.1794e-24	9.71748	0.925709	0.402396	-4.66103	3.45438	0.930676	1.49201	3.93606	1	-92.7644	189747	0	0	1
159	rs1	1:1	2:0.27725	rs2	1:2	2:0.5235	0	1000	0	0.497561	-4.49938	3.80801	5.91065e-15	11.4555	1.41519	0.819418	2.62158	4.1538	0.919079	1.73381	4.22046	1	-108.329	206792	0	0	1
160	rs1	1:1	2:0.27425	rs2	1:2	2:0.52125	0	1000	0	0.862774	-1.97748	3.63957	1	34.6586	65813.6	0.862774	-1.97748	3.63957	1	36.7664	591417	1	7.07509	1.98204e+06	1	0	1
161	rs1	1:1	2:0.2725	rs2	1:2	2:0.5195	0	1000	1	0.391882	-5.06219	3.69829	1.45019e-14	11.6465	1.45891	0.772043	2.89883	4.02993	0.611357	3.50623	3.53436	0.398668	-45.3045	33.4057	0	0	0.000254217
162	rs1	1:1	2:0.2755	rs2	1:2	2:0.52175	0	1000	0	0.0293896	-7.4434	2.80251	8.01627e-29	9.26275	0.814319	0.699631	2.62801	3.10925	0.834958	1.25114	2.08306	1	-120.421	231152	0	0	1
163	rs1	1:1	2:0.27125	rs2	1:2	2:0.518	0	1000	0	0.0646087	-6.07622	2.59592	2.05833e-27	9.07423	0.818543	0.750706	1.92666	2.54416	0.791112	1.19687	1.74837	1	-124.259	243078	0	0	1
164	rs1	1:1	2:0.274	rs2	1:2	2:0.524	0	1000	1	0.0298962	-12.2067	4.60709	6.05316e-22	10.7545	1.08796	0.694726	3.43041	4.01919	0.472426	3.66139	2.98976	0.138763	-41.7279	20.9956	0	0	1.32399e-05
165	rs1	1:1	2:0.274	rs2	1:2	2:0.5215	0	1000	0	0.12753	-6.15685	3.0337	2.63193e-22	9.97073	1.00019	0.819284	1.99667	3.16236	0.867288	1.41263	2.64716	1	-114.672	221909	0	0	1
166	rs1	1:1	2:0.2785	rs2	1:2	2:0.5185	0	1000	0	0.343338	-6.00523	4.10693	2.95392e-15	11.5551	1.41261	0.859031	2.6851	4.87074	0.951874	1.6919	5.38686	1	-103.47	196330	0	0	1
167	rs1	1:1	2:0.27	rs2	1:2	2:0.51975	0	1000	0	0.00604631	-8.96691	2.80537	8.9415e-28	9.04402	0.810338	0.887801	1.55952	3.19661	0.867078	1.24889	2.33835	1	-111.572	217812	0	0	1
168	rs1	1:1	2:0.275	rs2	1:2	2:0.52625	0	1000	0	0.0266858	-12.2872	4.56423	8.09507e-23	10.1753	1.00881	0.0621458	-6.99017	2.96542	1	-904563	1.19885e+13	1	-2.57857e+06	3.41744e+13	0	1	1
169	rs1	1:1	2:0.27575	rs2	1:2	2:0.52175	0	1000	0	1.85747e-06	-15.9653	3.10769	1.40343e-32	8.53993	0.705111	0.0180631	-7.15697	2.52599	0.913835	1.11244	2.62051	1	-98.8081	200241	0	0	1
170	rs1	1:1	2:0.2745	rs2	1:2	2:0.52525	0	1000	0	4.3626e-07	-16.8389	3.11138	6.38021e-29	9.2446	0.811294	0.870827	2.04511	3.88841	0.89488	1.14676	2.43314	1	-107.791	205021	0	0	1
171	rs1	1:1	2:0.2775	rs2	1:2	2:0.51825	0	1000	0	0.183609	-5.23175	2.84154	1	34.121	66475.8	0.183609	-5.23175	2.84154	1	34.8594	356710	1	2.21524	1.12397e+06	1	0	1
172	rs1	1:1	2:0.28	rs2	1:2	2:0.52375	0	1000	0	0.00903535	-8.14122	2.65351	1.77718e-31	9.06965	0.762155	0.0405884	-6.27186	2.47752	1	-1.32321e+09	2.53893e+13	1	-4.67624e+09	8.97265e+13	0	1	1
173	rs1	1:1	2:0.2695	rs2	1:2	2:0.5245	0	1000	0	0.0480599	-7.28307	2.95596	1.21862e-16	10.7086	1.25088	0.913846	1.81825	4.28343	1	-286.861	2.32461e+06	1	-987.107	6.84227e+06	0	0	1
174	rs1	1:1	2:0.271	rs2	1:2	2:0.5295	0	1000	0	0.213065	-6.87052	3.90704	3.14936e-14	11.1329	1.41185	0.0141578	-6.90043	2.36475	1	-758.382	1.98435e+13	1	-2134.94	5.52183e+13	0	1	1
175	rs1	1:1	2:0.27075	rs2	1:2	2:0.52325	0	1000	0	0.017042	-7.74143	2.71268	5.78087e-28	9.11683	0.814017	0.742934	2.51126	3.25754	0.818466	1.29241	2.04182	1	-116.733	227997	0	0	1
176	rs1	1:1	2:0.2765	rs2	1:2	2:0.52675	0	1000	0	0.215426	-11.7826	6.72437	3.69931e-15	11.5793	1.42036	0.963183	1.57346	5.74453	0.963965	1.897	7.00191	1	-91.5636	173963	0	0	1
177	rs1	1:1	2:0.27275	rs2	1:2	2:0.51975	0	1000	0	0.929471	-1.41132	3.69005	3.43002e-15	11.4119	1.39823	0.741112	2.0539	2.65333	0.835591	1.68332	2.80854	1	-119.132	242831	0	0	1
178	rs1	1:1	2:0.27625	rs2	1:2	2:0.52	0	1000	0	0.74095	1.80692	2.33342	3.73187e-15	11.8621	1.45523	1	-58.2985	425940	0.807075	2.704	4.12992	1	124.164	452534	0	0	1
179	rs1	1:1	2:0.27525	rs2	1:2	2:0.52275	0	1000	0	0.0098386	-9.90392	3.25764	1.12205e-29	9.32518	0.807626	0.062518	-6.73072	2.85842	1	-3.33268e+08	3.3439e+13	1	-1.07276e+09	1.07637e+14	0	1	1
180	rs1	1:1	2:0.276	rs2	1:2	2:0.52425	0	1000	0	0.755424	2.07741	2.77371	1	35.6748	65248.7	0.755424	2.07741	2.77371	1	35.2509	308074	1	-1.7501	1.09898e+06	1	0	1
181	rs1	1:1	2:0.27375	rs2	1:2	2:0.52075	0	1000	1	0.00674884	-7.94917	2.51415	3.44928e-34	8.76918	0.706412	0.699501	2.13107	2.52064	0.99311	-1.08019	9.18595	0.758884	-71.9438	96.8496	0	0	3.02722e-11
182	rs1	1:1	2:0.27425	rs2	1:2	2:0.52175	0	1000	0	0.0230757	-7.44908	2.71316	1.25883e-24	9.58165	0.91331	0.838073	-2.15349	3.62303	0.857053	1.40864	2.53609	1	-110.452	222039	0	0	1
183	rs1	1:1	2:0.274	rs2	1:2	2:0.5245	0	1000	1	7.98764e-06	-14.8321	3.06125	4.25695e-35	8.97248	0.713172	0.718062	2.86109	3.51537	0.960216	1.1356	3.98531	0.375187	-54.9355	39.233	0	0	5.75907e-10
184	rs1	1:1	2:0.27375	rs2	1:2	2:0.52425	0	1000	0	0.00381164	8.20517	2.45843	4.35399e-29	9.44516	0.826466	1	-47.3643	298335	0.896338	1.32203	2.82581	1	116.227	327136	0	0	1
185	rs1	1:1	2:0.271	rs2	1:2	2:0.52125	0	1000	0	0.0514541	-6.27166	2.57457	6.12939e-27	8.99535	0.818729	0.862103	1.30136	2.38889	0.768735	1.23966	1.70924	1	-122.368	239685	0	0	1
186	rs1	1:1	2:0.275	rs2	1:2	2:0.5235	0	1000	0	0.287901	-6.3586	4.02937	7.58111e-15	11.389	1.41234	0.882861	2.55964	5.12775	0.942051	1.775	5.13701	1	-101.238	192393	0	0	1
187	rs1	1:1	2:0.27525	rs2	1:2	2:0.523	0	1000	0	7.56329e-06	-19.5897	4.03382	2.42623e-17	10.7249	1.22608	0.296187	-5.68864	3.64661	0.964826	1.32564	4.95358	1	-85.6704	172956	0	0	1
188	rs1	1:1	2:0.271	rs2	1:2	2:0.52225	0	1000	1	0.298273	-4.53175	2.91342	3.82208e-22	9.98015	1.00491	0.797087	1.69471	2.51633	0.996829	-1.0106	12.6804	0.798465	-70.1551	104.566	0	0	1.96275e-07
189	rs1	1:1	2:0.2735	rs2	1:2	2:0.52475	0	1000	1	0.000281353	-13.6139	3.36667	5.17879e-29	9.46729	0.829504	0.597785	-3.70923	3.65651	0.230219	3.60351	2.10252	0.0956145	-33.2037	15.3241	0	0	1.08564e-05
190	rs1	1:1	2:0.27525	rs2	1:2	2:0.51825	0	1000	0	0.0154254	-9.36444	3.24196	3.27411e-18	10.3492	1.15333	0.0906736	-6.30854	2.87915	0.950099	1.6582	5.18245	1	-92.4943	193520	0	0	1
191	rs1	1:1	2:0.27175	rs2	1:2	2:0.52	0	1000	0	0.850893	2.50105	4.40112	1	36.6406	66170.7	0.850893	2.50105	4.40112	1	35.9793	362243	1	-2.18571	1.10893e+06	1	0	1
192	rs1	1:1	2:0.274	rs2	1:2	2:0.51975	0	1000	1	0.749758	-2.82953	3.72821	5.16757e-15	11.6007	1.4302	0.689421	2.81234	3.2609	0.908936	2.14566	4.91008	0.53495	-53.9123	48.1982	0	0	0.000101216
193	rs1	1:1	2:0.27675	rs2	1:2	2:0.52525	0	1000	1	0.00576179	1.76536	0.549717	1.56085e-26	9.68803	0.888683	0.417909	0.749939	0.567715	0.950613	1.64113	5.15639	0.322442	7.83543	5.20783	0	0	1.20008e-05
194	rs1	1:1	2:0.268	rs2	1:2	2:0.518	0	1000	0	0.000193274	-9.38479	2.26929	8.9496e-36	7.98397	0.628439	7.22965e-33	-20.5943	1.69276	1	3271.19	1.71031e+13	1	11591.8	6.06593e+13	0	1	1
195	rs1	1:1	2:0.2735	rs2	1:2	2:0.5205	0	1000	0	0.755665	2.56335	3.42446	1	36.0588	65813.3	0.755665	2.56335	3.42446	1	37.2458	559742	1	3.8969	1.86263e+06	1	0	1
196	rs1	1:1	2:0.274	rs2	1:2	2:0.52	0	1000	1	0.000673412	-9.38573	2.45583	2.75298e-36	8.57193	0.669844	0.972677	-0.824334	3.50206	0.996535	-0.641846	7.70404	0.461645	-60.1148	48.3491	0	0	4.64315e-10
197	rs1	1:1	2:0.2735	rs2	1:2	2:0.52475	0	1000	0	0.0317381	-7.03104	2.67658	8.42527e-28	9.11409	0.816227	0.827575	1.6232	2.63835	0.794901	1.28348	1.89429	1	-120.004	232497	0	0	1
198	rs1	1:1	2:0.271	rs2	1:2	2:0.5205	0	1000	0	0.81657	2.48482	3.90314	1	36.3057	66007.2	0.81657	2.48482	3.90314	1	35.6826	346401	1	-2.17665	1.11051e+06	1	0	1
199	rs1	1:1	2:0.27375	rs2	1:2	2:0.5235	0	1000	0	0.59297	-3.58191	3.50357	1	34.6138	65942.2	0.59297	-3.58191	3.50357	1	35.3475	326950	1	2.15049	1.01155e+06	1	0	1
200	rs1	1:1	2:0.27375	rs2	1:2	2:0.527	0	1000	0	8.42071e-06	-19.2163	3.97505	1.46458e-14	11.2978	1.41545	0.974133	1.33407	5.82709	0.958938	1.44198	4.97951	1	-90.9993	171761	0	0	1
201	rs1	1:1	2:0.2725	rs2	1:2	2:0.5215	0	1000	0	0.00210787	-13.4534	3.83226	1.76414e-25	9.43879	0.884047	0.000887315	-8.59604	2.29292	1	-6.13844e+09	1.94773e+13	1	-1.72926e+10	5.48695e+13	0	1	1
202	rs1	1:1	2:0.2755	rs2	1:2	2:0.51875	0	1000	1	0.0212817	-7.49761	2.70198	1.41811e-24	9.57053	0.913239	0.0112801	-7.29994	2.43745	1.76136e-13	6.703	0.874622	1.32091e-14	-11.7243	1.4665	0	0	0.000509451
203	rs1	1:1	2:0.275	rs2	1:2	2:0.52225	0	1000	0	0.290742	-6.30058	4.00845	7.10564e-15	11.4002	1.41233	0.925693	1.74269	4.43467	0.943183	1.77543	5.19072	1	-100.017	193042	0	0	1
204	rs1	1:1	2:0.27725	rs2	1:2	2:0.51925	0	1000	0	0.898876	1.2232	2.649	1	35.6862	65966.1	0.898876	1.2232	2.649	1	35.4343	343310	1	-1.06411	1.1743e+06	1	0	1
205	rs1	1:1	2:0.27175	rs2	1:2	2:0.52225	0	1000	0	2.82358e-05	-15.1035	3.2998	7.44538e-29	9.18805	0.807291	0.855332	2.49096	4.45574	0.907522	1.18647	2.69322	1	-106.68	202403	0	0	1
206	rs1	1:1	2:0.2775	rs2	1:2	2:0.524	0	1000	1	0.163119	-5.85883	3.07656	3.52069e-23	10.2743	1.01039	0.780042	1.95518	2.77389	0.974525	1.22193	5.37869	0.512161	-56.8141	49.1123	0	0	4.15373e-07
207	rs1	1:1	2:0.27025	rs2	1:2	2:0.52275	0	1000	1	0.85201	2.12195	3.74927	0.616368	36.6253	37.2292	0.87628	2.02519	3.94047	0.584194	38.5315	37.1624	0.932359	57.0688	152.482	0	0	0.840913
208	rs1	1:1	2:0.272	rs2	1:2	2:0.5195	0	1000	1	0.0250663	-7.15755	2.63608	3.53429e-28	9.22565	0.820521	0.834349	1.52006	2.5257	0.99987	0.103408	6.40479	0.583357	-61.6352	59.3658	0	0	3.65316e-09
209	rs1	1:1	2:0.274	rs2	1:2	2:0.52575	0	1000	0	0.0108507	-9.77641	3.25032	3.07964e-25	9.63214	0.906598	0.00450567	-7.4444	2.26475	1	-1.98712e+06	2.26717e+13	1	-6.02376e+06	6.87267e+13	0	1	1
210	rs1	1:1	2:0.27825	rs2	1:2	2:0.521	0	1000	0	0.0392731	-7.23436	2.84315	2.68292e-29	9.34286	0.8145	0.744883	2.12106	2.76359	0.842175	1.23598	2.10876	1	-121.544	232899	0	0	1
211	rs1	1:1	2:0.27325	rs2	1:2	2:0.52375	0	1000	1	0.0167656	-7.64832	2.67469	9.06567e-25	9.66695	0.918705	0.83788	-2.1217	3.56722	0.99394	0.727144	6.59505	0.515891	-51.7178	44.9513	0	0	2.7037e-06
212	rs1	1:1	2:0.2745	rs2	1:2	2:0.52075	0	1000	0	0.999698	-24.4554	994.343	0.370821	38.2662	27.1667	1	-50.6138	439577	0.37112	38.2647	27.1767	1	46.5314	462354	0	0	1
213	rs1	1:1	2:0.27525	rs2	1:2	2:0.52525	0	1000	0	0.0939678	-6.95057	3.19601	9.55047e-23	10.0494	0.997955	0.78019	2.60217	3.69322	0.87415	1.4767	2.84714	1	-112.428	215754	0	0	1
214	rs1	1:1	2:0.2745	rs2	1:2	2:0.52175	0	1000	0	0.0234511	-7.35635	2.68514	1.26407e-24	9.5815	0.91333	0.827817	-2.15479	3.5051	0.848759	1.43353	2.5032	1	-109.319	223846	0	0	1
215	rs1	1:1	2:0.2725	rs2	1:2	2:0.5245	0	1000	0	0.0322949	-6.83494	2.60851	8.24316e-25	9.66422	0.917657	0.793135	1.97683	2.90358	1	-722.476	1.59784e+06	1	-2864.24	5.44024e+06	0	1	1
216	rs1	1:1	2:0.272	rs2	1:2	2:0.5215	0	1000	0	0.00113454	-9.88931	2.68527	2.43153e-33	8.5798	0.700086	0.754142	2.48812	3.31206	0.837038	1.13517	1.90315	1	-118.143	225990	0	0	1
217	rs1	1:1	2:0.27475	rs2	1:2	2:0.52425	0	1000	0	0.77278	-2.67631	3.72746	7.31149e-15	11.4037	1.41339	0.801922	2.04073	3.07133	0.866329	1.73435	3.2375	1	-114.142	224381	0	0	1
218	rs1	1:1	2:0.27275	rs2	1:2	2:0.5185	0	1000	0	0.0111869	-8.44162	2.81606	1.29476e-24	9.55135	0.910655	0.702201	-2.93836	3.49441	0.889157	1.40075	2.88974	1	-104.247	215665	0	0	1
219	rs1	1:1	2:0.26925	rs2	1:2	2:0.52725	0	1000	0	0.0015984	-12.5425	3.49516	1.18275e-27	9.22882	0.828759	0.876811	2.37984	4.64119	0.89101	1.36546	2.84223	1	-104.284	199196	0	0	1
220	rs1	1:1	2:0.27225	rs2	1:2	2:0.51675	0	1000	0	0.638357	2.5722	2.71478	1	35.4068	66065	0.638357	2.5722	2.71478	1	34.8735	344955	1	-2.21035	1.29698e+06	1	0	1
221	rs1	1:1	2:0.27275	rs2	1:2	2:0.521	0	1000	1	5.34854e-05	-16.1265	3.63592	1.02491e-24	9.93125	0.94487	0.612851	-3.62763	3.66584	0.64337	2.95065	3.14172	0.0757193	-32.5707	14.3364	0	0	2.53812e-05
222	rs1	1:1	2:0.2725	rs2	1:2	2:0.5225	0	1000	1	0.0974789	-6.43227	2.98089	2.81511e-22	10.0712	1.01095	0.858625	1.58841	2.87689	0.965061	1.35536	5.08201	0.516887	-54.3472	47.3056	0	0	6.49958e-07
223	rs1	1:1	2:0.276	rs2	1:2	2:0.52375	0	1000	1	0.358946	-4.11352	2.87359	0.360564	31.231	21.8652	0.602069	-3.77621	3.74863	0.602551	28.674	28.4871	0.989495	-21.2821	146.44	0	0	0.884085
224	rs1	1:1	2:0.2725	rs2	1:2	2:0.52125	0	1000	1	0.0112571	-8.65479	2.88918	5.2326e-29	9.38645	0.822487	0.690896	2.8076	3.2648	0.969882	1.13379	4.58449	0.414105	-55.8719	42.0759	0	0	1.05523e-08
225	rs1	1:1	2:0.2725	rs2	1:2	2:0.52425	0	1000	1	0.187895	3.18451	1.74151	2.34344e-17	10.804	1.23456	0.865672	1.18935	2.2143	0.98641	1.21567	7.34855	0.60682	31.116	31.1308	0	0	0.000292204
226	rs1	1:1	2:0.2705	rs2	1:2	2:0.51925	0	1000	0	0.0284103	4.05847	1.52076	2.60157e-28	9.25914	0.821511	1	-53.0565	467467	0.999999	-0.0091778	6.47854	1	123.211	489318	0	0	1
227	rs1	1:1	2:0.27375	rs2	1:2	2:0.522	0	1000	0	0.707483	-3.05866	3.67665	1.2812e-14	11.2982	1.41253	0.890801	1.41648	2.94546	0.878125	1.69892	3.33229	1	-112.33	220886	0	0	1
228	rs1	1:1	2:0.275	rs2	1:2	2:0.52375	0	1000	0	0.63482	-3.55743	3.73161	8.50962e-15	11.3971	1.41587	0.786021	2.58475	3.72479	0.89283	1.73064	3.63467	1	-111.446	215653	0	0	1
229	rs1	1:1	2:0.27	rs2	1:2	2:0.52225	0	1000	0	0.363209	-5.17615	3.63693	2.64525e-14	11.1919	1.41537	0.0223268	-7.33014	2.65823	0.985186	-2.2518e+12	1.30337e+13	0.985186	-6.67315e+12	3.86249e+13	0	1	1
230	rs1	1:1	2:0.2735	rs2	1:2	2:0.52225	0	1000	1	0.425629	-4.85243	3.71251	1.40583e-14	11.6876	1.46334	0.749812	2.96092	3.90181	0.656405	3.39273	3.69747	0.359243	-45.3022	31.6596	0	0	0.000229747
231	rs1	1:1	2:0.27675	rs2	1:2	2:0.51775	0	1000	1	0.899453	-1.75618	3.81476	2.1223e-15	11.6805	1.42095	0.621749	2.8687	2.94255	0.950097	1.73177	5.41227	0.565773	-57.7686	54.126	0	0	7.61022e-05
232	rs1	1:1	2:0.272	rs2	1:2	2:0.52425	0	1000	0	2.48506e-05	-15.0205	3.26184	1.47962e-28	9.13959	0.807325	0.934352	1.39486	3.78508	0.900445	1.21987	2.66367	1	-104.74	200888	0	0	1
233	rs1	1:1	2:0.2735	rs2	1:2	2:0.525	0	1000	1	0.723453	-2.97742	3.70033	8.11572e-15	11.8082	1.46587	0.677211	2.49151	2.8219	0.349525	3.8237	2.63712	0.146362	-42.7639	21.8133	0	0	0.00026688
234	rs1	1:1	2:0.2725	rs2	1:2	2:0.52325	0	1000	1	0.0484372	-6.15889	2.50292	7.16081e-18	10.3112	1.16043	0.350056	-4.05254	2.79696	0.99988	-0.21046	13.5748	0.776438	-57.2957	80.5404	0	0	0.000384021
235	rs1	1:1	2:0.27275	rs2	1:2	2:0.5225	0	1000	0	0.00638989	-10.0972	3.17621	4.79013e-29	9.22034	0.807384	0.854608	1.97754	3.52781	0.880217	1.29074	2.55519	1	-110.56	212949	0	0	1
236	rs1	1:1	2:0.272	rs2	1:2	2:0.531	0	1000	0	0.999999	104.041	87491.5	0.999999	103.485	78712.6	1	3.76034e-10	478275	1	9.28679e-12	898834	1	120.812	1.85969e+06	1	0	1
237	rs1	1:1	2:0.27525	rs2	1:2	2:0.52225	0	1000	1	0.427934	-3.81639	2.92913	1.14763e-17	10.8617	1.22974	0.978614	-0.748568	3.60005	0.999534	-0.419578	13.7371	0.795567	-65.1807	96.3764	0	0	0.000154921
238	rs1	1:1	2:0.2745	rs2	1:2	2:0.5325	0	1000	0	3.81759e-05	-15.1131	3.35047	4.60709e-29	9.22743	0.807764	-nan	4.66026e+11	0	-nan	5.97765e+27	0	-nan	1.80719e+28	0	0	1	1
239	rs1	1:1	2:0.279	rs2	1:2	2:0.524	0	1000	0	0.213147	-5.67781	3.22919	6.84244e-18	10.8734	1.22299	0.847575	-2.2451	3.90377	3.68476e-05	5.97693	1.32275	1	-101.7	235789	0	0	1
240	rs1	1:1	2:0.27525	rs2	1:2	2:0.526	0	1000	0	0.00294891	-9.46255	2.77202	1.93927e-34	8.72945	0.700599	0.699785	2.62034	3.10113	0.804637	1.1993	1.81894	1	-120.359	230467	0	0	1
241	rs1	1:1	2:0.276	rs2	1:2	2:0.52125	0	1000	1	0.00296126	-9.44614	2.7682	2.87701e-35	8.91714	0.707025	0.752247	1.94176	2.57332	0.997865	0.347768	5.3193	0.41139	-59.702	44.7936	0	0	1.30634e-10
242	rs1	1:1	2:0.27675	rs2	1:2	2:0.521	0	1000	0	0.0181754	-8.36042	2.95302	2.77151e-29	9.30534	0.81143	0.861578	1.53175	2.80605	0.862138	1.2603	2.31383	1	-116.028	224708	0	0	1
243	rs1	1:1	2:0.271	rs2	1:2	2:0.5265	0	1000	1	0.411666	-4.91153	3.68644	1.84554e-14	11.6374	1.46331	0.754373	2.95066	3.92989	0.729554	3.19251	4.02013	0.375325	-45.6023	32.5737	0	0	0.000214981
244	rs1	1:1	2:0.2745	rs2	1:2	2:0.51925	0	1000	0	0.844485	2.01212	3.46066	1	36.1622	66096.4	0.844485	2.01212	3.46066	1	37.2772	566255	1	3.52173	1.81734e+06	1	0	1
245	rs1	1:1	2:0.2725	rs2	1:2	2:0.5215	0	1000	0	0.334342	-4.32883	2.92436	6.24953e-22	9.90639	1.0025	0.128762	-5.46954	2.70135	0.999629	-5.71958e+11	2.09859e+13	0.999629	-2.03675e+12	7.4731e+13	0	1	1
246	rs1	1:1	2:0.27325	rs2	1:2	2:0.525	0	1000	1	0.000249912	-11.4537	2.81215	1.17686e-34	9.04602	0.723681	0.8433	1.99186	3.41167	0.434603	2.6692	2.06757	0.104444	-53.7326	25.2787	0	0	5.79066e-09
247	rs1	1:1	2:0.274	rs2	1:2	2:0.521	0	1000	1	2.83911e-06	-14.9212	2.95229	9.30788e-37	8.72934	0.677672	0.857631	-2.00899	3.62487	0.966467	1.05259	4.03013	0.120724	-44.7347	21.7546	0	0	5.60968e-09
248	rs1	1:1	2:0.27425	rs2	1:2	2:0.51775	0	1000	1	0.474434	-3.55323	2.90968	1.81082e-17	10.7989	1.22985	0.984294	-0.605866	3.40501	0.999954	-0.106603	11.0847	0.700253	-62.4701	74.0016	0	0	0.000149312
249	rs1	1:1	2:0.27325	rs2	1:2	2:0.5235	0	1000	1	0.00914717	-8.86387	2.89283	2.8973e-28	9.56287	0.849178	0.615371	3.0502	3.09532	0.458595	2.81317	2.25294	0.0925431	-46.5613	21.341	0	0	3.65945e-08
250	rs1	1:1	2:0.274	rs2	1:2	2:0.51625	0	1000	0	1.25218e-06	-13.6922	2.62626	1.8759e-39	8.03954	0.602008	0.212833	-4.85929	2.76234	0.881242	0.978	1.94496	1	-107.364	217161	0	0	1
251	rs1	1:1	2:0.27375	rs2	1:2	2:0.5225	0	1000	1	0.00647002	-13.0111	4.09789	1.32546e-24	10.0584	0.959204	0.545278	-3.98524	3.61858	0.630384	3.23138	3.36374	0.134725	-32.4612	16.2123	0	0	0.000101716
252	rs1	1:1	2:0.27375	rs2	1:2	2:0.51775	0	1000	1	0.173955	-5.56374	2.97483	4.57741e-22	9.92827	1.00152	0.107754	-5.76623	2.73168	1.28322e-12	7.08479	0.957376	6.30328e-15	-11.3834	1.40767	0	0	0.000568845
253	rs1	1:1	2:0.2705	rs2	1:2	2:0.52775	0	1000	0	2.46417e-09	-19.3183	3.06822	1.02405e-23	9.41532	0.915052	0.36987	-4.82802	3.42317	0.917002	1.11042	2.66748	1	-92.7586	187934	0	0	1
254	rs1	1:1	2:0.273	rs2	1:2	2:0.5205	0	1000	0	0.0455586	-7.71647	3.10464	1.10284e-21	9.79543	0.997083	9.04104e-10	-28.5609	4.42562	1	94.5282	1.18441e+13	1	288.574	3.72625e+13	0	1	1
255	rs1	1:1	2:0.27625	rs2	1:2	2:0.524	0	1000	0	0.0817671	-12.8458	5.74036	1.71323e-17	10.8844	1.23869	0.29834	-5.67337	3.6477	0.967467	1.78896	6.95572	1	-84.4818	173101	0	0	1
256	rs1	1:1	2:0.27575	rs2	1:2	2:0.52025	0	1000	1	0.431873	-3.79461	2.92826	1.12087e-17	10.874	1.23077	0.978174	-0.734828	3.49776	0.999881	0.159419	10.3471	0.681225	-60.6744	69.2473	0	0	0.000161601
257	rs1	1:1	2:0.2725	rs2	1:2	2:0.52	0	1000	0	0.57156	-3.88972	3.67746	1.46128e-14	11.3038	1.41615	0.810749	2.51227	3.8784	0.905428	1.67922	3.76715	1	-109.995	213567	0	0	1
258	rs1	1:1	2:0.27425	rs2	1:2	2:0.52275	0	1000	0	0.0112037	-9.78865	3.26597	2.35165e-25	9.65465	0.906554	0.621906	-3.43566	3.52503	0.903708	1.45516	3.2337	1	-100.999	205336	0	0	1
259	rs1	1:1	2:0.27325	rs2	1:2	2:0.528	0	1000	1	8.87257e-05	-16.1475	3.73809	6.4656e-22	10.4193	1.05477	0.816082	2.61573	4.10274	0.59353	3.13249	3.06675	0.203612	-43.2114	24.22	0	0	4.08941e-06
260	rs1	1:1	2:0.26725	rs2	1:2	2:0.52	0	1000	0	0.152298	-5.37477	2.77042	3.08848e-16	10.3887	1.22922	1	67.5712	207321	0	-1.1259e+15	2.20927e+12	0	-3.68925e+15	7.23913e+12	0	1	1
261	rs1	1:1	2:0.2745	rs2	1:2	2:0.521	0	1000	0	0.796831	1.51327	2.24533	6.19714e-15	11.4599	1.41676	1	-48.731	309579	0.868782	1.69641	3.19835	1	115.827	337827	0	0	1
262	rs1	1:1	2:0.274	rs2	1:2	2:0.5235	0	1000	0	0.0495212	-8.37398	3.41562	3.50099e-17	10.6458	1.22292	0.0135932	-7.46074	2.54463	1	-3.7216e+09	2.82021e+13	1	-1.05191e+10	7.97133e+13	0	1	1
263	rs1	1:1	2:0.27025	rs2	1:2	2:0.52275	0	1000	0	0.0327854	-8.97153	3.43147	2.63869e-22	9.88518	0.991631	0.864879	2.44271	4.53341	0.908712	1.47177	3.36363	1	-104.783	201462	0	0	1
264	rs1	1:1	2:0.274	rs2	1:2	2:0.52475	0	1000	0	0.000271612	-17.623	4.34875	9.77087e-15	11.3438	1.41226	0.126773	-6.55594	3.22569	1	-75985	1.7607e+13	1	-193135	4.47473e+13	0	1	1
265	rs1	1:1	2:0.27175	rs2	1:2	2:0.52425	0	1000	0	1.24248e-07	-16.7021	2.96172	3.76143e-30	9.01458	0.774403	0.93123	1.40561	3.72358	1	-224.81	1.4949e+06	1	-798.159	4.45413e+06	0	0	1
266	rs1	1:1	2:0.27	rs2	1:2	2:0.521	0	1000	1	0.845988	-2.12796	3.6793	9.79892e-15	11.3627	1.41468	0.704018	2.54459	3.03724	0.997423	0.611396	8.51058	0.775244	-63.7499	89.3418	0	0	7.37748e-05
267	rs1	1:1	2:0.2755	rs2	1:2	2:0.51925	0	1000	0	0.0689166	-6.15189	2.65976	2.74568e-28	9.20951	0.817454	-nan	-4.7704e+06	0	-nan	-1.48553e+20	0	-nan	-5.39929e+20	0	0	1	1
268	rs1	1:1	2:0.2745	rs2	1:2	2:0.52275	0	1000	0	0.605666	-3.6861	3.68085	1.05078e-14	11.3506	1.4147	0.899496	1.46564	3.18436	0.895395	1.73087	3.68204	1	-109.204	214464	0	0	1
269	rs1	1:1	2:0.277	rs2	1:2	2:0.52525	0	1000	0	0.00222111	-10.6901	3.05811	1.84266e-35	8.84983	0.699731	0.719274	2.66467	3.28241	0.837752	1.19608	2.0101	1	-118.301	225101	0	0	1
270	rs1	1:1	2:0.2755	rs2	1:2	2:0.519	0	1000	0	0.327383	-3.99935	2.67622	3.00937e-29	9.3772	0.818208	0.614917	2.1186	2.14831	0.991766	-3.3128	25.762	0.999811	-3102.97	159464	0	1	1
271	rs1	1:1	2:0.27	rs2	1:2	2:0.5185	0	1000	0	0.906715	1.87139	4.22862	1	36.4693	66410.7	0.906715	1.87139	4.22862	1	35.9649	379614	1	-1.66329	1.14348e+06	1	0	1
272	rs1	1:1	2:0.274	rs2	1:2	2:0.52425	0	1000	0	3.0112e-05	-16.3132	3.57508	3.50689e-26	9.32414	0.86119	0.0756329	-6.48246	2.85271	0.92894	1.31291	3.41945	1	-92.2817	190399	0	0	1
273	rs1	1:1	2:0.273	rs2	1:2	2:0.519	0	1000	1	0.0550731	-6.06202	2.51751	5.37494e-18	10.3678	1.16257	0.386748	-3.8865	2.81959	0.996084	0.748388	8.44777	0.631955	-52.1221	54.404	0	0	0.000401818
274	rs1	1:1	2:0.27175	rs2	1:2	2:0.5225	0	1000	1	0.0336528	3.99144	1.53253	7.38718e-25	9.68421	0.918648	0.930313	0.830263	2.18439	0.999893	0.118202	8.09806	0.552217	32.9922	30.2741	0	0	1.44254e-06
275	rs1	1:1	2:0.2795	rs2	1:2	2:0.526	0	1000	1	2.92575e-07	-16.4604	3.00079	1.01245e-35	9.12525	0.718822	0.662321	2.58762	2.85058	0.966894	1.01473	3.91054	0.153236	-53.5449	27.6447	0	0	7.04874e-11
276	rs1	1:1	2:0.27525	rs2	1:2	2:0.528	0	1000	0	0.00014624	-13.1773	3.13562	8.54893e-36	8.68154	0.683153	0.00450653	-7.47386	2.27375	1	-35473.9	1.21709e+13	1	-114215	3.9177e+13	0	1	1
277	rs1	1:1	2:0.27625	rs2	1:2	2:0.522	0	1000	0	0.00012946	-16.257	3.84204	2.45428e-23	10.1323	0.992965	0.869847	2.63277	4.98549	0.936752	1.31471	3.63694	1	-103.357	194273	0	0	1
278	rs1	1:1	2:0.273	rs2	1:2	2:0.5225	0	1000	1	0.0281454	-7.07299	2.64686	2.47199e-28	9.24175	0.819638	0.859034	1.34971	2.44839	0.999121	-0.333149	7.94422	0.633164	-63.8296	66.7632	0	0	3.25859e-09
279	rs1	1:1	2:0.2695	rs2	1:2	2:0.525	0	1000	0	0.0584601	4.71972	1.98056	4.13244e-22	10.1175	1.01955	1	-56.6062	490163	0.926901	1.76351	4.52603	1	124.397	512943	0	0	1
280	rs1	1:1	2:0.27425	rs2	1:2	2:0.519	0	1000	0	0.884475	1.44311	2.91243	1	35.7569	66058.8	0.884475	1.44311	2.91243	1	35.4383	354307	1	-1.25483	1.19495e+06	1	0	1
281	rs1	1:1	2:0.27375	rs2	1:2	2:0.52425	0	1000	1	0.0883597	-7.02495	3.18898	9.27895e-22	10.6055	1.07761	0.541773	3.39379	3.0653	0.229238	3.73777	2.1777	0.042724	-41.8447	16.6634	0	0	2.95112e-06
282	rs1	1:1	2:0.2765	rs2	1:2	2:0.521	0	1000	0	0.519623	-4.31538	3.77137	4.35892e-15	11.5068	1.41497	0.0642654	-5.70751	2.43603	0.530246	-1.55834e+13	1.38344e+13	0.530246	-4.79325e+13	4.25528e+13	0	1	1
283	rs1	1:1	2:0.274	rs2	1:2	2:0.52125	0	1000	1	0.936128	1.33674	3.67916	0.437599	35.644	27.7244	0.916066	2.006	4.79068	0.43213	35.7096	27.5665	0.984514	-30.6579	173.527	0	0	0.8566
284	rs1	1:1	2:0.27625	rs2	1:2	2:0.51925	0	1000	1	0.384578	-4.07501	2.94763	7.73995e-18	10.9697	1.23575	0.980773	-0.733127	3.72053	0.984255	1.20128	6.74272	0.438552	-52.5019	40.8906	0	0	0.00020363
285	rs1	1:1	2:0.273	rs2	1:2	2:0.525	0	1000	0	0.114456	-6.25757	3.00541	4.81422e-22	9.91061	1.00025	0.866446	1.6331	3.04993	0.850056	1.46493	2.57002	1	-113.067	220158	0	0	1
286	rs1	1:1	2:0.27225	rs2	1:2	2:0.52325	0	1000	0	7.92606e-08	-16.0028	2.79843	3.60237e-33	8.55744	0.700096	0.897981	1.60674	3.46349	0.879507	1.02757	2.0278	1	-110.339	209842	0	0	1
287	rs1	1:1	2:0.277	rs2	1:2	2:0.52325	0	1000	0	0.237929	-11.7209	6.91675	1.94561e-15	11.686	1.41979	0.939185	2.15691	6.08882	0.966289	1.86317	7.11445	1	-92.9424	177578	0	0	1
288	rs1	1:1	2:0.276	rs2	1:2	2:0.52625	0	1000	0	0.00100384	-11.0087	2.96261	2.87197e-34	8.70097	0.700086	0.887622	1.42907	2.92674	0.842501	1.1923	2.03653	1	-115.451	219096	0	0	1
289	rs1	1:1	2:0.27475	rs2	1:2	2:0.52525	0	1000	0	0.000109688	-12.7812	2.99302	4.79606e-39	8.55092	0.643698	0.728572	2.64142	3.3191	0.829071	1.13124	1.84755	1	-117.104	225469	0	0	1
290	rs1	1:1	2:0.27075	rs2	1:2	2:0.51575	0	1000	1	0.0660939	-5.78881	2.48345	9.29407e-18	10.2967	1.16264	0.42626	-3.68065	2.81845	0.997309	0.614703	8.37286	0.644774	-53.5757	57.1863	0	0	0.000362469
291	rs1	1:1	2:0.27575	rs2	1:2	2:0.521	0	1000	0	0.000211127	-11.5304	2.80264	3.41522e-36	8.51133	0.665986	0.817305	-2.25145	3.54444	0.852019	1.13849	2.01166	1	-110.981	220117	0	0	1
292	rs1	1:1	2:0.27325	rs2	1:2	2:0.523	0	1000	1	0.147798	-5.93813	3.03669	1.04108e-22	10.2245	1.0162	0.66254	2.87889	3.17273	0.964294	1.35995	5.04312	0.394268	-54.9153	40.2502	0	0	4.34444e-07
293	rs1	1:1	2:0.272	rs2	1:2	2:0.5245	0	1000	0	5.77875e-06	-14.6005	2.97273	6.0769e-34	8.65992	0.700189	0.890338	1.63703	3.39643	0.86713	1.12922	2.11473	1	-109.909	211900	0	0	1
294	rs1	1:1	2:0.277	rs2	1:2	2:0.52575	0	1000	0	5.07469e-05	9.98285	2.24476	4.90367e-30	9.6966	0.834627	1	-60.1836	420429	0.872167	1.85436	3.54549	1	128.332	448735	0	0	1
295	rs1	1:1	2:0.279	rs2	1:2	2:0.5185	0	1000	0	0.0033678	-10.6163	3.14606	1.98871e-32	9.14407	0.756793	0.815908	-2.30429	3.61234	0.89111	1.21487	2.53003	1	-109.675	217997	0	0	1
296	rs1	1:1	2:0.27225	rs2	1:2	2:0.527	0	1000	0	9.01868e-05	-15.8944	3.68274	3.05301e-22	9.87205	0.99177	0.943411	1.61003	4.71695	0.926692	1.37854	3.53278	1	-99.3509	187942	0	0	1
297	rs1	1:1	2:0.275	rs2	1:2	2:0.52275	0	1000	1	0.320276	-4.50465	2.98515	6.86943e-23	10.1724	1.0069	0.708395	2.15532	2.59563	0.999886	-0.131377	8.69985	0.676302	-65.9088	74.5204	0	0	1.88709e-07
298	rs1	1:1	2:0.27425	rs2	1:2	2:0.522	0	1000	0	0.000850326	-10.98	2.91998	3.26755e-34	8.69312	0.700039	0.0408505	-6.5717	2.59857	1	-1.79444e+06	2.18283e+13	1	-5.94007e+06	7.2257e+13	0	1	1
299	rs1	1:1	2:0.2735	rs2	1:2	2:0.524	0	1000	0	0.837203	2.5468	4.27218	1	36.614	65654.8	0.837203	2.5468	4.27218	1	35.9669	333461	1	-2.19414	1.03503e+06	1	0	1
300	rs1	1:1	2:0.2795	rs2	1:2	2:0.52175	0	1000	1	0.98232	-0.631723	3.34459	2.04541e-17	11.6041	1.32365	0.752119	1.6477	2.18297	0.999645	-0.341526	12.8236	0.776143	-70.2371	98.6582	0	0	6.277e-05
301	rs1	1:1	2:0.275	rs2	1:2	2:0.5215	0	1000	0	0.0166016	-8.51895	2.97558	2.17447e-25	9.67012	0.90738	0.776285	-2.65785	3.73468	0.00224366	4.62088	1.32299	1	-100.445	224277	0	0	1
302	rs1	1:1	2:0.2755	rs2	1:2	2:0.52175	0	1000	0	0.153321	-5.72858	2.95805	2.53447e-17	10.7283	1.22717	0.772655	-2.58486	3.59896	0.893168	1.69397	3.56359	1	-106.234	216123	0	0	1
303	rs1	1:1	2:0.27225	rs2	1:2	2:0.519	0	1000	1	0.635588	-3.46047	3.63473	1.409e-14	11.6908	1.46379	0.804269	1.81915	2.75615	0.23996	4.11217	2.43389	0.145421	-40.4675	20.6074	0	0	0.000407403
304	rs1	1:1	2:0.27675	rs2	1:2	2:0.52075	0	1000	0	0.000870251	-9.97508	2.6571	2.14225e-33	8.96441	0.730853	0.883384	-1.79954	3.61363	1	-499.887	2.86924e+06	1	-1843.46	9.6721e+06	0	0	1
305	rs1	1:1	2:0.27075	rs2	1:2	2:0.51925	0	1000	0	0.880022	1.28044	2.53259	1	35.2087	65769.3	0.880022	1.28044	2.53259	1	36.7785	636889	1	5.4994	2.25058e+06	1	0	1
306	rs1	1:1	2:0.279	rs2	1:2	2:0.52175	0	1000	0	0.0125693	-9.79077	3.30932	1.65067e-25	9.68598	0.906671	0.0231091	-7.55349	2.75172	1	-2.71672e+09	1.49496e+13	1	-8.36407e+09	4.60261e+13	0	1	1
307	rs1	1:1	2:0.2715	rs2	1:2	2:0.52025	0	1000	0	0.0252529	-6.80367	2.50827	1.13312e-17	10.2841	1.16416	0.740836	-2.73952	3.53685	1	-588.657	4.41759e+06	1	-2059.23	1.43567e+07	0	0	1
308	rs1	1:1	2:0.27225	rs2	1:2	2:0.5215	0	1000	1	1.08025e-06	-14.4746	2.76136	3.18021e-39	8.48758	0.637448	0.696005	2.79225	3.27979	0.989462	0.608929	4.18331	0.369028	-57.3451	40.6125	0	0	1.77824e-11
309	rs1	1:1	2:0.27475	rs2	1:2	2:0.52275	0	1000	1	0.00971161	-7.74137	2.54276	1.24643e-34	8.83012	0.706669	0.589503	2.77899	2.70308	0.991314	-1.47199	11.1441	0.734501	-74.0402	94.2497	0	0	2.04788e-11
310	rs1	1:1	2:0.271	rs2	1:2	2:0.51975	0	1000	0	0.113969	3.80324	1.82485	3.70954e-22	9.93568	1.00013	1	-48.609	327402	0.862452	1.4058	2.58412	1	116.349	354336	0	0	1
311	rs1	1:1	2:0.27225	rs2	1:2	2:0.523	0	1000	1	0.581549	-3.80848	3.65774	1.24273e-14	11.5733	1.44624	0.816879	1.97712	3.10854	0.838461	2.64311	4.4526	0.374014	-47.4394	33.8256	0	0	0.000155215
312	rs1	1:1	2:0.2705	rs2	1:2	2:0.52525	0	1000	0	0.000705383	-9.93663	2.60827	1.44395e-32	8.47836	0.700163	0.921044	1.12837	2.78212	0.807696	1.20544	1.84443	1	-113.902	222709	0	0	1
313	rs1	1:1	2:0.27025	rs2	1:2	2:0.518	0	1000	0	0.67177	2.00446	2.24713	2.06002e-14	11.251	1.41719	1	-48.4329	324495	0.886103	1.64262	3.34018	1	115.708	351547	0	0	1
314	rs1	1:1	2:0.27375	rs2	1:2	2:0.523	0	1000	1	3.79265e-07	-16.7598	3.08207	2.77338e-28	9.52775	0.845769	0.781314	2.25112	3.20428	0.817667	2.01256	3.17184	0.113823	-46.5452	22.3264	0	0	1.41352e-08
315	rs1	1:1	2:0.2705	rs2	1:2	2:0.52025	0	1000	0	0.704289	1.88479	2.25093	1.54956e-14	11.7864	1.47797	1	-65.3929	476857	0.292251	3.91311	2.49476	1	128.575	503377	0	0	1
316	rs1	1:1	2:0.2705	rs2	1:2	2:0.51725	0	1000	0	0.000358958	-9.56529	2.4015	9.52339e-38	8.18546	0.626895	0.755373	1.9717	2.63224	0.801551	1.02787	1.54534	1	-122.119	242976	0	0	1
317	rs1	1:1	2:0.271	rs2	1:2	2:0.52575	0	1000	1	0.669497	-3.26058	3.63985	1.36264e-14	11.4287	1.43022	0.832541	1.80828	2.98677	0.963402	1.67898	6.14841	0.55702	-53.2286	49.2034	0	0	0.000112549
318	rs1	1:1	2:0.277	rs2	1:2	2:0.5215	0	1000	1	0.184986	-5.69874	3.10203	1.31046e-22	10.5803	1.05396	0.583639	2.69743	2.59928	0.34274	3.32057	2.26907	0.0442918	-43.8321	17.5554	0	0	1.30634e-06
319	rs1	1:1	2:0.27775	rs2	1:2	2:0.524	0	1000	1	2.80685e-07	-16.3866	2.98323	1.80917e-35	9.12044	0.721045	0.584477	3.19613	3.08394	0.954743	1.12604	3.69988	0.133809	-53.3407	26.595	0	0	7.29837e-11
320	rs1	1:1	2:0.27625	rs2	1:2	2:0.52225	0	1000	1	1.77513e-07	-21.3988	3.83787	3.4789e-18	10.307	1.14949	0.0323431	-8.28181	3.16139	0.658023	3.06817	3.35358	0.103757	-25.3612	11.9139	0	0	0.00186379
321	rs1	1:1	2:0.277	rs2	1:2	2:0.52175	0	1000	0	0.144192	-6.01128	3.05443	1.67592e-22	10.0158	1.00018	0.913066	1.16534	2.73239	0.867817	1.41631	2.65978	1	-114.62	222146	0	0	1
322	rs1	1:1	2:0.27475	rs2	1:2	2:0.524	0	1000	0	0.00695157	-10.0697	3.19429	4.23143e-29	9.23025	0.807484	0.920593	1.27579	3.13626	0.8758	1.30833	2.54039	1	-110.189	212474	0	0	1
323	rs1	1:1	2:0.2745	rs2	1:2	2:0.51775	0	1000	1	0.110709	-5.54426	2.64261	7.32401e-29	9.34567	0.821036	0.717351	1.83302	2.24885	0.995382	-0.883377	9.1817	0.625696	-69.3518	71.6155	0	0	9.50113e-10
324	rs1	1:1	2:0.27125	rs2	1:2	2:0.51975	0	1000	1	0.00136068	-9.72727	2.67739	3.63832e-34	8.78154	0.707653	0.673621	2.74866	3.09214	0.995297	0.481608	4.95999	0.427287	-58.9914	45.2364	0	0	2.179e-10
325	rs1	1:1	2:0.2705	rs2	1:2	2:0.52225	0	1000	0	0.0156734	-12.2667	4.25487	5.34577e-22	10.0019	1.01054	0.000137837	-9.80814	2.32613	1	-1.52466e+07	1.39848e+13	1	-4.21551e+07	3.86662e+13	0	1	1
326	rs1	1:1	2:0.2765	rs2	1:2	2:0.52	0	1000	0	0.0624379	-8.44776	3.58679	2.23868e-23	10.1414	0.992978	0.882941	1.79669	3.60063	0.917018	1.43631	3.45066	1	-107.673	208614	0	0	1
327	rs1	1:1	2:0.2715	rs2	1:2	2:0.523	0	1000	1	0.00015651	-10.4873	2.50516	1.14726e-38	8.31917	0.629371	0.791364	1.76889	2.58572	0.995709	-0.674187	7.26961	0.548028	-64.2267	58.561	0	0	6.05771e-12
328	rs1	1:1	2:0.279	rs2	1:2	2:0.52225	0	1000	0	0.319817	-6.15628	4.07709	4.65858e-15	11.4753	1.41251	0.941377	1.41153	4.06083	0.945943	1.75377	5.26047	1	-101.332	193820	0	0	1
329	rs1	1:1	2:0.2745	rs2	1:2	2:0.5245	0	1000	0	0.238021	2.94304	1.73698	4.90853e-23	10.2155	1.00785	1	-52.1804	432258	0.999561	0.22403	7.56298	1	122.148	455313	0	0	1
330	rs1	1:1	2:0.276	rs2	1:2	2:0.5245	0	1000	0	5.36623e-06	9.28324	1.88433	2.60538e-37	8.63749	0.665455	0.810939	1.45419	2.2462	0.858869	1.11138	2.01477	1	67.214	133688	0	0	1
331	rs1	1:1	2:0.27325	rs2	1:2	2:0.52325	0	1000	1	0.000336115	-12.8504	3.21298	3.09444e-34	9.08643	0.731454	0.745399	2.78439	3.63214	0.942972	1.36538	3.9843	0.476578	-54.9267	45.1152	0	0	3.42243e-09
332	rs1	1:1	2:0.278	rs2	1:2	2:0.52625	0	1000	1	0.000759558	-10.1073	2.66669	2.62456e-40	8.6764	0.642649	0.627878	2.15959	2.2384	0.864988	1.44531	2.68351	0.0661462	-52.7743	22.6439	0	0	4.57344e-12
333	rs1	1:1	2:0.27575	rs2	1:2	2:0.52325	0	1000	0	0.0626961	-8.45117	3.59091	2.51304e-23	10.1308	0.993045	0.815219	2.63866	4.12795	0.905834	1.47923	3.32601	1	-108.367	207878	0	0	1
334	rs1	1:1	2:0.27375	rs2	1:2	2:0.52625	0	1000	1	3.13552e-05	-15.2137	3.34063	5.02173e-29	9.53375	0.83513	0.785787	2.44347	3.51902	0.84893	2.00249	3.49886	0.230245	-48.2592	28.1587	0	0	3.86839e-08
335	rs1	1:1	2:0.27625	rs2	1:2	2:0.525	0	1000	0	0.473473	-4.57989	3.74531	7.96698e-15	11.4011	1.41492	0.0493401	-6.62587	2.70094	1	-5.53193e+10	8.16828e+13	1	-1.69005e+11	2.49548e+14	0	1	1
336	rs1	1:1	2:0.2735	rs2	1:2	2:0.5255	0	1000	0	0.0221899	-12.3088	4.46012	1.66046e-22	10.1093	1.00942	0.938849	1.64685	4.63577	0.933249	1.51802	4.08389	1	-99.7277	189179	0	0	1
