Outcome	Var1_ID	Var1_Pos	Var1_MAF	Var2_ID	Var2_Pos	Var2_MAF	Num_Missing	Num_Cases	Converged	Red_Var1_Het_Pval	Red_Var1_Het_beta	Red_Var1_Het_SE	Red_Var1_Hom_Pval	Red_Var1_Hom_beta	Red_Var1_Hom_SE	Red_Var2_Het_Pval	Red_Var2_Het_beta	Red_Var2_Het_SE	Red_Var2_Hom_Pval	Red_Var2_Hom_beta	Red_Var2_Hom_SE	Full_Var1_Het_Pval	Full_Var1_Het_beta	Full_Var1_Het_SE	Full_Var1_Hom_Pval	Full_Var1_Hom_beta	Full_Var1_Hom_SE	Full_Var2_Het_Pval	Full_Var2_Het_beta	Full_Var2_Het_SE	Full_Var2_Hom_Pval	Full_Var2_Hom_beta	Full_Var2_Hom_SE	Full_Var1_Het_Var2_Het_Pval	Full_Var1_Het_Var2_Het_beta	Full_Var1_Het_Var2_Het_SE	Full_Var1_Het_Var2_Hom_Pval	Full_Var1_Het_Var2_Hom_beta	Full_Var1_Het_Var2_Hom_SE	Full_Var1_Hom_Var2_Het_Pval	Full_Var1_Hom_Var2_Het_beta	Full_Var1_Hom_Var2_Het_SE	Full_Var1_Hom_Var2_Hom_Pval	Full_Var1_Hom_Var2_Hom_beta	Full_Var1_Hom_Var2_Hom_SE	Red_Model_Pval	Full_Model_Pval	Overall_Pval_(LRT)
1	rs1	1:1	2:0.52375	rs2	1:2	2:0.294	0	1000	0	0.999998	-0.302871	147677	0.99923	55.7024	57747.6	0.999485	52.3285	81064.4	0.999721	52.8965	151059	1	-8.77499e-13	252658	1	-6.43752e-12	2.19579e+06	1	-6.31611e-12	263021	1	2.36775e-11	1.55359e+06	1	-4.8925e-12	780235	nan	nan	nan	0.999978	60.4058	2.21136e+06	0.999982	60.4058	2.69913e+06	1	0	1
2	rs1	1:1	2:0.52475	rs2	1:2	2:0.30075	0	1000	0	0.999997	-0.574707	161470	0.999281	55.9649	62100.6	0.999482	53.0954	81766.3	0.999743	53.9141	167388	1	9.59088e-12	254110	1	-2.81837e-11	1.5536e+06	1	6.86046e-12	259968	1	1.89084e-11	2.19579e+06	1	-6.67272e-12	704803	nan	nan	nan	0.999969	60.4058	1.57506e+06	0.999982	60.4058	2.69687e+06	1	0	1
3	rs1	1:1	2:0.5235	rs2	1:2	2:0.29625	0	1000	0	0.999999	-0.178461	161686	0.999281	56.02	62165.3	0.999467	53.4684	79994.4	0.999704	53.8901	145121	1	-6.89476e-12	258393	1	-1.65556e-11	1.26926e+06	1	-5.79203e-13	261438	1	-1.45969e-11	1.26926e+06	1	1.99263e-12	815096	nan	nan	nan	0.999963	60.4058	1.29572e+06	0.999973	60.4058	1.80777e+06	1	0	1
4	rs1	1:1	2:0.5285	rs2	1:2	2:0.29975	0	1000	0	0.999999	0.190335	220466	0.999806	54.3188	223342	0.999939	-17.9702	236834	0.999978	5.13474	187617	1	-6.5125e-09	237141	0.999872	36.3265	226341	1	-8.28454e-10	239381	1	-6.46892e-09	2.19584e+06	1	2.18742e-08	671894	nan	nan	nan	nan	nan	nan	nan	nan	nan	1	0	1
5	rs1	1:1	2:0.52375	rs2	1:2	2:0.3	0	1000	0	1	-0.0787561	142799	0.999226	55.8427	57533.7	0.999494	52.3677	82589.7	0.999703	52.8892	142142	1	4.25376e-12	252842	1	8.33111e-12	2.19581e+06	1	-1.71391e-13	246236	1	1.14684e-11	1.2693e+06	1	-3.50342e-12	774738	nan	nan	nan	0.999978	60.4058	2.20944e+06	0.999981	60.4058	2.54499e+06	1	0	1
6	rs1	1:1	2:0.52475	rs2	1:2	2:0.3055	0	1000	0	0.999999	-0.20903	155504	0.999283	56.2378	62560.5	0.999492	53.1417	83493.5	0.99981	54.2767	228056	0.999848	50.1524	262726	0.999289	56.2818	63145.2	0.999512	53.2107	87060	1	481.265	1.35305e+19	0.999934	-53.1386	644297	nan	nan	nan	nan	nan	nan	nan	nan	nan	1	0	1
7	rs1	1:1	2:0.52925	rs2	1:2	2:0.3055	0	1000	0	0.999998	0.285545	137716	0.999287	56.2754	62957.1	0.99949	53.5451	83742.5	0.999809	54.6949	228203	0.999834	50.8759	244590	0.999303	56.3872	64569.3	0.999549	53.8517	95363	1	-197.891	9.50349e+18	0.999938	-53.8042	690971	nan	nan	nan	nan	nan	nan	nan	nan	nan	1	0	1
8	rs1	1:1	2:0.525	rs2	1:2	2:0.3	0	1000	0	0.999998	0.282392	138540	0.999237	55.8159	58353.9	0.99949	52.3454	81830.4	0.999698	52.8082	139687	1	-8.95217e-12	242560	1	-1.112e-12	2.19581e+06	1	-1.31356e-12	248821	1	-1.08545e-11	2.19581e+06	1	-1.38956e-12	1.03825e+06	1	-1.09568e-12	2.69858e+06	0.999978	60.4058	2.20974e+06	0.999985	60.4058	3.11191e+06	1	0	1
9	rs1	1:1	2:0.52175	rs2	1:2	2:0.2955	0	1000	0	1	0.0166071	147083	0.999233	55.7577	57981.3	0.99949	52.326	81943.3	0.999826	53.5753	246103	0.999856	49.2972	272542	0.999239	55.7972	58474.7	0.999571	52.7182	98051.3	1	-2223.08	4.48433e+19	0.999947	-52.6397	795456	nan	nan	nan	nan	nan	nan	nan	nan	nan	1	0	1
10	rs1	1:1	2:0.52675	rs2	1:2	2:0.3	0	1000	0	0.999999	-0.17322	148956	0.999281	56.086	62248.3	0.999487	53.1741	82738	0.999669	53.3084	128378	1	-1.73447e-12	241417	1	1.857e-11	1.55363e+06	1	-2.95108e-12	260148	1	-4.10142e-11	899193	1	1.42214e-12	775621	1	3.89438e-11	2.38255e+06	0.999969	60.4058	1.57507e+06	0.999973	60.4058	1.80708e+06	1	0	1
11	rs1	1:1	2:0.52275	rs2	1:2	2:0.30175	0	1000	0	0.999998	0.405309	161303	0.999296	56.3698	63875.9	0.999485	53.8861	83469.5	0.999738	54.5195	166306	1	1.32218e-11	263280	1	1.56355e-11	1.09994e+06	1	-4.40048e-12	230575	1	9.82336e-12	1.55364e+06	1	1.01397e-12	896928	nan	nan	nan	0.999957	60.4058	1.12356e+06	0.999975	60.4058	1.91545e+06	1	0	1
12	rs1	1:1	2:0.5245	rs2	1:2	2:0.29825	0	1000	0	0.999998	0.33007	157148	0.999298	56.2443	63965.5	0.999474	53.8344	81646	0.999714	54.2914	151507	1	-5.2584e-12	252827	1	-3.13527e-11	1.09992e+06	1	-2.72171e-12	247495	1	-2.85511e-12	1.2693e+06	1	9.42579e-14	898458	nan	nan	nan	0.999957	60.4058	1.12716e+06	0.999972	60.4058	1.69317e+06	1	0	1
13	rs1	1:1	2:0.52525	rs2	1:2	2:0.297	0	1000	0	0.999997	0.621986	146082	0.999289	55.9947	62876.9	0.999461	53.422	79016.8	0.999713	54.018	150327	1	7.6002e-12	243593	1	-7.90479e-12	1.26927e+06	1	-2.06524e-12	266283	1	-7.08217e-12	1.5536e+06	1	-6.04417e-12	1.04286e+06	nan	nan	nan	0.999963	60.4058	1.29673e+06	0.999976	60.4058	2.01612e+06	1	0	1
14	rs1	1:1	2:0.5275	rs2	1:2	2:0.3015	0	1000	0	0.999996	0.691946	136928	0.999286	56.1017	62699.1	0.999482	53.112	81838.8	0.9997	53.6468	142881	1	-1.63826e-12	232646	1	3.03046e-12	1.55364e+06	1	-6.17556e-12	254352	1	-8.96005e-13	1.26933e+06	1	-6.04794e-13	956798	nan	nan	nan	0.999969	60.4058	1.57415e+06	0.999976	60.4058	2.01545e+06	1	0	1
15	rs1	1:1	2:0.52125	rs2	1:2	2:0.30075	0	1000	0	0.999996	0.85022	161534	0.999299	56.2433	64034.5	0.999471	53.7931	81131	0.999752	54.6019	175459	1	9.18102e-12	267952	1	1.96891e-11	1.09988e+06	1	1.23634e-12	241193	1	-5.28932e-12	2.19579e+06	1	-2.11686e-12	1.15241e+06	nan	nan	nan	0.999957	60.4058	1.12582e+06	0.99998	60.4058	2.464e+06	1	0	1
16	rs1	1:1	2:0.52725	rs2	1:2	2:0.30675	0	1000	0	0.999999	-0.153943	149051	0.999282	56.1843	62405.5	0.999483	53.52	82584.1	0.999724	54.2493	156683	1	3.37781e-12	242836	1	1.88116e-11	1.26936e+06	1	4.01601e-12	236000	1	2.00046e-11	2.19584e+06	1	-3.80895e-12	739191	1	1.62718e-11	3.11292e+06	0.999963	60.4058	1.29088e+06	0.999981	60.4058	2.54339e+06	1	0	1
17	rs1	1:1	2:0.5235	rs2	1:2	2:0.2955	0	1000	0	1	0.0705189	157302	0.99928	56.0916	62132.9	0.99947	53.491	80572.1	0.999713	53.9057	150025	1	-3.46209e-13	256996	1	-8.76099e-12	1.26928e+06	1	3.49298e-12	252728	1	2.38713e-11	1.26928e+06	1	7.46048e-12	852071	nan	nan	nan	0.999963	60.4058	1.29397e+06	0.999973	60.4058	1.80913e+06	1	0	1
18	rs1	1:1	2:0.524	rs2	1:2	2:0.29625	0	1000	0	0.999999	-0.182685	144180	0.999232	55.7144	57856.2	0.999485	52.3355	81048.4	0.999685	52.6775	133333	1	3.61667e-12	249956	1	2.46878e-11	2.19579e+06	1	1.22674e-12	264635	1	7.46742e-12	1.26927e+06	1	-6.33829e-12	853607	1	-3.8977e-11	2.54624e+06	0.999978	60.4058	2.21156e+06	0.999981	60.4058	2.54518e+06	1	0	1
19	rs1	1:1	2:0.52325	rs2	1:2	2:0.30425	0	1000	0	0.999999	-0.17714	159968	0.999279	56.0826	62047.3	0.999486	53.1222	82526.6	0.999716	53.8079	151137	1	-6.6933e-12	258502	1	-7.6632e-12	1.55361e+06	1	-4.8222e-12	248720	1	-4.17385e-11	1.55361e+06	1	-5.21855e-12	777422	nan	nan	nan	0.999969	60.4058	1.57326e+06	0.999978	60.4058	2.20515e+06	1	0	1
20	rs1	1:1	2:0.52475	rs2	1:2	2:0.3	0	1000	0	1	-1.3296e-12	232574	0.999791	60.4058	231098	1	2.24532e-12	231639	1	9.02389e-13	322017	1	1.00659e-11	240310	0.9998	60.4058	241358	1	4.1851e-12	242666	1	-1.16298e-11	1.26933e+06	1	-4.6505e-12	955656	nan	nan	nan	nan	nan	nan	nan	nan	nan	1	0	1
21	rs1	1:1	2:0.522	rs2	1:2	2:0.297	0	1000	0	0.999998	0.384645	140069	0.999238	55.7236	58377.4	0.999487	52.2989	81329.8	0.999816	53.5535	231826	0.999854	49.222	268615	0.999241	55.7468	58616.4	0.999567	52.6903	97078	1	400.296	7.91264e+18	0.999953	-52.5943	898854	nan	nan	nan	nan	nan	nan	nan	nan	nan	1	0	1
22	rs1	1:1	2:0.52675	rs2	1:2	2:0.299	0	1000	0	0.999999	0.271601	144283	0.999287	55.9491	62602.2	0.999478	53.0843	81177.5	0.999711	53.7079	148219	1	-6.4132e-13	236704	1	2.54765e-11	1.55361e+06	1	-5.02409e-12	269722	1	-4.09e-11	1.55361e+06	1	-8.64742e-12	900480	nan	nan	nan	0.999969	60.4058	1.57671e+06	0.999978	60.4058	2.20548e+06	1	0	1
23	rs1	1:1	2:0.52075	rs2	1:2	2:0.3035	0	1000	0	0.999999	-0.242188	154842	0.999216	55.9585	56972.1	0.999506	52.4372	84671.8	0.999689	52.7862	135292	1	2.86162e-12	273347	1	-1.40865e-11	2.19581e+06	1	2.39758e-12	232551	1	7.59198e-13	984406	1	-2.48535e-12	748774	nan	nan	nan	0.999978	60.4058	2.20795e+06	0.99998	60.4058	2.41589e+06	1	0	1
24	rs1	1:1	2:0.52675	rs2	1:2	2:0.29425	0	1000	0	0.999998	-0.476576	161798	0.999303	55.9509	64071.6	0.999457	53.7384	78974.2	0.999714	54.2462	151565	1	-9.0728e-12	246019	1	-1.34399e-11	1.09987e+06	1	5.02243e-12	282647	1	1.25182e-11	1.55359e+06	1	4.7613e-12	756571	nan	nan	nan	0.999958	60.4058	1.1354e+06	0.999975	60.4058	1.91499e+06	1	0	1
25	rs1	1:1	2:0.527	rs2	1:2	2:0.30025	0	1000	0	1	-0.0579554	147505	0.999284	56.0281	62399.9	0.999483	53.1149	82038.8	0.999718	53.7514	152175	1	-1.44631e-11	239069	1	-5.3646e-13	1.55363e+06	1	-2.96102e-12	258614	1	3.86852e-12	1.55363e+06	1	6.36119e-12	774389	nan	nan	nan	0.999969	60.4058	1.57484e+06	0.999978	60.4058	2.20594e+06	1	0	1
26	rs1	1:1	2:0.5245	rs2	1:2	2:0.306	0	1000	0	0.999999	-0.176793	155898	0.999274	56.3938	62021.6	0.999499	53.2233	84695.8	0.999717	53.6719	151504	1	5.78443e-12	257517	1	1.51097e-11	1.55369e+06	1	-5.94724e-12	220761	1	-1.81551e-11	1.10002e+06	1	-1.63697e-12	672984	nan	nan	nan	0.999969	60.4058	1.56903e+06	0.999975	60.4058	1.91624e+06	1	0	1
27	rs1	1:1	2:0.5235	rs2	1:2	2:0.29625	0	1000	0	0.999999	-0.270679	160533	0.999279	56.0163	62027.6	0.999483	53.1278	82024.8	0.999727	53.6997	157237	1	-9.13422e-13	256941	1	-1.52696e-11	1.55359e+06	1	5.64049e-13	258420	1	6.29424e-12	1.55359e+06	1	-5.75834e-12	780092	nan	nan	nan	0.999969	60.4058	1.57478e+06	0.999978	60.4058	2.20768e+06	1	0	1
28	rs1	1:1	2:0.52675	rs2	1:2	2:0.303	0	1000	0	0.999913	17.0657	156546	0.999295	51.1316	57868.7	0.99965	30.8212	70345.4	0.999501	50.8246	81336.6	1	7.38357e-09	245180	1	1.30904e-09	1.55365e+06	1	7.45157e-10	248999	1	2.49675e-09	779719	1	-5.38731e-09	719315	nan	nan	nan	0.999981	37.0086	1.57157e+06	0.999972	60.4058	1.75084e+06	1	0	1
29	rs1	1:1	2:0.52775	rs2	1:2	2:0.29925	0	1000	0	0.999996	0.734332	150705	0.999315	56.4201	65708.3	0.999445	54.1204	77845.8	0.999737	54.7205	166099	1	-5.38031e-12	240465	1	-7.03793e-12	899251	1	3.39728e-14	237077	1	1.56188e-11	1.55366e+06	1	2.06679e-12	954252	nan	nan	nan	0.999948	60.4058	929578	0.999973	60.4058	1.80815e+06	1	0	1
30	rs1	1:1	2:0.523	rs2	1:2	2:0.303	0	1000	0	0.999999	0.218024	155852	0.999276	56.2008	61974.6	0.99948	53.5231	82105.3	0.999708	54.0618	147762	1	-8.41864e-12	260120	1	-8.53717e-12	1.26931e+06	1	8.94174e-13	237938	1	-1.33258e-11	1.26931e+06	1	4.32654e-12	848712	nan	nan	nan	0.999963	60.4058	1.2912e+06	0.999973	60.4058	1.80641e+06	1	0	1
31	rs1	1:1	2:0.5255	rs2	1:2	2:0.299	0	1000	0	0.999997	-0.602655	174027	0.999311	56.2363	65155.2	0.999443	54.1228	77585.8	0.999692	54.4303	140915	1	-8.80498e-12	261547	1	2.07585e-11	899153	1	-7.88614e-12	257024	1	9.2597e-12	1.26929e+06	1	1.28897e-12	752589	1	8.31579e-12	2.02026e+06	0.999948	60.4058	934877	0.999969	60.4058	1.56984e+06	1	0	1
32	rs1	1:1	2:0.5225	rs2	1:2	2:0.30475	0	1000	0	0.999998	-0.392856	168088	0.99927	56.2543	61471.3	0.99949	53.5933	83907.2	0.999693	53.9344	139967	1	1.02472e-12	271636	1	7.08056e-12	1.26932e+06	1	-5.61395e-12	232630	1	-3.6135e-12	984425	1	1.52379e-11	701697	nan	nan	nan	0.999963	60.4058	1.29022e+06	0.99997	60.4058	1.62003e+06	1	0	1
33	rs1	1:1	2:0.52525	rs2	1:2	2:0.3015	0	1000	0	0.99992	16.2697	161333	0.999326	49.8566	59050.3	0.99964	31.4956	69802.9	0.999494	51.5709	81267.4	1	-9.98586e-09	251574	1	-2.68386e-10	1.09994e+06	1	6.05224e-10	239145	1	3.41924e-09	1.55364e+06	1	4.72488e-08	895808	nan	nan	nan	0.999974	37.0053	1.12299e+06	0.999975	60.4058	1.91465e+06	1	0	1
34	rs1	1:1	2:0.52675	rs2	1:2	2:0.3015	0	1000	0	0.999999	-0.258029	150172	0.99928	56.1056	62190.5	0.999488	53.1778	82940.8	0.999669	53.3402	128431	1	-5.58158e-12	242635	1	4.16982e-11	1.55364e+06	1	-3.74589e-12	257193	1	-3.25791e-11	899201	1	-2.05971e-11	746227	1	-1.08477e-11	2.38268e+06	0.999969	60.4058	1.57459e+06	0.999973	60.4058	1.80668e+06	1	0	1
35	rs1	1:1	2:0.52275	rs2	1:2	2:0.30125	0	1000	0	0.999999	-0.179711	147477	0.99923	55.7762	57763.5	0.999491	52.3351	82025.1	0.999718	53.0548	150308	1	-5.12858e-12	256996	1	-2.6052e-11	2.19579e+06	1	3.95292e-12	248691	1	-1.27118e-11	2.19579e+06	1	2.43333e-12	850882	1	1.4209e-11	3.11406e+06	0.999978	60.4058	2.20973e+06	0.999985	60.4058	3.11162e+06	1	0	1
36	rs1	1:1	2:0.52375	rs2	1:2	2:0.297	0	1000	0	0.999997	-0.507699	150523	0.999226	55.7637	57460.8	0.99949	52.3637	81999.3	0.999695	52.7304	137902	1	1.7864e-11	255560	1	2.41585e-13	2.1958e+06	1	3.07582e-12	255560	1	8.47974e-13	1.26928e+06	1	-1.38695e-11	750034	1	3.89278e-11	2.5468e+06	0.999978	60.4058	2.21049e+06	0.999981	60.4058	2.54587e+06	1	0	1
37	rs1	1:1	2:0.5215	rs2	1:2	2:0.30025	0	1000	0	0.999921	16.6641	167326	0.9993	50.1838	57204.1	0.999645	30.7806	69238.4	0.999494	50.8479	80132.1	1	-2.21819e-08	266217	1	1.67844e-09	1.55358e+06	1	-2.66794e-09	252616	1	-1.98581e-09	1.26926e+06	1	4.26235e-08	965144	nan	nan	nan	0.999981	36.9997	1.57215e+06	0.999976	60.4058	2.01612e+06	1	0	1
38	rs1	1:1	2:0.52525	rs2	1:2	2:0.30725	0	1000	0	1	-1.87141e-11	230297	0.999784	60.4058	223576	1	-2.54374e-12	222712	1	-1.05871e-12	305544	1	-1.1382e-12	243966	0.999796	60.4058	235848	1	9.37916e-13	237013	1	-4.80682e-12	1.55365e+06	1	-9.60654e-12	739912	nan	nan	nan	nan	nan	nan	nan	nan	nan	1	0	1
39	rs1	1:1	2:0.52475	rs2	1:2	2:0.2985	0	1000	0	0.999999	-0.256341	157733	0.999278	56.1256	62000.6	0.999476	53.5208	81496.9	0.999702	53.8823	144295	1	-7.82945e-12	254251	1	1.08997e-11	1.26931e+06	1	-6.04072e-13	247525	1	-3.59091e-12	1.26931e+06	1	-1.05346e-11	775604	1	-1.38631e-11	2.54667e+06	0.999963	60.4058	1.29297e+06	0.999973	60.4058	1.80845e+06	1	0	1
40	rs1	1:1	2:0.525	rs2	1:2	2:0.29975	0	1000	0	1	-1.14488e-11	231362	0.999784	60.4058	223075	1	-2.27374e-12	222777	1	-1.3074e-12	323921	1	-8.51171e-12	245180	0.999978	60.4058	2.20704e+06	1	-1.12438e-13	235904	1	-1.06581e-13	2.19583e+06	1	-3.75697e-12	803015	1	5.84066e-12	2.69882e+06	1	3.16192e-13	2.21945e+06	nan	nan	nan	1	0	1
41	rs1	1:1	2:0.51725	rs2	1:2	2:0.30375	0	1000	0	1	-0.0458372	165141	0.99922	55.8486	57101.3	0.999494	52.3763	82585.9	0.999663	52.6597	124616	1	-8.62951e-12	293259	1	-4.05613e-11	2.19577e+06	1	3.0414e-12	247168	1	-3.77285e-11	899083	1	-2.88658e-13	910662	nan	nan	nan	0.999978	60.4058	2.20956e+06	0.99998	60.4058	2.3808e+06	1	0	1
42	rs1	1:1	2:0.52875	rs2	1:2	2:0.2955	0	1000	0	0.999915	15.8252	149436	0.999316	49.6134	57871.9	0.999646	30.8079	69419.3	0.999498	50.6661	80537.8	1	6.5985e-10	233736	1	-6.91168e-09	1.55365e+06	1	-6.47207e-09	254396	1	1.29632e-08	1.55365e+06	1	1.21226e-08	771315	nan	nan	nan	0.999981	37.0218	1.57243e+06	0.999978	60.4058	2.20869e+06	1	0	1
43	rs1	1:1	2:0.522	rs2	1:2	2:0.3035	0	1000	0	0.999999	0.20457	245006	0.999801	55.5504	222526	0.999937	-18.5289	235631	0.999983	4.01373	188529	1	2.1343e-08	266404	0.99987	37.0031	227555	1	-1.02104e-09	240158	1	1.26828e-09	1.2693e+06	1	-5.46893e-08	723918	nan	nan	nan	nan	nan	nan	nan	nan	nan	1	0	1
44	rs1	1:1	2:0.52525	rs2	1:2	2:0.29875	0	1000	0	0.999999	0.265441	160683	0.999309	56.2533	64966	0.999454	53.976	78811.3	0.999692	54.3283	140978	1	-5.63274e-12	251414	1	9.06653e-12	984384	1	3.08531e-12	255602	1	-3.4398e-12	1.09991e+06	1	2.0024e-12	900341	nan	nan	nan	0.999953	60.4058	1.01676e+06	0.999968	60.4058	1.4905e+06	1	0	1
45	rs1	1:1	2:0.52575	rs2	1:2	2:0.30025	0	1000	0	0.999913	16.4574	150063	0.999314	49.7328	57838	0.999645	31.2233	70188.3	0.999497	51.2128	81175.6	1	1.71051e-09	245134	1	2.56182e-09	1.26933e+06	1	2.24221e-09	239192	1	1.15774e-09	1.55365e+06	1	-5.1223e-08	955998	nan	nan	nan	0.999977	37.0097	1.28935e+06	0.999976	60.4058	2.01723e+06	1	0	1
46	rs1	1:1	2:0.5285	rs2	1:2	2:0.302	0	1000	0	0.999999	-0.29218	158109	0.99931	56.2605	65091.6	0.999457	53.9751	79290	0.999722	54.5926	156634	1	-3.5674e-12	242712	1	1.12585e-11	984440	1	1.55742e-12	250289	1	-1.31772e-12	1.55365e+06	1	2.52798e-12	697137	nan	nan	nan	0.999953	60.4058	1.01546e+06	0.999974	60.4058	1.84997e+06	1	0	1
47	rs1	1:1	2:0.5265	rs2	1:2	2:0.29975	0	1000	0	0.999915	16.4428	154897	0.999306	50.1917	57734.1	0.999646	30.7872	69351.9	0.999496	50.8407	80420.1	1	1.22953e-08	242575	1	4.73648e-11	1.55363e+06	1	-2.37458e-10	255687	1	-1.79806e-09	1.26931e+06	1	-2.56685e-08	808312	nan	nan	nan	0.999981	37.0031	1.57264e+06	0.999976	60.4058	2.01648e+06	1	0	1
48	rs1	1:1	2:0.525	rs2	1:2	2:0.29875	0	1000	0	0.999998	0.269331	133720	0.999232	55.8143	57955.2	0.99949	52.3393	81872.9	0.999719	53.0074	150443	1	7.34271e-12	243769	1	-5.40368e-12	2.19581e+06	1	-2.8845e-12	250142	1	5.21058e-12	1.55362e+06	1	1.33493e-12	847370	nan	nan	nan	0.999978	60.4058	2.20988e+06	0.999982	60.4058	2.69788e+06	1	0	1
49	rs1	1:1	2:0.52325	rs2	1:2	2:0.30025	0	1000	0	0.999998	-0.392885	150237	0.999229	55.7882	57759.8	0.999497	52.3498	83107.5	0.999818	53.6121	234636	0.999854	49.4028	270335	0.999242	55.8626	58773.6	0.999581	52.7565	100339	1	384.809	7.20967e+18	0.999937	-52.697	671703	nan	nan	nan	nan	nan	nan	nan	nan	nan	1	0	1
50	rs1	1:1	2:0.525	rs2	1:2	2:0.3025	0	1000	0	0.999999	-0.232193	142251	0.999225	55.8568	57471.8	0.999497	52.3775	83112.8	0.999701	52.9349	141189	1	1.0844e-11	248910	1	9.09495e-12	2.19582e+06	1	-3.19053e-12	243859	1	-2.37671e-13	1.26932e+06	1	-1.2104e-11	718866	nan	nan	nan	0.999978	60.4058	2.20918e+06	0.999981	60.4058	2.54442e+06	1	0	1
51	rs1	1:1	2:0.52175	rs2	1:2	2:0.29775	0	1000	0	0.999997	-0.761701	178394	0.999278	56.0005	61909.6	0.999469	53.4644	80391.4	0.999751	54.2396	173726	1	2.14607e-12	276754	1	5.25802e-12	1.26925e+06	1	5.4452e-12	255395	1	1.78536e-11	2.19578e+06	1	-1.72928e-12	711675	nan	nan	nan	0.999963	60.4058	1.29452e+06	0.999981	60.4058	2.54507e+06	1	0	1
52	rs1	1:1	2:0.52025	rs2	1:2	2:0.29625	0	1000	0	1	-8.09963e-12	254798	0.999795	60.4058	235614	1	1.74083e-13	235981	1	1.91491e-12	339255	1	-6.39289e-12	259941	0.999798	60.4058	238890	1	-1.5774e-12	240024	1	-3.21165e-12	342080	1	8.31335e-12	1.31323e+06	nan	nan	nan	nan	nan	nan	nan	nan	nan	1	0	1
53	rs1	1:1	2:0.52875	rs2	1:2	2:0.287	0	1000	0	0.999997	-0.546628	149688	0.999287	55.7943	62451.3	0.999474	53.107	80537.7	0.999712	53.3243	147647	1	8.22717e-12	233410	1	2.09788e-11	1.5536e+06	1	-2.95597e-12	295734	1	4.16286e-12	1.26927e+06	1	2.87581e-12	733080	nan	nan	nan	0.99997	60.4058	1.58129e+06	0.999976	60.4058	2.02157e+06	1	0	1
54	rs1	1:1	2:0.52225	rs2	1:2	2:0.294	0	1000	0	1	0.11464	245233	0.999817	55.6449	242454	0.999942	-18.606	254315	0.999985	3.84991	201041	1	5.43417e-09	256955	0.999877	37.0284	240873	1	-6.31715e-10	252686	1	2.27754e-09	1.26927e+06	1	1.3424e-09	901109	nan	nan	nan	nan	nan	nan	nan	nan	nan	1	0	1
55	rs1	1:1	2:0.52875	rs2	1:2	2:0.298	0	1000	0	0.999998	-0.421768	150074	0.999282	56.0568	62279.9	0.999472	53.5015	80837.7	0.999693	53.824	139867	1	1.89725e-12	238046	1	-1.78346e-12	1.26933e+06	1	-1.73406e-12	260219	1	1.04159e-11	1.09995e+06	1	-1.20939e-11	679986	nan	nan	nan	0.999963	60.4058	1.29547e+06	0.999972	60.4058	1.69336e+06	1	0	1
56	rs1	1:1	2:0.52225	rs2	1:2	2:0.30275	0	1000	0	1	1.93051e-12	243791	0.999777	60.4058	216310	1	7.78044e-13	216929	1	1.70175e-12	314424	1	9.42157e-12	255831	0.999788	60.4058	227164	1	6.03961e-13	228695	1	3.00737e-12	1.09996e+06	1	4.15668e-13	844815	nan	nan	nan	nan	nan	nan	nan	nan	nan	1	0	1
57	rs1	1:1	2:0.524	rs2	1:2	2:0.2965	0	1000	0	0.999999	-0.234095	145427	0.999236	55.7013	58137.7	0.999489	52.3114	81631.9	0.99982	53.5642	237458	0.999851	49.264	263001	0.999245	55.7589	58892.7	0.999572	52.7288	98222.4	1	387.081	7.78977e+18	0.999941	-52.6367	713798	nan	nan	nan	nan	nan	nan	nan	nan	nan	1	0	1
58	rs1	1:1	2:0.52775	rs2	1:2	2:0.3025	0	1000	0	0.999997	-0.522075	152434	0.999278	56.1848	62097.2	0.999492	53.1767	83453.4	0.999716	53.6822	150836	1	-6.15827e-13	244043	1	1.6307e-12	1.55367e+06	1	1.78163e-12	241648	1	-7.22813e-12	1.26936e+06	1	3.38185e-12	628630	nan	nan	nan	0.999969	60.4058	1.57212e+06	0.999976	60.4058	2.01738e+06	1	0	1
59	rs1	1:1	2:0.5255	rs2	1:2	2:0.29775	0	1000	0	0.999996	0.687044	126100	0.999236	55.8135	58297.6	0.999488	52.3297	81479.5	0.999718	52.9908	150160	1	-1.70948e-11	239053	1	-4.79616e-12	2.19581e+06	1	-2.43128e-12	252856	1	4.21249e-12	1.55362e+06	1	1.25154e-11	958007	nan	nan	nan	0.999978	60.4058	2.21019e+06	0.999982	60.4058	2.69788e+06	1	0	1
60	rs1	1:1	2:0.5235	rs2	1:2	2:0.29925	0	1000	0	1	-0.0422751	166131	0.9993	56.1042	63986.7	0.999466	53.765	80346.3	0.999745	54.5495	170649	1	-6.19796e-12	259900	1	-6.21725e-12	1.09987e+06	1	-2.85438e-12	256914	1	2.87756e-11	2.19578e+06	1	1.54771e-11	854226	nan	nan	nan	0.999957	60.4058	1.1293e+06	0.99998	60.4058	2.46382e+06	1	0	1
61	rs1	1:1	2:0.525	rs2	1:2	2:0.30375	0	1000	0	1	0.0870859	150607	0.999281	56.1082	62278.8	0.999486	53.1239	82537.3	0.999718	53.8101	152330	1	-9.33176e-12	247539	1	-1.6982e-11	1.55363e+06	1	2.63234e-12	247539	1	2.31349e-11	1.55363e+06	1	9.13758e-12	807280	nan	nan	nan	0.999969	60.4058	1.57307e+06	0.999978	60.4058	2.20533e+06	1	0	1
62	rs1	1:1	2:0.523	rs2	1:2	2:0.29475	0	1000	0	0.999999	0.189793	155119	0.999281	56.0366	62225.1	0.999482	53.1144	81810.1	0.99976	53.8807	179148	1	5.76784e-12	255491	1	-5.45342e-12	1.55359e+06	1	2.07817e-12	254068	1	-4.81082e-12	2.19579e+06	1	1.12034e-11	901086	nan	nan	nan	0.999969	60.4058	1.57406e+06	0.999982	60.4058	2.6989e+06	1	0	1
63	rs1	1:1	2:0.5255	rs2	1:2	2:0.30225	0	1000	0	0.999921	15.1821	152716	0.999317	48.9157	57144.9	0.999652	30.8414	70747.4	0.999503	50.7243	81426	1	1.42805e-09	247856	1	-2.05565e-09	1.55368e+06	1	-2.55018e-09	225100	1	-4.09183e-09	2.19585e+06	1	-1.36053e-08	800685	nan	nan	nan	0.999981	37.0174	1.56796e+06	0.999982	60.4058	2.69883e+06	1	0	1
64	rs1	1:1	2:0.52725	rs2	1:2	2:0.30025	0	1000	0	1	0.0939291	152647	0.999303	56.1693	64306.6	0.99947	53.7876	81001.3	0.999748	54.5847	173098	1	2.48634e-12	241432	1	-1.95044e-12	1.09994e+06	1	-6.65745e-12	251544	1	5.63194e-12	2.19582e+06	1	9.92573e-12	806655	nan	nan	nan	0.999957	60.4058	1.12809e+06	0.99998	60.4058	2.46393e+06	1	0	1
65	rs1	1:1	2:0.51925	rs2	1:2	2:0.293	0	1000	0	0.999998	-0.319486	163447	0.999227	55.696	57485.5	0.999484	52.3337	80882.5	0.999703	52.7167	141449	1	-4.29885e-12	278510	1	7.86216e-12	2.19576e+06	1	-2.09896e-12	264388	1	-5.10945e-12	1.26922e+06	1	-4.27858e-12	862400	nan	nan	nan	0.999978	60.4058	2.21152e+06	0.999981	60.4058	2.54649e+06	1	0	1
66	rs1	1:1	2:0.5265	rs2	1:2	2:0.29575	0	1000	0	0.999999	-0.186278	158475	0.999301	56.0983	64033	0.999466	53.7862	80353.6	0.999725	54.3305	157670	1	-7.7697e-12	246163	1	-7.25109e-12	1.0999e+06	1	-4.67759e-12	263129	1	-1.16631e-11	1.55361e+06	1	-6.51812e-13	778156	nan	nan	nan	0.999957	60.4058	1.13069e+06	0.999975	60.4058	1.91557e+06	1	0	1
67	rs1	1:1	2:0.52625	rs2	1:2	2:0.29875	0	1000	0	0.999993	1.10198	117743	0.999238	55.8748	58515.1	0.999492	52.3411	82193.3	0.999751	53.2372	170846	1	-3.11154e-13	234780	1	-1.46052e-11	2.19582e+06	1	2.03759e-12	243905	1	-3.10223e-11	2.19582e+06	1	4.27527e-12	1.03526e+06	nan	nan	nan	0.999978	60.4058	2.20918e+06	0.999985	60.4058	3.11231e+06	1	0	1
68	rs1	1:1	2:0.528	rs2	1:2	2:0.30175	0	1000	0	1	0.0473224	143812	0.999279	56.2167	62248.3	0.999482	53.553	82513	0.99969	53.8615	138608	1	-5.9075e-13	238236	1	-9.77352e-12	1.26936e+06	1	5.7746e-12	240513	1	2.63783e-12	1.09999e+06	1	-1.03408e-11	768182	1	-9.73571e-12	2.46502e+06	0.999963	60.4058	1.29166e+06	0.999972	60.4058	1.69306e+06	1	0	1
69	rs1	1:1	2:0.52175	rs2	1:2	2:0.29975	0	1000	0	0.999999	0.167761	144691	0.999229	55.7708	57743	0.999487	52.3365	81392.5	0.999679	52.7393	131125	1	1.23145e-12	259874	1	1.1589e-11	2.19578e+06	1	1.33102e-12	258366	1	6.41476e-12	1.09987e+06	1	1.55903e-12	903573	nan	nan	nan	0.999978	60.4058	2.21084e+06	0.99998	60.4058	2.46399e+06	1	0	1
70	rs1	1:1	2:0.52675	rs2	1:2	2:0.2965	0	1000	0	0.999998	-0.443827	156094	0.999286	55.9459	62510.3	0.999464	53.4358	79569.8	0.999746	54.2032	170447	1	-3.79481e-12	244896	1	3.0127e-12	1.26929e+06	1	-2.9301e-12	266350	1	-3.19855e-12	2.1958e+06	1	2.94653e-12	725504	nan	nan	nan	0.999963	60.4058	1.29673e+06	0.999981	60.4058	2.54478e+06	1	0	1
71	rs1	1:1	2:0.5275	rs2	1:2	2:0.301	0	1000	0	0.999993	-1.28686	145725	0.999314	50.2349	58397.9	0.999619	31.61	66184.5	0.999468	51.6408	77464.8	1	-1.65739e-09	254237	1	-2.48464e-09	984399	1	-8.41858e-10	260092	1	1.26272e-09	1.2693e+06	1	7.34966e-09	668894	1	3.79971e-08	2.54667e+06	0.999971	37.0031	1.01527e+06	0.99997	60.4058	1.6191e+06	1	0	1
72	rs1	1:1	2:0.527	rs2	1:2	2:0.2925	0	1000	0	1	0.0265909	146288	0.999284	56.0079	62433	0.999481	53.1276	81753.6	0.999735	53.6455	161252	1	-3.28504e-12	237892	1	-1.2367e-11	1.55362e+06	1	1.90514e-13	263183	1	-2.65411e-11	1.55362e+06	1	1.30362e-11	809339	nan	nan	nan	0.999969	60.4058	1.57554e+06	0.999978	60.4058	2.20931e+06	1	0	1
73	rs1	1:1	2:0.529	rs2	1:2	2:0.29825	0	1000	0	0.999997	-0.606849	160771	0.999311	56.1912	65075.4	0.999454	53.9636	78901.6	0.999755	54.7058	178364	1	-5.1511e-12	243874	1	-6.14264e-12	984429	1	-3.47078e-12	255773	1	-5.09837e-12	2.19582e+06	1	2.20313e-12	648002	nan	nan	nan	0.999953	60.4058	1.01679e+06	0.99998	60.4058	2.41578e+06	1	0	1
74	rs1	1:1	2:0.52375	rs2	1:2	2:0.293	0	1000	0	0.999995	0.846264	145074	0.999285	56.0025	62453	0.999477	53.1036	80944.8	0.99971	53.4974	146974	1	5.76748e-12	247294	1	1.6108e-11	1.55359e+06	1	-5.77299e-12	266230	1	1.9387e-11	1.26926e+06	1	5.1299e-12	1.15332e+06	nan	nan	nan	0.999969	60.4058	1.57607e+06	0.999976	60.4058	2.01831e+06	1	0	1
75	rs1	1:1	2:0.518	rs2	1:2	2:0.3025	0	1000	0	0.999998	0.428226	170033	0.999277	56.1231	61914.2	0.999485	53.1127	82363.5	0.999749	53.9674	171681	1	-1.44476e-12	286704	1	-3.9222e-12	1.55357e+06	1	2.38604e-12	239878	1	1.91829e-11	2.19577e+06	1	-3.05667e-12	1.04743e+06	nan	nan	nan	0.999969	60.4058	1.57187e+06	0.999982	60.4058	2.69686e+06	1	0	1
76	rs1	1:1	2:0.52025	rs2	1:2	2:0.302	0	1000	0	0.999989	1.64716	120627	0.999227	55.9875	57810.1	0.999501	52.4085	83799.8	0.999696	52.8732	138964	1	-1.80154e-12	263170	1	1.57385e-12	2.1958e+06	1	-1.6688e-12	233532	1	-1.15857e-11	1.09991e+06	1	-4.02955e-13	1.31268e+06	nan	nan	nan	0.999978	60.4058	2.20806e+06	0.99998	60.4058	2.46468e+06	1	0	1
77	rs1	1:1	2:0.51975	rs2	1:2	2:0.29975	0	1000	0	0.999994	-1.2409	155042	0.999281	50.3381	55886.9	0.999646	30.7885	69356.7	0.999491	50.733	79456.4	1	2.5548e-09	280543	1	2.78155e-09	1.55357e+06	1	1.01362e-09	255328	1	-1.42454e-09	1.09984e+06	1	-4.72797e-08	969932	1	-6.31637e-07	2.46947e+06	0.999981	37.0042	1.57258e+06	0.999975	60.4058	1.91447e+06	1	0	1
78	rs1	1:1	2:0.52625	rs2	1:2	2:0.29875	0	1000	0	0.999993	-1.12701	130872	0.999291	50.0709	56333.1	0.999645	30.7836	69151.1	0.99949	50.7178	79283.2	1	3.80508e-09	241356	1	3.23224e-09	1.55362e+06	1	1.29335e-09	257108	1	3.45668e-09	1.2693e+06	1	1.81157e-08	959718	1	1.15017e-07	2.54541e+06	0.999981	37.0053	1.57288e+06	0.999976	60.4058	2.01671e+06	1	0	1
79	rs1	1:1	2:0.52875	rs2	1:2	2:0.30175	0	1000	0	0.999999	-0.176155	156773	0.999316	56.3297	65695.5	0.99946	53.9867	79757.7	0.999767	54.808	187381	1	-4.65664e-12	240497	1	-1.04805e-12	984474	1	-6.56541e-12	238220	0.999952	60.4058	1.00588e+06	1	7.89813e-12	739133	0.99998	-60.4058	2.42471e+06	0.999952	60.4058	1.01254e+06	nan	nan	nan	1	0	1
80	rs1	1:1	2:0.5255	rs2	1:2	2:0.299	0	1000	0	0.999995	-0.967556	165671	0.999279	55.965	61936.6	0.999482	53.1096	81852.2	0.999751	53.893	172469	1	-4.30317e-12	257024	1	-7.05924e-12	1.55361e+06	1	-2.04331e-12	260009	1	-1.75747e-11	2.1958e+06	1	5.68412e-12	628759	nan	nan	nan	0.999969	60.4058	1.57505e+06	0.999982	60.4058	2.69787e+06	1	0	1
81	rs1	1:1	2:0.52125	rs2	1:2	2:0.30025	0	1000	0	0.999998	0.432709	156590	0.999277	56.2099	62065.4	0.99949	53.1801	83128.7	0.99969	53.4432	137577	1	1.00291e-12	264729	1	7.70939e-13	1.55361e+06	1	8.57481e-13	240113	1	2.02776e-11	1.0999e+06	1	-7.50749e-12	1.04163e+06	1	1.56247e-12	2.46772e+06	0.999969	60.4058	1.57188e+06	0.999975	60.4058	1.91557e+06	1	0	1
82	rs1	1:1	2:0.52375	rs2	1:2	2:0.2985	0	1000	0	0.999905	16.5432	138710	0.999276	49.4743	54504.2	0.999675	30.2411	74311.6	0.999522	50.0906	83678.7	1	-2.15052e-09	248807	1	8.57852e-10	2.19581e+06	1	-1.49524e-09	243754	1	-3.56974e-09	1.55362e+06	1	4.93997e-08	1.03853e+06	nan	nan	nan	0.999987	37.0119	2.20796e+06	0.999982	60.4058	2.69827e+06	1	0	1
83	rs1	1:1	2:0.527	rs2	1:2	2:0.2985	0	1000	0	0.999999	0.158384	130196	0.999229	55.8991	57816.9	0.999496	52.4053	82906.9	0.999673	52.5146	128279	1	3.12951e-13	237029	1	9.50706e-12	2.19583e+06	1	1.4822e-12	249029	1	6.20265e-11	833049	1	5.09923e-12	770549	nan	nan	nan	0.999978	60.4058	2.20974e+06	0.99998	60.4058	2.35944e+06	1	0	1
84	rs1	1:1	2:0.52375	rs2	1:2	2:0.2985	0	1000	0	1	-0.0853299	142760	0.999232	55.8053	57944.1	0.999496	52.346	82824.2	0.999822	53.6036	240223	0.999851	49.4424	264626	0.99924	55.8512	58608.8	0.999585	52.8072	101635	1	-5116.31	1.17383e+20	0.999941	-52.7255	718173	nan	nan	nan	nan	nan	nan	nan	nan	nan	1	0	1
85	rs1	1:1	2:0.5235	rs2	1:2	2:0.293	0	1000	0	0.999997	-0.701566	167419	0.999278	55.9584	61853.5	0.999482	53.1378	81774.7	0.999714	53.48	149162	1	-4.04421e-12	261398	1	-2.19131e-11	1.55358e+06	1	-6.05738e-13	267873	1	4.02922e-12	1.26926e+06	1	2.31476e-12	710445	nan	nan	nan	0.999969	60.4058	1.57633e+06	0.999976	60.4058	2.01967e+06	1	0	1
