SNR Model Encoding Avg_pval SE_pval Power num_conv Avg_pval_indiv SE_pval_indiv Power_indiv num_conv_indiv
0.05 ADD_+_ADD Additive 0.500584 0.283982 0.0384226 989 0.501096 0.283394 0.038 1000
0.05 ADD_+_ADD Codominant 0.499338 0.29159 0.0586451 989 0.499338 0.29159 0.0586451 989
0.05 ADD_+_ADD Dominant 0.498215 0.284124 0.0515672 989 0.498762 0.283352 0.051 1000
0.05 ADD_+_ADD Recessive 0.500667 0.292032 0.0515672 989 0.500667 0.292032 0.0515672 989
0.05 ADD_+_ADD Weighted 0.506815 0.285381 0.0364004 989 0.506837 0.285353 0.036 1000
0.05 ADD Additive 0.478281 0.289671 0.0590591 999 0.477933 0.289736 0.059 1000
0.05 ADD Codominant 0.482633 0.288 0.046046 999 0.482633 0.288 0.046046 999
0.05 ADD Dominant 0.472591 0.290327 0.0770771 999 0.472309 0.290318 0.077 1000
0.05 ADD Recessive 0.501943 0.278562 0.047047 999 0.501943 0.278562 0.047047 999
0.05 ADD Weighted 0.49323 0.287842 0.047047 999 0.493012 0.28778 0.047 1000
0.05 ADD_+_DOM Additive 0.493954 0.289789 0.0461384 997 0.4938 0.289898 0.046 1000
0.05 ADD_+_DOM Codominant 0.490188 0.284848 0.0501505 997 0.490235 0.284709 0.0501002 998
0.05 ADD_+_DOM Dominant 0.507168 0.287883 0.0481444 997 0.50759 0.288012 0.048 1000
0.05 ADD_+_DOM Recessive 0.497966 0.293772 0.0611836 997 0.497966 0.293772 0.0611836 997
0.05 ADD_+_DOM Weighted 0.500766 0.286733 0.0431294 997 0.500973 0.286859 0.043 1000
0.05 ADD_+_HET Additive 0.488472 0.29101 0.0590591 999 0.488359 0.290886 0.059 1000
0.05 ADD_+_HET Codominant 0.501684 0.286781 0.0560561 999 0.501684 0.286781 0.0560561 999
0.05 ADD_+_HET Dominant 0.510958 0.297187 0.0520521 999 0.511102 0.297073 0.052 1000
0.05 ADD_+_HET Recessive 0.500764 0.286631 0.04004 999 0.500764 0.286631 0.04004 999
0.05 ADD_+_HET Weighted 0.506535 0.284436 0.045045 999 0.506571 0.284296 0.045 1000
0.05 ADD_+_SUB Additive 0.489287 0.282758 0.0453172 993 0.490335 0.282759 0.045 1000
0.05 ADD_+_SUB Codominant 0.485051 0.288455 0.0463243 993 0.485051 0.288455 0.0463243 993
0.05 ADD_+_SUB Dominant 0.494181 0.289815 0.0594159 993 0.493779 0.28983 0.059 1000
0.05 ADD_+_SUB Recessive 0.488978 0.283434 0.0443102 993 0.488978 0.283434 0.0443102 993
0.05 ADD_+_SUB Weighted 0.497477 0.29126 0.0473313 993 0.498732 0.290909 0.047 1000
0.05 ADD_x_ADD Additive 0.000729046 0.00409047 0.997914 959 0.0006997 0.00400826 0.998 1000
0.05 ADD_x_ADD Codominant 0.00420361 0.0162668 0.978102 959 0.00420361 0.0162668 0.978102 959
0.05 ADD_x_ADD Dominant 0.00543287 0.0355337 0.980188 959 0.00523373 0.0348137 0.981 1000
0.05 ADD_x_ADD Recessive 0.147936 0.216462 0.492179 959 0.147936 0.216462 0.492179 959
0.05 ADD_x_ADD Weighted 0.00161847 0.00780486 0.993743 959 0.00155705 0.00764976 0.994 1000
0.05 ADD_x_DOM Additive 0.00280296 0.0160751 0.985859 990 0.00278525 0.0159984 0.986 1000
0.05 ADD_x_DOM Codominant 0.00528755 0.0277991 0.975758 990 0.00528755 0.0277991 0.975758 990
0.05 ADD_x_DOM Dominant 0.00282372 0.0224738 0.988889 990 0.00287641 0.0224735 0.988 1000
0.05 ADD_x_DOM Recessive 0.381711 0.301777 0.148485 990 0.381711 0.301777 0.148485 990
0.05 ADD_x_DOM Weighted 0.00162345 0.0109707 0.994949 990 0.00162199 0.0109229 0.995 1000
0.05 ADD_x_HET Additive 0.0630001 0.139116 0.719 1000 0.0630001 0.139116 0.719 1000
0.05 ADD_x_HET Codominant 0.00323888 0.0198595 0.989 1000 0.00323888 0.0198595 0.989 1000
0.05 ADD_x_HET Dominant 0.00803466 0.0325007 0.96 1000 0.00803466 0.0325007 0.96 1000
0.05 ADD_x_HET Recessive 0.404788 0.300859 0.126 1000 0.404788 0.300859 0.126 1000
0.05 ADD_x_HET Weighted 0.00176711 0.0165617 0.995 1000 0.00176711 0.0165617 0.995 1000
0.05 ADD_x_SUB Additive 0.00276294 0.0143861 0.983819 927 0.00260353 0.0138754 0.985 1000
0.05 ADD_x_SUB Codominant 0.00775074 0.0328395 0.957929 927 0.00775074 0.0328395 0.957929 927
0.05 ADD_x_SUB Dominant 0.0332212 0.095069 0.859763 927 0.0331872 0.0966936 0.863 1000
0.05 ADD_x_SUB Recessive 0.0587744 0.125467 0.743258 927 0.0587744 0.125467 0.743258 927
0.05 ADD_x_SUB Weighted 0.0033521 0.0171243 0.987055 927 0.00315307 0.0165328 0.988 1000
0.05 DOM Additive 0.487031 0.292779 0.0633166 995 0.486596 0.292681 0.063 1000
0.05 DOM Codominant 0.49722 0.293845 0.0633166 995 0.497152 0.293705 0.063253 996
0.05 DOM Dominant 0.496604 0.292386 0.0603015 995 0.496965 0.292787 0.06 1000
0.05 DOM Recessive 0.496843 0.286745 0.0623116 995 0.496843 0.286745 0.0623116 995
0.05 DOM Weighted 0.48096 0.284982 0.0613065 995 0.48051 0.28475 0.061 1000
0.05 DOM_+_DOM Additive 0.501586 0.288598 0.06 1000 0.501586 0.288598 0.06 1000
0.05 DOM_+_DOM Codominant 0.49411 0.291812 0.064 1000 0.49411 0.291812 0.064 1000
0.05 DOM_+_DOM Dominant 0.499144 0.283314 0.053 1000 0.499144 0.283314 0.053 1000
0.05 DOM_+_DOM Recessive 0.491632 0.290486 0.053 1000 0.491632 0.290486 0.053 1000
0.05 DOM_+_DOM Weighted 0.495925 0.285477 0.052 1000 0.495925 0.285477 0.052 1000
0.05 DOM_+_SUB Additive 0.48815 0.288773 0.0503525 993 0.487701 0.289554 0.052 1000
0.05 DOM_+_SUB Codominant 0.493423 0.291212 0.0493454 993 0.493423 0.291212 0.0493454 993
0.05 DOM_+_SUB Dominant 0.498073 0.292737 0.0422961 993 0.498038 0.293342 0.042 1000
0.05 DOM_+_SUB Recessive 0.493851 0.290051 0.0483384 993 0.493851 0.290051 0.0483384 993
0.05 DOM_+_SUB Weighted 0.496281 0.294294 0.0443102 993 0.496913 0.294545 0.044 1000
0.05 DOM_x_DOM Additive 0.00479026 0.0285541 0.97994 997 0.00477589 0.0285124 0.98 1000
0.05 DOM_x_DOM Codominant 0.00457508 0.03286 0.983952 997 0.00457508 0.03286 0.983952 997
0.05 DOM_x_DOM Dominant 0.000970612 0.00931023 0.994985 997 0.0009677 0.0092964 0.995 1000
0.05 DOM_x_DOM Recessive 0.447316 0.299263 0.0932798 997 0.447316 0.299263 0.0932798 997
0.05 DOM_x_DOM Weighted 0.00140425 0.0106243 0.990973 997 0.00140003 0.0106086 0.991 1000
0.05 DOM_x_SUB Additive 0.00557267 0.0257887 0.97624 968 0.00542652 0.025397 0.977 1000
0.05 DOM_x_SUB Codominant 0.00580631 0.0238401 0.969008 968 0.00580631 0.0238401 0.969008 968
0.05 DOM_x_SUB Dominant 0.0222435 0.0700719 0.896694 968 0.0228188 0.0721834 0.894 1000
0.05 DOM_x_SUB Recessive 0.306893 0.290787 0.234504 968 0.306893 0.290787 0.234504 968
0.05 DOM_x_SUB Weighted 0.00349833 0.0194014 0.982438 968 0.00342923 0.0191115 0.983 1000
0.05 HET Additive 0.482344 0.291827 0.0691383 998 0.482017 0.291895 0.07 1000
0.05 HET Codominant 0.483026 0.289127 0.0571142 998 0.483026 0.289127 0.0571142 998
0.05 HET Dominant 0.483159 0.29106 0.0501002 998 0.482936 0.290907 0.05 1000
0.05 HET Recessive 0.474943 0.291212 0.0661323 998 0.474943 0.291212 0.0661323 998
0.05 HET Weighted 0.501469 0.287151 0.0490982 998 0.502211 0.287346 0.049 1000
0.05 HET_+_DOM Additive 0.493479 0.286664 0.056 1000 0.493479 0.286664 0.056 1000
0.05 HET_+_DOM Codominant 0.503978 0.289093 0.055 1000 0.503978 0.289093 0.055 1000
0.05 HET_+_DOM Dominant 0.498818 0.287452 0.042 1000 0.498818 0.287452 0.042 1000
0.05 HET_+_DOM Recessive 0.496344 0.296691 0.058 1000 0.496344 0.296691 0.058 1000
0.05 HET_+_DOM Weighted 0.490378 0.288616 0.054 1000 0.490378 0.288616 0.054 1000
0.05 HET-HA Additive 0.201623 0.254328 0.404404 999 0.202226 0.254914 0.404 1000
0.05 HET-HA Codominant 0.0088671 0.0438957 0.95996 999 0.0088671 0.0438957 0.95996 999
0.05 HET-HA Dominant 0.311052 0.289323 0.238238 999 0.311188 0.28921 0.238 1000
0.05 HET-HA Recessive 0.318156 0.294417 0.235235 999 0.318156 0.294417 0.235235 999
0.05 HET-HA Weighted 0.057138 0.165735 0.843844 999 0.0570808 0.165662 0.844 1000
0.05 HET_+_HET Additive 0.49327 0.29023 0.0560561 999 0.492877 0.290351 0.056 1000
0.05 HET_+_HET Codominant 0.504336 0.286068 0.045045 999 0.504336 0.286068 0.045045 999
0.05 HET_+_HET Dominant 0.507069 0.290784 0.049049 999 0.507266 0.290705 0.049 1000
0.05 HET_+_HET Recessive 0.489612 0.287226 0.0630631 999 0.489612 0.287226 0.0630631 999
0.05 HET_+_HET Weighted 0.5064 0.290866 0.042042 999 0.506123 0.290852 0.042 1000
0.05 HET-HET Additive 0.270968 0.284567 0.295295 999 0.270702 0.284549 0.296 1000
0.05 HET-HET Codominant 0.00354012 0.0199243 0.981982 999 0.00354012 0.0199243 0.981982 999
0.05 HET-HET Dominant 0.0154092 0.0515772 0.915916 999 0.0153938 0.0515537 0.916 1000
0.05 HET-HET Recessive 0.472975 0.290322 0.0710711 999 0.472975 0.290322 0.0710711 999
0.05 HET-HET Weighted 0.00143333 0.0071612 0.992993 999 0.00143189 0.00715776 0.993 1000
0.05 HET_+_SUB Additive 0.492046 0.293719 0.0550551 999 0.491804 0.293672 0.055 1000
0.05 HET_+_SUB Codominant 0.502132 0.296147 0.0500501 999 0.502132 0.296147 0.0500501 999
0.05 HET_+_SUB Dominant 0.506669 0.286705 0.044044 999 0.506771 0.286579 0.044 1000
0.05 HET_+_SUB Recessive 0.501958 0.288103 0.0540541 999 0.501958 0.288103 0.0540541 999
0.05 HET_+_SUB Weighted 0.509169 0.287931 0.046046 999 0.509213 0.287791 0.046 1000
0.05 HET_x_DOM Additive 0.0839054 0.160613 0.675 1000 0.0839054 0.160613 0.675 1000
0.05 HET_x_DOM Codominant 0.00316146 0.0176163 0.986 1000 0.00316146 0.0176163 0.986 1000
0.05 HET_x_DOM Dominant 0.00402905 0.0347571 0.987 1000 0.00402905 0.0347571 0.987 1000
0.05 HET_x_DOM Recessive 0.459365 0.295355 0.061 1000 0.459365 0.295355 0.061 1000
0.05 HET_x_DOM Weighted 0.0011529 0.012006 0.997 1000 0.0011529 0.012006 0.997 1000
0.05 HET_x_HET Additive 0.273329 0.28514 0.291291 999 0.273335 0.284998 0.291 1000
0.05 HET_x_HET Codominant 0.00288689 0.0134903 0.985986 999 0.00288401 0.0134838 0.986 1000
0.05 HET_x_HET Dominant 0.0153109 0.0486224 0.91992 999 0.0152968 0.0486001 0.92 1000
0.05 HET_x_HET Recessive 0.490573 0.28317 0.0500501 999 0.490573 0.28317 0.0500501 999
0.05 HET_x_HET Weighted 0.00183733 0.0210374 0.993994 999 0.00183549 0.0210269 0.994 1000
0.05 HET_x_SUB Additive 0.097393 0.17896 0.647648 999 0.097383 0.178871 0.647 1000
0.05 HET_x_SUB Codominant 0.00550584 0.0243047 0.968969 999 0.00550584 0.0243047 0.968969 999
0.05 HET_x_SUB Dominant 0.0524953 0.117151 0.777778 999 0.052445 0.117104 0.778 1000
0.05 HET_x_SUB Recessive 0.342709 0.303457 0.205205 999 0.342709 0.303457 0.205205 999
0.05 HET_x_SUB Weighted 0.00441154 0.0258524 0.97998 999 0.00440713 0.0258398 0.98 1000
0.05 HR-HA Additive 0.040679 0.102681 0.818 1000 0.040679 0.102681 0.818 1000
0.05 HR-HA Codominant 0.00827097 0.0380592 0.967 1000 0.00827097 0.0380592 0.967 1000
0.05 HR-HA Dominant 0.255419 0.274538 0.305 1000 0.255419 0.274538 0.305 1000
0.05 HR-HA Recessive 0.274673 0.293938 0.315 1000 0.274673 0.293938 0.315 1000
0.05 HR-HA Weighted 0.0576766 0.165399 0.847 1000 0.0576766 0.165399 0.847 1000
0.05 HR-HET Additive 0.0963877 0.175058 0.642643 999 0.0963192 0.174984 0.643 1000
0.05 HR-HET Codominant 0.00420294 0.0208632 0.982983 999 0.00420294 0.0208632 0.982983 999
0.05 HR-HET Dominant 0.00463511 0.0253271 0.977978 999 0.0046308 0.0253148 0.978 1000
0.05 HR-HET Recessive 0.480356 0.294941 0.0730731 999 0.480356 0.294941 0.0730731 999
0.05 HR-HET Weighted 0.00202649 0.0168876 0.993994 999 0.00202537 0.0168792 0.994 1000
0.05 HR-HR Additive 0.00374429 0.0166422 0.985986 999 0.00374156 0.0166341 0.986 1000
0.05 HR-HR Codominant 0.00238608 0.0113701 0.986987 999 0.00238608 0.0113701 0.986987 999
0.05 HR-HR Dominant 0.000318138 0.00198435 1 999 0.00031782 0.00198338 1 1000
0.05 HR-HR Recessive 0.450831 0.291629 0.0760761 999 0.450831 0.291629 0.0760761 999
0.05 HR-HR Weighted 0.000938147 0.00551874 0.996997 999 0.000937211 0.00551605 0.997 1000
0.05 Hyp Additive 0.0013803 0.0143178 0.994995 999 0.00137892 0.0143107 0.995 1000
0.05 Hyp Codominant 0.00588044 0.0340054 0.972973 999 0.00588044 0.0340054 0.972973 999
0.05 Hyp Dominant 0.00548016 0.0240129 0.975976 999 0.00547474 0.0240015 0.976 1000
0.05 Hyp Recessive 0.125804 0.20313 0.576577 999 0.125804 0.20313 0.576577 999
0.05 Hyp Weighted 0.0132717 0.0706664 0.954955 999 0.0132586 0.0706323 0.955 1000
0.05 NULL Additive 0.485658 0.288781 0.0620621 999 0.485871 0.288715 0.062 1000
0.05 NULL Codominant 0.482774 0.294633 0.0500501 999 0.482774 0.294633 0.0500501 999
0.05 NULL Dominant 0.495749 0.301055 0.0560561 999 0.495413 0.301091 0.056 1000
0.05 NULL Recessive 0.495455 0.291916 0.0640641 999 0.495455 0.291916 0.0640641 999
0.05 NULL Weighted 0.493255 0.292727 0.0510511 999 0.492767 0.292988 0.052 1000
0.05 REC_+_ADD Additive 0.487744 0.274669 0.0447609 983 0.486876 0.27448 0.045 1000
0.05 REC_+_ADD Codominant 0.502769 0.278859 0.0467955 983 0.502769 0.278859 0.0467955 983
0.05 REC_+_ADD Dominant 0.496663 0.286056 0.0549339 983 0.496047 0.285814 0.054 1000
0.05 REC_+_ADD Recessive 0.502127 0.284237 0.0417091 983 0.502127 0.284237 0.0417091 983
0.05 REC_+_ADD Weighted 0.495119 0.285497 0.0447609 983 0.495735 0.285961 0.045 1000
0.05 REC Additive 0.49997 0.291015 0.0584089 993 0.498521 0.291222 0.058 1000
0.05 REC Codominant 0.486255 0.291928 0.0664653 993 0.486255 0.291928 0.0664653 993
0.05 REC Dominant 0.486762 0.290527 0.0513595 993 0.48715 0.2905 0.051 1000
0.05 REC Recessive 0.510661 0.298154 0.0543807 993 0.510661 0.298154 0.0543807 993
0.05 REC Weighted 0.499963 0.290604 0.0473313 993 0.499545 0.291497 0.048 1000
0.05 REC_+_DOM Additive 0.503037 0.28343 0.0521565 997 0.502366 0.283551 0.053 1000
0.05 REC_+_DOM Codominant 0.493101 0.291233 0.0672016 997 0.493101 0.291233 0.0672016 997
0.05 REC_+_DOM Dominant 0.496513 0.282182 0.0521565 997 0.497163 0.282181 0.052 1000
0.05 REC_+_DOM Recessive 0.481524 0.290353 0.0521565 997 0.481524 0.290353 0.0521565 997
0.05 REC_+_DOM Weighted 0.508799 0.294141 0.0481444 997 0.509029 0.29446 0.048 1000
0.05 REC_+_HET Additive 0.497185 0.290695 0.049 1000 0.497185 0.290695 0.049 1000
0.05 REC_+_HET Codominant 0.488804 0.289898 0.059 1000 0.488804 0.289898 0.059 1000
0.05 REC_+_HET Dominant 0.508532 0.287676 0.042 1000 0.508532 0.287676 0.042 1000
0.05 REC_+_HET Recessive 0.493297 0.2939 0.064 1000 0.493297 0.2939 0.064 1000
0.05 REC_+_HET Weighted 0.489885 0.282634 0.04 1000 0.489885 0.282634 0.04 1000
0.05 REC_+_REC Additive 0.518322 0.285299 0.0498474 983 0.517985 0.284847 0.049 1000
0.05 REC_+_REC Codominant 0.508419 0.286192 0.0437436 983 0.508419 0.286192 0.0437436 983
0.05 REC_+_REC Dominant 0.509901 0.286346 0.0447609 983 0.510875 0.287216 0.044 1000
0.05 REC_+_REC Recessive 0.504293 0.290437 0.0488301 983 0.504293 0.290437 0.0488301 983
0.05 REC_+_REC Weighted 0.503094 0.290435 0.0447609 983 0.49618 0.2931 0.054 1000
0.05 REC_+_SUB Additive 0.48837 0.282399 0.0486815 986 0.488823 0.282947 0.049 1000
0.05 REC_+_SUB Codominant 0.490619 0.277746 0.0456389 986 0.490619 0.277746 0.0456389 986
0.05 REC_+_SUB Dominant 0.488821 0.287231 0.0446247 986 0.489796 0.286855 0.044 1000
0.05 REC_+_SUB Recessive 0.499126 0.280484 0.0294118 986 0.499126 0.280484 0.0294118 986
0.05 REC_+_SUB Weighted 0.496305 0.284061 0.0385396 986 0.490847 0.286216 0.045 1000
0.05 REC_x_ADD Additive 0.0197766 0.0583334 0.901814 937 0.0190928 0.0567957 0.906 1000
0.05 REC_x_ADD Codominant 0.00777946 0.0335632 0.962647 937 0.00777946 0.0335632 0.962647 937
0.05 REC_x_ADD Dominant 0.261503 0.285171 0.307364 937 0.265346 0.288832 0.308 1000
0.05 REC_x_ADD Recessive 0.0376351 0.0918319 0.820704 937 0.0376351 0.0918319 0.820704 937
0.05 REC_x_ADD Weighted 0.0470168 0.147261 0.870864 937 0.0466479 0.148201 0.874 1000
0.05 REC_x_DOM Additive 0.0511014 0.130906 0.8 980 0.0506601 0.130753 0.803 1000
0.05 REC_x_DOM Codominant 0.0067355 0.0238956 0.965306 980 0.0067355 0.0238956 0.965306 980
0.05 REC_x_DOM Dominant 0.252595 0.276746 0.329592 980 0.251798 0.277331 0.332 1000
0.05 REC_x_DOM Recessive 0.272241 0.273548 0.264286 980 0.272241 0.273548 0.264286 980
0.05 REC_x_DOM Weighted 0.0562861 0.171261 0.857143 980 0.0562274 0.171092 0.858 1000
0.05 REC_x_HET Additive 0.218425 0.26398 0.372372 999 0.218768 0.264071 0.372 1000
0.05 REC_x_HET Codominant 0.0076085 0.0279707 0.960961 999 0.0076085 0.0279707 0.960961 999
0.05 REC_x_HET Dominant 0.304035 0.285487 0.242242 999 0.304265 0.285436 0.242 1000
0.05 REC_x_HET Recessive 0.325615 0.302476 0.236236 999 0.325615 0.302476 0.236236 999
0.05 REC_x_HET Weighted 0.0536774 0.156056 0.843844 999 0.0536237 0.155987 0.844 1000
0.05 REC_x_REC Additive 0.0936895 0.164115 0.625835 898 0.0899871 0.160003 0.638 1000
0.05 REC_x_REC Codominant 0.00576235 0.0213184 0.969933 898 0.00576235 0.0213184 0.969933 898
0.05 REC_x_REC Dominant 0.445755 0.292934 0.0846325 898 0.443733 0.29226 0.084 1000
0.05 REC_x_REC Recessive 0.000951434 0.00563513 0.995546 898 0.000951434 0.00563513 0.995546 898
0.05 REC_x_REC Weighted 0.0839004 0.20039 0.789532 898 0.0790753 0.195309 0.8 1000
0.05 REC_x_SUB Additive 0.02635 0.0800382 0.883463 901 0.024556 0.0766753 0.891 1000
0.05 REC_x_SUB Codominant 0.00824594 0.0405429 0.958935 901 0.00824594 0.0405429 0.958935 901
0.05 REC_x_SUB Dominant 0.325998 0.29424 0.209767 901 0.322201 0.291861 0.208 1000
0.05 REC_x_SUB Recessive 0.00564761 0.038 0.975583 901 0.00564761 0.038 0.975583 901
0.05 REC_x_SUB Weighted 0.0412777 0.136667 0.885683 901 0.039603 0.132649 0.889 1000
0.05 RHyp Additive 0.000715495 0.00439584 0.995996 999 0.00071478 0.0043937 0.996 1000
0.05 RHyp Codominant 0.00433083 0.0177075 0.971972 999 0.00433083 0.0177075 0.971972 999
0.05 RHyp Dominant 0.00457227 0.0207024 0.978979 999 0.0045677 0.0206925 0.979 1000
0.05 RHyp Recessive 0.142854 0.224595 0.552553 999 0.142854 0.224595 0.552553 999
0.05 RHyp Weighted 0.0125986 0.0711703 0.962963 999 0.012586 0.0711359 0.963 1000
0.05 SUB Additive 0.505707 0.292998 0.0451807 996 0.506276 0.293207 0.045 1000
0.05 SUB Codominant 0.503907 0.288982 0.061245 996 0.503907 0.288982 0.061245 996
0.05 SUB Dominant 0.494565 0.286393 0.0451807 996 0.495544 0.286449 0.045 1000
0.05 SUB Recessive 0.508978 0.29812 0.063253 996 0.508978 0.29812 0.063253 996
0.05 SUB Weighted 0.498261 0.290992 0.0491968 996 0.497297 0.291679 0.051 1000
0.05 SUB_+_SUB Additive 0.508952 0.292804 0.0417091 983 0.508644 0.293274 0.043 1000
0.05 SUB_+_SUB Codominant 0.513748 0.289593 0.0406918 983 0.513748 0.289593 0.0406918 983
0.05 SUB_+_SUB Dominant 0.506873 0.292009 0.0590031 983 0.506281 0.292954 0.06 1000
0.05 SUB_+_SUB Recessive 0.508643 0.287266 0.0325534 983 0.508643 0.287266 0.0325534 983
0.05 SUB_+_SUB Weighted 0.510007 0.28736 0.0386572 983 0.503165 0.289852 0.043 1000
0.05 SUB_x_SUB Additive 0.00377922 0.0182307 0.980044 902 0.00358335 0.017502 0.981 1000
0.05 SUB_x_SUB Codominant 0.00721734 0.033671 0.970067 902 0.00721734 0.033671 0.970067 902
0.05 SUB_x_SUB Dominant 0.0795945 0.156208 0.695122 902 0.0773832 0.154521 0.697 1000
0.05 SUB_x_SUB Recessive 0.0130333 0.0367006 0.926829 902 0.0130333 0.0367006 0.926829 902
0.05 SUB_x_SUB Weighted 0.00532363 0.0287814 0.977827 902 0.00489323 0.0274025 0.98 1000
0.05 SUP_+_ADD Additive 0.50092 0.291666 0.0501002 998 0.500787 0.291402 0.05 1000
0.05 SUP_+_ADD Codominant 0.488616 0.289313 0.0571142 998 0.488616 0.289313 0.0571142 998
0.05 SUP_+_ADD Dominant 0.495372 0.28752 0.0561122 998 0.49542 0.287997 0.056 1000
0.05 SUP_+_ADD Recessive 0.489488 0.287445 0.0551102 998 0.489488 0.287445 0.0551102 998
0.05 SUP_+_ADD Weighted 0.499535 0.291152 0.0531062 998 0.499951 0.291093 0.053 1000
0.05 SUP Additive 0.493019 0.290919 0.0472362 995 0.493033 0.290748 0.047 1000
0.05 SUP Codominant 0.495837 0.284108 0.040201 995 0.495837 0.284108 0.040201 995
0.05 SUP Dominant 0.492497 0.286839 0.0432161 995 0.492758 0.286612 0.043 1000
0.05 SUP Recessive 0.49676 0.290964 0.0432161 995 0.49676 0.290964 0.0432161 995
0.05 SUP Weighted 0.505371 0.295243 0.0532663 995 0.505191 0.295315 0.053 1000
0.05 SUP_+_DOM Additive 0.505147 0.295475 0.0512563 995 0.505067 0.295833 0.052 1000
0.05 SUP_+_DOM Codominant 0.499971 0.288789 0.0482412 995 0.499971 0.288789 0.0482412 995
0.05 SUP_+_DOM Dominant 0.5041 0.283976 0.0442211 995 0.503152 0.284027 0.044 1000
0.05 SUP_+_DOM Recessive 0.499534 0.288661 0.0492462 995 0.499534 0.288661 0.0492462 995
0.05 SUP_+_DOM Weighted 0.496748 0.289479 0.0462312 995 0.496008 0.289601 0.047 1000
0.05 SUP_+_HET Additive 0.475938 0.287576 0.0601805 997 0.475548 0.288158 0.061 1000
0.05 SUP_+_HET Codominant 0.486849 0.290051 0.0561685 997 0.486849 0.290051 0.0561685 997
0.05 SUP_+_HET Dominant 0.498814 0.291875 0.0491474 997 0.499926 0.292171 0.049 1000
0.05 SUP_+_HET Recessive 0.487872 0.290013 0.0551655 997 0.487872 0.290013 0.0551655 997
0.05 SUP_+_HET Weighted 0.503699 0.287508 0.0461384 997 0.503266 0.287402 0.046 1000
0.05 SUP_+_REC Additive 0.505998 0.291248 0.0514113 992 0.504909 0.291375 0.052 1000
0.05 SUP_+_REC Codominant 0.505892 0.286587 0.0453629 992 0.505892 0.286587 0.0453629 992
0.05 SUP_+_REC Dominant 0.51302 0.286213 0.0413306 992 0.512636 0.286112 0.042 1000
0.05 SUP_+_REC Recessive 0.503926 0.290388 0.047379 992 0.503926 0.290388 0.047379 992
0.05 SUP_+_REC Weighted 0.490222 0.278446 0.047379 992 0.489254 0.279234 0.048 1000
0.05 SUP_+_SUB Additive 0.500426 0.289945 0.0443102 993 0.498876 0.290614 0.046 1000
0.05 SUP_+_SUB Codominant 0.511615 0.290799 0.0382679 993 0.511615 0.290799 0.0382679 993
0.05 SUP_+_SUB Dominant 0.510088 0.286347 0.0473313 993 0.509837 0.286581 0.048 1000
0.05 SUP_+_SUB Recessive 0.498209 0.28831 0.0422961 993 0.498209 0.28831 0.0422961 993
0.05 SUP_+_SUB Weighted 0.50175 0.288791 0.0483384 993 0.500456 0.289433 0.049 1000
0.05 SUP_+_SUP Additive 0.499646 0.285701 0.0552764 995 0.498527 0.286216 0.057 1000
0.05 SUP_+_SUP Codominant 0.48298 0.291538 0.0572864 995 0.48298 0.291538 0.0572864 995
0.05 SUP_+_SUP Dominant 0.496457 0.286246 0.0492462 995 0.496112 0.286069 0.049 1000
0.05 SUP_+_SUP Recessive 0.48977 0.285664 0.0592965 995 0.48977 0.285664 0.0592965 995
0.05 SUP_+_SUP Weighted 0.505849 0.291951 0.0482412 995 0.506104 0.292182 0.048 1000
0.05 SUP_x_ADD Additive 0.00126157 0.00712966 0.99076 974 0.0012314 0.00703919 0.991 1000
0.05 SUP_x_ADD Codominant 0.00516966 0.0264087 0.974333 974 0.00516966 0.0264087 0.974333 974
0.05 SUP_x_ADD Dominant 0.0029749 0.0163338 0.983573 974 0.00292789 0.0161345 0.984 1000
0.05 SUP_x_ADD Recessive 0.267483 0.270977 0.272074 974 0.267483 0.270977 0.272074 974
0.05 SUP_x_ADD Weighted 0.00183946 0.0117243 0.99076 974 0.00184169 0.0116729 0.991 1000
0.05 SUP_x_DOM Additive 0.00333234 0.0201779 0.983855 991 0.00330244 0.0200894 0.984 1000
0.05 SUP_x_DOM Codominant 0.00505252 0.029426 0.980827 991 0.00505252 0.029426 0.980827 991
0.05 SUP_x_DOM Dominant 0.000865488 0.00599155 0.994955 991 0.00085781 0.00596507 0.995 1000
0.05 SUP_x_DOM Recessive 0.435878 0.297431 0.0938446 991 0.435878 0.297431 0.0938446 991
0.05 SUP_x_DOM Weighted 0.00163186 0.0123521 0.990918 991 0.0016173 0.0122974 0.991 1000
0.05 SUP_x_HET Additive 0.0776761 0.155779 0.699 1000 0.0776761 0.155779 0.699 1000
0.05 SUP_x_HET Codominant 0.00297514 0.0165022 0.985 1000 0.00297514 0.0165022 0.985 1000
0.05 SUP_x_HET Dominant 0.00480489 0.0325979 0.983 1000 0.00480489 0.0325979 0.983 1000
0.05 SUP_x_HET Recessive 0.45106 0.306372 0.09 1000 0.45106 0.306372 0.09 1000
0.05 SUP_x_HET Weighted 0.00131175 0.0107944 0.997 1000 0.00131175 0.0107944 0.997 1000
0.05 SUP_x_REC Additive 0.0320134 0.0859199 0.850312 962 0.0314889 0.0848303 0.853 1000
0.05 SUP_x_REC Codominant 0.00646589 0.0278738 0.972973 962 0.00646589 0.0278738 0.972973 962
0.05 SUP_x_REC Dominant 0.270394 0.285558 0.309771 962 0.270196 0.285344 0.307 1000
0.05 SUP_x_REC Recessive 0.137345 0.207613 0.519751 962 0.137345 0.207613 0.519751 962
0.05 SUP_x_REC Weighted 0.0454457 0.14803 0.881497 962 0.0445471 0.145902 0.883 1000
0.05 SUP_x_SUB Additive 0.00310473 0.0157026 0.984359 959 0.00301396 0.0153955 0.985 1000
0.05 SUP_x_SUB Codominant 0.00657479 0.0307692 0.968717 959 0.00657479 0.0307692 0.968717 959
0.05 SUP_x_SUB Dominant 0.0223544 0.0768 0.909281 959 0.0221283 0.0756795 0.909 1000
0.05 SUP_x_SUB Recessive 0.166985 0.219344 0.434828 959 0.166985 0.219344 0.434828 959
0.05 SUP_x_SUB Weighted 0.00342752 0.0202248 0.986444 959 0.00329851 0.0198174 0.987 1000
0.05 SUP_x_SUP Additive 0.00114512 0.00706787 0.995968 992 0.00113599 0.00704027 0.996 1000
0.05 SUP_x_SUP Codominant 0.00411936 0.0221113 0.979839 992 0.00411936 0.0221113 0.979839 992
0.05 SUP_x_SUP Dominant 0.000976177 0.00647005 0.995968 992 0.000968919 0.00644463 0.996 1000
0.05 SUP_x_SUP Recessive 0.357236 0.296954 0.1875 992 0.357236 0.296954 0.1875 992
0.05 SUP_x_SUP Weighted 0.0012152 0.00662383 0.993952 992 0.00120592 0.0065981 0.994 1000
0.05 XOR Additive 0.266126 0.277421 0.289 1000 0.266126 0.277421 0.289 1000
0.05 XOR Codominant 0.00273194 0.0147859 0.986 1000 0.00273194 0.0147859 0.986 1000
0.05 XOR Dominant 0.0141752 0.0520621 0.934 1000 0.0141752 0.0520621 0.934 1000
0.05 XOR Recessive 0.476921 0.298814 0.071 1000 0.476921 0.298814 0.071 1000
0.05 XOR Weighted 0.195144 0.287779 0.557 1000 0.195144 0.287779 0.557 1000
